period,mktsize,entries,exits,surviv,entryrate,exitrate,survivrate,firms,totresinv,totinninv,totimiinv,costshareinn,firmsres,firmsinn,firmsimi,hindex,div,gini,pcm,cs,totprofits,ts,maxage,minage,avgage,actfirms,inactfirms,profitablefirms,wmc,avgproxopt,price,totoutput,avgoutput,magtechshock
1,4,1,0,1,1.0,0.0,1.0,1,0,0,0,0,0,0,0,10000.0,0,0.0,0.7091988130563799,30990.12586805556,61780.25173611113,92770.37760416669,0,0,0.0,1,0,1,51.041666666666664,0.48958333333333337,175.52083333333334,497.91666666666674,497.91666666666674,0
2,4,1,0,2,0.5,0.0,1.0,2,100,100,0,1.0,1,1,0,5016.43068684328,0.40625,-0.02866242038216571,0.6012058151407594,53491.75347222222,53267.5347222222,106759.28819444441,1,0,0.5,2,0,2,54.4187898089172,0.453125,136.45833333333331,654.1666666666665,327.08333333333326,0
3,4,1,0,3,0.3333333333333333,0.0,1.0,3,100,100,0,1.0,1,1,0,3346.7394426888823,0.46527777777777773,-0.011299435028248483,0.5336692624828218,67988.28125,44907.8125,112896.09375,2,0,1.0,3,0,3,53.91949152542374,0.45833333333333337,115.625,737.5,245.83333333333334,0
4,4,1,0,4,0.25,0.0,1.0,4,200,200,0,1.0,2,2,0,2511.91135734072,0.4618055555555556,0.007894736842105177,0.48700322234156823,78342.0138888889,38557.638888888905,116899.65277777781,3,0,1.5,4,0,4,52.368421052631575,0.47395833333333337,102.08333333333334,791.6666666666669,197.9166666666667,0
5,4,1,0,5,0.2,0.0,1.0,5,100,100,0,1.0,1,1,0,2052.6244390242555,0.4875,0.06389351081530781,0.46905980526752006,87095.14853395063,34754.72608024693,121849.87461419756,4,0,2.0,5,0,5,48.48516361619523,0.5041666666666667,91.31944444444446,834.7222222222224,166.94444444444449,0
6,4,1,0,6,0.16666666666666666,0.0,1.0,6,200,200,0,1.0,2,2,0,1715.3893079396262,0.49583333333333335,0.05332409972299157,0.43304583228405935,92347.64739229022,30482.433390022656,122830.08078231287,5,0,2.5,6,0,6,48.25859879963066,0.5069444444444444,85.1190476190476,859.5238095238092,143.2539682539682,0
7,4,1,0,7,0.14285714285714285,0.0,1.0,7,100,100,0,1.0,1,1,0,1479.9853539855662,0.498015873015873,0.066232998225902,0.40826349650727445,96960.48312717016,27300.018988715292,124260.50211588545,6,0,3.0,7,0,7,47.23105164596886,0.5163690476190477,79.81770833333334,880.7291666666669,125.81845238095241,0
8,4,1,0,8,0.125,0.0,1.0,8,200,100,100,0.5,3,1,2,1303.5952120756774,0.4925595238095238,0.06159607438016512,0.3847195625881876,100418.38134430723,24580.984224965672,124999.3655692729,7,0,3.5,8,0,8,46.71573691460054,0.5208333333333333,75.92592592592591,896.296296296296,112.037037037037,0
9,4,1,0,9,0.1111111111111111,0.0,1.0,9,450,300,150,0.6666666666666666,6,3,3,1165.9208328379382,0.4982638888888889,0.048974594429139984,0.3617344122394628,102944.53124999999,22205.034722222223,125149.5659722222,8,0,4.0,9,0,9,46.6731711049893,0.5208333333333333,73.125,907.4999999999999,100.83333333333331,0
10,4,1,0,10,0.1,0.0,1.0,10,300,200,100,0.6666666666666666,4,2,2,1054.8432794877947,0.49421296296296297,0.05402393726784949,0.34307184781193645,105295.30030417813,20214.00797750229,125509.30828168042,9,0,4.5,10,0,10,46.34578346402531,0.5239583333333333,70.54924242424242,917.8030303030303,91.78030303030303,0
11,4,1,0,11,0.09090909090909091,0.0,1.0,11,500,400,100,0.8,6,4,2,959.4078522957413,0.4935606060606061,0.05233746762982183,0.3248350444067306,107274.54668209872,18384.008487654308,125658.55516975303,10,0,5.0,11,0,11,46.18315842078961,0.5265151515151515,68.40277777777777,926.3888888888885,84.21717171717168,0
12,4,1,0,12,0.08333333333333333,0.0,1.0,12,250,0,250,0.0,5,0,5,883.023239052801,0.49021464646464646,0.05948295584534424,0.3100156287469714,109038.51290269563,16856.708168967794,125895.22107166343,11,0,5.5,12,0,12,45.8883836650652,0.5295138888888888,66.50641025641026,933.9743589743593,77.83119658119661,0
13,4,1,0,13,0.07692307692307693,0.0,1.0,13,150,100,50,0.6666666666666666,2,1,1,818.4864446339961,0.4911858974358974,0.05118455688797918,0.29487936292978223,110282.20663265308,15452.898242630385,125735.10487528346,12,0,6.0,13,0,13,45.95875580904097,0.5288461538461539,65.17857142857143,939.2857142857144,72.25274725274727,0
14,4,1,0,14,0.07142857142857142,0.0,1.0,14,350,300,50,0.8571428571428571,4,3,1,769.015184294608,0.4919871794871795,0.03531489111241903,0.2834179605458869,111365.77932098764,14328.39506172838,125694.17438271602,13,0,6.5,14,0,13,45.88115558171474,0.5282738095238095,64.02777777777777,943.8888888888887,67.42063492063491,0
15,4,1,0,15,0.06666666666666667,0.0,1.0,15,400,200,200,0.5,6,2,4,732.8136554029437,0.49523809523809526,0.0070407040704068,0.27412658961369385,112071.53320312501,13425.509982638889,125497.0431857639,14,0,7.0,15,0,14,45.93417675100844,0.525,63.28125,946.8750000000001,63.12500000000001,0
16,4,1,0,16,0.0625,0.0,1.0,16,500,400,100,0.8,6,4,2,692.9796120510007,0.49704861111111115,-0.0010959257349150153,0.2639857500524341,112928.9516051518,12451.492214532856,125380.44381968466,15,0,7.5,16,0,15,45.91069279697438,0.5247395833333333,62.37745098039215,950.4901960784308,59.405637254901926,0
17,4,1,0,17,0.058823529411764705,0.0,1.0,17,350,200,150,0.5714285714285714,5,2,3,657.3212022794334,0.4967830882352941,-0.0015416018385032704,0.25482790918095427,113749.04219178666,11553.93143432783,125302.97362611449,16,0,8.0,17,0,15,45.840158133139184,0.5251225490196079,61.516203703703695,953.9351851851849,56.11383442265793,0
18,4,1,1,17,0.05555555555555555,0.05555555555555555,0.9444444444444444,18,800,700,100,0.875,9,7,2,624.5749386893979,0.49564270152505446,-0.006285946963912936,0.24655462769601344,114590.28258694972,10714.043744228957,125304.32633117867,17,0,8.5,18,0,16,45.68588715834477,0.5266203703703703,60.635964912280684,957.4561403508761,53.1920077972709,0
19,4,1,0,18,0.05555555555555555,0.0,1.0,18,550,400,150,0.7272727272727273,7,4,3,619.534621880278,0.49441721132897604,0.03132927447995937,0.2484946560289027,115326.35041551241,10689.733379501376,126016.08379501378,18,0,9.277777777777779,18,0,17,44.991438356164394,0.5347222222222222,59.868421052631575,960.5263157894732,53.36257309941518,0
20,4,0,0,18,0.0,0.0,1.0,18,750,500,250,0.6666666666666666,10,5,5,621.0040492301135,0.49373638344226584,0.0337084347120844,0.25022810218978114,115537.08833487229,10749.799938442606,126286.8882733149,19,1,10.277777777777779,18,0,17,44.72323600973236,0.537037037037037,59.64912280701755,961.40350877193,53.411306042885,0
21,4,1,0,19,0.05263157894736842,0.0,1.0,19,800,600,200,0.75,10,6,4,592.1560906929641,0.4932992202729045,0.03772384328697398,0.24316196915689808,116403.125,9985.763888888889,126388.88888888889,20,0,10.68421052631579,19,0,18,44.46423431203223,0.5394736842105263,58.75,965.0,50.78947368421053,0
22,4,1,0,20,0.05,0.0,1.0,20,900,600,300,0.6666666666666666,12,6,6,562.0013229427052,0.496765350877193,0.033773816840811266,0.23505813687089486,117237.50177154192,9177.526218820854,126415.02799036278,21,0,11.1,20,0,19,44.28011677934848,0.5421875,57.88690476190476,968.4523809523807,48.42261904761904,0
23,4,1,0,21,0.047619047619047616,0.0,1.0,21,650,500,150,0.7692307692307693,8,5,3,535.4627634713819,0.49583333333333335,0.025322565673443043,0.22777147401394593,117998.61182851237,8436.772555096419,126435.38438360879,22,0,11.523809523809524,21,0,20,44.09600389863548,0.5446428571428572,57.10227272727273,971.5909090909088,46.26623376623375,0
24,4,0,0,21,0.0,0.0,1.0,21,800,600,200,0.75,10,6,4,536.2155598257003,0.49553571428571425,0.03222815605993157,0.22950025960539983,118274.79338842985,8484.156910009198,126758.95029843906,23,1,12.523809523809524,21,0,20,43.778394340602276,0.5476190476190477,56.81818181818183,972.7272727272735,46.32034632034636,0
25,4,0,0,21,0.0,0.0,1.0,21,850,700,150,0.8235294117647058,10,7,3,536.2443034716647,0.49503968253968256,0.037909949972206425,0.23045950834819054,118459.09377869617,8504.60284664832,126963.6966253445,24,2,13.523809523809524,21,0,20,43.578145265888445,0.5496031746031746,56.62878787878789,973.4848484848495,46.35642135642141,0
26,4,0,0,21,0.0,0.0,1.0,21,550,300,250,0.5454545454545454,8,3,5,535.3837953337738,0.49474206349206346,0.0346421392910401,0.23032703697162613,118505.19129505283,8489.15181646006,126994.34311151289,25,3,14.523809523809524,21,0,20,43.5492041107437,0.5500992063492063,56.5814393939394,973.6742424242427,46.36544011544013,0
27,4,0,0,21,0.0,0.0,1.0,21,850,700,150,0.8235294117647058,10,7,3,537.2721650207146,0.49384920634920637,0.039110024721535463,0.23161699452653275,118597.41323031449,8543.817794421482,127141.23102473597,26,4,15.523809523809524,21,0,20,43.403452913345006,0.5510912698412698,56.48674242424242,974.0530303030301,46.383477633477625,0
28,4,1,0,22,0.045454545454545456,0.0,1.0,22,550,400,150,0.7272727272727273,7,4,3,519.9305499911661,0.49454365079365076,0.0362776025236593,0.22687495821072012,119137.42927562483,7988.63782556185,127126.06710118668,27,0,15.772727272727273,22,0,19,43.24318055297829,0.5516098484848485,55.93297101449275,976.2681159420287,44.37582345191039,0
29,4,0,0,22,0.0,0.0,1.0,22,1100,900,200,0.8181818181818182,13,9,4,523.6506629021526,0.4944083694083694,0.04184918121167214,0.23009926522964283,119447.13558076028,8109.714345725676,127556.84992648596,28,1,16.772727272727273,22,0,19,42.81875463306152,0.5549242424242424,55.6159420289855,977.5362318840574,44.43346508563897,0
30,4,0,0,22,0.0,0.0,1.0,22,1050,700,350,0.6666666666666666,14,7,7,520.4319817375358,0.49404761904761907,0.04025445121335536,0.23006330321981727,119712.91811069098,8060.486242386044,127773.40435307703,29,2,17.772727272727273,22,0,21,42.61153276564236,0.5577651515151515,55.34420289855072,978.6231884057967,44.482872200263486,0
31,4,1,0,23,0.043478260869565216,0.0,1.0,23,900,600,300,0.6666666666666666,12,6,6,501.825873069016,0.49308300395256915,0.023753350345868007,0.22544714596085652,120423.11554820416,7486.360861688721,127909.47640989289,30,0,17.956521739130434,22,1,19,42.30574012550756,0.5653409090909092,54.619565217391305,981.5217391304349,44.61462450592886,0
32,4,1,0,24,0.041666666666666664,0.0,1.0,24,850,700,150,0.8235294117647058,10,7,3,484.185773074662,0.49226298309178745,0.027998236331569837,0.2210413311862587,121124.267578125,6929.329427083333,128053.59700520833,31,0,18.166666666666668,23,1,19,41.99074074074075,0.5679347826086957,53.90625,984.375,42.79891304347826,0
33,4,0,0,24,0.0,0.0,1.0,24,950,800,150,0.8421052631578947,11,8,3,482.2503880861807,0.4914326690821256,0.024524061343204506,0.22080762321330943,121252.47531467018,6894.810655381954,128147.28597005214,32,1,19.166666666666668,23,1,19,41.90188172043011,0.5692934782608696,53.77604166666667,984.8958333333338,42.821557971014514,0
34,4,0,0,24,0.0,0.0,1.0,24,1200,900,300,0.75,15,9,6,479.82156984566143,0.49071557971014496,0.024577167019027346,0.22034524518155127,121380.75086805552,6848.220486111102,128228.97135416663,33,2,20.166666666666668,23,1,19,41.825229034531354,0.5706521739130435,53.64583333333333,985.4166666666663,42.844202898550705,0
35,4,0,0,24,0.0,0.0,1.0,24,1050,800,250,0.7619047619047619,13,8,5,478.8732394366196,0.4898852657004831,0.029577464788732577,0.22077922077922085,121551.89043209882,6841.589506172852,128393.47993827167,34,3,21.166666666666668,23,1,19,41.66666666666666,0.572463768115942,53.47222222222223,986.1111111111117,42.87439613526573,0
36,4,0,0,24,0.0,0.0,1.0,24,850,600,250,0.7058823529411765,11,6,5,482.15752038718995,0.489356884057971,0.034602532536053277,0.22361726434923015,121808.82583429776,6946.208285108014,128755.03411940578,35,4,22.166666666666668,23,1,19,41.31272716613906,0.5751811594202898,53.21180555555555,987.1527777777771,42.91968599033814,0
37,4,0,0,24,0.0,0.0,1.0,24,1250,1000,250,0.8,15,10,5,483.07651076670254,0.4893191425120773,0.042442473212717324,0.22560743033591754,122108.92665533359,6997.590844425131,129106.51749975872,36,5,23.166666666666668,23,1,20,40.97155132033492,0.5783514492753623,52.9079861111111,988.3680555555544,42.97252415458932,0
38,4,0,0,24,0.0,0.0,1.0,24,700,600,100,0.8571428571428571,8,6,2,480.8026133064007,0.48943236714975846,0.042134831460674205,0.22521806623299814,122237.6543209876,6954.436728395049,129192.09104938264,37,6,24.166666666666668,23,1,19,40.891268726591754,0.5797101449275363,52.77777777777777,988.8888888888883,42.99516908212558,0
39,4,1,0,25,0.04,0.0,1.0,25,650,300,350,0.46153846153846156,10,3,7,462.8140913235357,0.4884722222222222,0.038082422203532085,0.21923743210505325,122718.83680555552,6359.201388888882,129078.0381944444,38,0,24.16,24,1,20,40.82737594617326,0.5802951388888888,52.291666666666664,990.833333333333,41.28472222222221,0
40,4,0,1,24,0.0,0.04,0.96,25,1050,900,150,0.8571428571428571,12,9,3,463.9502859967517,0.48701388888888886,0.03798319327731092,0.22084033613445364,122925.3472222221,6406.249999999979,129331.59722222209,39,1,25.16,24,1,20,40.58123249299719,0.5824652777777778,52.08333333333332,991.6666666666656,41.3194444444444,0
41,4,0,0,24,0.0,0.0,1.0,24,1200,900,300,0.75,15,9,6,473.1821908088259,0.4850166062801932,0.037510936132983064,0.22591781290496576,123054.50439453126,6845.439995659721,129899.94439019098,40,2,26.291666666666668,23,1,21,40.2159886264217,0.5883152173913043,51.953125,992.1875000000001,43.13858695652174,0
42,4,0,0,24,0.0,0.0,1.0,24,700,500,200,0.7142857142857143,9,5,4,473.38882998026025,0.48494112318840576,0.030228186745934638,0.22693300240210468,123226.81945047263,6866.839976369607,130093.65942684223,41,3,27.291666666666668,23,1,21,40.02903333916188,0.5901268115942029,51.77951388888889,992.8819444444446,43.16878019323672,0
43,4,1,0,25,0.04,0.0,1.0,25,850,600,250,0.7058823529411765,11,6,5,451.3690788344187,0.48361111111111116,0.020686652152068552,0.21929412284136016,123794.58680555566,6175.4097222222435,129969.99652777791,42,0,27.16,24,1,22,39.97864679283202,0.5915798611111112,51.20833333333334,995.1666666666675,41.465277777777814,0
44,4,1,0,26,0.038461538461538464,0.0,1.0,26,850,500,350,0.5882352941176471,12,5,7,433.83689432934887,0.4824679487179487,0.01703976563369114,0.2134203156847066,124319.838022888,5586.906486275493,129906.74450916349,43,0,27.076923076923077,25,1,21,39.86471557126788,0.5929166666666666,50.68108974358975,997.2756410256418,39.89102564102567,0
45,4,0,0,26,0.0,0.0,1.0,26,450,200,250,0.4444444444444444,7,2,5,433.6724578875368,0.4825,0.01769824006327836,0.21354251407373673,124359.79618671947,5586.283694937571,129946.07988165705,44,1,28.076923076923077,25,1,21,39.827013710368455,0.5933333333333333,50.64102564102566,997.4358974358992,39.89743589743597,0
46,4,0,0,26,0.0,0.0,1.0,26,1150,900,250,0.782608695652174,14,9,5,434.3483989763866,0.4822435897435897,0.016444686055993474,0.21428313249025235,124439.73177596986,5610.039653188711,130049.77142915857,45,2,29.076923076923077,25,1,21,39.726549951814974,0.5941666666666667,50.560897435897445,997.7564102564112,39.910256410256444,0
47,4,0,0,26,0.0,0.0,1.0,26,1250,1000,250,0.8,15,10,5,432.96280241313013,0.48048076923076927,0.011421836626392956,0.2150324420271747,124719.70858501819,5599.79890902369,130319.50749404189,46,3,30.076923076923077,25,1,22,39.468521043906094,0.5970833333333334,50.28044871794873,998.8782051282061,39.95512820512825,0
48,4,0,0,26,0.0,0.0,1.0,26,950,700,250,0.7368421052631579,12,7,5,432.32980573136825,0.4799038461538461,0.019535921683702107,0.21595721841136972,124959.93910770069,5604.781239727181,130564.72034742786,47,4,31.076923076923077,25,1,22,39.23355104984774,0.5995833333333334,50.040064102564116,999.8397435897449,39.993589743589794,0
49,4,0,0,26,0.0,0.0,1.0,26,800,400,400,0.5,12,4,8,432.2396659457524,0.47939102564102565,0.023412175070563146,0.2163278071505567,125040.06731282882,5609.455385026313,130649.52269785514,48,5,32.07692307692308,25,1,22,39.152212519361214,0.6004166666666666,49.959935897435905,1000.1602564102571,40.006410256410284,0
50,4,0,0,26,0.0,0.0,1.0,26,1150,1000,150,0.8695652173913043,13,10,3,431.19998000001283,0.47862179487179485,0.0285951838393792,0.2166406979163381,125200.4007694364,5597.282061554927,130797.68283099133,49,6,33.07692307692308,25,1,22,39.01104216706699,0.6020833333333333,49.7996794871795,1000.8012820512835,40.03205128205134,0
51,4,1,0,27,0.037037037037037035,0.0,1.0,27,950,600,350,0.631578947368421,13,6,7,418.2445539066189,0.47602089268755937,0.029739014510587802,0.21325551725073977,125811.49798525391,5123.994770233214,130935.49275548712,50,0,32.81481481481482,26,1,22,38.69981541301337,0.6045673076923077,49.189814814814824,1003.2407407407419,38.58618233618238,0
52,4,0,0,27,0.0,0.0,1.0,27,850,700,150,0.8235294117647058,10,7,3,418.6311120491279,0.47572412155745486,0.03116031160311583,0.2140547761609691,125927.64060356647,5143.445644718784,131071.08624828525,51,1,33.81481481481482,26,1,23,38.56953413284134,0.6057692307692308,49.07407407407407,1003.7037037037032,38.60398860398858,0
53,4,0,1,26,0.0,0.037037037037037035,0.962962962962963,27,650,300,350,0.46153846153846156,10,3,7,419.5864396274167,0.47513057929724595,0.03719071768864324,0.21514964244724982,126043.83680555552,5177.256944444434,131221.09374999994,52,2,34.81481481481482,26,1,23,38.42496542185338,0.6069711538461539,48.95833333333333,1004.1666666666663,38.621794871794854,0
54,4,0,1,25,0.0,0.038461538461538464,0.9615384615384616,26,1000,900,100,0.9,11,9,2,435.7042414124567,0.4728525641025641,0.05060082728823745,0.22363296322128293,126084.07105214491,5787.0729063938115,131871.1439585387,53,3,36.30769230769231,25,1,23,37.9785317270358,0.6112500000000001,48.918269230769226,1004.3269230769225,40.1730769230769,0
55,4,0,0,25,0.0,0.0,1.0,25,1050,800,250,0.7619047619047619,13,8,5,448.7771952820352,0.47,0.044174547867927405,0.23058654356051345,126127.53124999983,6320.631944444417,132448.16319444423,54,4,37.16,24,1,23,37.605082683479885,0.6158854166666667,48.874999999999986,1004.4999999999986,41.85416666666661,0
56,4,0,0,25,0.0,0.0,1.0,25,550,400,150,0.7272727272727273,7,4,3,452.6246842657023,0.46923611111111113,0.04340848806366027,0.23375274790160236,126336.88888888888,6436.638888888885,132773.52777777775,55,5,38.16,24,1,21,37.29069960212202,0.6180555555555556,48.666666666666664,1005.3333333333331,41.88888888888888,0
57,4,0,0,25,0.0,0.0,1.0,25,1200,700,500,0.5833333333333334,17,7,10,452.6389727156956,0.4677777777777778,0.041497184498178186,0.23520087067619366,126588.34722222228,6459.7638888889,133048.11111111118,56,6,39.16,24,1,21,37.02902451142762,0.6206597222222222,48.41666666666667,1006.3333333333338,41.93055555555558,0
58,4,0,0,25,0.0,0.0,1.0,25,700,300,400,0.42857142857142855,11,3,8,451.7683486080782,0.46694444444444444,0.03905313689786438,0.23547304520633328,126714.17013888902,6449.090277777803,133163.26041666683,57,7,40.16,24,1,21,36.9202808585775,0.6219618055555556,48.29166666666668,1006.8333333333345,41.951388888888935,0
59,4,1,1,25,0.038461538461538464,0.038461538461538464,0.9615384615384616,26,800,500,300,0.625,11,5,6,434.05505088450246,0.4667307692307692,0.023521932612841745,0.22835070068271668,127092.01388888902,5832.986111111137,132925.00000000015,58,0,39.57692307692308,25,1,22,36.974862258953166,0.6216666666666666,47.91666666666668,1008.3333333333345,40.33333333333338,0
60,4,0,0,25,0.0,0.0,1.0,25,650,500,150,0.7692307692307693,8,5,3,445.88734916436084,0.4663888888888889,0.036818256986935305,0.23384915875081466,126966.00347222236,6322.506944444468,133288.51041666683,59,1,41.84,24,1,22,36.80716333167962,0.6245659722222222,48.04166666666668,1007.8333333333345,41.99305555555561,0
61,4,0,0,25,0.0,0.0,1.0,25,700,600,100,0.8571428571428571,8,6,2,448.1815874492255,0.4652083333333333,0.0372037679722359,0.23602670023109337,127134.03125000001,6395.82638888889,133529.8576388889,60,2,42.84,24,1,22,36.575221726436396,0.6263020833333333,47.875,1008.5000000000001,42.020833333333336,0
62,4,0,0,25,0.0,0.0,1.0,25,950,600,350,0.631578947368421,13,6,7,447.446934204864,0.4642361111111111,0.03278493557978179,0.23637379927366892,127260.12500000001,6388.430555555555,133648.55555555556,61,3,43.84,24,1,23,36.46315108468231,0.6276041666666667,47.75,1009.0000000000001,42.04166666666667,0
63,4,0,0,25,0.0,0.0,1.0,25,1000,800,200,0.8,12,8,4,445.52363759469097,0.46361111111111114,0.02852047556142656,0.23584712843299377,127344.22222222226,6346.9722222222335,133691.1944444445,62,4,44.84,24,1,22,36.42462021136063,0.6284722222222222,47.66666666666667,1009.3333333333337,42.05555555555557,0
64,4,0,0,25,0.0,0.0,1.0,25,750,500,250,0.6666666666666666,10,5,5,445.6014727381879,0.46319444444444446,0.022459151675193967,0.23662570756535314,127470.42013888886,6360.201388888886,133830.62152777775,63,5,45.84,24,1,22,36.29208615283049,0.6297743055555556,47.541666666666664,1009.833333333333,42.07638888888888,0
65,4,0,0,25,0.0,0.0,1.0,25,950,800,150,0.8421052631578947,11,8,3,447.82706974331836,0.46222222222222226,0.031939313984168605,0.23905135131368702,127680.888888889,6435.791666666687,134116.6805555557,64,6,46.84,24,1,22,36.018236037818816,0.6319444444444444,47.33333333333334,1010.6666666666677,42.11111111111115,0
66,4,0,1,24,0.0,0.04,0.96,25,950,600,350,0.631578947368421,13,6,7,448.68410339328165,0.4614583333333333,0.030319815364325597,0.24001038546592998,127765.12500000001,6465.236111111113,134230.36111111112,65,7,47.84,24,1,22,35.9095092867348,0.6328125,47.25,1011.0000000000001,42.12500000000001,0
67,4,0,0,24,0.0,0.0,1.0,24,750,300,450,0.4,12,3,9,465.3515204989865,0.4592013888888889,0.04975519670159767,0.248287002825353,127661.58869237079,7081.502881462196,134743.091573833,66,23,50.541666666666664,23,1,22,35.595437496421006,0.636322463768116,47.35243055555556,1010.5902777777779,43.938707729468604,0
68,4,0,0,24,0.0,0.0,1.0,24,700,500,200,0.7142857142857143,9,5,4,467.2803923895037,0.4584842995169082,0.05424609307916883,0.24985984617851978,127749.32861328125,7138.951280381944,134888.2798936632,67,24,51.541666666666664,23,1,22,35.4558432079684,0.6372282608695652,47.265625,1010.9375,43.953804347826086,0
69,4,0,0,24,0.0,0.0,1.0,24,850,600,250,0.7058823529411765,11,6,5,466.8337503354228,0.4573520531400966,0.05119292825266086,0.25043954230701393,127880.99500868049,7139.832899305552,135020.82790798604,68,25,52.541666666666664,23,1,22,35.33084449021628,0.6385869565217391,47.135416666666664,1011.4583333333328,43.9764492753623,0
70,4,0,0,24,0.0,0.0,1.0,24,750,700,50,0.9333333333333333,8,7,1,467.61154032489014,0.4565594806763285,0.04402556184594286,0.2516812251665542,128012.72922092007,7172.045898437491,135184.77511935757,69,26,53.541666666666664,23,1,22,35.17487991079088,0.6399456521739131,47.00520833333333,1011.9791666666661,43.999094202898526,0
71,4,0,0,24,0.0,0.0,1.0,24,550,200,350,0.36363636363636365,9,2,7,468.8914309589947,0.45588013285024154,0.044423967083833116,0.2534794918242646,128188.48033010216,7221.295994888102,135409.77632499026,70,27,54.541666666666664,23,1,22,34.96074775701467,0.6417572463768115,46.831597222222214,1012.6736111111105,44.0292874396135,0
72,4,0,0,24,0.0,0.0,1.0,24,1000,700,300,0.7,13,7,6,468.49712106950756,0.4557669082125604,0.0434093246486118,0.25354473138399863,128232.43694540884,7215.30550733023,135447.74245273907,71,28,55.541666666666664,23,1,22,34.92529425208547,0.6422101449275363,46.788194444444436,1012.8472222222214,44.036835748792235,0
73,4,0,0,24,0.0,0.0,1.0,24,600,400,200,0.6666666666666666,8,4,4,469.89227301033367,0.4554272342995169,0.036714187564410805,0.2509828269235011,127705.4548852237,7201.561294367272,134907.01617959098,72,29,56.541666666666664,23,1,23,35.43527424710867,0.6367753623188406,47.30902777777777,1010.7638888888883,43.94625603864732,1
74,4,0,0,24,0.0,0.0,1.0,24,800,600,200,0.75,10,6,4,470.2745888406615,0.45350241545893716,0.04296807962931215,0.2525612930114775,127924.89887755571,7231.965844425121,135156.86472198082,73,30,57.541666666666664,23,1,23,35.19839397059666,0.6390398550724637,47.09201388888887,1011.6319444444425,43.98399758454098,0
75,4,0,0,24,0.0,0.0,1.0,24,950,900,50,0.9473684210526315,10,9,1,468.96774226017953,0.453125,0.04505489792417228,0.2524111698646892,128012.72922092,7206.768120659699,135219.4973415797,74,31,58.541666666666664,23,1,23,35.140568708183224,0.6399456521739131,47.00520833333332,1011.9791666666655,43.9990942028985,0
76,4,0,0,24,0.0,0.0,1.0,24,1150,900,250,0.782608695652174,14,9,5,468.5938796592659,0.45240791062801927,0.04612482853223576,0.25304069501600335,128144.53124999985,7209.548611111086,135354.07986111095,75,32,59.541666666666664,23,1,23,35.01371742112483,0.6413043478260869,46.874999999999986,1012.4999999999989,44.02173913043473,0
77,4,0,0,24,0.0,0.0,1.0,24,750,500,250,0.6666666666666666,10,5,5,471.26153039119095,0.4520682367149758,0.04716698097034122,0.254760751322689,128188.48033010206,7282.059883776977,135470.54021387902,76,33,60.541666666666664,23,1,23,34.90074432824735,0.6417572463768115,46.83159722222221,1012.6736111111096,44.02928743961346,0
78,4,0,0,24,0.0,0.0,1.0,24,750,500,250,0.6666666666666666,10,5,5,480.5605519611266,0.4504830917874396,-0.006606217616580645,0.24798980355213213,126305.47417534719,7339.4856770833285,133644.9598524305,77,34,61.541666666666664,23,1,19,36.62132987910189,0.6222826086956521,48.697916666666664,1005.208333333333,43.704710144927525,6
79,4,0,0,24,0.0,0.0,1.0,24,800,400,400,0.5,12,4,8,481.07711893831254,0.44965277777777773,-0.010955831608005617,0.24984972951312362,126567.38281250001,7377.734375,133945.1171875,78,35,62.541666666666664,23,1,19,36.335403726708066,0.625,48.4375,1006.2500000000001,43.75000000000001,0
80,4,0,0,24,0.0,0.0,1.0,24,1200,1100,100,0.9166666666666666,13,11,2,478.4970273483947,0.4491621376811594,-0.011206896551724466,0.24957578764574553,126742.13927469139,7329.147376543219,134071.2866512346,79,36,63.541666666666664,23,1,21,36.21839080459771,0.6268115942028986,48.26388888888889,1006.9444444444447,43.780193236714986,0
81,4,0,0,24,0.0,0.0,1.0,24,850,500,350,0.5882352941176471,12,5,7,476.370059670343,0.4479544082125604,-0.006977946243969857,0.24953536338688354,126917.01630015425,7291.893325617272,134208.9096257715,80,37,64.54166666666667,23,1,21,36.09005283712382,0.6286231884057971,48.09027777777777,1007.6388888888883,43.81038647342993,0
82,4,0,0,24,0.0,0.0,1.0,24,950,700,250,0.7368421052631579,12,7,5,476.7433918448196,0.4465957125603865,-0.0020661157024792765,0.25080848005749196,127092.01388888886,7318.055555555552,134410.0694444444,81,38,65.54166666666667,23,1,21,35.89876033057852,0.6304347826086957,47.916666666666664,1008.333333333333,43.840579710144915,0
83,4,0,0,24,0.0,0.0,1.0,24,1050,600,450,0.5714285714285714,15,6,9,476.2699265372394,0.44568991545893716,-0.006474789192910002,0.2513718931069844,127223.34120008677,7318.530273437488,134541.87147352425,82,39,66.54166666666667,23,1,21,35.77428583720531,0.6317934782608696,47.78645833333333,1008.8541666666663,43.86322463768114,0
84,4,0,0,24,0.0,0.0,1.0,24,650,300,350,0.46153846153846156,10,3,7,474.15011967076714,0.44538798309178745,-0.004387474191328122,0.2505236814114997,127267.13204089498,7268.745177469126,134535.8772183641,83,40,67.54166666666667,23,1,21,35.78228951594403,0.6322463768115942,47.74305555555555,1009.0277777777771,43.87077294685987,0
85,4,0,0,24,0.0,0.0,1.0,24,1000,900,100,0.9,11,9,2,477.1166766629647,0.44470863526570054,-0.006361760660247517,0.25318527294450743,127442.37075617272,7360.976080246897,134803.34683641963,84,41,68.54166666666667,23,1,20,35.525561668959206,0.6340579710144927,47.569444444444436,1009.7222222222213,43.90096618357484,0
86,4,0,0,24,0.0,0.0,1.0,24,1150,800,350,0.6956521739130435,15,8,7,478.330360029416,0.44414251207729466,-0.013511771782093174,0.25465730695436134,127573.87891227803,7404.491886091799,134978.37079836984,85,42,69.54166666666667,23,1,20,35.358487999083465,0.6354166666666667,47.4392361111111,1010.2430555555544,43.923611111111065,0
87,4,0,0,24,0.0,0.0,1.0,24,650,500,150,0.7692307692307693,8,5,3,478.38892998884467,0.44433121980676327,-0.015845070422535246,0.2555211330637663,127705.4548852237,7418.575183256162,135124.03006847986,86,43,70.54166666666667,23,1,20,35.220571395854805,0.6367753623188406,47.30902777777777,1010.7638888888883,43.94625603864732,0
88,4,0,0,24,0.0,0.0,1.0,24,1150,900,250,0.782608695652174,14,9,5,488.16308990639754,0.44410477053140096,0.0029226495021179577,0.2592270080405663,127470.42013888886,7645.27083333333,135115.6909722222,87,44,71.54166666666667,24,0,19,35.217582659404734,0.6297743055555556,47.541666666666664,1009.833333333333,42.07638888888888,2
89,4,0,0,24,0.0,0.0,1.0,24,1050,600,450,0.5714285714285714,15,6,9,488.69219666643335,0.44342542270531404,0.0018898784979928251,0.26059285737806387,127638.78125000003,7675.215277777779,135313.9965277778,88,45,72.54166666666667,24,0,19,35.02941338171422,0.6315104166666667,47.375,1010.5000000000002,42.10416666666668,0
90,4,0,0,24,0.0,0.0,1.0,24,750,600,150,0.8,9,6,3,490.5703463916938,0.44274607487922707,0.0060112668315470685,0.2621417754066628,127723.0034722222,7731.423611111109,135454.4270833333,89,46,73.54166666666667,24,0,19,34.89454520472657,0.6323784722222222,47.291666666666664,1010.8333333333331,42.11805555555555,0
91,4,0,0,24,0.0,0.0,1.0,24,950,700,250,0.7368421052631579,12,7,5,497.04301002309677,0.4418780193236715,0.006521142229544363,0.26699566998585833,127933.68055555566,7917.708333333355,135851.38888888902,90,47,74.54166666666667,24,0,19,34.51228720483251,0.6345486111111112,47.08333333333334,1011.6666666666675,42.152777777777814,0
92,4,0,0,24,0.0,0.0,1.0,24,700,500,200,0.7142857142857143,9,5,4,493.41379610732776,0.44104770531400966,0.007200460829493105,0.2667243972551713,128186.72222222232,7849.819444444463,136036.54166666677,91,48,75.54166666666667,24,0,19,34.341740728549496,0.6371527777777778,46.83333333333334,1012.6666666666675,42.19444444444448,0
93,4,1,0,25,0.04,0.0,1.0,25,700,500,200,0.7142857142857143,9,5,4,477.4678962050329,0.4421527777777778,0.007224502683927936,0.2620694674664365,128794.39153928334,7299.037434253779,136093.4289735371,92,0,73.48,25,0,19,34.11746131986107,0.6391666666666667,46.23397435897436,1015.0641025641024,40.602564102564095,0
94,4,0,0,25,0.0,0.0,1.0,25,1000,800,200,0.8,12,8,4,475.791998265632,0.44069444444444444,0.002954079217295291,0.26195429131271164,128916.42332860784,7267.480532955292,136183.90386156313,93,1,74.48,25,0,19,34.034078954289626,0.6404166666666666,46.11378205128205,1015.5448717948718,40.621794871794876,0
95,4,0,0,25,0.0,0.0,1.0,25,750,400,350,0.5333333333333333,11,4,7,474.3345042740996,0.44027777777777777,0.01181072555205076,0.2619582541025952,129038.5129026956,7241.483809993427,136279.99671268903,94,2,75.48,25,0,20,33.94518927444795,0.6416666666666666,45.993589743589745,1016.0256410256411,40.64102564102564,0
96,4,0,0,25,0.0,0.0,1.0,25,850,800,50,0.9411764705882353,9,8,1,472.75875971379116,0.43895833333333334,0.008525934100583443,0.2618959661890457,129160.66026154651,7212.366709812599,136373.0269713591,95,3,76.48,25,0,20,33.859339692048984,0.6429166666666667,45.873397435897424,1016.5064102564089,40.66025641025636,0
97,4,0,0,25,0.0,0.0,1.0,25,1200,1100,100,0.9166666666666666,13,11,2,474.9557061817298,0.4373611111111111,0.012121593951803344,0.2647492342886569,129405.12833353879,7292.340822238655,136697.46915577745,96,4,77.48,25,0,20,33.55170761799758,0.6454166666666667,45.63301282051282,1017.4679487179486,40.69871794871794,0
98,4,0,0,25,0.0,0.0,1.0,25,900,700,200,0.7777777777777778,11,7,4,469.6320076065914,0.4363194444444444,-0.0006546026750593459,0.263416717417466,129649.82754458417,7177.541759122287,136827.36930370645,97,5,78.48,25,0,18,33.435451088381846,0.6479166666666667,45.392628205128204,1018.4294871794873,40.73717948717949,0
99,4,0,0,25,0.0,0.0,1.0,25,700,600,100,0.8571428571428571,8,6,2,472.4386398517904,0.4352777777777778,0.00032719836400807445,0.2655430975718684,129731.44531250001,7258.029513888889,136989.4748263889,98,6,79.48,25,0,18,33.28007839127471,0.6487499999999999,45.3125,1018.7500000000001,40.75000000000001,0
100,4,0,0,25,0.0,0.0,1.0,25,1550,1200,350,0.7741935483870968,19,12,7,473.0842829717951,0.4325694444444444,0.002941084053417198,0.26813726278855526,130058.17320533359,7305.695523093353,137363.86872842693,99,7,80.48,25,0,20,32.927958889761726,0.6520833333333333,44.991987179487175,1020.0320512820507,40.80128205128203,0
101,4,0,0,25,0.0,0.0,1.0,25,650,300,350,0.46153846153846156,10,3,7,472.0859381265149,0.43145833333333333,0.009144292667608411,0.2686966344886304,130221.69124445276,7295.165855111776,137516.85709956454,100,8,81.48,25,0,20,32.78559559323807,0.65375,44.831730769230774,1020.6730769230777,40.82692307692311,0
102,4,0,0,25,0.0,0.0,1.0,25,450,300,150,0.6666666666666666,6,3,3,470.97042898792165,0.4311805555555555,0.011102040816326486,0.26834361651637395,130262.58680555555,7269.965277777774,137532.5520833333,101,9,82.48,25,0,21,32.77210884353741,0.6541666666666667,44.791666666666664,1020.8333333333333,40.83333333333333,0
103,4,0,0,25,0.0,0.0,1.0,25,700,500,200,0.7142857142857143,9,5,4,488.0876778264832,0.4315972222222222,0.024285010671482254,0.2680741249450957,128820.42013888899,7579.472222222241,136399.89236111124,102,10,83.48,24,1,16,33.82107480982871,0.6436631944444444,46.20833333333334,1015.1666666666675,42.29861111111115,8
104,4,0,0,25,0.0,0.0,1.0,25,650,600,50,0.9230769230769231,7,6,1,489.499846853771,0.43097222222222226,0.01709502708025612,0.26942389944715683,128905.03124999999,7619.798611111111,136524.8298611111,103,11,84.48,24,1,17,33.69782263799989,0.64453125,46.125,1015.4999999999999,42.31249999999999,0
105,4,0,0,25,0.0,0.0,1.0,25,550,300,250,0.5454545454545454,8,3,5,492.0140395836347,0.4302083333333333,0.01829396325459287,0.27167731750922436,129032.0,7697.111111111112,136729.11111111112,104,12,85.48,24,1,17,33.50284339457568,0.6458333333333333,46.0,1016.0,42.333333333333336,0
106,4,0,0,25,0.0,0.0,1.0,25,700,200,500,0.2857142857142857,12,2,10,489.5835495908576,0.43006944444444445,0.019639225975729646,0.27091474459210985,129116.6805555556,7642.680555555566,136759.36111111118,105,13,86.48,24,1,17,33.477164644145624,0.6467013888888888,45.91666666666667,1016.3333333333338,42.34722222222224,0
107,4,0,0,25,0.0,0.0,1.0,25,800,700,100,0.875,9,7,2,493.14700349368485,0.43069444444444444,0.018032786885246344,0.2734724292101342,129201.3888888888,7743.055555555545,136944.44444444435,106,14,87.48,24,1,17,33.29918032786886,0.6475694444444444,45.83333333333333,1016.666666666666,42.36111111111108,0
108,4,0,0,25,0.0,0.0,1.0,25,750,600,150,0.8,9,6,3,492.95699751230075,0.4302083333333333,0.01806620780072099,0.2739547904207704,129286.125,7746.499999999998,137032.625,107,15,88.48,24,1,17,33.21656833824974,0.6484375,45.75,1017.0,42.375,0
109,4,0,0,25,0.0,0.0,1.0,25,900,800,100,0.8888888888888888,10,8,2,492.7353084601242,0.4297916666666666,0.01631449631449633,0.27471680896338435,129413.28125,7753.298611111112,137166.57986111112,108,16,89.48,24,1,18,33.091045591045585,0.6497395833333333,45.625,1017.5,42.395833333333336,0
110,4,0,0,25,0.0,0.0,1.0,25,750,500,250,0.6666666666666666,10,5,5,496.0739434128066,0.4288194444444444,0.015874263261296706,0.2774743265902402,129540.5,7852.333333333335,137392.83333333334,109,17,90.48,24,1,16,32.874918140144075,0.6510416666666667,45.5,1018.0,42.416666666666664,0
111,4,0,0,25,0.0,0.0,1.0,25,850,600,250,0.7058823529411765,11,6,5,495.32439910961347,0.4288194444444444,0.013944353518821728,0.27765431913392086,129625.3472222222,7841.3194444444425,137466.66666666666,110,18,91.48,24,1,16,32.80653300600109,0.6519097222222222,45.416666666666664,1018.3333333333331,42.43055555555555,0
112,4,0,0,25,0.0,0.0,1.0,25,800,700,100,0.875,9,7,2,497.7492024158897,0.42756944444444445,0.02176817288801569,0.278411367065591,129540.5,7895.736111111114,137436.23611111112,111,19,92.48,24,1,15,32.83228279851561,0.6510416666666667,45.5,1018.0,42.416666666666664,2
113,4,0,0,25,0.0,0.0,1.0,25,700,600,100,0.8571428571428571,8,6,2,497.66822653962674,0.4270833333333333,0.02180032733224202,0.27896815267496505,129625.34722222222,7902.083333333331,137527.43055555556,112,20,93.48,24,1,15,32.746863066012,0.6519097222222222,45.416666666666664,1018.3333333333333,42.43055555555555,0
114,4,0,0,25,0.0,0.0,1.0,25,550,300,250,0.5454545454545454,8,3,5,497.5315703722489,0.4272916666666667,0.019541884816753896,0.27949567629735145,129710.22222222216,7906.986111111101,137617.20833333326,113,21,94.48,24,1,15,32.66286267452007,0.6527777777777778,45.33333333333333,1018.6666666666661,42.44444444444442,0
115,4,0,0,25,0.0,0.0,1.0,25,1050,800,250,0.7619047619047619,13,8,5,496.61297895762635,0.4266666666666667,0.019133562203694554,0.28049691526166187,129922.53124999991,7904.243055555543,137826.77430555545,114,22,95.48,24,1,16,32.4675766988175,0.6549479166666667,45.12499999999999,1019.4999999999993,42.479166666666636,0
116,4,0,0,25,0.0,0.0,1.0,25,650,600,50,0.9230769230769231,7,6,1,495.452782645244,0.42645833333333333,0.017025171624713842,0.28014603735892796,129965.01388888877,7878.305555555533,137843.31944444432,115,23,96.48,24,1,17,32.453416149068325,0.6553819444444444,45.08333333333332,1019.6666666666657,42.48611111111107,0
117,4,0,0,25,0.0,0.0,1.0,25,600,300,300,0.5,9,3,6,496.35042494861904,0.42604166666666665,0.016765762822607222,0.2818791559865905,130135.01388888888,7918.513888888886,138053.52777777775,116,24,97.48,24,1,19,32.25559457693564,0.6571180555555556,44.916666666666664,1020.3333333333331,42.51388888888888,0
118,4,0,0,25,0.0,0.0,1.0,25,1150,1000,150,0.8695652173913043,13,10,3,501.40237930455714,0.4247916666666667,0.021256732495511743,0.2863087025162182,130347.67013888883,8071.326388888878,138418.99652777772,117,25,98.48,24,1,19,31.907948425004086,0.6592881944444444,44.70833333333333,1021.1666666666662,42.54861111111109,0
119,4,0,0,25,0.0,0.0,1.0,25,450,300,150,0.6666666666666666,6,3,3,498.1384840154458,0.4232638888888889,0.028972267536704788,0.2853821408424935,130475.34722222209,7998.958333333307,138474.3055555554,118,26,99.48,24,1,19,31.86004622077216,0.6605902777777778,44.58333333333332,1021.6666666666655,42.56944444444439,0
120,4,0,0,25,0.0,0.0,1.0,25,500,300,200,0.6,7,3,4,497.11574753126376,0.42263888888888884,0.03193737769080229,0.28542263706570314,130560.5,7980.736111111111,138541.23611111112,119,27,100.48,24,1,15,31.79869265057621,0.6614583333333333,44.5,1022.0,42.583333333333336,0
121,4,0,0,25,0.0,0.0,1.0,25,1000,800,200,0.8,12,8,4,500.4626717700975,0.4213194444444444,0.026631904839498066,0.288931271557205,130773.5034722222,8089.451388888887,138862.9548611111,120,28,101.48,24,1,15,31.494419097278797,0.6636284722222222,44.291666666666664,1022.8333333333331,42.61805555555555,0
122,4,0,0,25,0.0,0.0,1.0,25,900,700,200,0.7777777777777778,11,7,4,496.98369593391556,0.4207638888888889,0.025064321771698372,0.28819422820870394,130944.03124999999,8015.409722222222,138959.44097222222,121,29,102.48,24,1,16,31.408429680290944,0.6653645833333333,44.125,1023.4999999999999,42.64583333333333,0
123,4,0,0,25,0.0,0.0,1.0,25,800,600,200,0.75,10,6,4,489.5490767397716,0.4217361111111111,0.027759882869692554,0.2857795037720205,131200.03125,7845.770833333335,139045.80208333334,122,30,103.48,24,1,17,31.33642427200261,0.66796875,43.875,1024.5,42.6875,0
124,4,0,0,25,0.0,0.0,1.0,25,900,700,200,0.7777777777777778,11,7,4,477.21358314453647,0.42097222222222225,0.014298317268420346,0.27071587974306854,130092.50347222232,7416.381944444463,137508.88541666677,123,31,104.48,24,1,19,32.787398573217885,0.6566840277777778,44.95833333333334,1020.1666666666674,42.50694444444448,7
125,4,0,0,25,0.0,0.0,1.0,25,1000,700,300,0.7,13,7,6,477.9675135360265,0.4204861111111111,0.011428571428571122,0.2723303274798292,130262.58680555562,7452.256944444454,137714.8437500001,124,32,105.48,24,1,19,32.59353741496598,0.6584201388888888,44.79166666666667,1020.8333333333339,42.53472222222225,0
126,4,0,0,25,0.0,0.0,1.0,25,1200,1000,200,0.8333333333333334,14,10,4,481.4237585598067,0.4197916666666666,0.008199771503182518,0.2749005935410939,130347.67013888899,7550.493055555574,137898.16319444455,125,33,106.48,24,1,19,32.417985963766945,0.6592881944444444,44.70833333333334,1021.1666666666675,42.54861111111115,0
127,4,0,0,25,0.0,0.0,1.0,25,800,400,400,0.5,12,4,8,481.15966288617,0.4189583333333333,0.0049730788056780995,0.275352714643262,130432.78125,7551.798611111112,137984.57986111112,126,34,107.48,24,1,19,32.33738510904443,0.66015625,44.625,1021.5,42.5625,0
128,4,0,0,25,0.0,0.0,1.0,25,800,600,200,0.75,10,6,4,479.46932299036155,0.4183333333333333,0.012222403391488834,0.2755937542549097,130603.08680555549,7524.034722222215,138127.1215277777,127,35,108.48,24,1,19,32.205894342083816,0.6618923611111112,44.45833333333333,1022.1666666666661,42.59027777777775,0
129,4,0,0,25,0.0,0.0,1.0,25,1150,800,350,0.6956521739130435,15,8,7,480.5491067319028,0.41715277777777776,0.001864102981912863,0.27743460658642405,130773.50347222222,7568.618055555554,138342.12152777778,128,36,109.48,24,1,19,32.00362554994297,0.6636284722222222,44.291666666666664,1022.8333333333333,42.61805555555555,0
130,4,0,0,25,0.0,0.0,1.0,25,600,300,300,0.5,9,3,6,482.9095748815006,0.41631944444444446,-0.006017583848908936,0.2803431577431168,130986.68055555549,7650.944444444436,138637.6249999999,129,37,110.48,24,1,19,31.724872462824273,0.6657986111111112,44.08333333333333,1023.6666666666661,42.65277777777775,0
131,4,0,0,25,0.0,0.0,1.0,25,800,600,200,0.75,10,6,4,483.405579576393,0.41583333333333333,-0.0061598567475176225,0.2809423344690428,131029.33680555555,7668.062499999995,138697.39930555553,130,38,111.48,24,1,19,31.668498019425897,0.6662326388888888,44.041666666666664,1023.8333333333333,42.65972222222222,0
132,4,0,0,25,0.0,0.0,1.0,25,750,600,150,0.8,9,6,3,483.6897834334941,0.41368055555555555,-0.001990891346779433,0.28267345898755897,131242.7222222222,7696.152777777768,138938.87499999997,131,39,112.48,24,1,20,31.442813381045323,0.6684027777777778,43.83333333333333,1024.6666666666663,42.69444444444443,0
133,4,0,1,24,0.0,0.04,0.96,25,950,700,250,0.7368421052631579,12,7,5,482.94210304703904,0.41180555555555554,0.004915474642392503,0.2834980742314297,131413.5555555555,7693.02777777777,139106.58333333328,132,40,113.48,24,1,20,31.287250758560898,0.6701388888888888,43.666666666666664,1025.333333333333,42.72222222222221,0
134,4,0,0,24,0.0,0.0,1.0,24,950,800,150,0.8421052631578947,11,8,3,493.33154569134075,0.41104317632850246,0.02271380186282812,0.2892872668626979,131372.6166148245,8162.051203221461,139534.66781804597,133,41,115.29166666666667,23,1,20,31.06283516793678,0.6743659420289856,43.70659722222223,1025.1736111111115,44.57276570048311,0
135,4,0,0,24,0.0,0.0,1.0,24,1000,700,300,0.7,13,7,6,489.6905357004821,0.40972222222222227,0.016708967851099654,0.28882944770357755,131595.18771701382,8088.183593749992,139683.37131076382,134,42,116.29166666666667,23,1,18,30.928510998307967,0.6766304347826086,43.48958333333333,1026.041666666666,44.610507246376784,0
136,4,0,0,24,0.0,0.0,1.0,24,500,300,200,0.6,7,3,4,491.960572840085,0.40949577294685985,0.013024357239512785,0.2908470906630581,131684.2689043209,8156.693672839492,139840.9625771604,135,43,117.29166666666667,23,1,18,30.779206134415876,0.677536231884058,43.40277777777777,1026.3888888888882,44.62560386473427,0
137,4,0,0,24,0.0,0.0,1.0,24,650,200,450,0.3076923076923077,11,2,9,499.28831901974957,0.40794836956521735,0.046488308585082905,0.2778091416084248,129333.80126953125,8114.971245659722,137448.77251519097,136,44,118.29166666666667,23,1,20,33.006379074927466,0.6535326086956521,45.703125,1017.1875,44.22554347826087,6
138,4,0,0,24,0.0,0.0,1.0,24,800,700,100,0.875,9,7,2,499.25146328712924,0.40745772946859904,0.045846127601500974,0.27872495978944284,129466.28146701386,8127.2460937499945,137593.52756076385,137,45,119.29166666666667,23,1,19,32.87060730126237,0.6548913043478262,45.572916666666664,1017.708333333333,44.24818840579709,0
139,4,0,0,24,0.0,0.0,1.0,24,300,0,300,0.0,6,0,6,499.25146328712924,0.40745772946859904,0.045846127601500974,0.27872495978944284,129466.28146701386,8127.2460937499945,137593.52756076385,138,46,120.29166666666667,23,1,19,32.87060730126237,0.6548913043478262,45.572916666666664,1017.708333333333,44.24818840579709,0
140,4,0,0,24,0.0,0.0,1.0,24,750,400,350,0.5333333333333333,11,4,7,495.036144407856,0.4058348429951691,0.04655017187755783,0.27719301614918346,129582.92013888883,8029.645833333321,137612.56597222216,139,47,121.29166666666667,24,0,19,32.8576008075517,0.6514756944444444,45.45833333333333,1018.1666666666662,42.42361111111109,0
141,4,0,0,24,0.0,0.0,1.0,24,900,700,200,0.7777777777777778,11,7,4,492.87671764069574,0.40523097826086957,0.04446034341782479,0.2777825924767606,129837.5868055555,7998.784722222212,137836.37152777772,140,48,122.29166666666667,24,0,20,32.650245298446436,0.6540798611111112,45.20833333333333,1019.1666666666662,42.46527777777776,0
142,4,0,0,24,0.0,0.0,1.0,24,1050,900,150,0.8571428571428571,12,9,3,495.118825247949,0.40428743961352653,0.048014056881333866,0.27995720636478283,129965.01388888882,8069.624999999989,138034.63888888882,141,49,123.29166666666667,24,0,20,32.461929279721055,0.6553819444444444,45.08333333333333,1019.6666666666661,42.486111111111086,0
143,4,0,0,24,0.0,0.0,1.0,24,850,600,250,0.7058823529411765,11,6,5,492.3481713062747,0.40436292270531404,0.05206631819666763,0.27960626203497346,130135.01388888886,8014.347222222215,138149.36111111107,142,50,124.29166666666667,24,0,20,32.357685396929114,0.6571180555555556,44.916666666666664,1020.333333333333,42.51388888888888,0
144,4,0,0,24,0.0,0.0,1.0,24,650,500,150,0.7692307692307693,8,5,3,491.45519197354645,0.4040987318840579,0.051207196907833596,0.2794039127626764,130177.53125000001,7995.28472222222,138172.81597222225,143,51,125.29166666666667,24,0,20,32.33674941477489,0.6575520833333333,44.875,1020.5000000000001,42.520833333333336,0
145,4,0,0,24,0.0,0.0,1.0,24,650,300,350,0.46153846153846156,10,3,7,494.62582347727897,0.403155193236715,0.07071990816661167,0.27370492482436,129116.6805555556,7972.888888888898,137089.5694444445,144,52,126.29166666666667,24,0,19,33.349048868481475,0.6467013888888888,45.91666666666667,1016.3333333333338,42.34722222222224,7
146,4,0,0,24,0.0,0.0,1.0,24,950,600,350,0.631578947368421,13,6,7,495.40536011792756,0.40274003623188404,0.07395338033557408,0.27443027169475376,129159.03125,7997.21527777778,137156.24652777778,145,53,127.29166666666667,24,0,19,33.28551128600317,0.6471354166666667,45.875,1016.5,42.354166666666664,0
147,4,0,0,24,0.0,0.0,1.0,24,900,700,200,0.7777777777777778,11,7,4,495.4885904320379,0.40164553140096615,0.07989192263936307,0.27600410075396753,129377.95380015415,8021.066936728364,137399.02073688252,146,54,128.29166666666666,23,1,19,33.057451649601816,0.6539855072463768,45.65972222222221,1017.3611111111097,44.233091787439555,0
148,4,0,0,24,0.0,0.0,1.0,24,450,200,250,0.4444444444444444,7,2,5,495.4885904320379,0.40164553140096615,0.07989192263936307,0.27600410075396753,129377.95380015415,8021.059992283921,137399.01379243808,147,55,129.29166666666666,23,1,19,33.057451649601816,0.6539855072463768,45.65972222222221,1017.3611111111097,44.233091787439555,0
149,4,0,0,24,0.0,0.0,1.0,24,650,400,250,0.6153846153846154,9,4,5,498.9307430451771,0.40141908212560384,0.07952478399272422,0.27917269820772095,129554.63927469123,8127.758487654302,137682.39776234553,148,56,130.29166666666666,23,1,16,32.787630741246026,0.6557971014492754,45.4861111111111,1018.0555555555544,44.26328502415454,0
150,4,0,0,24,0.0,0.0,1.0,24,1150,1000,150,0.8695652173913043,13,10,3,492.52520549983814,0.40009812801932365,0.07267706026012366,0.27714577479180696,129775.66565996318,7983.557279610308,137759.2229395735,149,57,131.29166666666666,23,1,18,32.7229581984438,0.6580615942028986,45.26909722222221,1018.9236111111097,44.30102657004825,0
151,4,0,0,24,0.0,0.0,1.0,24,850,800,50,0.9411764705882353,9,8,1,497.95176085055584,0.4000226449275362,0.07337119355014465,0.28186557119746064,130007.50347222218,8147.493055555551,138154.99652777772,150,58,132.29166666666666,24,0,18,32.34597156398105,0.6558159722222222,45.041666666666664,1019.8333333333329,42.493055555555536,0
152,4,0,0,24,0.0,0.0,1.0,24,950,800,150,0.8421052631578947,11,8,3,501.0669022015195,0.398173309178744,0.07544929761701624,0.27942465402503386,129422.11386598184,8170.077534239965,137592.1914002218,151,59,133.29166666666666,23,1,19,32.869995165785134,0.6544384057971014,45.61631944444444,1017.5347222222221,44.24064009661835,2
153,4,0,0,24,0.0,0.0,1.0,24,650,400,250,0.6153846153846154,9,4,5,499.60077351295087,0.3982110507246377,0.07202137335152292,0.27954760838549103,129554.6392746915,8145.119598765455,137699.75887345694,152,60,134.29166666666666,23,1,17,32.77057753524329,0.6557971014492754,45.48611111111112,1018.0555555555567,44.26328502415464,0
154,4,0,0,24,0.0,0.0,1.0,24,550,300,250,0.5454545454545454,8,3,5,499.21409860734883,0.3957955917874396,0.06961009825637543,0.28090963995460505,129775.6656599634,8157.168390721466,137932.83405068488,153,61,135.29166666666666,23,1,17,32.55257142045779,0.6580615942028986,45.26909722222223,1018.9236111111115,44.30102657004833,0
155,4,0,0,24,0.0,0.0,1.0,24,550,300,250,0.5454545454545454,8,3,5,498.959569781379,0.39621074879227053,0.07233106189664973,0.28108374996321445,129819.89354263117,8154.975646219132,137974.8691888503,154,62,136.29166666666666,23,1,17,32.51348665530948,0.6585144927536232,45.22569444444444,1019.0972222222222,44.30857487922705,0
156,4,0,0,24,0.0,0.0,1.0,24,600,400,200,0.6666666666666666,8,4,4,496.4705115436848,0.3963239734299517,0.06617730496453866,0.2812694556720491,130041.14598403746,8112.318853684418,138153.46483772187,155,63,137.29166666666666,23,1,18,32.349113475177305,0.6607789855072463,45.00868055555556,1019.965277777778,44.34631642512078,0
157,4,0,0,24,0.0,0.0,1.0,24,900,800,100,0.8888888888888888,10,8,2,497.07440191689443,0.3959842995169082,0.06752580242712902,0.2825728563314801,130173.9878713348,8141.231433256157,138315.21930459095,156,64,138.29166666666666,23,1,19,32.197034138595896,0.6621376811594203,44.878472222222214,1020.4861111111105,44.36896135265698,0
158,4,0,0,24,0.0,0.0,1.0,24,600,500,100,0.8333333333333334,7,5,2,497.7859365203532,0.3950785024154589,0.07124844157316113,0.2842695998653124,130351.21588059416,8177.400414737663,138528.61629533183,157,65,139.29166666666666,23,1,19,31.996628131021204,0.6639492753623188,44.704861111111114,1021.1805555555558,44.39915458937199,0
159,4,0,0,24,0.0,0.0,1.0,24,250,100,150,0.4,4,1,3,498.6762521905355,0.3945123792270531,0.06784378718340989,0.2851032450570379,130395.5417209201,8205.032009548602,138600.5737304687,158,66,140.29166666666666,23,1,19,31.92833163352032,0.6644021739130435,44.66145833333333,1021.3541666666663,44.406702898550705,0
160,4,0,0,24,0.0,0.0,1.0,24,950,900,50,0.9473684210526315,10,9,1,496.93410269119397,0.3950030193236715,0.07054875976894337,0.28508324838600074,130528.56445312499,8172.819010416667,138701.38346354166,159,67,141.29166666666666,23,1,17,31.836136595310904,0.6657608695652174,44.53125,1021.8749999999999,44.42934782608695,0
161,4,0,0,24,0.0,0.0,1.0,24,600,500,100,0.8333333333333334,7,5,2,497.2530718336484,0.3950030193236715,0.07291666666666652,0.2859205163043478,130617.28395061726,8189.969135802468,138807.25308641972,160,68,142.29166666666666,23,1,17,31.736865942028977,0.6666666666666667,44.44444444444444,1022.2222222222221,44.444444444444436,0
162,4,0,0,24,0.0,0.0,1.0,24,550,500,50,0.9090909090909091,6,5,1,497.46441208509145,0.39473882850241543,0.06542366649697362,0.28768967423134867,130839.21456042628,8217.570589795514,139056.78515022178,161,69,143.29166666666666,23,1,18,31.50365546693817,0.6689311594202898,44.22743055555555,1023.0902777777775,44.48218599033815,0
163,4,0,0,24,0.0,0.0,1.0,24,750,600,150,0.8,9,6,3,497.2853752699436,0.39439915458937197,0.060323383084576854,0.2885821429716128,130972.46334876535,8226.138117283936,139198.6014660493,162,70,144.29166666666666,23,1,18,31.37155133423789,0.6702898550724637,44.097222222222214,1023.6111111111105,44.50483091787437,0
164,4,0,0,24,0.0,0.0,1.0,24,950,600,350,0.631578947368421,13,6,7,499.56721078269334,0.3933046497584541,0.05319013726487043,0.29158715240639693,131194.69536675344,8308.113606770823,139502.80897352425,163,71,145.29166666666666,23,1,18,31.08530333841722,0.6725543478260869,43.88020833333333,1024.4791666666663,44.5425724637681,0
165,4,0,0,24,0.0,0.0,1.0,24,800,600,200,0.75,10,6,4,501.5910252724304,0.39209692028985504,0.05453711543889361,0.2941305863191362,131372.6166148245,8379.065092110352,139751.68170693488,164,72,146.29166666666666,23,1,19,30.851150155235686,0.6743659420289856,43.70659722222223,1025.1736111111115,44.57276570048311,0
166,4,0,0,24,0.0,0.0,1.0,24,750,600,150,0.8,9,6,3,500.89180570141417,0.39183272946859904,0.05588467614533954,0.29474788725935797,131506.13667052463,8374.069251543204,139880.20592206783,165,73,147.29166666666666,23,1,19,30.732340329496733,0.6757246376811594,43.576388888888886,1025.6944444444441,44.59541062801931,0
167,4,0,0,24,0.0,0.0,1.0,24,700,400,300,0.5714285714285714,10,4,6,500.08046389591186,0.39202143719806765,0.054866869746714064,0.29461370500109074,131550.6584261669,8357.18285831402,139907.8412844809,166,74,148.29166666666666,23,1,19,30.707571783155636,0.676177536231884,43.5329861111111,1025.8680555555543,44.60295893719801,0
168,4,0,0,24,0.0,0.0,1.0,24,400,200,200,0.5,6,2,4,500.8596995903836,0.3914553140096619,0.05249210645015756,0.2961082543978348,131684.26890432092,8391.068672839492,140075.33757716042,167,75,149.29166666666666,23,1,18,30.55085701398285,0.677536231884058,43.40277777777777,1026.3888888888885,44.62560386473428,0
169,4,0,0,24,0.0,0.0,1.0,24,1050,800,250,0.7619047619047619,13,8,5,501.58609992223796,0.39179498792270534,0.05451318458417842,0.297930056941763,131862.52170138885,8428.081597222217,140290.60329861107,168,76,150.29166666666666,23,1,18,30.34989858012171,0.6793478260869565,43.229166666666664,1027.083333333333,44.65579710144926,0
170,4,0,0,24,0.0,0.0,1.0,24,550,300,250,0.5454545454545454,8,3,5,500.99127731375233,0.39122886473429946,0.053496986085290965,0.2979261696347208,131907.103738667,8416.86167775848,140323.9654164255,169,77,151.29166666666666,23,1,18,30.319594670722772,0.6798007246376812,43.185763888888886,1027.2569444444441,44.663345410628004,0
171,4,0,0,24,0.0,0.0,1.0,24,750,500,250,0.6666666666666666,10,5,5,495.74653962214217,0.39100241545893716,0.05757998984255952,0.2913805780644769,131461.62245008678,8234.328884548606,139695.95133463538,170,78,152.29166666666666,23,1,19,30.909831555781274,0.6752717391304348,43.619791666666664,1025.5208333333333,44.58786231884058,2
172,4,0,0,24,0.0,0.0,1.0,24,1150,700,450,0.6086956521739131,16,7,9,495.049861757534,0.39160628019323673,0.06026974463047541,0.2930159992564863,131728.82080078125,8242.466905381945,139971.2877061632,171,79,153.29166666666666,23,1,18,30.65438440723829,0.6779891304347826,43.359375,1026.5625,44.63315217391305,0
173,4,0,0,24,0.0,0.0,1.0,24,550,300,250,0.5454545454545454,8,3,5,491.9598510599226,0.39092693236714976,0.06127782473936305,0.29186986148640354,131817.94719931518,8169.827534239967,139987.77473355515,172,80,154.29166666666666,23,1,19,30.642610594533664,0.6788949275362319,43.27256944444444,1026.9097222222222,44.64824879227053,0
174,4,0,0,24,0.0,0.0,1.0,24,700,400,300,0.5714285714285714,10,4,6,494.1928414901389,0.38990791062801927,0.07038288288288297,0.29492153443766356,132040.8950617284,8250.733024691363,140291.62808641978,173,81,155.29166666666666,23,1,20,30.35754504504505,0.6811594202898551,43.05555555555556,1027.7777777777778,44.68599033816425,0
175,4,0,0,24,0.0,0.0,1.0,24,750,600,150,0.8,9,6,3,495.8443294402591,0.3892663043478261,0.06700022518718685,0.2962557290227824,132085.5072398244,8298.769953221437,140384.27719304583,174,82,156.29166666666666,23,1,20,30.269556099757917,0.6816123188405797,43.01215277777777,1027.9513888888885,44.693538647342976,0
176,4,0,0,24,0.0,0.0,1.0,24,750,700,50,0.9333333333333333,8,7,1,496.71783368049984,0.3892663043478261,0.06428270042194084,0.2981816782732484,132264.03130425344,8339.580620659719,140603.61192491316,175,83,157.29166666666666,23,1,20,30.064873417721515,0.6834239130434783,42.838541666666664,1028.6458333333333,44.72373188405797,0
177,4,0,0,24,0.0,0.0,1.0,24,650,500,150,0.7692307692307693,8,5,3,500.74579160451765,0.38813405797101447,0.061909581646423906,0.3016688061617458,132398.00347222216,8459.5486111111,140857.55208333326,176,84,158.29166666666666,23,1,19,29.82456140350878,0.6847826086956521,42.70833333333333,1029.166666666666,44.746376811594175,3
178,4,0,0,24,0.0,0.0,1.0,24,1050,800,250,0.7619047619047619,13,8,5,498.3440835175538,0.387794384057971,0.058195592286501174,0.3005780336902925,132442.675931954,8400.404791184386,140843.08072313838,177,85,159.29166666666666,23,1,19,29.840789621633775,0.6852355072463768,42.66493055555554,1029.340277777777,44.75392512077291,0
179,4,0,0,24,0.0,0.0,1.0,24,750,500,250,0.6666666666666666,10,5,5,496.9125463174927,0.38658665458937197,0.058192804946599175,0.30007040729763046,132487.3559268904,8366.925877700603,140854.281804591,178,86,160.29166666666666,23,1,20,29.832068577852723,0.6856884057971014,42.62152777777777,1029.5138888888885,44.76147342995167,0
180,4,0,0,24,0.0,0.0,1.0,24,1000,800,200,0.8,12,8,4,495.79522116888484,0.38602053140096615,0.058190018546619315,0.29975142270669264,132532.04345703116,8341.750759548595,140873.79421657976,179,87,161.29166666666666,23,1,20,29.815271455066597,0.6861413043478262,42.57812499999999,1029.6874999999993,44.7690217391304,0
181,4,0,0,24,0.0,0.0,1.0,24,1100,900,200,0.8181818181818182,13,9,4,491.2888428064221,0.38579408212560384,0.053263214670981274,0.29766324005330286,132612.50000000003,8230.208333333334,140842.70833333337,180,88,162.29166666666666,24,0,20,29.84931229773462,0.6822916666666667,42.5,1030.0000000000002,42.91666666666668,0
182,4,0,0,24,0.0,0.0,1.0,24,900,700,200,0.7777777777777778,11,7,4,490.55915353546726,0.3848882850241546,0.05358298285344554,0.29790144274619446,132698.3472222222,8219.277777777774,140917.62499999997,181,89,163.29166666666666,24,0,19,29.780680470182247,0.6831597222222222,42.416666666666664,1030.3333333333333,42.93055555555555,0
183,4,0,0,24,0.0,0.0,1.0,24,1050,800,250,0.7619047619047619,13,8,5,485.85351087562276,0.3843599033816425,0.04615405347132384,0.2957202865408317,132784.2222222222,8102.7361111111,140886.95833333328,182,90,164.29166666666666,24,0,19,29.814507869771447,0.6840277777777778,42.33333333333333,1030.6666666666663,42.94444444444443,0
184,4,0,0,24,0.0,0.0,1.0,24,600,200,400,0.3333333333333333,10,2,8,486.9792965122896,0.3843599033816425,0.04479200344864731,0.29708618621548555,132870.12500000003,8140.999999999999,141011.12500000003,183,91,165.29166666666666,24,0,19,29.698108632395723,0.6848958333333333,42.25,1031.0000000000002,42.95833333333334,0
185,4,0,0,24,0.0,0.0,1.0,24,500,300,200,0.6,7,3,4,489.68142773990917,0.38375603864734303,0.04242081447963786,0.2994218058156677,132956.0555555555,8221.222222222217,141177.27777777772,184,92,166.29166666666666,24,0,19,29.541047188106013,0.6857638888888888,42.166666666666664,1031.333333333333,42.97222222222221,0
186,4,0,0,24,0.0,0.0,1.0,24,700,500,200,0.7142857142857143,9,5,4,489.21591716898746,0.383491847826087,0.041235794689503,0.29948143534706845,132999.03125,8213.048611111113,141212.07986111112,185,93,167.29166666666666,24,0,19,29.509344536004736,0.6861979166666667,42.125,1031.5,42.979166666666664,0
187,4,0,0,24,0.0,0.0,1.0,24,650,500,150,0.7692307692307693,8,5,3,488.3917065614377,0.38269927536231885,0.04373923341946595,0.3000120483163118,133128.00000000003,8203.722222222223,141331.72222222225,186,94,168.29166666666666,24,0,19,29.399493970714893,0.6875,42.0,1032.0000000000002,43.00000000000001,0
188,4,0,0,24,0.0,0.0,1.0,24,900,700,200,0.7777777777777778,11,7,4,487.01499435588676,0.38224637681159424,0.04069798729953744,0.299857939864847,133214.01388888885,8175.444444444442,141389.45833333328,187,95,169.29166666666666,24,0,19,29.347621353998495,0.6883680555555556,41.916666666666664,1032.333333333333,43.01388888888888,0
189,4,0,0,24,0.0,0.0,1.0,24,750,500,250,0.6666666666666666,10,5,5,488.65964632128464,0.3807367149758454,0.03831881252016767,0.30226671535921373,133386.125,8236.083333333336,141622.20833333334,188,96,170.29166666666666,24,0,19,29.130364633752823,0.6901041666666667,41.75,1033.0,43.041666666666664,0
190,4,0,0,24,0.0,0.0,1.0,24,850,600,250,0.7058823529411765,11,6,5,488.7805141999776,0.37956672705314015,0.04248616260949012,0.30410286154287464,133601.42013888885,8260.354166666664,141861.7743055555,189,97,171.29166666666666,24,0,21,28.90872696007308,0.6922743055555556,41.541666666666664,1033.833333333333,43.07638888888888,0
191,4,0,0,24,0.0,0.0,1.0,24,500,300,200,0.6,7,3,4,488.76403443463823,0.37907608695652173,0.041303997421018535,0.3044469949430216,133644.5,8264.125,141908.625,190,98,172.29166666666666,24,0,21,28.8654497098646,0.6927083333333333,41.5,1034.0,43.083333333333336,0
192,4,0,0,24,0.0,0.0,1.0,24,850,700,150,0.8235294117647058,10,7,3,486.686829748262,0.3784344806763285,0.03742414478277212,0.30421602741666287,133773.78125,8221.1875,141994.96875,191,99,173.29166666666666,24,0,18,28.78806186563557,0.6940104166666667,41.375,1034.5,43.104166666666664,0
193,4,0,0,24,0.0,0.0,1.0,24,600,400,200,0.6666666666666666,8,4,4,486.7610031091092,0.37779287439613524,0.034889962426194465,0.3053319019502595,133903.125,8235.76388888889,142138.88888888888,192,100,174.29166666666666,24,0,18,28.6550590445518,0.6953125,41.25,1035.0,43.125,0
194,4,0,0,24,0.0,0.0,1.0,24,600,200,400,0.3333333333333333,10,2,8,488.008857924184,0.37684933574879226,0.04141182466870519,0.30719341786048177,134032.53125,8281.8125,142314.34375,193,101,175.29166666666666,24,0,18,28.491670690487684,0.6966145833333333,41.125,1035.5,43.145833333333336,0
195,4,0,0,24,0.0,0.0,1.0,24,650,500,150,0.7692307692307693,8,5,3,484.54127570443654,0.3761322463768116,0.024598228927517063,0.26812456435985965,129116.68055555555,7712.472222222217,136829.15277777775,194,102,176.29166666666666,24,0,20,33.60528041980977,0.6467013888888888,45.916666666666664,1016.3333333333333,42.34722222222222,8
196,4,0,0,24,0.0,0.0,1.0,24,500,300,200,0.6,7,3,4,482.97816858708904,0.37492451690821255,0.07753059874297064,0.2530403819131315,126924.01388888874,7460.305555555533,134384.31944444426,195,103,177.29166666666666,24,0,19,35.91630830301025,0.6241319444444444,48.08333333333332,1007.6666666666655,41.986111111111065,6
197,4,0,0,24,0.0,0.0,1.0,24,600,400,200,0.6666666666666666,8,4,4,482.97816858708904,0.37492451690821255,0.07753059874297064,0.2530403819131315,126924.01388888874,7460.305555555533,134384.31944444426,196,104,178.29166666666666,24,0,19,35.91630830301025,0.6241319444444444,48.08333333333332,1007.6666666666655,41.986111111111065,0
198,4,0,0,24,0.0,0.0,1.0,24,450,300,150,0.6666666666666666,6,3,3,481.7380930042283,0.3745848429951691,0.07973080950019296,0.2531740855414922,127050.00347222218,7440.965277777771,134490.96874999994,197,105,179.29166666666666,24,0,19,35.8165261475726,0.6254340277777778,47.95833333333333,1008.1666666666662,42.00694444444442,0
199,4,0,0,24,0.0,0.0,1.0,24,650,500,150,0.7692307692307693,8,5,3,479.4754456662798,0.3747735507246377,0.07610192837465579,0.2522457779374776,127092.01388888886,7387.499999999998,134479.51388888885,198,106,180.29166666666666,24,0,19,35.829889807162544,0.6258680555555556,47.916666666666664,1008.333333333333,42.01388888888888,0
200,4,0,0,24,0.0,0.0,1.0,24,550,400,150,0.7272727272727273,7,4,3,482.2346049959569,0.37515096618357485,0.07329864552362064,0.2547511604402726,127260.12500000001,7473.847222222224,134733.97222222225,199,107,181.29166666666666,24,0,19,35.585632088976986,0.6276041666666667,47.75,1009.0000000000001,42.04166666666667,0
201,4,0,0,24,0.0,0.0,1.0,24,450,300,150,0.6666666666666666,6,3,3,483.313910949792,0.3749622584541063,0.07001789154968341,0.2555865267075102,127302.170138889,7505.381944444464,134807.55208333346,200,108,182.29166666666666,24,0,19,35.51472612166254,0.6280381944444444,47.70833333333334,1009.1666666666677,42.04861111111115,0
202,4,0,0,24,0.0,0.0,1.0,24,650,400,250,0.6153846153846154,9,4,5,479.60920652680244,0.3732261473429952,0.06238656987295821,0.25521610191035576,127554.58680555568,7435.270833333353,134989.85763888902,201,109,183.29166666666666,24,0,19,35.3462024968377,0.6306423611111112,47.45833333333334,1010.1666666666677,42.09027777777782,0
203,4,0,0,24,0.0,0.0,1.0,24,700,500,200,0.7142857142857143,9,5,4,473.82246220250727,0.3726600241545894,0.06697164523574028,0.25345741232102365,127765.125,7307.597222222222,135072.72222222222,202,110,184.29166666666666,24,0,20,35.274137267831634,0.6328125,47.25,1011.0,42.125,0
204,4,0,0,24,0.0,0.0,1.0,24,850,600,250,0.7058823529411765,11,6,5,471.54985749290955,0.37175422705314015,0.061456273346517376,0.25277071866316025,127849.38888888886,7257.472222222217,135106.86111111107,203,111,185.29166666666666,24,0,20,35.24431443638761,0.6336805555555556,47.166666666666664,1011.333333333333,42.13888888888888,0
205,4,0,0,24,0.0,0.0,1.0,24,600,200,400,0.3333333333333333,10,2,8,476.337094957133,0.3695652173913044,0.06484683794466428,0.2564112447322438,128017.99999999999,7395.944444444445,135413.94444444444,204,112,186.29166666666666,24,0,20,34.94867149758455,0.6354166666666667,47.0,1011.9999999999999,42.166666666666664,0
206,4,0,0,24,0.0,0.0,1.0,24,800,400,400,0.5,12,4,8,476.145691983179,0.36941425120772947,0.06754718016238748,0.2573897886556759,128186.7222222223,7407.111111111128,135593.83333333343,205,113,187.29166666666666,24,0,20,34.77891156462586,0.6371527777777778,46.83333333333334,1012.6666666666674,42.19444444444448,0
207,4,0,0,24,0.0,0.0,1.0,24,1050,800,250,0.7619047619047619,13,8,5,476.77328493123355,0.3695274758454106,0.0638943704434578,0.2590936859398419,128397.78124999999,7443.326388888889,135841.10763888888,206,114,188.29166666666666,24,0,19,34.54475689305487,0.6393229166666667,46.625,1013.4999999999999,42.229166666666664,0
208,4,1,0,25,0.04,0.0,1.0,25,650,500,150,0.7692307692307693,8,5,3,460.6395483928439,0.3751388888888889,0.05122020520915527,0.253092067568835,128835.06238186233,6869.3049905489925,135704.36737241133,207,0,181.72,25,0,20,34.502598000526184,0.6395833333333334,46.19391025641026,1015.2243589743596,40.608974358974386,0
209,4,0,0,25,0.0,0.0,1.0,25,650,500,150,0.7692307692307693,8,5,3,460.3050050166134,0.3756944444444445,0.05153227079059475,0.25342769911296953,128916.42332860791,6868.174977399751,135784.59830600765,208,1,182.72,25,0,20,34.42727236862869,0.6404166666666666,46.11378205128206,1015.5448717948725,40.6217948717949,0
210,4,0,0,25,0.0,0.0,1.0,25,800,500,300,0.625,11,5,6,458.80325000713174,0.37548611111111113,0.04133102034379421,0.25364179671274806,129079.22226844997,6844.393337031546,135923.61560548152,209,2,183.72,25,0,20,34.29779083215056,0.6420833333333333,45.953525641025635,1016.1858974358969,40.64743589743588,0
211,4,0,0,25,0.0,0.0,1.0,25,1000,800,200,0.8,12,8,4,464.68643153919743,0.37506944444444446,0.04228175228490372,0.2582224250917468,129282.86540516118,7015.198676857351,136298.06408201854,210,3,184.72,25,0,20,33.93870154427988,0.6441666666666667,45.75320512820514,1016.9871794871804,40.67948717948721,0
212,4,0,0,25,0.0,0.0,1.0,25,850,500,350,0.5882352941176471,12,5,7,464.880842610847,0.37451388888888887,0.04030880731054021,0.2585976080675768,129323.61329409126,7024.01406352732,136347.6273576186,211,4,185.72,25,0,20,33.89183209915447,0.6445833333333333,45.71314102564104,1017.1474358974376,40.6858974358975,0
213,4,0,0,25,0.0,0.0,1.0,25,550,500,50,0.9090909090909091,6,5,1,468.91846476741466,0.3744444444444444,0.04553787998109926,0.2613839624941455,129405.12833353893,7136.090822238682,136541.21915577762,212,5,186.72,25,0,20,33.705275108941045,0.6454166666666667,45.63301282051283,1017.4679487179499,40.69871794871799,0
214,4,0,0,25,0.0,0.0,1.0,25,550,300,250,0.5454545454545454,8,3,5,468.108149706066,0.37451388888888887,0.041252951361561374,0.2620168348090432,129568.2354587855,7130.389392258408,136698.6248510439,213,6,187.72,25,0,18,33.5581287055984,0.6470833333333333,45.47275641025642,1018.1089743589756,40.72435897435903,0
215,4,0,0,25,0.0,0.0,1.0,25,500,500,0,1.0,5,5,0,467.87239373649663,0.3741666666666667,0.04321057601510869,0.2621570714110849,129609.02829142025,7128.097263313636,136737.12555473388,214,7,188.72,25,0,18,33.5221907459868,0.6475,45.43269230769232,1018.2692307692319,40.730769230769276,0
216,4,0,0,25,0.0,0.0,1.0,25,700,400,300,0.5714285714285714,10,4,6,466.1608297633042,0.37319444444444444,0.042522409183833654,0.26256126806597474,129813.08876253307,7102.755434335996,136915.84419686906,215,8,189.72,25,0,18,33.35610289877864,0.6495833333333334,45.23237179487181,1019.0705128205144,40.762820512820575,0
217,4,0,0,25,0.0,0.0,1.0,25,1200,1000,200,0.8333333333333334,14,10,4,466.1608297633042,0.37319444444444444,0.042522409183833654,0.26256126806597474,129813.08876253307,7102.755434335996,136915.84419686906,216,9,190.72,25,0,18,33.35610289877864,0.6495833333333334,45.23237179487181,1019.0705128205144,40.762820512820575,0
218,4,0,0,25,0.0,0.0,1.0,25,900,800,100,0.8888888888888888,10,8,2,466.8256727111835,0.37236111111111114,0.03628477133427599,0.26403660048544547,129976.45270894971,7135.2689944937565,137111.72170344347,217,10,191.72,25,0,18,33.1714272617738,0.65125,45.07211538461539,1019.7115384615386,40.78846153846154,0
219,4,0,1,24,0.0,0.04,0.96,25,700,600,100,0.8571428571428571,8,6,2,465.40876466882105,0.37222222222222223,0.03169835035349555,0.2637868911057032,130058.17320533369,7106.042745315585,137164.21595064926,218,11,192.72,25,0,18,33.12369075674261,0.6520833333333333,44.99198717948718,1020.0320512820515,40.80128205128206,0
220,4,0,0,24,0.0,0.0,1.0,24,650,600,50,0.9230769230769231,7,6,1,479.85105754577773,0.3663571859903381,0.08607537522678554,0.2558783607651759,127638.78124999999,7449.520833333332,135088.3020833333,219,127,201.29166666666666,24,0,19,35.252762658749795,0.6315104166666667,47.375,1010.4999999999999,42.104166666666664,8
221,4,0,0,24,0.0,0.0,1.0,24,450,300,150,0.6666666666666666,6,3,3,477.55924526874355,0.3665458937198068,0.09238652599186725,0.25545629469137543,127765.12499999999,7403.083333333333,135168.2083333333,220,128,202.29166666666666,24,0,19,35.17969007583251,0.6328125,47.25,1010.9999999999999,42.12499999999999,0
222,4,0,0,24,0.0,0.0,1.0,24,800,400,400,0.5,12,4,8,479.5061602280282,0.36624396135265697,0.08086939764343137,0.2533097987801468,127260.12499999999,7404.402777777777,134664.52777777775,221,129,203.29166666666666,24,0,20,35.65445710824799,0.6276041666666667,47.75,1008.9999999999999,42.041666666666664,1
223,4,0,0,24,0.0,0.0,1.0,24,500,400,100,0.8,6,4,2,478.6134277879489,0.36597977053140096,0.07687386494964521,0.25362743063093673,127386.28125,7393.756944444444,134780.03819444444,222,130,204.29166666666666,24,0,18,35.54599361620165,0.62890625,47.625,1009.5,42.0625,0
224,4,0,0,24,0.0,0.0,1.0,24,550,300,250,0.5454545454545454,8,3,5,481.31054784524343,0.3645455917874396,0.0819790463619865,0.2561214425364369,127554.5868055554,7478.673611111088,135033.26041666648,223,131,205.29166666666666,24,0,18,35.303236539624926,0.6306423611111112,47.45833333333332,1010.1666666666654,42.09027777777772,0
225,4,0,0,24,0.0,0.0,1.0,24,700,500,200,0.7142857142857143,9,5,4,479.1007833766127,0.36548913043478265,0.07901824978012328,0.25574534774610713,127680.88888888874,7434.402777777752,135115.2916666665,224,132,206.29166666666666,24,0,19,35.2280535400176,0.6319444444444444,47.33333333333332,1010.6666666666655,42.111111111111065,0
226,4,0,0,24,0.0,0.0,1.0,24,850,600,250,0.7058823529411765,11,6,5,478.3368414041619,0.36530042270531404,0.07711596592470471,0.2556046645917393,127723.00347222219,7418.923611111107,135141.92708333328,225,133,207.29166666666666,24,0,19,35.20369607034898,0.6323784722222222,47.291666666666664,1010.833333333333,42.11805555555554,0
227,4,0,0,24,0.0,0.0,1.0,24,750,700,50,0.9333333333333333,8,7,1,475.40962629571703,0.3653759057971015,0.07880748310532404,0.2545728334277239,127807.25347222209,7352.159722222198,135159.4131944443,226,134,208.29166666666666,24,0,19,35.19037415526621,0.6332465277777778,47.20833333333332,1011.1666666666655,42.13194444444439,0
228,4,0,0,24,0.0,0.0,1.0,24,850,800,50,0.9411764705882353,9,8,1,472.7886321639332,0.3631868961352657,0.07566710591335868,0.25423381628584923,127975.83680555552,7301.104166666664,135276.9409722222,227,135,209.29166666666666,24,0,21,35.082084225553174,0.6349826388888888,47.041666666666664,1011.833333333333,42.15972222222221,0
229,4,0,0,24,0.0,0.0,1.0,24,900,800,100,0.8888888888888888,10,8,2,472.31959897712056,0.36401721014492755,0.06292866941015074,0.25505258344764514,128144.53125000001,7305.034722222222,135449.56597222225,228,136,210.29166666666666,24,0,21,34.91941015089163,0.63671875,46.875,1012.5000000000001,42.18750000000001,0
230,4,0,0,24,0.0,0.0,1.0,24,550,300,250,0.5454545454545454,8,3,5,469.80079490540055,0.3628094806763285,0.06462207229444372,0.2542279101193338,128228.92013888885,7248.409722222217,135477.32986111107,229,137,211.29166666666666,24,0,21,34.89591903899951,0.6375868055555556,46.791666666666664,1012.8333333333329,42.20138888888887,0
231,4,0,0,24,0.0,0.0,1.0,24,1100,900,200,0.8181818181818182,13,9,4,472.7363314794152,0.3600166062801932,0.0601060332072989,0.2574445035263457,128482.25347222219,7347.645833333329,135829.89930555553,230,138,212.29166666666666,24,0,19,34.55977039837799,0.6401909722222222,46.541666666666664,1013.833333333333,42.24305555555554,0
232,4,0,0,24,0.0,0.0,1.0,24,300,200,100,0.6666666666666666,4,2,2,473.03706934559654,0.35880887681159424,0.054950698438783974,0.25815520779981643,128566.75347222218,7363.368055555549,135930.12152777772,231,139,213.29166666666666,24,0,19,34.46487263763352,0.6410590277777778,46.45833333333333,1014.1666666666662,42.25694444444442,0
233,4,0,0,24,0.0,0.0,1.0,24,700,500,200,0.7142857142857143,9,5,4,476.50306515649334,0.3602430555555556,0.05594104122187549,0.2611545601924291,128735.83680555553,7468.604166666662,136204.4409722222,232,140,214.29166666666666,24,0,19,34.20238681775881,0.6427951388888888,46.291666666666664,1014.8333333333331,42.284722222222214,0
234,4,0,0,24,0.0,0.0,1.0,24,600,300,300,0.5,9,3,6,475.83367140484125,0.35945048309178745,0.05095480411468589,0.2616226287182574,128862.7222222222,7463.444444444441,136326.16666666666,233,141,215.29166666666666,24,0,19,34.08842197417377,0.6440972222222222,46.166666666666664,1015.3333333333331,42.30555555555555,0
235,4,0,0,24,0.0,0.0,1.0,24,750,600,150,0.8,9,6,3,473.6934549426263,0.3609224033816425,0.05417692097347526,0.26128159347287855,128989.67013888895,7420.312500000011,136409.98263888896,234,142,216.29166666666666,24,0,20,34.01182663385289,0.6453993055555556,46.04166666666667,1015.8333333333338,42.32638888888891,0
236,4,0,0,24,0.0,0.0,1.0,24,550,500,50,0.9090909090909091,6,5,1,476.58704341151787,0.36160175120772947,0.05277504508935893,0.26400584720861464,129159.03125,7511.104166666668,136670.13541666666,235,143,217.29166666666666,24,0,20,33.763731759304804,0.6471354166666667,45.875,1016.5,42.354166666666664,0
237,4,0,0,24,0.0,0.0,1.0,24,500,300,200,0.6,7,3,4,476.1000027913448,0.36213013285024154,0.04695268535212804,0.2643026494112826,129243.75347222228,7506.590277777788,136750.34375000006,236,144,218.29166666666666,24,0,20,33.688807845708354,0.6480034722222222,45.79166666666667,1016.8333333333338,42.36805555555558,0
238,4,0,0,24,0.0,0.0,1.0,24,500,300,200,0.6,7,3,4,475.6012644094757,0.3620169082125604,0.051537243337702154,0.26487866039739405,129370.88888888888,7505.791666666662,136876.68055555553,237,145,219.29166666666666,24,0,21,33.570541175185674,0.6493055555555556,45.666666666666664,1017.3333333333331,42.38888888888888,0
239,4,0,0,24,0.0,0.0,1.0,24,600,300,300,0.5,9,3,6,475.6012644094757,0.3620169082125604,0.051537243337702154,0.26487866039739405,129370.88888888888,7505.791666666662,136876.68055555553,238,146,220.29166666666666,24,0,21,33.570541175185674,0.6493055555555556,45.666666666666664,1017.3333333333331,42.38888888888888,0
240,4,0,0,24,0.0,0.0,1.0,24,550,500,50,0.9090909090909091,6,5,1,474.9601064097379,0.3614507850241546,0.05169942669942684,0.26480652508049773,129413.28125,7493.229166666666,136906.51041666666,239,147,221.29166666666666,24,0,21,33.54320229320229,0.6497395833333333,45.625,1017.5,42.395833333333336,0
241,4,0,0,24,0.0,0.0,1.0,24,600,500,100,0.8333333333333334,7,5,2,473.63485294034007,0.3611111111111111,0.05254394584561606,0.26435232285682986,129455.68055555568,7462.944444444463,136918.62500000015,240,148,222.29166666666666,24,0,18,33.533273283109516,0.6501736111111112,45.58333333333334,1017.6666666666677,42.40277777777782,0
242,4,0,0,24,0.0,0.0,1.0,24,400,300,100,0.75,5,3,2,473.972306916053,0.36039402173913043,0.054752742754216266,0.26482606389170504,129498.0868055556,7475.7013888889,136973.7881944445,241,149,223.29166666666666,24,0,18,33.481046340265266,0.6506076388888888,45.54166666666667,1017.8333333333338,42.40972222222224,0
243,4,0,0,24,0.0,0.0,1.0,24,550,300,250,0.5454545454545454,8,3,5,474.96567997395937,0.3608846618357488,0.05798406461471295,0.265667616600819,129540.5,7505.458333333336,137045.95833333334,242,150,224.29166666666666,24,0,18,33.41212344466274,0.6510416666666667,45.5,1018.0,42.416666666666664,0
244,4,0,0,24,0.0,0.0,1.0,24,800,600,200,0.75,10,6,4,473.84152465913104,0.359110809178744,0.05573964981181456,0.26589950020128095,129667.78125,7488.395833333336,137156.17708333334,243,151,225.29166666666666,24,0,19,33.30981017836688,0.65234375,45.375,1018.5,42.4375,0
245,4,0,0,24,0.0,0.0,1.0,24,650,500,150,0.7692307692307693,8,5,3,473.84152465913104,0.359110809178744,0.05573964981181456,0.26589950020128095,129667.78125,7488.395833333336,137156.17708333334,244,152,226.29166666666666,24,0,19,33.30981017836688,0.65234375,45.375,1018.5,42.4375,0
246,4,0,0,24,0.0,0.0,1.0,24,200,100,100,0.5,3,1,2,473.84152465913104,0.359110809178744,0.05573964981181456,0.26589950020128095,129667.78125,7488.395833333336,137156.17708333334,245,153,227.29166666666666,24,0,19,33.30981017836688,0.65234375,45.375,1018.5,42.4375,0
247,4,0,0,24,0.0,0.0,1.0,24,600,500,100,0.8333333333333334,7,5,2,473.0236096350938,0.35903532608695654,0.05469900212661516,0.26601594532652534,129752.67013888895,7475.215277777787,137227.88541666674,246,154,228.29166666666666,24,0,19,33.24336114291947,0.6532118055555556,45.29166666666667,1018.8333333333338,42.45138888888891,0
248,4,0,0,24,0.0,0.0,1.0,24,500,500,0,1.0,5,5,0,473.0236096350938,0.35903532608695654,0.05469900212661516,0.26601594532652534,129752.67013888895,7475.215277777787,137227.88541666674,247,155,229.29166666666666,24,0,19,33.24336114291947,0.6532118055555556,45.29166666666667,1018.8333333333338,42.45138888888891,0
249,4,0,0,24,0.0,0.0,1.0,24,750,400,350,0.5333333333333333,11,4,7,471.69428973142317,0.3596014492753623,0.05688630913451043,0.26613305129127157,129880.05555555553,7452.736111111107,137332.79166666663,248,156,230.29166666666666,24,0,20,33.146323850010894,0.6545138888888888,45.166666666666664,1019.3333333333331,42.472222222222214,0
250,4,0,0,24,0.0,0.0,1.0,24,650,400,250,0.6153846153846154,9,4,5,471.3998889316077,0.360054347826087,0.05616830065359468,0.2671266037279109,130050.0,7461.111111111113,137511.11111111112,249,157,231.29166666666666,24,0,20,32.979302832244,0.65625,45.0,1020.0,42.5,0
251,4,0,0,24,0.0,0.0,1.0,24,650,400,250,0.6153846153846154,9,4,5,471.2173112095295,0.358695652173913,0.050688547790115335,0.2681909678296618,130220.05555555566,7472.38888888891,137692.44444444458,250,158,232.29166666666666,24,0,21,32.809438275636836,0.6579861111111112,44.83333333333334,1020.6666666666675,42.527777777777814,0
252,4,0,0,24,0.0,0.0,1.0,24,300,200,100,0.6666666666666666,4,2,2,471.2173112095295,0.358695652173913,0.050688547790115335,0.2681909678296618,130220.05555555566,7472.38888888891,137692.44444444458,251,159,233.29166666666666,24,0,21,32.809438275636836,0.6579861111111112,44.83333333333334,1020.6666666666675,42.527777777777814,0
253,4,0,0,24,0.0,0.0,1.0,24,800,600,200,0.75,10,6,4,473.8090662899057,0.35771437198067635,0.04963555265448205,0.27084906326721503,130390.22222222236,7556.013888888913,137946.23611111127,252,160,234.29166666666666,24,0,21,32.56874184073107,0.6597222222222222,44.66666666666668,1021.3333333333345,42.55555555555561,0
254,4,0,0,24,0.0,0.0,1.0,24,450,200,250,0.4444444444444444,7,2,5,471.1937387064927,0.3569595410628019,0.04214246873300698,0.2699455718010094,130475.34722222232,7495.833333333356,137971.18055555568,253,161,235.29166666666666,24,0,21,32.548259923871676,0.6605902777777778,44.58333333333334,1021.6666666666674,42.56944444444448,0
255,4,0,0,24,0.0,0.0,1.0,24,550,400,150,0.7272727272727273,7,4,3,470.199108727114,0.35767663043478265,0.04026667754036839,0.26967172456556954,130517.92013888904,7473.881944444468,137991.80208333352,254,162,236.29166666666666,24,0,19,32.530038601641934,0.6610243055555556,44.54166666666668,1021.8333333333345,42.576388888888935,0
256,4,0,0,24,0.0,0.0,1.0,24,600,300,300,0.5,9,3,6,468.4649075760358,0.35612922705314015,0.03905825453754996,0.269565079087374,130645.68055555571,7440.583333333359,138086.26388888908,255,163,237.29166666666666,24,0,19,32.44348440386915,0.6623263888888888,44.41666666666668,1022.3333333333346,42.59722222222228,0
257,4,0,0,24,0.0,0.0,1.0,24,750,600,150,0.8,9,6,3,471.25610971407866,0.3551856884057971,0.04192466460268296,0.2720694962667265,130773.50347222236,7525.562500000024,138299.0659722224,256,164,238.29166666666666,24,0,19,32.24125522785292,0.6636284722222222,44.29166666666668,1022.8333333333345,42.61805555555561,0
258,4,0,0,24,0.0,0.0,1.0,24,550,400,150,0.7272727272727273,7,4,3,473.7814589518882,0.3560160024154589,0.036808608804211884,0.2747395599077948,130944.03125000012,7607.7708333333485,138551.80208333346,257,165,239.29166666666666,24,0,19,32.002116919068534,0.6653645833333333,44.12500000000001,1023.5000000000009,42.64583333333337,0
259,4,0,0,24,0.0,0.0,1.0,24,1000,900,100,0.9,11,9,2,474.99327058616433,0.3539779589371981,0.03880619272273744,0.2772823964191027,131200.03124999997,7663.826388888889,138863.85763888885,258,166,240.29166666666666,24,0,20,31.709234857111873,0.66796875,43.875,1024.4999999999998,42.68749999999999,0
260,4,0,0,24,0.0,0.0,1.0,24,800,700,100,0.875,9,7,2,472.8615433702667,0.3528457125603865,0.03506667750853776,0.27665324740092967,131285.42013888893,7615.9652777777865,138901.38541666672,259,167,241.29166666666666,24,0,20,31.676559874234297,0.6688368055555556,43.79166666666667,1024.8333333333337,42.70138888888891,0
261,4,0,0,24,0.0,0.0,1.0,24,650,300,350,0.46153846153846156,10,3,7,473.263269218058,0.35348731884057966,0.035230352303522894,0.2771970576848626,131328.125,7630.555555555556,138958.68055555556,260,168,242.29166666666666,24,0,20,31.62262872628726,0.6692708333333333,43.75,1025.0,42.708333333333336,0
262,4,0,0,24,0.0,0.0,1.0,24,950,900,50,0.9473684210526315,10,9,1,473.65096488811974,0.3537515096618358,0.033700482306400215,0.27773375453067933,131370.83680555562,7644.784722222241,139015.62152777787,261,169,243.29166666666666,24,0,20,31.569053812388226,0.6697048611111112,43.70833333333334,1025.1666666666674,42.71527777777781,0
263,4,0,0,24,0.0,0.0,1.0,24,550,500,50,0.9090909090909091,6,5,1,475.0154727822768,0.3542421497584541,0.031493823146944155,0.2788449607401305,131413.5555555556,7684.6944444444525,139098.25000000006,262,170,244.29166666666666,24,0,20,31.490436714347638,0.6701388888888888,43.66666666666667,1025.3333333333337,42.722222222222236,0
264,4,0,0,24,0.0,0.0,1.0,24,900,800,100,0.8888888888888888,10,8,2,472.7496372226704,0.3539402173913044,0.030467988300292514,0.27813587643100535,131499.01388888896,7633.222222222243,139132.2361111112,263,171,245.29166666666666,24,0,20,31.46124471888204,0.6710069444444444,43.58333333333334,1025.6666666666674,42.73611111111114,0
265,4,0,0,24,0.0,0.0,1.0,24,500,500,0,1.0,5,5,0,474.98423299576467,0.3544685990338164,0.029094944245966925,0.2807056532426025,131670.01388888885,7708.236111111106,139378.24999999994,264,172,246.29166666666666,24,0,18,31.22936288838368,0.6727430555555556,43.416666666666664,1026.333333333333,42.76388888888888,0
266,4,0,0,24,0.0,0.0,1.0,24,650,400,250,0.6153846153846154,9,4,5,476.0058955639052,0.3539402173913044,0.024004652169208995,0.282576910256723,131841.125,7751.430555555557,139592.55555555556,265,173,247.29166666666666,24,0,18,31.02854863139673,0.6744791666666667,43.25,1027.0,42.791666666666664,0
267,4,0,0,24,0.0,0.0,1.0,24,550,400,150,0.7272727272727273,7,4,3,476.1481170374534,0.35258152173913043,0.025002702994918913,0.2839390028677887,132012.34722222213,7771.4861111111,139783.83333333323,266,174,248.29166666666666,24,0,18,30.85029462644612,0.6762152777777778,43.08333333333333,1027.6666666666658,42.81944444444441,0
268,4,0,0,24,0.0,0.0,1.0,24,950,900,50,0.9473684210526315,10,9,1,473.39022511145225,0.3538269927536232,0.022506734839738307,0.25243315170191155,127638.78124999999,7284.590277777777,134923.37152777775,267,175,249.29166666666666,24,0,20,35.415979438121944,0.6315104166666667,47.375,1010.4999999999999,42.104166666666664,7
269,4,0,0,24,0.0,0.0,1.0,24,550,400,150,0.7272727272727273,7,4,3,474.50187730545935,0.35326086956521735,0.019919771403450692,0.2538208454792694,127765.125,7324.958333333335,135090.08333333334,268,176,250.29166666666666,24,0,20,35.256965051104515,0.6328125,47.25,1011.0,42.125,0
270,4,0,0,24,0.0,0.0,1.0,24,300,200,100,0.6666666666666666,4,2,2,474.50187730545935,0.35326086956521735,0.019919771403450692,0.2538208454792694,127765.125,7324.958333333335,135090.08333333334,269,177,251.29166666666666,24,0,20,35.256965051104515,0.6328125,47.25,1011.0,42.125,0
271,4,0,0,24,0.0,0.0,1.0,24,550,400,150,0.7272727272727273,7,4,3,476.08881744643196,0.35277022946859904,0.017684467886379895,0.2549365274004859,127807.25347222232,7369.520833333351,135176.77430555568,270,178,252.29166666666666,24,0,20,35.17320476896873,0.6332465277777778,47.20833333333334,1011.1666666666675,42.13194444444448,0
272,4,0,0,24,0.0,0.0,1.0,24,1100,900,200,0.8181818181818182,13,9,4,477.1808988199391,0.35193991545893716,0.02351430768385776,0.25605754862406815,127891.53125,7405.479166666667,135297.01041666666,271,179,253.29166666666666,24,0,20,35.058288021090796,0.6341145833333333,47.125,1011.5,42.145833333333336,0
273,4,0,0,24,0.0,0.0,1.0,24,750,700,50,0.9333333333333333,8,7,1,472.88143844185333,0.3536382850241546,0.021951487213258236,0.2550871986763604,128102.34722222229,7315.444444444454,135417.79166666674,272,180,254.29166666666666,24,0,21,34.94882559543409,0.6362847222222222,46.91666666666667,1012.3333333333339,42.18055555555558,0
274,4,0,0,24,0.0,0.0,1.0,24,350,200,150,0.5714285714285714,5,2,3,473.0983794906823,0.3539402173913044,0.017143954355935964,0.2557425047851768,128186.7222222223,7328.9861111111295,135515.70833333343,273,181,255.29166666666666,24,0,21,34.85605935922757,0.6371527777777778,46.83333333333334,1012.6666666666674,42.19444444444448,0
275,4,0,0,24,0.0,0.0,1.0,24,500,300,200,0.6,7,3,4,472.50862572738754,0.35435537439613524,0.016284076572870232,0.25569322515986953,128228.92013888896,7317.854166666675,135546.77430555565,274,182,256.2916666666667,24,0,21,34.8273545060611,0.6375868055555556,46.79166666666667,1012.8333333333339,42.201388888888914,0
276,4,0,0,24,0.0,0.0,1.0,24,600,300,300,0.5,9,3,6,471.28799100487544,0.3544308574879227,0.020391237593902378,0.2555717838821267,128313.33680555565,7294.506944444465,135607.84375000012,275,183,257.2916666666667,24,0,21,34.77100126117235,0.6384548611111112,46.70833333333334,1013.1666666666674,42.21527777777781,0
277,4,0,0,24,0.0,0.0,1.0,24,850,700,150,0.8235294117647058,10,7,3,471.3334271121883,0.35454408212560384,0.02021655701754388,0.2558667175751881,128355.5555555556,7299.6527777777865,135655.2083333334,276,184,258.2916666666667,24,0,21,34.726219846491226,0.6388888888888888,46.66666666666667,1013.3333333333338,42.22222222222224,0
278,4,0,0,24,0.0,0.0,1.0,24,750,700,50,0.9333333333333333,8,7,1,471.0267119372223,0.3537515096618358,0.01832894808967822,0.25597081637982566,128397.78124999999,7295.756944444443,135693.53819444444,277,185,259.2916666666667,24,0,19,34.69036068629063,0.6393229166666667,46.625,1013.4999999999999,42.229166666666664,0
279,4,0,0,24,0.0,0.0,1.0,24,650,500,150,0.7692307692307693,8,5,3,469.3479323656838,0.35318538647342995,0.015751698444006035,0.25587032441871155,128524.5,7264.541666666668,135789.04166666666,278,186,260.2916666666667,24,0,19,34.602029914529915,0.640625,46.5,1014.0,42.25,0
280,4,0,0,24,0.0,0.0,1.0,24,350,300,50,0.8571428571428571,4,3,1,470.33635385854586,0.3524682971014493,0.017632155573815256,0.25668131957213036,128566.75347222234,7293.923611111133,135860.67708333346,279,187,261.2916666666667,24,0,19,34.533347028211445,0.6410590277777778,46.45833333333334,1014.1666666666677,42.256944444444485,0
281,4,0,0,24,0.0,0.0,1.0,24,300,100,200,0.3333333333333333,5,1,4,470.33635385854586,0.3524682971014493,0.017632155573815256,0.25668131957213036,128566.75347222234,7293.923611111133,135860.67708333346,280,188,262.2916666666667,24,0,19,34.533347028211445,0.6410590277777778,46.45833333333334,1014.1666666666677,42.256944444444485,0
282,4,0,0,24,0.0,0.0,1.0,24,600,400,200,0.6666666666666666,8,4,4,470.91959857354493,0.35126056763285024,0.013519248672033246,0.25754605539237807,128651.28125,7316.881944444443,135968.16319444444,281,189,263.2916666666667,24,0,19,34.43130168117847,0.6419270833333333,46.375,1014.5,42.270833333333336,0
283,4,0,0,24,0.0,0.0,1.0,24,950,800,150,0.8421052631578947,11,8,3,473.13160474152477,0.3511096014492754,0.009751190671703158,0.25930678139254243,128735.83680555568,7381.798611111137,136117.6354166668,282,190,264.2916666666667,24,0,19,34.2879235780369,0.6427951388888888,46.29166666666668,1014.8333333333344,42.284722222222264,0
284,4,0,0,24,0.0,0.0,1.0,24,450,200,250,0.4444444444444444,7,2,5,473.13160474152477,0.3511096014492754,0.009751190671703158,0.25930678139254243,128735.83680555568,7381.798611111137,136117.6354166668,283,191,265.2916666666667,24,0,19,34.2879235780369,0.6427951388888888,46.29166666666668,1014.8333333333344,42.284722222222264,0
285,4,0,0,24,0.0,0.0,1.0,24,650,400,250,0.6153846153846154,9,4,5,475.95838964130746,0.3506567028985507,0.012142231707984452,0.2614123130121917,128820.420138889,7462.631944444463,136283.05208333346,284,192,266.2916666666667,24,0,19,34.12890603622831,0.6436631944444444,46.20833333333334,1015.1666666666677,42.29861111111115,0
286,4,0,0,24,0.0,0.0,1.0,24,800,600,200,0.75,10,6,4,481.0538091892516,0.3508076690821256,0.014180471270023753,0.2659097982435962,129074.33680555549,7618.3402777777665,136692.67708333326,285,193,267.2916666666667,24,0,19,33.737562189054735,0.6462673611111112,45.95833333333333,1016.1666666666661,42.34027777777775,0
287,4,0,0,24,0.0,0.0,1.0,24,550,200,350,0.36363636363636365,9,2,7,475.40019539676535,0.34990187198067635,0.021398247055601338,0.2594448599990421,128566.75347222232,7424.1319444444625,135990.88541666677,286,194,268.2916666666667,24,0,19,34.40495754587785,0.6410590277777778,46.45833333333334,1014.1666666666675,42.25694444444448,1
288,4,0,0,24,0.0,0.0,1.0,24,450,400,50,0.8888888888888888,5,4,1,477.047195909998,0.35054347826086957,0.025331361594917334,0.26062021851959155,128609.01388888902,7470.513888888912,136079.52777777793,287,195,269.2916666666667,24,0,19,34.319544857048975,0.6414930555555556,46.41666666666668,1014.3333333333345,42.263888888888935,0
289,4,0,0,24,0.0,0.0,1.0,24,900,700,200,0.7777777777777778,11,7,4,473.2133915019486,0.35031702898550726,0.02806066579062616,0.2590758208150958,128693.55555555566,7379.902777777797,136073.45833333346,288,196,270.2916666666667,24,0,19,34.32948696890058,0.6423611111111112,46.33333333333334,1014.6666666666675,42.277777777777814,0
290,4,0,0,24,0.0,0.0,1.0,24,250,100,150,0.4,4,1,3,472.79445870002786,0.34967542270531404,0.024463513439535678,0.2591220035125536,128735.8368055556,7373.118055555566,136108.95486111118,289,197,271.2916666666667,24,0,19,34.2964772540647,0.6427951388888888,46.29166666666667,1014.8333333333338,42.28472222222224,0
291,4,0,0,24,0.0,0.0,1.0,24,350,100,250,0.2857142857142857,6,1,5,474.14960106124954,0.34827898550724634,0.029068176843948024,0.2606966940130989,128862.72222222238,7420.0416666666915,136282.76388888908,290,198,272.2916666666667,24,0,19,34.13116929306194,0.6440972222222222,46.16666666666668,1015.3333333333346,42.30555555555561,0
292,4,0,0,24,0.0,0.0,1.0,24,600,400,200,0.6666666666666666,8,4,4,478.22573969382125,0.34827898550724634,0.012821579064094202,0.24201120766323692,125500.50000000001,7203.51388888889,132704.0138888889,291,199,273.2916666666667,24,0,18,37.520445220669764,0.609375,49.5,1002.0000000000001,41.75000000000001,5
293,4,0,0,24,0.0,0.0,1.0,24,800,600,200,0.75,10,6,4,481.26646958007007,0.34827898550724634,0.011778073384325571,0.2440418674582243,125584.01388888883,7287.874999999996,132871.88888888882,292,200,274.2916666666667,24,0,18,37.356931049772776,0.6102430555555556,49.416666666666664,1002.3333333333328,41.763888888888864,0
294,4,0,0,24,0.0,0.0,1.0,24,850,700,150,0.8235294117647058,10,7,3,479.3247010043478,0.3498263888888889,0.017485180876405604,0.24379515857507705,125709.3368055556,7251.118055555565,132960.45486111118,293,201,275.2916666666667,24,0,20,37.274596975236825,0.6115451388888888,49.29166666666667,1002.8333333333338,41.78472222222224,0
295,4,0,0,24,0.0,0.0,1.0,24,500,500,0,1.0,5,5,0,480.4906851844607,0.3506567028985507,0.01747937088109852,0.24488344065412967,125792.920138889,7288.4652777777965,133081.3854166668,294,202,276.2916666666667,24,0,20,37.15802735781138,0.6124131944444444,49.20833333333334,1003.1666666666677,41.79861111111115,0
296,4,0,0,24,0.0,0.0,1.0,24,800,700,100,0.875,9,7,2,480.7066147172768,0.35084541062801927,0.014880952380952106,0.24524184920322095,125834.72222222228,7297.916666666677,133132.63888888896,295,203,277.2916666666667,24,0,20,37.10894241417497,0.6128472222222222,49.16666666666667,1003.3333333333338,41.80555555555558,0
297,4,0,0,24,0.0,0.0,1.0,24,750,600,150,0.8,9,6,3,481.22449682340186,0.35103411835748793,0.019536652835407953,0.2467555398605102,126043.8368055555,7331.076388888879,133374.91319444438,296,204,278.2916666666667,24,0,20,36.877593360995846,0.6150173611111112,48.95833333333333,1004.1666666666662,41.84027777777776,0
298,4,0,0,24,0.0,0.0,1.0,24,650,600,50,0.9230769230769231,7,6,1,481.1243051531093,0.3504302536231884,0.018838836347547128,0.24720683607483285,126127.53125,7336.604166666668,133464.13541666666,297,205,279.2916666666667,24,0,20,36.79276588684253,0.6158854166666667,48.875,1004.5,41.854166666666664,0
299,4,0,0,24,0.0,0.0,1.0,24,700,600,100,0.8571428571428571,8,6,2,480.75244685193474,0.35103411835748793,0.02331702868512675,0.24802549246912062,126295.00347222232,7343.326388888907,133638.32986111124,298,206,280.2916666666667,24,0,18,36.627424970983256,0.6176215277777778,48.70833333333334,1005.1666666666675,41.88194444444448,0
300,4,0,0,24,0.0,0.0,1.0,24,650,300,350,0.46153846153846156,10,3,7,478.4356989763784,0.3507699275362319,0.02831178875262408,0.24758842260921685,126420.68055555565,7296.833333333352,133717.513888889,299,207,281.2916666666667,24,0,18,36.55466246823556,0.6189236111111112,48.58333333333334,1005.6666666666674,41.90277777777781,0
301,4,0,0,24,0.0,0.0,1.0,24,400,200,200,0.5,6,2,4,480.4819196155077,0.3509208937198068,0.026576651203887858,0.24915711914082514,126504.49999999999,7356.624999999999,133861.12499999997,300,208,282.2916666666667,24,0,18,36.41587972166999,0.6197916666666667,48.5,1005.9999999999999,41.916666666666664,0
302,4,0,0,24,0.0,0.0,1.0,24,450,200,250,0.4444444444444444,7,2,5,480.45363458934924,0.35148701690821255,0.023638948705206664,0.24939798727565804,126546.42013888899,7359.93750000002,133906.35763888902,301,209,283.2916666666667,24,0,18,36.37292253326707,0.6202256944444444,48.45833333333334,1006.1666666666675,41.92361111111115,0
303,4,0,0,24,0.0,0.0,1.0,24,350,200,150,0.5714285714285714,5,2,3,478.0110201911025,0.3519776570048309,0.01966710831401075,0.24838472804766595,126588.34722222229,7302.125000000007,133890.4722222223,302,210,284.2916666666667,24,0,18,36.390706083692166,0.6206597222222222,48.41666666666667,1006.3333333333339,41.93055555555558,0
304,4,0,0,24,0.0,0.0,1.0,24,900,700,200,0.7777777777777778,11,7,4,479.5585810364008,0.3515247584541063,0.026877274230896253,0.25124880250832593,126924.01388888899,7373.500000000019,134297.51388888902,303,211,285.2916666666667,24,0,19,36.00245341272467,0.6241319444444444,48.08333333333334,1007.6666666666675,41.98611111111115,0
305,4,0,0,24,0.0,0.0,1.0,24,850,600,250,0.7058823529411765,11,6,5,480.0719155764824,0.352241847826087,0.029112231960751966,0.25177752588820357,126966.00347222218,7390.562499999996,134356.56597222216,304,212,286.2916666666667,24,0,19,35.94585469378756,0.6245659722222222,48.041666666666664,1007.8333333333329,41.993055555555536,0
306,4,0,0,24,0.0,0.0,1.0,24,550,400,150,0.7272727272727273,7,4,3,474.81030859792793,0.3520153985507246,0.02599432600672058,0.2500502330135824,127134.03125,7272.909722222223,134406.94097222222,305,213,287.2916666666667,24,0,20,35.90384509447475,0.6263020833333333,47.875,1008.5,42.020833333333336,0
307,4,0,0,24,0.0,0.0,1.0,24,400,200,200,0.5,6,2,4,472.00293711622396,0.3515247584541063,0.029594758286532352,0.24934605421480094,127260.12499999999,7213.430555555555,134473.55555555553,306,214,288.2916666666667,24,0,21,35.84372591124326,0.6276041666666667,47.75,1008.9999999999999,42.041666666666664,0
308,4,1,0,25,0.04,0.0,1.0,25,800,400,400,0.5,12,4,8,456.0275868304532,0.36215277777777777,0.03362282091917601,0.2442728415025603,127820.21747616712,6657.909064760047,134478.12654092716,307,0,277.72,25,0,18,35.666930797675654,0.6291666666666667,47.19551282051283,1011.2179487179496,40.448717948717984,0
309,4,0,0,25,0.0,0.0,1.0,25,600,400,200,0.6666666666666666,8,4,4,452.97869469463717,0.36104166666666665,0.03295310519645156,0.24312938102997866,127901.25739644973,6587.30892504932,134488.56632149903,308,1,278.72,25,0,19,35.6602503168568,0.63,47.11538461538462,1011.5384615384617,40.46153846153847,0
310,4,0,0,25,0.0,0.0,1.0,25,300,200,100,0.6666666666666666,4,2,2,434.9194348686563,0.36027777777777775,0.038207442596990715,0.23414460624003125,128022.8654308433,6135.926456689692,134158.791887533,309,2,279.72,25,0,22,35.99152150963314,0.63125,46.995192307692314,1012.0192307692316,40.48076923076926,5
311,4,0,0,25,0.0,0.0,1.0,25,900,700,200,0.7777777777777778,11,7,4,431.2455063279741,0.36166666666666664,0.04015825288811503,0.2331086701870377,128185.09936411088,6055.849615795544,134240.94897990642,310,3,280.72,25,0,22,35.91730627208947,0.6329166666666667,46.834935897435905,1012.6602564102573,40.50641025641029,0
312,4,0,0,25,0.0,0.0,1.0,25,800,500,300,0.625,11,5,6,433.3913710662941,0.3622916666666667,0.04705584559405174,0.2347443750222833,128266.25485392015,6117.897610535834,134384.15246445598,311,4,281.72,25,0,22,35.77937958128989,0.63375,46.75480769230769,1012.9807692307694,40.519230769230774,0
313,4,0,0,25,0.0,0.0,1.0,25,600,300,300,0.5,9,3,6,432.92075667932113,0.36201388888888886,0.046061372983233095,0.23472770357861664,128306.84222961878,6109.339045036178,134416.18127465495,312,5,282.72,25,0,22,35.74949910365918,0.6341666666666667,46.7147435897436,1013.1410256410264,40.52564102564106,0
314,4,0,0,25,0.0,0.0,1.0,25,750,500,250,0.6666666666666666,10,5,5,433.113244265699,0.3615277777777777,0.050001581527756134,0.23507081918386377,128347.4360258464,6117.794882067708,134465.2309079141,313,6,283.72,25,0,22,35.702824344983924,0.6345833333333333,46.67467948717948,1013.3012820512813,40.53205128205125,0
315,4,0,0,25,0.0,0.0,1.0,25,450,400,50,0.8888888888888888,5,4,1,442.581900714224,0.3605555555555556,0.04638304602245791,0.24020990199279288,128347.4360258464,6360.850437623263,134708.28646346967,314,7,284.72,25,0,22,35.462959302019094,0.6345833333333333,46.67467948717948,1013.3012820512813,40.53205128205125,2
316,4,0,0,25,0.0,0.0,1.0,25,450,200,250,0.4444444444444444,7,2,5,443.9338218063086,0.36118055555555556,0.04472411067193649,0.2414343441895874,128428.64287988991,6402.7636526134165,134831.40653250334,315,8,285.72,25,0,21,35.345026350461126,0.6354166666666667,46.594551282051285,1013.6217948717951,40.5448717948718,0
317,4,0,0,25,0.0,0.0,1.0,25,700,500,200,0.7142857142857143,9,5,4,444.0820988890175,0.36166666666666664,0.042744230161239294,0.2417610462626441,128469.25593770541,6410.1793639053185,134879.43530161073,316,9,286.72,25,0,21,35.299425650753506,0.6358333333333333,46.554487179487175,1013.7820512820509,40.55128205128204,0
318,4,0,0,25,0.0,0.0,1.0,25,750,400,350,0.5333333333333333,11,4,7,446.8080267441971,0.36069444444444443,0.04666772001896047,0.24399033660604166,128591.1336343277,6491.110135190657,135082.24376951836,317,10,287.72,25,0,21,35.10477563596145,0.6370833333333333,46.43429487179487,1014.2628205128202,40.57051282051281,0
319,4,0,0,25,0.0,0.0,1.0,25,650,300,350,0.46153846153846156,10,3,7,444.3492908105666,0.3599305555555556,0.05288692356285507,0.24339270842668748,128713.06911571334,6438.712195923731,135151.78131163708,318,11,288.72,25,0,22,35.04158770267424,0.6383333333333333,46.31410256410256,1014.7435897435897,40.58974358974359,0
320,4,0,0,25,0.0,0.0,1.0,25,1000,800,200,0.8,12,8,4,443.13478854198576,0.36041666666666666,0.06138888888888916,0.24372413369809198,128875.73964497031,6421.864727153174,135297.6043721235,319,12,289.72,25,0,22,34.905039983165,0.64,46.153846153846146,1015.3846153846144,40.61538461538458,0
321,4,0,0,25,0.0,0.0,1.0,25,600,500,100,0.8333333333333334,7,5,2,443.8079904687459,0.3600694444444445,0.058096891273473394,0.2443450248132442,128916.42332860774,6442.8277551775,135359.25108378523,320,13,290.72,25,0,22,34.846108831729005,0.6404166666666666,46.113782051282044,1015.544871794871,40.62179487179484,0
322,4,0,0,25,0.0,0.0,1.0,25,800,600,200,0.75,10,6,4,445.744310322523,0.3600694444444445,0.05872555205047325,0.2461688961188846,129038.51290269551,6503.636587771192,135542.1494904667,321,14,291.72,25,0,22,34.6713985278654,0.6416666666666666,45.99358974358974,1016.0256410256403,40.641025641025614,0
323,4,0,0,25,0.0,0.0,1.0,25,300,100,200,0.3333333333333333,5,1,4,445.744310322523,0.3600694444444445,0.05872555205047325,0.2461688961188846,129038.51290269551,6503.636587771192,135542.1494904667,322,15,292.72,25,0,22,34.6713985278654,0.6416666666666666,45.99358974358974,1016.0256410256403,40.641025641025614,0
324,4,0,0,25,0.0,0.0,1.0,25,900,600,300,0.6666666666666666,12,6,6,447.46036011824776,0.36083333333333334,0.06262295081967206,0.2481371087928464,129201.38888888885,6562.49999999999,135763.88888888885,323,16,293.72,25,0,22,34.46038251366121,0.6433333333333333,45.83333333333333,1016.6666666666663,40.66666666666665,0
325,4,0,0,25,0.0,0.0,1.0,25,800,700,100,0.875,9,7,2,446.75770221675583,0.3617361111111111,0.059971640144950156,0.24851631340663877,129323.61329409103,6555.264063527278,135878.8773576183,324,17,294.72,25,0,22,34.35267974371093,0.6445833333333333,45.71314102564102,1017.1474358974357,40.68589743589743,0
326,4,0,0,25,0.0,0.0,1.0,25,450,300,150,0.6666666666666666,6,3,3,448.79432671969795,0.3614583333333334,0.06224602299574755,0.25016638984577344,129405.12833353867,6615.257488905307,136020.385822444,325,18,295.72,25,0,22,34.21716674541922,0.6454166666666667,45.63301282051281,1017.4679487179477,40.698717948717906,0
327,4,0,0,25,0.0,0.0,1.0,25,950,800,150,0.8421052631578947,11,8,3,450.45891202000837,0.36083333333333334,0.0579414542020773,0.25239999356041753,129609.02829142021,6676.708374424734,136285.73666584495,326,19,296.72,25,0,21,33.96548106179834,0.6475,45.432692307692314,1018.2692307692315,40.73076923076926,0
328,4,0,0,25,0.0,0.0,1.0,25,600,400,200,0.6666666666666666,8,4,4,448.2853126889914,0.36097222222222225,0.05465072372561397,0.25170507486318267,129690.6332182774,6627.68121301775,136318.31443129515,327,20,297.72,25,0,21,33.93709355989093,0.6483333333333333,45.3525641025641,1018.5897435897432,40.74358974358973,0
329,4,0,0,25,0.0,0.0,1.0,25,800,600,200,0.75,10,6,4,448.44037303470543,0.3602083333333333,0.057895895581066004,0.25258036599890976,129813.08876253283,6642.685989891505,136455.77475242433,328,21,298.72,25,0,22,33.8075627719243,0.6495833333333334,45.23237179487179,1019.0705128205125,40.7628205128205,0
330,4,0,0,25,0.0,0.0,1.0,25,900,600,300,0.6666666666666666,12,6,6,448.1426065499307,0.3599305555555556,0.06310957396635719,0.2529401171485457,129894.7578946828,6642.27507601907,136537.03297070187,329,22,299.72,25,0,22,33.73142980663418,0.6504166666666666,45.15224358974359,1019.3910256410259,40.775641025641036,0
331,4,0,0,25,0.0,0.0,1.0,25,400,100,300,0.25,7,1,6,450.4632003803421,0.35958333333333337,0.06341662737702336,0.25478198613512154,129976.45270894973,6709.921772271537,136686.37448122125,330,23,300.72,25,0,22,33.58855230761172,0.65125,45.07211538461539,1019.7115384615387,40.78846153846155,0
332,4,0,0,25,0.0,0.0,1.0,25,900,700,200,0.7777777777777778,11,7,4,453.1045743242256,0.3590277777777778,0.0663482086737901,0.2565442625444282,130017.30974687709,6782.287557527947,136799.59730440503,331,24,301.72,25,0,22,33.47933689503457,0.6516666666666666,45.032051282051285,1019.871794871795,40.7948717948718,0
333,4,0,0,25,0.0,0.0,1.0,25,1100,900,200,0.8181818181818182,13,9,4,448.97959183673447,0.35874999999999996,0.06204081632653047,0.25581395348837227,130262.58680555571,6697.048611111135,136959.63541666683,332,25,302.72,25,0,22,33.333333333333336,0.6541666666666667,44.79166666666668,1020.8333333333346,40.833333333333385,0
334,4,0,0,25,0.0,0.0,1.0,25,1100,1000,100,0.9090909090909091,12,10,2,444.1910367224774,0.3599305555555556,0.05479692645444589,0.25496005771190283,130549.03550809517,6597.742285092073,137146.77779318724,333,26,303.72,25,0,22,33.16263525168575,0.6570833333333334,44.51121794871796,1021.9551282051295,40.87820512820518,0
335,4,0,0,25,0.0,0.0,1.0,25,600,300,300,0.5,9,3,6,442.5949540047745,0.35958333333333337,0.06095596301520123,0.25512180682063845,130712.86173261845,6570.570605276153,137283.4323378946,334,27,304.72,25,0,22,33.0360640965366,0.65875,44.35096153846155,1022.5961538461547,40.90384615384619,0
336,4,0,0,25,0.0,0.0,1.0,25,700,500,200,0.7142857142857143,9,5,4,443.6571008578361,0.35888888888888887,0.057687245377624485,0.25600539038650194,130753.83434007243,6601.9734138724725,137355.8077539449,335,28,305.72,25,0,22,32.96706883944427,0.6591666666666667,44.310897435897445,1022.7564102564112,40.910256410256444,0
337,4,0,0,25,0.0,0.0,1.0,25,1000,900,100,0.9,11,9,2,441.0578931771817,0.3590277777777778,0.04361815336463226,0.25668123291458944,131081.84633875743,6562.936595989489,137644.7829347469,336,29,306.72,25,0,23,32.698878455920706,0.6625,43.99038461538462,1024.038461538462,40.961538461538474,1
338,4,0,0,25,0.0,0.0,1.0,25,500,400,100,0.8,6,4,2,442.32935823708243,0.359375,0.04296041308089471,0.2576961648580851,131122.87673097476,6599.899582922431,137722.7763138972,337,30,307.72,25,0,23,32.62449147238305,0.6629166666666666,43.95032051282052,1024.1987179487185,40.96794871794874,0
339,4,0,0,25,0.0,0.0,1.0,25,700,600,100,0.8571428571428571,8,6,2,442.84539178906493,0.3597222222222222,0.04099483810417626,0.25854891230205407,131204.95677699702,6620.702097715317,137825.65887471233,338,31,308.72,25,0,23,32.527601804056516,0.6637500000000001,43.87019230769231,1024.5192307692307,40.980769230769226,0
340,4,0,0,25,0.0,0.0,1.0,25,350,200,150,0.5714285714285714,5,2,3,442.84539178906493,0.3597222222222222,0.04099483810417626,0.25854891230205407,131204.95677699702,6620.702097715317,137825.65887471233,339,32,309.72,25,0,23,32.527601804056516,0.6637500000000001,43.87019230769231,1024.5192307692307,40.980769230769226,0
341,4,0,0,25,0.0,0.0,1.0,25,900,800,100,0.8888888888888888,10,8,2,443.0561369177836,0.3600694444444445,0.044545880881663225,0.25978277798928134,131369.19391539274,6640.7855132314135,138009.97942862415,340,33,310.72,25,0,23,32.35484732426658,0.6654166666666667,43.70993589743589,1025.1602564102557,41.00641025641023,0
342,4,0,0,25,0.0,0.0,1.0,25,1100,900,200,0.8181818181818182,13,9,4,443.0551379682341,0.3588194444444444,0.048092485549133146,0.2609011902607788,131533.53378225665,6655.321591469417,138188.85537372608,341,34,311.72,25,0,23,32.187516273498936,0.6670833333333333,43.54967948717948,1025.8012820512815,41.03205128205126,0
343,4,0,0,25,0.0,0.0,1.0,25,850,400,450,0.47058823529411764,13,4,9,443.83187656501286,0.3592361111111111,0.04773770491803253,0.26248782727598374,131697.97637758855,6690.351999095953,138388.3283766845,342,35,312.72,25,0,22,32.000227686703084,0.66875,43.38942307692306,1026.442307692306,41.05769230769224,0
344,4,0,0,25,0.0,0.0,1.0,25,650,400,250,0.6153846153846154,9,4,5,443.5809817306579,0.35958333333333337,0.04545738370277852,0.2626228991651194,131739.10307774477,6687.39213510846,138426.49521285325,343,36,313.72,25,0,22,31.964824643563325,0.6691666666666667,43.349358974358964,1026.602564102563,41.06410256410252,0
345,4,0,0,25,0.0,0.0,1.0,25,700,400,300,0.5714285714285714,10,4,6,445.67418068238663,0.35909722222222223,0.041548064918851324,0.26443334720488265,131821.37573964486,6749.876725838246,138571.25246548312,344,37,314.72,25,0,22,31.827403245942563,0.6699999999999999,43.26923076923076,1026.923076923076,41.07692307692304,0
346,4,0,0,25,0.0,0.0,1.0,25,600,500,100,0.8333333333333334,7,5,2,444.43407971320164,0.3592361111111111,0.04736858524411147,0.2645558853334572,131944.8328864644,6728.156075361587,138672.988961826,345,38,315.72,25,0,23,31.733706390058757,0.67125,43.14903846153845,1027.4038461538453,41.09615384615381,0
347,4,0,0,25,0.0,0.0,1.0,25,350,300,50,0.8571428571428571,4,3,1,444.43407971320164,0.3592361111111111,0.04736858524411147,0.2645558853334572,131944.8328864644,6728.156075361587,138672.988961826,346,39,316.72,25,0,23,31.733706390058757,0.67125,43.14903846153845,1027.4038461538453,41.09615384615381,0
348,4,0,0,25,0.0,0.0,1.0,25,550,400,150,0.7272727272727273,7,4,3,444.7482599387271,0.35916666666666663,0.045732106658350036,0.26531819451042393,132027.1697536571,6743.770802514792,138770.9405561719,347,40,317.72,25,0,23,31.641944747647997,0.6720833333333334,43.068910256410255,1027.724358974359,41.10897435897436,0
349,4,0,0,25,0.0,0.0,1.0,25,1100,800,300,0.7272727272727273,14,8,6,443.9044944727498,0.3581944444444444,0.04862085086489021,0.265969667696698,132191.92053439346,6736.117531640368,138928.03806603383,348,41,318.72,25,0,23,31.496253441379668,0.6737500000000001,42.90865384615385,1028.3653846153845,41.13461538461538,0
350,4,0,0,25,0.0,0.0,1.0,25,900,900,0,1.0,9,9,0,442.0921288817733,0.3579861111111111,0.04795762579841112,0.2654620556868195,132274.33444793714,6695.488422501633,138969.82287043877,349,42,319.72,25,0,23,31.459177182323305,0.6745833333333333,42.828525641025635,1028.6858974358968,41.14743589743587,0
351,4,0,0,25,0.0,0.0,1.0,25,750,600,150,0.8,9,6,3,443.37720664164294,0.35756944444444444,0.04761133603238865,0.26710773180606306,132398.00347222228,6740.451388888896,139138.45486111118,350,43,320.72,25,0,23,31.300607287449388,0.6758333333333333,42.708333333333336,1029.166666666667,41.16666666666668,0
352,4,0,0,25,0.0,0.0,1.0,25,700,500,200,0.7142857142857143,9,5,4,441.1093052361241,0.35770833333333335,0.0443586550435866,0.26632388880045704,132480.48159105866,6687.674638395814,139168.15622945447,351,44,321.72,25,0,23,31.275295765877956,0.6766666666666667,42.62820512820514,1029.4871794871806,41.179487179487225,0
353,4,0,0,25,0.0,0.0,1.0,25,800,700,100,0.875,9,7,2,438.13700740523745,0.3573611111111111,0.04466853408029858,0.2651100197350336,132562.9853920119,6616.149942472067,139179.13533448396,352,45,322.72,25,0,23,31.26815541031227,0.6775,42.54807692307693,1029.8076923076928,41.192307692307715,0
354,4,0,0,25,0.0,0.0,1.0,25,950,900,50,0.9473684210526315,10,9,1,438.13700740523745,0.3573611111111111,0.04466853408029858,0.2651100197350336,132562.9853920119,6616.149942472067,139179.13533448396,353,46,323.72,25,0,23,31.26815541031227,0.6775,42.54807692307693,1029.8076923076928,41.192307692307715,0
355,4,0,0,25,0.0,0.0,1.0,25,650,600,50,0.9230769230769231,7,6,1,438.7153434588641,0.356875,0.04109520846297454,0.26604360639184704,132645.51487508224,6638.724523339918,139284.23939842216,354,47,324.72,25,0,21,31.16962248496162,0.6783333333333333,42.46794871794872,1030.1282051282055,41.20512820512822,0
356,4,0,0,25,0.0,0.0,1.0,25,450,300,150,0.6666666666666666,6,3,3,437.83973794083863,0.35708333333333336,0.041735884274381574,0.2658046907669172,132686.7892474113,6619.109806459576,139305.89905387087,355,48,325.72,25,0,22,31.15035386529786,0.67875,42.42788461538462,1030.2884615384621,41.21153846153848,0
357,4,0,0,25,0.0,0.0,1.0,25,500,400,100,0.8,6,4,2,437.83973794083863,0.35708333333333336,0.041735884274381574,0.2658046907669172,132686.7892474113,6619.109806459576,139305.89905387087,356,49,326.72,25,0,22,31.15035386529786,0.67875,42.42788461538462,1030.2884615384621,41.21153846153848,0
358,4,0,0,25,0.0,0.0,1.0,25,800,600,200,0.75,10,6,4,439.4392652586638,0.3572222222222223,0.03976993626612746,0.26795381928047257,132851.95094202014,6676.072742028285,139528.0236840484,357,50,327.72,25,0,22,30.94185579563709,0.6804166666666667,42.26762820512821,1030.929487179488,41.23717948717952,0
359,4,0,0,25,0.0,0.0,1.0,25,300,100,200,0.3333333333333333,5,1,4,439.50617283950606,0.35680555555555554,0.03717171717171741,0.26858710562414295,132934.57031250017,6685.112847222253,139619.68315972242,358,51,328.72,25,0,22,30.856481481481477,0.68125,42.187500000000014,1031.2500000000014,41.25000000000006,0
360,4,0,0,25,0.0,0.0,1.0,25,750,400,350,0.5333333333333333,11,4,7,438.8681936747677,0.35659722222222223,0.04136088239863245,0.26879110967502196,133017.2153650971,6675.405006985553,139692.62037208266,359,52,329.72,25,0,22,30.78928460462948,0.6820833333333334,42.1073717948718,1031.5705128205138,41.262820512820554,0
361,4,0,0,25,0.0,0.0,1.0,25,800,600,200,0.75,10,6,4,437.8148991165464,0.35604166666666665,0.04295652173913056,0.26903892655635137,133141.23109796207,6658.242932281429,139799.4740302435,360,53,330.72,25,0,23,30.690993788819885,0.6833333333333333,41.9871794871795,1032.0512820512836,41.28205128205134,0
362,4,0,0,25,0.0,0.0,1.0,25,750,500,250,0.6666666666666666,10,5,5,437.94904968892416,0.3558333333333333,0.03938537948160792,0.270019686808205,133265.3046155903,6672.682702580574,139937.9873181709,361,54,331.72,25,0,23,30.562076413678927,0.6845833333333333,41.8669871794872,1032.532051282053,41.30128205128212,0
363,4,0,0,25,0.0,0.0,1.0,25,800,600,200,0.75,10,6,4,437.6404120669685,0.35590277777777773,0.03872168786844532,0.27073225491206154,133389.43591798175,6675.32154010522,140064.75745808697,362,55,332.72,25,0,23,30.44459096080256,0.6858333333333333,41.74679487179488,1033.0128205128217,41.32051282051287,0
364,4,0,0,25,0.0,0.0,1.0,25,700,400,300,0.5714285714285714,10,4,6,450.14279386687355,0.3556944444444445,0.027227676484338437,0.26970740506477386,132191.9205343935,6901.048087195926,139092.96862158942,363,56,333.72,25,0,22,31.335872162485064,0.6737500000000001,42.90865384615385,1028.3653846153848,41.13461538461539,5
365,4,0,0,25,0.0,0.0,1.0,25,550,300,250,0.5454545454545454,8,3,5,450.14279386687355,0.3556944444444445,0.027227676484338437,0.26970740506477386,132191.9205343935,6901.048087195926,139092.96862158942,364,57,334.72,25,0,22,31.335872162485064,0.6737500000000001,42.90865384615385,1028.3653846153848,41.13461538461539,0
366,4,0,0,25,0.0,0.0,1.0,25,750,700,50,0.9333333333333333,8,7,1,451.9359382554339,0.35604166666666665,0.03143168717868838,0.2713729455249421,132274.33444793732,6955.905089168327,139230.23953710563,365,58,335.72,25,0,22,31.20602248533001,0.6745833333333333,42.82852564102565,1028.6858974358981,41.147435897435926,0
367,4,0,0,25,0.0,0.0,1.0,25,700,600,100,0.8571428571428571,8,6,2,452.4839626944614,0.3559722222222222,0.027862928348909577,0.2719987865635246,132315.55103550298,6974.13297172913,139289.6840072321,366,59,336.72,25,0,22,31.150051921079953,0.675,42.78846153846154,1028.846153846154,41.15384615384616,0
368,4,0,0,25,0.0,0.0,1.0,25,650,500,150,0.7692307692307693,8,5,3,452.57587905875994,0.3554861111111111,0.03464508094645069,0.2732469405144244,132480.48159105866,6991.494082840259,139471.9756738989,367,60,337.72,25,0,22,30.98017849730179,0.6766666666666667,42.62820512820514,1029.4871794871806,41.179487179487225,0
369,4,0,0,25,0.0,0.0,1.0,25,900,700,200,0.7777777777777778,11,7,4,450.379650053143,0.3547222222222222,0.025890773300140113,0.2728171546551888,132604.24692328254,6944.4508649737245,139548.69778825625,368,61,338.72,25,0,22,30.91109771277423,0.6779166666666667,42.50801282051283,1029.9679487179499,41.19871794871799,0
370,4,0,0,25,0.0,0.0,1.0,25,600,400,200,0.6666666666666666,8,4,4,448.6342689924264,0.3549305555555555,0.028147456836210782,0.27235785791806527,132686.7892474113,6905.568139792909,139592.35738720422,369,62,339.72,25,0,20,30.872316845543626,0.67875,42.42788461538462,1030.2884615384621,41.21153846153848,0
371,4,0,0,25,0.0,0.0,1.0,25,500,300,200,0.6,7,3,4,439.1816178884371,0.3554861111111111,0.046055276381909316,0.24970611988514013,130180.80210387916,6434.603057199234,136615.4051610784,370,63,340.72,25,0,22,33.66703308207705,0.6533333333333333,44.87179487179488,1020.5128205128217,40.82051282051287,3
372,4,0,0,25,0.0,0.0,1.0,25,1150,1100,50,0.9565217391304348,12,11,1,442.06271237669193,0.3564583333333333,0.03949780288763338,0.25240354867959514,130344.39718934918,6524.079552925719,136868.4767422749,371,64,341.72,25,0,21,33.42618748692196,0.655,44.71153846153847,1021.1538461538466,40.84615384615387,3
373,4,0,0,25,0.0,0.0,1.0,25,900,800,100,0.8888888888888888,10,8,2,443.0608665809206,0.3565277777777778,0.035884567126725164,0.2540428134280532,130508.09500328741,6564.605933596334,137072.70093688375,372,65,342.72,25,0,19,33.23334901714763,0.6566666666666667,44.55128205128206,1021.7948717948725,40.8717948717949,0
374,4,0,0,25,0.0,0.0,1.0,25,650,600,50,0.9230769230769231,7,6,1,441.75780475405264,0.35604166666666665,0.03065057218999856,0.25410036397890917,130630.93577929823,6541.447084566092,137172.38286386433,373,66,343.72,25,0,20,33.141133667764024,0.6579166666666667,44.43108974358975,1022.2756410256417,40.891025641025664,0
375,4,0,0,25,0.0,0.0,1.0,25,200,200,0,1.0,2,2,0,441.75780475405264,0.35604166666666665,0.03065057218999856,0.25410036397890917,130630.93577929823,6541.447084566092,137172.38286386433,374,67,344.72,25,0,20,33.141133667764024,0.6579166666666667,44.43108974358975,1022.2756410256417,40.891025641025664,0
376,4,0,0,25,0.0,0.0,1.0,25,650,600,50,0.9230769230769231,7,6,1,441.51885299869303,0.35541666666666666,0.03227586206896582,0.25423197492163024,130671.89554569371,6538.821088099952,137210.71663379367,375,68,345.72,25,0,20,33.105407523510976,0.6583333333333333,44.39102564102565,1022.4358974358981,40.897435897435926,0
377,4,0,0,25,0.0,0.0,1.0,25,400,300,100,0.75,5,3,2,441.3335021199646,0.35541666666666666,0.027376997806330294,0.25466459408043546,130753.83434007243,6541.209524983584,137295.043865056,376,69,346.72,25,0,20,33.02648072704481,0.6591666666666667,44.310897435897445,1022.7564102564112,40.910256410256444,0
378,4,0,0,25,0.0,0.0,1.0,25,700,600,100,0.8571428571428571,8,6,2,440.72324239570924,0.3549305555555555,0.025743380855396847,0.2545824847250511,130794.81336805578,6528.862847222257,137323.67621527804,377,70,347.72,25,0,20,33.00025458248472,0.6595833333333334,44.27083333333335,1022.9166666666684,40.916666666666735,0
379,4,0,0,25,0.0,0.0,1.0,25,300,100,200,0.3333333333333333,5,1,4,440.72324239570924,0.3549305555555555,0.025743380855396847,0.2545824847250511,130794.81336805578,6528.862847222257,137323.67621527804,378,71,348.72,25,0,20,33.00025458248472,0.6595833333333334,44.27083333333335,1022.9166666666684,40.916666666666735,0
380,4,0,0,25,0.0,0.0,1.0,25,750,700,50,0.9333333333333333,8,7,1,438.81628098644177,0.3545833333333333,0.03028651949271932,0.25456127035970977,130958.79368528111,6493.37016148916,137452.16384677027,379,72,349.72,25,0,21,32.881732425238766,0.66125,44.11057692307693,1023.5576923076927,40.94230769230771,0
381,4,0,0,25,0.0,0.0,1.0,25,700,500,200,0.7142857142857143,9,5,4,439.4023329684242,0.3545833333333333,0.02929577464788702,0.2557177511537552,131081.84633875746,6519.533818211714,137601.3801569692,380,73,350.72,25,0,21,32.7412623891497,0.6625,43.99038461538462,1024.0384615384621,40.96153846153848,0
382,4,0,0,25,0.0,0.0,1.0,25,800,600,200,0.75,10,6,4,437.8833714305414,0.3540277777777778,0.026679180353511356,0.2556519080872558,131204.95677699702,6490.493764381985,137695.450541379,381,74,351.72,25,0,21,32.65469393607591,0.6637500000000001,43.87019230769231,1024.5192307692307,40.980769230769226,0
383,4,0,0,25,0.0,0.0,1.0,25,250,100,150,0.4,4,1,3,438.4535509860323,0.35437500000000005,0.028301532686893616,0.25625886700225714,131246.0064308022,6509.05551446418,137755.06194526638,382,75,352.72,25,0,21,32.59826921071837,0.6641666666666667,43.83012820512821,1024.679487179488,40.98717948717952,0
384,4,0,0,25,0.0,0.0,1.0,25,550,400,150,0.7272727272727273,7,4,3,439.4500615561002,0.3532638888888889,0.032830129707766886,0.25822230889784076,131451.35100776638,6553.260858399098,138004.61186616548,383,76,353.72,25,0,21,32.36361801323123,0.66625,43.6298076923077,1025.48076923077,41.0192307692308,0
385,4,0,0,25,0.0,0.0,1.0,25,600,400,200,0.6666666666666666,8,4,4,437.44556297237267,0.35284722222222226,0.032169973441649846,0.2575978885543847,131533.5337822569,6507.752147025016,138041.28592928193,384,77,354.72,25,0,21,32.33137400406187,0.6670833333333333,43.5496794871795,1025.8012820512836,41.03205128205134,0
386,4,0,0,25,0.0,0.0,1.0,25,650,400,250,0.6153846153846154,9,4,5,435.59977791226396,0.35284722222222226,0.034439237738206785,0.2567872723935834,131574.634800296,6462.776339579244,138037.41113987524,385,78,355.72,25,0,19,32.3368999271061,0.6675,43.509615384615394,1025.9615384615395,41.038461538461576,0
387,4,0,0,25,0.0,0.0,1.0,25,600,500,100,0.8333333333333334,7,5,2,434.60411307764167,0.35298611111111106,0.025979703356752593,0.25703041036586305,131697.97637758887,6447.296443540456,138145.27282112933,386,79,356.72,25,0,19,32.23702185792349,0.66875,43.38942307692309,1026.4423076923088,41.05769230769235,0
388,4,0,0,25,0.0,0.0,1.0,25,600,400,200,0.6666666666666666,8,4,4,433.0382586025879,0.3523611111111111,0.028248517015297958,0.2563810614240464,131739.10307774504,6409.6143573307245,138148.71743507576,387,80,357.72,25,0,19,32.23540430846082,0.6691666666666667,43.349358974358985,1026.6025641025653,41.06410256410261,0
389,4,0,0,25,0.0,0.0,1.0,25,600,400,200,0.6666666666666666,8,4,4,431.7895629265916,0.35229166666666667,0.030841267363820757,0.25591819885945183,131780.23619843047,6380.26611809667,138160.50231652716,388,81,358.72,25,0,19,32.22565813433225,0.6695833333333333,43.30929487179488,1026.7628205128217,41.07051282051287,0
390,4,0,0,25,0.0,0.0,1.0,25,1000,800,200,0.8,12,8,4,430.24246139667287,0.3517361111111111,0.03342799188640955,0.2555536547813974,131862.52170138896,6346.571180555566,138209.09288194453,389,82,359.72,25,0,20,32.18179513184584,0.6704166666666667,43.22916666666667,1027.083333333334,41.08333333333336,0
391,4,0,0,25,0.0,0.0,1.0,25,650,600,50,0.9230769230769231,7,6,1,429.63540367425554,0.35229166666666667,0.03762944479101704,0.25602436880662893,131985.99810979623,6341.171515450373,138327.1696252466,390,83,360.72,25,0,21,32.0720264088168,0.6716666666666666,43.108974358974365,1027.564102564103,41.102564102564116,0
392,4,0,0,25,0.0,0.0,1.0,25,800,400,400,0.5,12,4,8,430.50494088967105,0.3509027777777778,0.040847880299252015,0.2576604198459077,132150.72320841558,6378.3078566732565,138529.03106508884,391,84,361.72,25,0,21,31.882533250207825,0.6733333333333333,42.948717948717956,1028.2051282051289,41.12820512820515,0
393,4,0,0,25,0.0,0.0,1.0,25,750,500,250,0.6666666666666666,10,5,5,428.96704971689235,0.3503472222222222,0.04115282754323091,0.25758086923599,132274.33444793732,6348.266200279439,138622.60064821676,392,85,362.72,25,0,22,31.79671677831438,0.6745833333333333,42.82852564102565,1028.6858974358981,41.147435897435926,0
394,4,0,0,25,0.0,0.0,1.0,25,850,600,250,0.7058823529411765,11,6,5,427.51121137337424,0.35041666666666665,0.040143190661478645,0.2583969457266162,132521.73028127057,6330.905089168319,138852.6353704389,393,86,363.72,25,0,23,31.583495460440982,0.6770833333333333,42.58814102564103,1029.6474358974363,41.18589743589745,0
395,4,0,0,25,0.0,0.0,1.0,25,700,400,300,0.5714285714285714,10,4,6,428.89907990438525,0.35013888888888894,0.04012445550715604,0.2600908760023954,132645.51487508236,6378.307856673266,139023.82273175562,394,87,364.72,25,0,19,31.422422733872644,0.6783333333333333,42.46794871794873,1030.1282051282064,41.20512820512826,0
396,4,0,0,25,0.0,0.0,1.0,25,850,500,350,0.5882352941176471,12,5,7,428.1224528297324,0.3502083333333333,0.04043545878693622,0.2601916230335709,132728.07004026964,6364.773380999356,139092.843421269,395,88,365.72,25,0,19,31.35886469673407,0.6791666666666667,42.38782051282052,1030.4487179487185,41.21794871794874,0
397,4,0,0,25,0.0,0.0,1.0,25,500,300,200,0.6,7,3,4,427.6212995965446,0.3491666666666667,0.0388059701492538,0.26046024611789526,132810.65088757395,6358.53262656147,139169.18351413542,396,89,366.72,25,0,19,31.288220356550582,0.6799999999999999,42.30769230769231,1030.7692307692307,41.230769230769226,0
398,4,0,0,25,0.0,0.0,1.0,25,650,500,150,0.7692307692307693,8,5,3,426.7727782879297,0.34902777777777777,0.04428282828282826,0.26080558673151294,132934.57031250017,6346.571180555586,139281.14149305577,397,90,367.72,25,0,20,31.184764309764315,0.68125,42.187500000000014,1031.2500000000014,41.25000000000006,0
399,4,0,0,25,0.0,0.0,1.0,25,200,100,100,0.5,3,1,2,426.7727782879297,0.34902777777777777,0.04428282828282826,0.26080558673151294,132934.57031250017,6346.571180555586,139281.14149305577,398,91,368.72,25,0,20,31.184764309764315,0.68125,42.187500000000014,1031.2500000000014,41.25000000000006,0
400,4,0,0,25,0.0,0.0,1.0,25,800,700,100,0.875,9,7,2,426.4607828576076,0.3489583333333333,0.03650823237030121,0.2614813828606934,133058.54752218947,6348.850468441831,139407.39799063132,399,92,369.72,25,0,20,31.067489903696803,0.6825,42.0673076923077,1031.7307692307702,41.26923076923081,0
401,4,0,0,25,0.0,0.0,1.0,25,400,200,200,0.5,6,2,4,425.4612455967658,0.34888888888888886,0.03327224724336064,0.26115776552884445,133099.88609981112,6325.768665762675,139425.6547655738,400,93,370.72,25,0,21,31.051502562509704,0.6829166666666666,42.0272435897436,1031.8910256410268,41.27564102564107,0
402,4,0,0,25,0.0,0.0,1.0,25,400,400,0,1.0,4,4,0,426.0320367977219,0.34777777777777774,0.03681415929203502,0.26208904957155,133182.58251664214,6348.009379109159,139530.5918957513,401,94,371.72,25,0,21,30.953235781193385,0.6837500000000001,41.947115384615394,1032.2115384615397,41.28846153846159,0
403,4,0,0,25,0.0,0.0,1.0,25,550,400,150,0.7272727272727273,7,4,3,424.8356946982667,0.3476388888888889,0.03356921166977056,0.26222617017582706,133306.67529585818,6326.686801446454,139633.36209730463,402,95,372.72,25,0,22,30.858809228222658,0.685,41.826923076923094,1032.6923076923092,41.30769230769237,0
404,4,0,0,25,0.0,0.0,1.0,25,500,300,200,0.6,7,3,4,426.03879216693593,0.3478472222222222,0.034854926299456634,0.26326174645406597,133348.0523966554,6362.288636176896,139710.3410328323,403,96,373.72,25,0,22,30.785977501939485,0.6854166666666667,41.78685897435899,1032.852564102566,41.31410256410264,0
405,4,0,0,25,0.0,0.0,1.0,25,550,200,350,0.36363636363636365,9,2,7,429.05427652215394,0.34770833333333334,0.037747789669613674,0.26571689920637176,133430.82585983744,6449.81329100923,139880.63915084666,404,97,374.72,25,0,22,30.62454759319581,0.68625,41.70673076923078,1033.1730769230783,41.32692307692313,0
406,4,0,0,25,0.0,0.0,1.0,25,700,500,200,0.7142857142857143,9,5,4,429.2482422931314,0.3459722222222222,0.03837519379844956,0.26672939911278404,133555.03420857998,6465.652736686404,140020.68694526638,405,98,375.72,25,0,22,30.49418604651163,0.6875,41.58653846153847,1033.6538461538469,41.346153846153875,0
407,4,0,0,25,0.0,0.0,1.0,25,800,500,300,0.625,11,5,6,431.0556008438638,0.34402777777777777,0.03802912922218771,0.2690554011456768,133720.7352276464,6528.214373767274,140248.94960141368,406,99,376.72,25,0,20,30.280317116000408,0.6891666666666667,41.42628205128206,1034.2948717948725,41.3717948717949,0
408,4,0,0,25,0.0,0.0,1.0,25,850,600,250,0.7058823529411765,11,6,5,428.6359748728979,0.34347222222222223,0.03640644361833911,0.26814669125769663,133803.62426035508,6470.609385272848,140274.23364562792,407,100,377.72,25,0,20,30.259319496076,0.69,41.34615384615385,1034.615384615385,41.3846153846154,0
409,4,0,0,25,0.0,0.0,1.0,25,800,600,200,0.75,10,6,4,430.0575814892158,0.3425,0.030275627129142224,0.26964192827741335,133886.53897518088,6515.784229125594,140402.32320430648,408,101,378.72,25,0,20,30.13897491483433,0.6908333333333334,41.26602564102565,1034.9358974358981,41.397435897435926,0
410,4,0,0,25,0.0,0.0,1.0,25,1050,800,250,0.7619047619047619,13,8,5,430.14626997396874,0.3427777777777778,0.03541247484909449,0.2706110078190662,134010.95920138882,6528.8628472222135,140539.82204861104,409,102,379.72,25,0,21,30.011317907444674,0.6920833333333334,41.14583333333333,1035.416666666666,41.41666666666664,0
411,4,0,0,25,0.0,0.0,1.0,25,800,500,300,0.625,11,5,6,430.1405620812209,0.34215277777777775,0.03250502862447768,0.2712193612420418,134093.93812150718,6535.848383053904,140629.78650456108,410,103,380.72,25,0,21,29.9278908143793,0.6929166666666666,41.065705128205124,1035.737179487179,41.42948717948716,0
412,4,0,0,25,0.0,0.0,1.0,25,750,600,150,0.8,9,6,3,431.7004705568505,0.34194444444444444,0.03152977571539051,0.2728195055865142,134176.94272374266,6584.849862343861,140761.79258608652,411,104,381.72,25,0,21,29.80391209074504,0.69375,40.98557692307693,1036.0576923076926,41.44230769230771,0
413,4,0,0,25,0.0,0.0,1.0,25,350,200,150,0.5714285714285714,5,2,3,431.7004705568505,0.34194444444444444,0.03152977571539051,0.2728195055865142,134176.94272374266,6584.849862343861,140761.79258608652,412,105,382.72,25,0,21,29.80391209074504,0.69375,40.98557692307693,1036.0576923076926,41.44230769230771,0
414,4,0,0,25,0.0,0.0,1.0,25,550,300,250,0.5454545454545454,8,3,5,431.7004705568505,0.34194444444444444,0.03152977571539051,0.2728195055865142,134176.94272374266,6584.849862343861,140761.79258608652,413,106,383.72,25,0,21,29.80391209074504,0.69375,40.98557692307693,1036.0576923076926,41.44230769230771,0
415,4,0,0,25,0.0,0.0,1.0,25,900,700,200,0.7777777777777778,11,7,4,431.59034930082044,0.34270833333333334,0.03087675892995212,0.2733687354484236,134259.97300809497,6589.061729536485,140849.03473763145,414,107,384.72,25,0,21,29.723177928972724,0.6945833333333333,40.905448717948715,1036.3782051282049,41.4551282051282,0
416,4,0,0,25,0.0,0.0,1.0,25,550,400,150,0.7272727272727273,7,4,3,430.7825176954262,0.3423611111111111,0.03311794713247829,0.2734771449432494,134343.0289745643,6574.525651298469,140917.55462586277,415,108,385.72,25,0,21,29.6605284175813,0.6954166666666667,40.825320512820504,1036.6987179487169,41.46794871794867,0
417,4,0,0,25,0.0,0.0,1.0,25,450,400,50,0.8888888888888888,5,4,1,432.6204166656712,0.34229166666666666,0.03279134466769662,0.2749561980183588,134384.56658859304,6627.501438198548,141012.0680267916,416,109,386.72,25,0,21,29.5710973724884,0.6958333333333333,40.78525641025641,1036.8589743589744,41.47435897435898,0
418,4,0,0,25,0.0,0.0,1.0,25,800,500,300,0.625,11,5,6,434.8230987365098,0.3416666666666666,0.03856017302641779,0.2773014697656579,134509.21795385436,6697.542991863906,141206.76094571827,417,110,387.72,25,0,21,29.388582058808392,0.6970833333333333,40.6650641025641,1037.3397435897434,41.49358974358974,0
419,4,0,0,25,0.0,0.0,1.0,25,750,400,350,0.5333333333333333,11,4,7,433.68186845447485,0.3400694444444445,0.030191476219888713,0.2775221126592077,134633.9271038791,6677.658612754784,141311.58571663388,418,111,388.72,25,0,22,29.292773316862267,0.6983333333333333,40.5448717948718,1037.8205128205136,41.51282051282055,0
420,4,0,0,25,0.0,0.0,1.0,25,450,300,150,0.6666666666666666,6,3,3,445.4152314686791,0.34041666666666665,0.028259996912150642,0.28535652366198155,134675.50966161245,6997.304661817883,141672.81432343033,419,112,389.72,25,0,22,28.946496577633685,0.69875,40.50480769230769,1037.9807692307693,41.519230769230774,1
421,4,0,0,25,0.0,0.0,1.0,25,1050,900,150,0.8571428571428571,12,9,3,445.4750656739112,0.3393055555555555,0.03498225582471837,0.28670545189996216,134841.90409783865,7013.741216715981,141855.64531455463,420,113,390.72,25,0,20,28.777548475029572,0.7004166666666667,40.344551282051285,1038.6217948717951,41.5448717948718,0
422,4,0,0,25,0.0,0.0,1.0,25,800,700,100,0.875,9,7,2,444.30182961220197,0.3395138888888889,0.033688107357704666,0.2866078369528265,134925.13983912725,6989.4972982412955,141914.63713736855,421,114,391.72,25,0,21,28.72432387269268,0.7012499999999999,40.26442307692308,1038.942307692308,41.55769230769232,0
423,4,0,0,25,0.0,0.0,1.0,25,850,600,250,0.7058823529411765,11,6,5,443.73378882232055,0.33979166666666666,0.041689793401171515,0.2872312728843885,135050.04160502966,6985.253328402376,142035.29493343204,422,115,392.72,25,0,22,28.613552266419976,0.7025,40.144230769230774,1039.4230769230776,41.5769230769231,0
424,4,0,0,25,0.0,0.0,1.0,25,600,500,100,0.8333333333333334,7,5,2,443.73378882232055,0.33979166666666666,0.041689793401171515,0.2872312728843885,135050.04160502966,6985.253328402376,142035.29493343204,423,116,393.72,25,0,22,28.613552266419976,0.7025,40.144230769230774,1039.4230769230776,41.5769230769231,0
425,4,0,0,25,0.0,0.0,1.0,25,550,500,50,0.9090909090909091,6,5,1,442.76930614736483,0.3403472222222222,0.04392785571142266,0.286937511386409,135091.68836805547,6962.89062499998,142054.57899305545,424,117,394.72,25,0,23,28.596776887107538,0.7029166666666666,40.10416666666666,1039.5833333333326,41.5833333333333,0
426,4,0,0,25,0.0,0.0,1.0,25,600,400,200,0.6666666666666666,8,4,4,442.08793092265785,0.34097222222222223,0.038144552319309355,0.28715801639210486,135175.00115569535,6951.847314677858,142126.84847037322,425,118,395.72,25,0,23,28.530814968921753,0.70375,40.02403846153847,1039.9038461538469,41.596153846153875,0
427,4,0,0,25,0.0,0.0,1.0,25,650,600,50,0.9230769230769231,7,6,1,444.24403712607676,0.340625,0.03973501771683874,0.28922648395038764,135258.33962545198,7017.542170036159,142275.88179548812,426,119,396.72,25,0,23,28.391073537718896,0.7045833333333333,39.943910256410255,1040.224358974359,41.60897435897436,0
428,4,0,0,25,0.0,0.0,1.0,25,550,200,350,0.36363636363636365,9,2,7,446.0254784210147,0.339375,0.0416448482981675,0.29105964134549234,135341.70377732578,7073.169635519394,142414.87341284516,427,120,397.72,25,0,23,28.26104394476102,0.7054166666666667,39.86378205128205,1040.5448717948718,41.621794871794876,0
429,4,0,0,25,0.0,0.0,1.0,25,850,600,250,0.7058823529411765,11,6,5,447.18594620659263,0.3400694444444445,0.03265507157149439,0.29317528683191035,135508.50912742433,7119.500174638384,142628.0093020627,428,121,398.72,25,0,23,28.063433122979838,0.7070833333333333,39.703525641025635,1041.185897435897,41.647435897435884,0
430,4,0,0,25,0.0,0.0,1.0,25,1050,900,150,0.8571428571428571,12,9,3,449.6,0.33993055555555557,0.036799999999999944,0.29578947368421044,135633.6805555555,7196.1805555555475,142829.86111111107,429,122,399.72,25,0,23,27.875,0.7083333333333333,39.58333333333333,1041.6666666666663,41.66666666666665,0
431,4,0,0,25,0.0,0.0,1.0,25,500,300,200,0.6,7,3,4,448.13878692618164,0.3400694444444445,0.037114290109214076,0.2951722648234152,135675.41720599117,7160.283376479298,142835.70058247045,430,123,400.72,25,0,23,27.871192893401016,0.70875,39.54326923076923,1041.8269230769233,41.673076923076934,0
432,4,0,0,25,0.0,0.0,1.0,25,300,100,200,0.3333333333333333,5,1,4,447.62508774481137,0.339375,0.03390956628729591,0.2951783286528158,135717.1602769559,7150.081155489803,142867.2414324457,431,124,401.72,25,0,23,27.842715062032195,0.7091666666666667,39.503205128205124,1041.9871794871792,41.67948717948717,0
433,4,0,0,25,0.0,0.0,1.0,25,850,500,350,0.5882352941176471,12,5,7,446.4038917373817,0.33805555555555555,0.03740547187211796,0.29575394293721036,135884.1967661078,7131.846852399733,143016.04361850754,432,125,402.72,25,0,19,27.707116507838915,0.7108333333333333,39.342948717948715,1042.628205128205,41.705128205128204,0
434,4,0,0,25,0.0,0.0,1.0,25,800,500,300,0.625,11,5,6,445.59524882065824,0.33666666666666667,0.03611000153633381,0.296259394747055,136009.54154852906,7121.041101660103,143130.58265018917,433,126,403.72,25,0,20,27.602646335842675,0.7120833333333334,39.222756410256416,1043.1089743589753,41.72435897435901,0
435,4,0,0,25,0.0,0.0,1.0,25,550,400,150,0.7272727272727273,7,4,3,445.59524882065824,0.33666666666666667,0.03611000153633381,0.296259394747055,136009.54154852906,7121.041101660103,143130.58265018917,434,127,404.72,25,0,20,27.602646335842675,0.7120833333333334,39.222756410256416,1043.1089743589753,41.72435897435901,0
436,4,0,0,25,0.0,0.0,1.0,25,550,400,150,0.7272727272727273,7,4,3,445.61952425784744,0.33652777777777776,0.03834101382488475,0.29662403915322977,136051.3359837278,7125.426323142667,143176.76230687046,435,128,405.72,25,0,20,27.560163850486436,0.7125,39.18269230769231,1043.2692307692307,41.730769230769226,0
437,4,0,0,25,0.0,0.0,1.0,25,550,300,250,0.5454545454545454,8,3,5,442.4027453116025,0.335625,0.030653976051581155,0.29587386888704087,136218.57792981592,7052.694567718608,143271.27249753452,436,129,406.72,25,0,22,27.476716815064982,0.7141666666666666,39.0224358974359,1043.9102564102566,41.75641025641026,0
438,4,0,0,25,0.0,0.0,1.0,25,550,400,150,0.7272727272727273,7,4,3,443.00130344461616,0.3361111111111111,0.03224558710667713,0.2966242026661534,136260.404467661,7072.707357412874,143333.11182507387,437,130,407.72,25,0,22,27.419256843182403,0.7145833333333333,38.98237179487179,1044.070512820512,41.76282051282048,0
439,4,0,0,25,0.0,0.0,1.0,25,500,400,100,0.8,6,4,2,440.3391194460803,0.33590277777777783,0.03000153444836573,0.2955396541122663,136344.07680493922,7007.5261443951385,143351.60294933437,438,131,408.72,25,0,23,27.405087975039642,0.7154166666666666,38.90224358974359,1044.3910256410259,41.775641025641036,0
440,4,0,0,25,0.0,0.0,1.0,25,650,500,150,0.7692307692307693,8,5,3,439.85625366243335,0.3354166666666667,0.035735542261083,0.29591567777351935,136427.77482433425,7001.721985946735,143429.49681028098,439,132,409.72,25,0,23,27.334042797975144,0.71625,38.82211538461538,1044.7115384615379,41.78846153846152,0
441,4,0,0,25,0.0,0.0,1.0,25,750,600,150,0.8,9,6,3,439.85625366243335,0.3354166666666667,0.035735542261083,0.29591567777351935,136427.77482433425,7001.721985946735,143429.49681028098,440,133,410.72,25,0,23,27.334042797975144,0.71625,38.82211538461538,1044.7115384615379,41.78846153846152,0
442,4,0,0,25,0.0,0.0,1.0,25,400,200,200,0.5,6,2,4,454.75163260422033,0.3354166666666667,0.016131534046843088,0.28163148658976084,133430.82585983735,7135.577179898101,140566.40303973545,441,134,411.72,25,0,21,29.96080218189338,0.68625,41.706730769230774,1033.1730769230776,41.3269230769231,8
443,4,0,0,25,0.0,0.0,1.0,25,300,200,100,0.6666666666666666,4,2,2,454.75163260422033,0.3354166666666667,0.016131534046843088,0.28163148658976084,133430.82585983735,7135.577179898101,140566.40303973545,442,135,412.72,25,0,21,29.96080218189338,0.68625,41.706730769230774,1033.1730769230776,41.3269230769231,0
444,4,0,0,25,0.0,0.0,1.0,25,850,700,150,0.8235294117647058,10,7,3,449.9622046296208,0.335625,0.02520428771166694,0.27558579554718093,133017.21536509707,6970.54389587444,139987.7592609715,443,136,413.72,25,0,20,30.50317824038113,0.6820833333333334,42.1073717948718,1031.5705128205136,41.26282051282055,1
445,4,0,0,25,0.0,0.0,1.0,25,350,200,150,0.5714285714285714,5,2,3,449.9622046296208,0.335625,0.02520428771166694,0.27558579554718093,133017.21536509707,6970.54389587444,139987.7592609715,444,137,414.72,25,0,20,30.50317824038113,0.6820833333333334,42.1073717948718,1031.5705128205136,41.26282051282055,0
446,4,0,0,25,0.0,0.0,1.0,25,950,600,350,0.631578947368421,13,6,7,449.94668480223004,0.33631944444444445,0.027461944703324193,0.2758815958815959,133058.54752218936,6973.850468441817,140032.39799063117,445,138,415.72,25,0,20,30.461711711711718,0.6825,42.06730769230769,1031.7307692307693,41.269230769230774,0
447,4,0,0,25,0.0,0.0,1.0,25,600,500,100,0.8333333333333334,7,5,2,448.8985764438097,0.3363888888888889,0.020347826086956067,0.27584988857806636,133141.23109796192,6953.3818211702865,140094.6129191322,446,139,416.72,25,0,20,30.405020703933744,0.6833333333333333,41.98717948717949,1032.0512820512824,41.2820512820513,0
448,4,0,0,25,0.0,0.0,1.0,25,650,300,350,0.46153846153846156,10,3,7,449.17017666550237,0.33625,0.02195932308647719,0.27632331498591217,133182.58251664203,6964.3288235535865,140146.9113401956,447,140,417.72,25,0,20,30.35614940744192,0.6837500000000001,41.94711538461539,1032.2115384615386,41.28846153846154,0
449,4,0,0,25,0.0,0.0,1.0,25,550,400,150,0.7272727272727273,7,4,3,449.17017666550237,0.33625,0.02195932308647719,0.27632331498591217,133182.58251664203,6964.3288235535865,140146.9113401956,448,141,418.72,25,0,20,30.35614940744192,0.6837500000000001,41.94711538461539,1032.2115384615386,41.28846153846154,0
450,4,0,0,25,0.0,0.0,1.0,25,600,300,300,0.5,9,3,6,450.7317268765853,0.3360416666666666,0.018404222291213745,0.27759214001328536,133223.94035585155,7009.651339579244,140233.5916954308,449,142,419.72,25,0,20,30.273983235020186,0.6841666666666666,41.90705128205129,1032.3717948717958,41.29487179487183,0
451,4,0,0,25,0.0,0.0,1.0,25,500,400,100,0.8,6,4,2,451.8593268424214,0.33652777777777776,0.025176908752327476,0.27890627415446023,133306.67529585803,7047.172912557533,140353.84820841555,450,143,420.72,25,0,20,30.161131802193246,0.685,41.82692307692308,1032.692307692308,41.30769230769232,0
452,4,0,0,25,0.0,0.0,1.0,25,700,500,200,0.7142857142857143,9,5,4,451.02757544224767,0.3374305555555555,0.022580645161290214,0.2796370967741936,133472.22222222225,7039.930555555563,140512.1527777778,451,144,421.72,25,0,21,30.01512096774193,0.6866666666666666,41.66666666666667,1033.3333333333337,41.33333333333335,0
453,4,0,0,25,0.0,0.0,1.0,25,450,200,250,0.4444444444444444,7,2,5,450.0469923682472,0.33736111111111106,0.024186046511628145,0.2796534779166854,133555.03420857995,7021.208292241959,140576.2425008219,452,145,422.72,25,0,21,29.956718346253233,0.6875,41.58653846153847,1033.6538461538466,41.34615384615387,0
454,4,0,0,25,0.0,0.0,1.0,25,500,300,200,0.6,7,3,4,451.72775843275815,0.33694444444444444,0.018695180536184353,0.2816424372141632,133679.30034208583,7077.330138477974,140756.6304805638,453,146,423.72,25,0,22,29.787663360710773,0.68875,41.46634615384615,1034.1346153846155,41.36538461538462,0
455,4,0,0,25,0.0,0.0,1.0,25,650,500,150,0.7692307692307693,8,5,3,451.01796701415276,0.3370138888888889,0.012242874845105334,0.28214844913210957,133803.62426035505,7069.567718606182,140873.19197896123,454,147,424.72,25,0,19,29.680400660883937,0.69,41.34615384615385,1034.6153846153848,41.38461538461539,0
456,4,0,0,25,0.0,0.0,1.0,25,550,400,150,0.7272727272727273,7,4,3,451.0799921588472,0.3374305555555555,0.009341799597336164,0.2825047050795032,133845.0784075034,7074.9673837113905,140920.0457912148,455,148,425.72,25,0,19,29.63692504258945,0.6904166666666667,41.30608974358975,1034.7756410256418,41.39102564102567,0
457,4,0,0,25,0.0,0.0,1.0,25,450,100,350,0.2222222222222222,8,1,7,448.8965027441783,0.33749999999999997,0.01384734479021521,0.28177089516274517,133928.0059633876,7023.962699293233,140951.96866268085,456,149,426.72,25,0,19,29.60968545182433,0.6912499999999999,41.22596153846154,1035.096153846154,41.40384615384616,0
458,4,0,0,25,0.0,0.0,1.0,25,700,500,200,0.7142857142857143,9,5,4,447.9574947163911,0.3379861111111111,0.010943980191891356,0.28213463263716587,134052.44545118356,7009.959524983585,141062.40497616716,457,150,427.72,25,0,19,29.50840812957805,0.6925,41.10576923076924,1035.576923076924,41.42307692307696,0
459,4,0,0,25,0.0,0.0,1.0,25,600,400,200,0.6666666666666666,8,4,4,447.9574947163911,0.3379861111111111,0.010943980191891356,0.28213463263716587,134052.44545118356,7009.959524983585,141062.40497616716,458,151,428.72,25,0,19,29.50840812957805,0.6925,41.10576923076924,1035.576923076924,41.42307692307696,0
460,4,0,0,25,0.0,0.0,1.0,25,500,300,200,0.6,7,3,4,448.5211284033427,0.33708333333333335,0.008043310131477188,0.2834495694161889,134176.94272374266,7036.238751232749,141213.1814749754,459,152,429.72,25,0,19,29.368232791956693,0.69375,40.98557692307693,1036.0576923076926,41.44230769230771,0
461,4,0,0,25,0.0,0.0,1.0,25,450,200,250,0.4444444444444444,7,2,5,448.5211284033427,0.33708333333333335,0.008043310131477188,0.2834495694161889,134176.94272374266,7036.238751232749,141213.1814749754,460,153,430.72,25,0,19,29.368232791956693,0.69375,40.98557692307693,1036.0576923076926,41.44230769230771,0
462,4,0,0,25,0.0,0.0,1.0,25,650,600,50,0.9230769230769231,7,6,1,449.93687585789354,0.33555555555555555,0.011576994434137289,0.2853129130440056,134301.49778106515,7085.439266929661,141386.9370479948,461,154,431.72,25,0,19,29.205962688105544,0.6950000000000001,40.86538461538462,1036.5384615384621,41.46153846153848,0
463,4,0,0,25,0.0,0.0,1.0,25,200,100,100,0.5,3,1,2,448.8746775500006,0.3354166666666667,0.011575204823002005,0.2849627369058836,134343.02897456443,7060.636762409595,141403.665736974,462,155,432.72,25,0,20,29.191625444427277,0.6954166666666667,40.82532051282051,1036.6987179487178,41.46794871794871,0
464,4,0,0,25,0.0,0.0,1.0,25,600,300,300,0.5,9,3,6,447.2284145758241,0.3338888888888889,0.007391841779974984,0.2848880215683793,134467.66107823804,7027.551775147928,141495.21285338598,463,156,433.72,25,0,21,29.10872476308198,0.6966666666666667,40.705128205128204,1037.1794871794873,41.48717948717949,0
465,4,0,0,25,0.0,0.0,1.0,25,400,200,200,0.5,6,2,4,444.0606159361252,0.3338888888888889,-0.006761609907120603,0.2790497644890438,133969.4793721237,6898.113905325464,140867.59327744917,464,157,434.72,25,0,20,29.69298245614035,0.6916666666666667,41.185897435897445,1035.256410256411,41.410256410256444,2
466,4,0,0,25,0.0,0.0,1.0,25,550,500,50,0.9090909090909091,6,5,1,450.3712837359544,0.33465277777777774,-0.021161371106589444,0.26182185002629765,131040.82236706933,6803.404678254432,137844.22704532376,465,158,435.72,25,0,20,32.50231517712734,0.6620833333333334,44.030448717948715,1023.8782051282049,40.9551282051282,7
467,4,0,0,25,0.0,0.0,1.0,25,1100,700,400,0.6363636363636364,15,7,8,452.1078297916423,0.3340972222222222,-0.02375097763178502,0.26395665350301084,131204.95677699702,6863.757653270872,138068.7144302679,466,159,436.72,25,0,20,32.29036315762031,0.6637500000000001,43.87019230769231,1024.5192307692307,40.980769230769226,0
468,4,0,0,25,0.0,0.0,1.0,25,600,400,200,0.6666666666666666,8,4,4,452.77282041113085,0.3345833333333333,-0.026991869918699063,0.2651955090979481,131328.125,6892.361111111112,138220.48611111112,467,160,437.72,25,0,21,32.14769647696477,0.665,43.75,1025.0,41.0,0
469,4,0,0,25,0.0,0.0,1.0,25,750,700,50,0.9333333333333333,8,7,1,453.47966957085765,0.3344444444444445,-0.02990934667083489,0.2661800849462704,131410.2692513149,6918.377095660737,138328.64634697564,468,161,438.72,25,0,21,32.045821610920065,0.6658333333333333,43.66987179487179,1025.3205128205125,41.0128205128205,0
470,4,0,0,25,0.0,0.0,1.0,25,700,400,300,0.5714285714285714,10,4,6,451.82226562500006,0.33416666666666667,-0.030224999999999724,0.2657778033088237,131492.43918474697,6882.24235700199,138374.68154174896,469,162,439.72,25,0,22,32.00455729166667,0.6666666666666667,43.5897435897436,1025.6410256410263,41.02564102564105,0
471,4,0,0,25,0.0,0.0,1.0,25,200,200,0,1.0,2,2,0,451.82226562500006,0.33416666666666667,-0.030224999999999724,0.2657778033088237,131492.43918474697,6882.24235700199,138374.68154174896,470,163,440.72,25,0,22,32.00455729166667,0.6666666666666667,43.5897435897436,1025.6410256410263,41.02564102564105,0
472,4,0,0,25,0.0,0.0,1.0,25,550,200,350,0.36363636363636365,9,2,7,453.8578558011846,0.3347222222222222,-0.03021083866937402,0.2678388802483859,131615.7422388644,6946.967712442494,138562.7099513069,471,164,441.72,25,0,18,31.826715341766867,0.6679166666666667,43.46955128205129,1026.121794871796,41.044871794871845,0
473,4,0,0,25,0.0,0.0,1.0,25,800,600,200,0.75,10,6,4,452.7300770706919,0.33437500000000003,-0.034098360655738125,0.2677503364393152,131697.9763775888,6924.726999095998,138622.7033766848,472,165,442.72,25,0,18,31.77189045016913,0.66875,43.38942307692308,1026.4423076923083,41.057692307692335,0
474,4,0,0,25,0.0,0.0,1.0,25,700,500,200,0.7142857142857143,9,5,4,454.8445712653963,0.33416666666666667,-0.03441236147963167,0.26958271675276546,131780.23619843036,6987.905006985546,138768.14120541592,473,166,443.72,25,0,18,31.63385749960981,0.6695833333333333,43.309294871794876,1026.7628205128208,41.07051282051283,0
475,4,0,0,25,0.0,0.0,1.0,25,500,200,300,0.4,8,2,6,457.23290365317274,0.3338888888888889,-0.02953346855983785,0.27158532710965566,131862.52170138896,7058.376736111122,138920.8984375001,474,167,444.72,25,0,18,31.488759296822167,0.6704166666666667,43.22916666666667,1027.083333333334,41.08333333333336,0
476,4,0,0,25,0.0,0.0,1.0,25,600,300,300,0.5,9,3,6,458.24982851357504,0.3343055555555556,-0.03471533302136964,0.27277991184777445,131944.83288646457,7092.739408694948,139037.5722951595,475,168,445.72,25,0,18,31.378847553683777,0.67125,43.14903846153847,1027.4038461538466,41.09615384615387,0
477,4,0,0,25,0.0,0.0,1.0,25,500,200,300,0.4,8,2,6,457.9159708733897,0.3336111111111111,-0.03406113537117905,0.27287706368403125,131985.99810979623,7087.699293228149,139073.6974030244,476,169,446.72,25,0,18,31.345524017467255,0.6716666666666666,43.108974358974365,1027.564102564103,41.102564102564116,0
478,4,0,0,25,0.0,0.0,1.0,25,550,400,150,0.7272727272727273,7,4,3,451.45008812690276,0.3335416666666667,-0.03488607594936699,0.24427778741113243,128225.6738987509,6577.498356344527,134803.17225509541,477,170,447.72,25,0,19,35.36392405063292,0.6333333333333333,46.7948717948718,1012.8205128205135,40.51282051282054,7
479,4,0,0,25,0.0,0.0,1.0,25,500,400,100,0.8,6,4,2,452.0022892730857,0.3329166666666667,-0.030931814586299566,0.2448248903594838,128266.25485392014,6595.328166091388,134861.58302001152,478,171,448.72,25,0,19,35.308067025259724,0.63375,46.75480769230769,1012.9807692307693,40.519230769230774,0
480,4,0,0,25,0.0,0.0,1.0,25,1050,800,250,0.7619047619047619,13,8,5,454.07955497314697,0.33395833333333336,-0.02697453740313116,0.24645021683220678,128347.43602584657,6655.989326512183,135003.42535235875,479,172,449.72,25,0,19,35.171694606990364,0.6345833333333333,46.674679487179496,1013.3012820512829,40.53205128205131,0
481,4,0,0,25,0.0,0.0,1.0,25,400,300,100,0.75,5,3,2,457.59592442213113,0.3336111111111111,-0.021043313310148637,0.24911805661741873,128469.25593770569,6757.401586127582,135226.65752383327,480,173,450.72,25,0,17,34.95692380651281,0.6358333333333333,46.5544871794872,1013.7820512820531,40.55128205128212,0
482,4,0,0,25,0.0,0.0,1.0,25,550,200,350,0.36363636363636365,9,2,7,455.2461625143506,0.3323611111111111,-0.022676568178227496,0.24859818486223703,128591.1336343279,6708.124024079574,135299.25765840747,481,174,451.72,25,0,18,34.89081345130877,0.6370833333333333,46.43429487179488,1014.2628205128218,40.570512820512874,0
483,4,0,0,25,0.0,0.0,1.0,25,350,100,250,0.2857142857142857,6,1,5,453.98700737978834,0.33229166666666665,-0.02234439178515002,0.2481638822723714,128631.7723742604,6679.430678829727,135311.20305309014,482,175,452.72,25,0,18,34.88085834649816,0.6375,46.394230769230774,1014.4230769230772,40.57692307692309,0
484,4,0,0,25,0.0,0.0,1.0,25,600,500,100,0.8333333333333334,7,5,2,455.86407861252974,0.333125,-0.027588820464234942,0.24995560258468844,128753.72711723378,6738.839836045375,135492.56695327917,483,176,453.72,25,0,18,34.70758329385758,0.6387499999999999,46.27403846153847,1014.9038461538465,40.59615384615386,0
485,4,0,0,25,0.0,0.0,1.0,25,400,300,100,0.75,5,3,2,453.91175007652276,0.3343055555555556,-0.028888888888888964,0.24965146254208753,128875.73964497041,6699.642504930964,135575.3821499014,484,177,454.72,25,0,18,34.63147095959596,0.64,46.15384615384615,1015.3846153846154,40.61538461538461,0
486,4,0,0,25,0.0,0.0,1.0,25,250,200,50,0.8,3,2,1,453.2180586207044,0.33499999999999996,-0.0298643105080465,0.24978226569895876,128957.11343277455,6689.138519066417,135646.25195184097,485,178,455.72,25,0,18,34.565320290312414,0.6408333333333334,46.073717948717956,1015.7051282051287,40.62820512820515,0
487,4,0,0,25,0.0,0.0,1.0,25,550,400,150,0.7272727272727273,7,4,3,449.05202488014834,0.3364583333333333,-0.023617725910739518,0.24825099300479708,129079.22226845015,6592.65722592046,135671.8794943706,486,179,456.72,25,0,19,34.54551726856963,0.6420833333333333,45.95352564102565,1016.1858974358983,40.64743589743593,0
488,4,0,0,25,0.0,0.0,1.0,25,650,500,150,0.7692307692307693,8,5,3,445.108841709218,0.33736111111111106,-0.02426229508196709,0.24683308494783904,129201.3888888889,6501.736111111113,135703.12500000003,487,180,457.72,25,0,19,34.52015027322404,0.6433333333333333,45.833333333333336,1016.6666666666669,40.66666666666667,0
489,4,0,0,25,0.0,0.0,1.0,25,500,400,100,0.8,6,4,2,444.07279252874207,0.33805555555555555,-0.025889396565306422,0.2470227882716854,129323.61329409126,6485.819619082875,135809.43291317415,488,181,458.72,25,0,19,34.42095346883043,0.6445833333333333,45.71314102564104,1017.1474358974376,40.6858974358975,0
490,4,0,0,25,0.0,0.0,1.0,25,750,600,150,0.8,9,6,3,443.0653512796426,0.3382638888888889,-0.031113210518028733,0.24748531626886652,129486.6690551037,6474.211302186085,135960.88035728977,489,182,459.72,25,0,18,34.279214559386965,0.64625,45.55288461538463,1017.7884615384628,40.71153846153851,0
491,4,0,0,25,0.0,0.0,1.0,25,750,500,250,0.6666666666666666,10,5,5,442.64966368569907,0.338125,-0.035359672595624,0.2477668117528853,129568.2354587855,6470.667170036185,136038.90262882167,490,183,460.72,25,0,18,34.2061165328716,0.6470833333333333,45.47275641025642,1018.1089743589756,40.72435897435903,0
492,4,0,0,25,0.0,0.0,1.0,25,500,200,300,0.4,8,2,6,439.91871428848674,0.33861111111111114,-0.03567023285084936,0.2470073628990834,129690.6332182776,6410.667324128892,136101.30054240648,491,184,461.72,25,0,18,34.15014684287812,0.6483333333333333,45.352564102564116,1018.5897435897448,40.743589743589794,0
493,4,0,0,25,0.0,0.0,1.0,25,750,600,150,0.8,9,6,3,441.37857742710514,0.33958333333333335,-0.03206039635105373,0.24834380489217134,129772.2638272519,6455.739439513492,136228.0032667654,492,185,462.72,25,0,18,34.02930690992975,0.6491666666666667,45.272435897435905,1018.9102564102571,40.756410256410284,0
494,4,0,0,25,0.0,0.0,1.0,25,850,700,150,0.8235294117647058,10,7,3,440.4574319896278,0.3395138888888889,-0.03171828328879123,0.2486024600608718,129894.7578946829,6442.6222982413055,136337.3801929242,493,186,463.72,25,0,18,33.9272847560656,0.6504166666666666,45.1522435897436,1019.3910256410267,40.775641025641065,0
495,4,0,0,25,0.0,0.0,1.0,25,850,600,250,0.7058823529411765,11,6,5,440.6607952690863,0.339375,-0.03005969211435744,0.25002198063128395,130099.04308431964,6465.909557856695,136564.95264217633,494,187,464.72,25,0,19,33.712954236045654,0.6525000000000001,44.95192307692309,1020.1923076923086,40.80769230769235,0
496,4,0,0,25,0.0,0.0,1.0,25,650,600,50,0.9230769230769231,7,6,1,439.5150217166233,0.3392361111111111,-0.03005025125628147,0.24989568377602311,130180.80210387915,6443.283612754789,136624.08571663394,495,188,465.72,25,0,20,33.65852701005024,0.6533333333333333,44.87179487179488,1020.5128205128216,40.82051282051286,0
497,4,0,0,25,0.0,0.0,1.0,25,450,300,150,0.6666666666666666,6,3,3,440.08922063000387,0.33972222222222226,-0.029392369288742337,0.25048509796179597,130221.69124445281,6461.8325217784595,136683.5237662313,496,189,466.72,25,0,20,33.60205029570314,0.65375,44.83173076923078,1020.6730769230782,40.82692307692312,0
498,4,0,0,25,0.0,0.0,1.0,25,250,100,150,0.4,4,1,3,440.08922063000387,0.33972222222222226,-0.029392369288742337,0.25048509796179597,130221.69124445281,6461.8325217784595,136683.5237662313,497,190,467.72,25,0,20,33.60205029570314,0.65375,44.83173076923078,1020.6730769230782,40.82692307692312,0
499,4,0,0,25,0.0,0.0,1.0,25,750,500,250,0.6666666666666666,10,5,5,438.3998732685253,0.34076388888888887,-0.031663527934714164,0.2503121857049323,130344.39718934918,6428.593441814606,136772.9906311638,498,191,468.72,25,0,20,33.51969554300063,0.655,44.71153846153847,1021.1538461538466,40.84615384615387,0
500,4,0,0,25,0.0,0.0,1.0,25,800,600,200,0.75,10,6,4,438.09624702014935,0.3406944444444444,-0.037527455287103884,0.2506665600095541,130426.23325525977,6427.8486604207865,136854.08191568055,499,192,469.72,25,0,20,33.44380817906076,0.6558333333333333,44.63141025641026,1021.4743589743596,40.858974358974386,0
501,4,0,0,25,0.0,0.0,1.0,25,450,300,150,0.6666666666666666,6,3,3,438.09624702014935,0.3406944444444444,-0.037527455287103884,0.2506665600095541,130426.23325525977,6427.8486604207865,136854.08191568055,500,193,470.72,25,0,20,33.44380817906076,0.6558333333333333,44.63141025641026,1021.4743589743596,40.858974358974386,0
502,4,0,0,25,0.0,0.0,1.0,25,700,500,200,0.7142857142857143,9,5,4,436.43236481277063,0.34131944444444445,-0.029042987135236675,0.24971453261369833,130426.23325525968,6384.445882642998,136810.67913790268,501,194,471.72,25,0,21,33.486298504340546,0.6558333333333333,44.631410256410255,1021.4743589743588,40.85897435897435,3
503,4,0,0,25,0.0,0.0,1.0,25,850,600,250,0.7058823529411765,11,6,5,435.54698801058737,0.34,-0.03326956249019908,0.24999848267718414,130549.03550809501,6372.047840647602,136921.0833487426,502,195,472.72,25,0,18,33.38348099942501,0.6570833333333334,44.51121794871795,1021.9551282051283,40.87820512820513,0
504,4,0,0,25,0.0,0.0,1.0,25,550,300,250,0.5454545454545454,8,3,5,434.33934913258696,0.34055555555555556,-0.032938225148949174,0.2495690422313189,130589.98243343194,6344.073594674558,136934.0560281065,503,196,473.72,25,0,18,33.37253057384761,0.6575,44.47115384615385,1022.1153846153845,40.88461538461538,0
505,4,0,0,25,0.0,0.0,1.0,25,500,400,100,0.8,6,4,2,433.1191755083063,0.34027777777777773,-0.0329330616084027,0.24913139951014318,130630.93577929828,6315.752640121648,136946.68841941992,504,197,474.72,25,0,18,33.36191017400846,0.6579166666666667,44.43108974358975,1022.275641025642,40.89102564102568,0
506,4,0,0,25,0.0,0.0,1.0,25,650,500,150,0.7692307692307693,8,5,3,432.8829315749648,0.33958333333333335,-0.03357993730407527,0.2492593053653677,130671.89554569357,6313.126643655478,136985.02218934905,505,198,475.72,25,0,18,33.326149425287355,0.6583333333333333,44.391025641025635,1022.435897435897,40.897435897435884,0
507,4,0,0,25,0.0,0.0,1.0,25,500,300,200,0.6,7,3,4,431.0432791379625,0.339375,-0.029658414290191004,0.24872678186785518,130753.83434007244,6272.112302761361,137025.9466428338,506,199,476.72,25,0,20,33.289590514990074,0.6591666666666667,44.310897435897445,1022.7564102564113,40.91025641025645,0
508,4,0,0,25,0.0,0.0,1.0,25,900,800,100,0.8888888888888888,10,8,2,435.4909349833694,0.3400694444444445,-0.029304946775203344,0.25290146297034233,130999.80481591073,6409.8454963839795,137409.65031229472,507,200,477.72,25,0,21,32.92501565435192,0.6616666666666666,44.07051282051283,1023.7179487179499,40.94871794871799,0
509,4,0,0,25,0.0,0.0,1.0,25,400,200,200,0.5,6,2,4,434.4729301107187,0.3403472222222222,-0.03157927688214124,0.25257939494789655,131040.82236706944,6386.73801158778,137427.56037865722,508,201,478.72,25,0,22,32.90926462148484,0.6620833333333334,44.03044871794872,1023.8782051282058,40.95512820512823,0
510,4,0,0,25,0.0,0.0,1.0,25,700,400,300,0.5714285714285714,10,4,6,433.7734282586496,0.33993055555555557,-0.02962128325508595,0.2524419131669191,131081.84633875743,6371.9643737672695,137453.8107125247,509,202,479.72,25,0,22,32.88536776212833,0.6625,43.99038461538462,1024.038461538462,40.961538461538474,0
511,4,0,0,25,0.0,0.0,1.0,25,550,500,50,0.9090909090909091,6,5,1,435.40300490729805,0.34041666666666665,-0.02154425612052746,0.24860107054384445,130344.39718934918,6350.468441814607,136694.8656311638,510,203,480.72,25,0,22,33.59620213433772,0.655,44.71153846153847,1021.1538461538466,40.84615384615387,1
512,4,0,0,25,0.0,0.0,1.0,25,800,700,100,0.875,9,7,2,434.41410622330596,0.33972222222222226,-0.02740276035131739,0.2490849227769605,130508.09500328741,6338.911489151887,136847.0064924393,511,204,481.72,25,0,21,33.454229401923875,0.6566666666666667,44.55128205128206,1021.7948717948725,40.8717948717949,0
513,4,0,0,25,0.0,0.0,1.0,25,750,600,150,0.8,9,6,3,435.87228899087063,0.3395138888888889,-0.02445141065830736,0.25098061405792005,130671.89554569357,6391.251643655478,137063.14718934905,512,205,482.72,25,0,21,33.24973876698014,0.6583333333333333,44.391025641025635,1022.435897435897,40.897435897435884,0
514,4,0,0,25,0.0,0.0,1.0,25,500,200,300,0.4,8,2,6,435.87228899087063,0.3395138888888889,-0.02445141065830736,0.25098061405792005,130671.89554569357,6391.251643655478,137063.14718934905,513,206,483.72,25,0,21,33.24973876698014,0.6583333333333333,44.391025641025635,1022.435897435897,40.897435897435884,0
515,4,0,0,25,0.0,0.0,1.0,25,850,600,250,0.7058823529411765,11,6,5,438.34601802841564,0.338125,-0.022162331557505688,0.25294071311549265,130753.83434007237,6463.0845249835675,137216.91886505592,514,207,484.72,25,0,21,33.102867439674085,0.6591666666666667,44.31089743589744,1022.7564102564106,40.91025641025642,0
516,4,0,0,25,0.0,0.0,1.0,25,850,500,350,0.5882352941176471,12,5,7,437.47428297405656,0.3377777777777778,-0.02410649960845701,0.253243272601029,130876.79068560973,6451.046032626556,137327.83671823627,515,208,485.72,25,0,21,32.99970634299139,0.6604166666666667,44.190705128205124,1023.237179487179,40.92948717948716,0
517,4,0,0,25,0.0,0.0,1.0,25,400,300,100,0.75,5,3,2,436.4963188373205,0.33847222222222223,-0.020842335994989858,0.25321543945630937,130958.79368528113,6432.606272600274,137391.3999578814,516,209,486.72,25,0,21,32.941097802828665,0.66125,44.11057692307693,1023.5576923076928,40.942307692307715,0
518,4,0,0,25,0.0,0.0,1.0,25,550,300,250,0.5454545454545454,8,3,5,436.4602243138733,0.3376388888888889,-0.019533573329159504,0.25373470183269664,131040.82236706933,6438.821344921102,137479.64371199041,517,210,487.72,25,0,21,32.858395940940156,0.6620833333333334,44.030448717948715,1023.8782051282049,40.9551282051282,0
519,4,0,0,25,0.0,0.0,1.0,25,500,100,400,0.2,9,1,8,433.91375514372265,0.33631944444444445,-0.015942437040513013,0.2533343047154173,131204.95677699702,6386.32709771532,137591.28387471233,518,211,488.72,25,0,22,32.75636764169143,0.6637500000000001,43.87019230769231,1024.5192307692307,40.980769230769226,0
520,4,0,0,25,0.0,0.0,1.0,25,300,200,100,0.6666666666666666,4,2,2,433.72063666334344,0.3351388888888889,-0.016913213448006115,0.2537642700331273,131287.06250513642,6388.381667077581,137675.444172214,519,212,489.72,25,0,22,32.677710450873086,0.6645833333333333,43.7900641025641,1024.8397435897434,40.99358974358974,0
521,4,0,0,25,0.0,0.0,1.0,25,500,400,100,0.8,6,4,2,434.13566656188914,0.33437500000000003,-0.015607315929341725,0.25455232438097214,131369.19391539294,6406.410513231445,137775.60442862439,520,213,490.72,25,0,22,32.5834701162003,0.6654166666666667,43.709935897435905,1025.1602564102573,41.00641025641029,0
522,4,0,0,25,0.0,0.0,1.0,25,400,300,100,0.75,5,3,2,434.49734207717904,0.33368055555555554,-0.018852945772776852,0.2553120745594002,131451.3510077663,6423.052525065748,137874.40353283205,521,214,491.72,25,0,22,32.490590977756945,0.66625,43.62980769230769,1025.4807692307693,41.019230769230774,0
523,4,0,0,25,0.0,0.0,1.0,25,500,400,100,0.8,6,4,2,434.49734207717904,0.33368055555555554,-0.018852945772776852,0.2553120745594002,131451.3510077663,6423.052525065748,137874.40353283205,522,215,492.72,25,0,22,32.490590977756945,0.66625,43.62980769230769,1025.4807692307693,41.019230769230774,0
524,4,0,0,25,0.0,0.0,1.0,25,650,600,50,0.9230769230769231,7,6,1,437.90888137210317,0.3336111111111111,-0.026316776007497822,0.25814849526189726,131574.63480029584,6523.540228468105,138098.17502876394,523,216,493.72,25,0,21,32.277673643653024,0.6675,43.50961538461538,1025.961538461538,41.038461538461526,0
525,4,0,0,25,0.0,0.0,1.0,25,600,500,100,0.8333333333333334,7,5,2,438.6505622657228,0.33326388888888886,-0.00979591836734639,0.2499288087327955,130262.5868055555,6427.951388888883,136690.53819444438,524,217,494.72,25,0,19,33.59693877551021,0.6541666666666667,44.791666666666664,1020.8333333333329,40.833333333333314,4
526,4,0,0,25,0.0,0.0,1.0,25,550,400,150,0.7272727272727273,7,4,3,437.2560284124667,0.3342361111111111,-0.014360583712537345,0.24992221247288332,130385.31201203977,6402.352738740959,136787.66475078074,525,218,495.72,25,0,19,33.50708065275381,0.6554166666666666,44.67147435897436,1021.3141025641025,40.8525641025641,0
527,4,0,0,25,0.0,0.0,1.0,25,750,600,150,0.8,9,6,3,437.2560284124667,0.3342361111111111,-0.014360583712537345,0.24992221247288332,130385.31201203977,6402.352738740959,136787.66475078074,526,219,496.72,25,0,19,33.50708065275381,0.6554166666666666,44.67147435897436,1021.3141025641025,40.8525641025641,0
528,4,0,0,25,0.0,0.0,1.0,25,650,400,250,0.6153846153846154,9,4,5,436.54437824657475,0.3342361111111111,-0.016960953426376157,0.25057097210426704,130549.035508095,6398.089507314267,136947.12501540926,527,220,497.72,25,0,19,33.35799879776279,0.6570833333333334,44.51121794871795,1021.9551282051282,40.878205128205124,0
529,4,0,0,25,0.0,0.0,1.0,25,600,300,300,0.5,9,3,6,435.77721527622873,0.33479166666666665,-0.0192381250979774,0.2506603116543788,130630.93577929806,6385.1970845660635,137016.13286386413,528,221,498.72,25,0,19,33.293978941317874,0.6579166666666667,44.43108974358974,1022.2756410256402,40.89102564102561,0
530,4,0,0,25,0.0,0.0,1.0,25,500,200,300,0.4,8,2,6,434.6258325819915,0.33437500000000003,-0.021187901582824242,0.250528223821652,130712.86173261827,6362.237271942791,137075.09900456105,529,222,499.72,25,0,19,33.23979391944837,0.65875,44.35096153846153,1022.5961538461534,40.90384615384613,0
531,4,0,0,25,0.0,0.0,1.0,25,600,300,300,0.5,9,3,6,435.0819848930443,0.33555555555555555,-0.014663951120162944,0.25132382892057015,130794.81336805549,6381.2934027777665,137176.10677083326,530,223,500.72,25,0,19,33.14451799049558,0.6595833333333334,44.27083333333333,1022.9166666666661,40.91666666666664,0
532,4,0,0,25,0.0,0.0,1.0,25,650,500,150,0.7692307692307693,8,5,3,436.1477596829395,0.3358333333333334,-0.01759122944400926,0.25247538037856443,130876.79068560965,6416.323810404316,137293.11449601396,531,224,501.72,25,0,19,33.03364004176455,0.6604166666666667,44.19070512820512,1023.2371794871783,40.92948717948713,0
533,4,0,0,25,0.0,0.0,1.0,25,550,300,250,0.5454545454545454,8,3,5,433.18208719571885,0.3365972222222222,-0.01628307499608539,0.25129282388002305,130958.793685281,6345.800717044701,137304.5944023257,532,225,502.72,25,0,20,33.02590548509995,0.66125,44.11057692307692,1023.5576923076917,40.942307692307665,0
534,4,0,0,25,0.0,0.0,1.0,25,400,300,100,0.75,5,3,2,433.8343379434437,0.3365972222222222,-0.01725735754539759,0.2519394318893378,130999.80481591045,6366.44271860616,137366.24753451662,533,226,503.72,25,0,20,32.96741285744104,0.6616666666666666,44.07051282051281,1023.7179487179477,40.948717948717906,0
535,4,0,0,25,0.0,0.0,1.0,25,400,100,300,0.25,7,1,6,436.3392263390378,0.3368055555555556,-0.014497069539046281,0.2344348541173062,127941.786987385,6165.204070101919,134106.9910574869,534,227,504.72,25,0,22,36.039224615872016,0.6304166666666666,47.07532051282052,1011.6987179487185,40.46794871794874,7
536,4,0,0,25,0.0,0.0,1.0,25,300,200,100,0.6666666666666666,4,2,2,436.2755294266626,0.33534722222222224,-0.019762470308788416,0.23487467760693737,128022.86543084326,6170.648678911912,134193.51410975517,535,228,505.72,25,0,22,35.95721166534706,0.63125,46.995192307692314,1012.0192307692313,40.480769230769255,0
537,4,0,0,25,0.0,0.0,1.0,25,600,300,300,0.5,9,3,6,436.2755294266626,0.33534722222222224,-0.019762470308788416,0.23487467760693737,128022.86543084326,6170.648678911912,134193.51410975517,536,229,506.72,25,0,22,35.95721166534706,0.63125,46.995192307692314,1012.0192307692313,40.480769230769255,0
538,4,0,0,25,0.0,0.0,1.0,25,600,400,200,0.6666666666666666,8,4,4,437.5129324422621,0.33652777777777776,-0.016463511160361044,0.23601786458050994,128103.96955641857,6209.428675624603,134313.39823204317,537,230,507.72,25,0,22,35.842270856419184,0.6320833333333333,46.91506410256411,1012.3397435897443,40.49358974358977,0
539,4,0,0,25,0.0,0.0,1.0,25,800,700,100,0.875,9,7,2,439.26454093895165,0.33625,-0.015797468354430633,0.2376842379053235,128225.67389875103,6264.998356344539,134490.67225509556,538,231,508.72,25,0,22,35.67246835443037,0.6333333333333333,46.79487179487181,1012.8205128205146,40.51282051282058,0
540,4,0,0,25,0.0,0.0,1.0,25,450,200,250,0.4444444444444444,7,2,5,440.4973580179783,0.3365972222222222,-0.011846226862837872,0.23859329906012344,128266.25485392014,6300.189277202499,134566.44413112264,539,232,509.72,25,0,22,35.59942387807837,0.63375,46.75480769230769,1012.9807692307693,40.519230769230774,0
541,4,0,0,25,0.0,0.0,1.0,25,600,400,200,0.6666666666666666,8,4,4,440.0532733548012,0.33590277777777783,-0.013156230234028898,0.2390804897504951,128388.03624260356,6299.515121630512,134687.55136423407,540,233,510.72,25,0,20,35.48518869913558,0.635,46.63461538461539,1013.4615384615386,40.53846153846154,0
542,4,0,0,25,0.0,0.0,1.0,25,750,500,250,0.6666666666666666,10,5,5,440.0279512290833,0.3352777777777778,-0.01644008852355383,0.23955394315621173,128469.25593770541,6306.012697238648,134775.26863494405,541,234,511.72,25,0,20,35.402176204025714,0.6358333333333333,46.554487179487175,1013.7820512820509,40.55128205128204,0
543,4,0,0,25,0.0,0.0,1.0,25,550,400,150,0.7272727272727273,7,4,3,440.39504355888016,0.33555555555555555,-0.019390109021962365,0.2404883719313332,128591.13363432769,6326.1795796351025,134917.3132139628,542,235,512.72,25,0,20,35.26738689629748,0.6370833333333333,46.43429487179487,1014.2628205128201,40.5705128205128,0
544,4,0,0,25,0.0,0.0,1.0,25,450,300,150,0.6666666666666666,6,3,3,440.23460064342316,0.33631944444444445,-0.020698151950718335,0.24089241630713143,128672.41753472216,6329.210069444438,135001.6276041666,543,236,513.72,25,0,20,35.18779945242985,0.6379166666666667,46.354166666666664,1014.5833333333328,40.583333333333314,0
545,4,0,0,25,0.0,0.0,1.0,25,450,300,150,0.6666666666666666,6,3,3,440.97723402752473,0.33694444444444444,-0.019380922299431447,0.24154566140677225,128713.06911571331,6351.906640368173,135064.9757560815,544,237,514.72,25,0,20,35.12713202779532,0.6383333333333333,46.31410256410256,1014.7435897435895,40.58974358974358,0
546,4,0,0,25,0.0,0.0,1.0,25,550,300,250,0.5454545454545454,8,3,5,441.77391111507023,0.3367361111111111,-0.01543172849250185,0.24272660250771638,128835.06238186226,6383.19387943787,135218.25626130012,545,238,515.72,25,0,20,34.98141936332544,0.6395833333333334,46.193910256410255,1015.2243589743589,40.60897435897436,0
547,4,0,0,25,0.0,0.0,1.0,25,850,500,350,0.5882352941176471,12,5,7,446.45858373511476,0.3374305555555555,-0.013125098595992979,0.24630991838963381,128997.80995747041,6518.435907708746,135516.24586517917,546,239,516.72,25,0,20,34.695108324131034,0.64125,46.03365384615385,1015.8653846153845,40.63461538461538,0
548,4,0,0,25,0.0,0.0,1.0,25,200,0,200,0.0,4,0,4,446.45858373511476,0.3374305555555555,-0.013125098595992979,0.24630991838963381,128997.80995747041,6518.435907708746,135516.24586517917,547,240,517.72,25,0,20,34.695108324131034,0.64125,46.03365384615385,1015.8653846153845,40.63461538461538,0
549,4,0,0,25,0.0,0.0,1.0,25,600,400,200,0.6666666666666666,8,4,4,445.07159987660333,0.33722222222222226,-0.014763406940063062,0.24579738181338548,129038.5129026956,6486.275476660093,135524.78837935568,548,241,518.72,25,0,20,34.6884858044164,0.6416666666666666,45.993589743589745,1016.0256410256411,40.64102564102564,0
550,4,0,0,25,0.0,0.0,1.0,25,850,700,150,0.8235294117647058,10,7,3,447.3513702828121,0.33805555555555555,-0.01770212765957435,0.24833284728297855,129242.1239367604,6563.328248274167,135805.45218503458,549,242,519.72,25,0,21,34.42129629629629,0.64375,45.79326923076923,1016.8269230769234,40.673076923076934,0
551,4,0,0,25,0.0,0.0,1.0,25,900,600,300,0.6666666666666666,12,6,6,424.95242177905504,0.338125,-0.02912794398472296,0.2217941045232209,126769.03558514126,5774.161735700185,132543.19732084146,550,243,520.72,25,0,22,37.53845745809463,0.6183333333333334,48.23717948717948,1007.0512820512813,40.28205128205125,6
552,4,0,0,25,0.0,0.0,1.0,25,700,400,300,0.5714285714285714,10,4,6,424.95242177905504,0.338125,-0.02912794398472296,0.2217941045232209,126769.03558514126,5774.161735700185,132543.19732084146,551,244,521.72,25,0,22,37.53845745809463,0.6183333333333334,48.23717948717948,1007.0512820512813,40.28205128205125,0
553,4,0,0,25,0.0,0.0,1.0,25,550,400,150,0.7272727272727273,7,4,3,425.6948064215056,0.33770833333333333,-0.03837760458088102,0.22284290157968403,126890.1042950773,5803.291676939518,132693.39597201682,552,245,522.72,25,0,22,37.394458141137804,0.6195833333333334,48.11698717948718,1007.5320512820516,40.301282051282065,0
554,4,0,0,25,0.0,0.0,1.0,25,600,600,0,1.0,6,6,0,424.2974625425911,0.33847222222222223,-0.03307362060740959,0.22255268906842007,126970.84887101423,5774.681798570041,132745.53066958426,553,246,523.72,25,0,22,37.346126835214946,0.6204166666666666,48.036858974358985,1007.8525641025649,40.3141025641026,0
555,4,0,0,25,0.0,0.0,1.0,25,650,600,50,0.9230769230769231,7,6,1,424.15135578170896,0.33861111111111114,-0.031074380165289073,0.2231404958677688,127092.01388888902,5781.250000000023,132873.26388888905,554,247,524.72,25,0,22,37.22451790633608,0.6216666666666666,47.91666666666668,1008.3333333333345,40.33333333333338,0
556,4,0,0,25,0.0,0.0,1.0,25,600,400,200,0.6666666666666666,8,4,4,424.6684213805291,0.3388194444444444,-0.03238639974578983,0.22385787639606788,127172.8226701184,5801.256369165033,132974.07903928345,555,248,525.72,25,0,22,37.12795254739963,0.6225,47.83653846153847,1008.6538461538466,40.34615384615387,0
557,4,0,0,25,0.0,0.0,1.0,25,750,600,150,0.8,9,6,3,437.61111647473086,0.339375,-0.0528053648411303,0.22373538142704008,125923.17258896295,6021.076029339266,131944.2486183022,556,249,526.72,25,0,21,38.097922986854016,0.6095833333333334,49.07852564102565,1003.6858974358981,40.147435897435926,7
558,4,0,0,25,0.0,0.0,1.0,25,750,600,150,0.8,9,6,3,438.9235985271421,0.3395138888888889,-0.058100558659217816,0.22484516310486896,126003.60897949552,6061.191496137433,132064.80047563295,557,250,527.72,25,0,21,37.981344772545896,0.6104166666666666,48.998397435897445,1004.0064102564113,40.16025641025645,0
559,4,0,0,25,0.0,0.0,1.0,25,750,700,50,0.9333333333333333,8,7,1,440.0023195715685,0.34118055555555554,-0.058395278353804425,0.2262817507296278,126164.55880691159,6102.539704552933,132267.09851146452,558,251,528.72,25,0,21,37.78696097197853,0.6120833333333333,48.83814102564103,1004.647435897436,40.18589743589744,0
560,4,0,0,25,0.0,0.0,1.0,25,650,600,50,0.9230769230769231,7,6,1,437.2283033111203,0.34180555555555553,-0.050076530612244596,0.22551775644468328,126285.33859303095,6043.104865220257,132328.4434582512,559,252,529.72,25,0,19,37.7311862244898,0.6133333333333333,48.71794871794872,1005.1282051282055,40.20512820512822,0
561,4,0,0,25,0.0,0.0,1.0,25,650,500,150,0.7692307692307693,8,5,3,438.45331787026316,0.3423611111111111,-0.05404750518093371,0.22637182411523957,126325.61136279587,6077.576686801457,132403.18804959732,560,253,530.72,25,0,19,37.65858308092885,0.61375,48.67788461538462,1005.2884615384617,40.21153846153847,0
562,4,0,0,25,0.0,0.0,1.0,25,450,400,50,0.8888888888888888,5,4,1,438.45331787026316,0.3423611111111111,-0.05404750518093371,0.22637182411523957,126325.61136279587,6077.576686801457,132403.18804959732,561,254,531.72,25,0,19,37.65858308092885,0.61375,48.67788461538462,1005.2884615384617,40.21153846153847,0
563,4,0,0,25,0.0,0.0,1.0,25,950,800,150,0.8421052631578947,11,8,3,436.8925334343992,0.34312499999999996,-0.06031867431485016,0.22623247028335733,126446.46819526634,6048.703566732425,132495.17176199876,562,255,532.72,25,0,19,37.572365625663906,0.615,48.557692307692314,1005.7692307692314,40.230769230769255,0
564,4,0,0,25,0.0,0.0,1.0,25,650,500,150,0.7692307692307693,8,5,3,437.50020932028883,0.3425,-0.05996814272061157,0.2269939102572544,126527.07151955966,6071.124054898121,132598.1955744578,563,256,533.72,25,0,19,37.4734522671764,0.6158333333333333,48.477564102564116,1006.0897435897449,40.243589743589794,0
565,4,1,0,26,0.038461538461538464,0.0,1.0,26,350,200,150,0.5714285714285714,5,2,3,423.831579539832,0.3532692307692307,-0.06138532218164605,0.2221204024394143,126936.45452293858,5559.935604328619,132496.3901272672,564,0,514.1538461538462,26,0,20,37.39344053088313,0.6161858974358974,48.070987654320994,1007.7160493827162,38.75830959164293,0
566,4,0,0,26,0.0,0.0,1.0,26,750,500,250,0.6666666666666666,10,5,5,423.85694357204375,0.35355769230769235,-0.061815078571007986,0.22319944611146708,127130.918614731,5577.064519509223,132707.98313424023,565,1,515.1538461538462,26,0,20,37.19172404998725,0.6181891025641026,47.87808641975309,1008.4876543209878,38.78798670465338,0
567,4,0,0,26,0.0,0.0,1.0,26,600,500,100,0.8333333333333334,7,5,2,423.5728827009706,0.35355769230769235,-0.058918677285400234,0.2239080905401495,127286.59705551756,5583.030168800502,132869.62722431807,566,2,516.1538461538462,26,0,21,37.03802824081153,0.6197916666666667,47.72376543209877,1009.1049382716059,38.81172839506176,0
568,4,0,0,26,0.0,0.0,1.0,26,650,400,250,0.6153846153846154,9,4,5,422.3987709283692,0.3524038461538461,-0.06554861919373633,0.22414883683571113,127442.37075617281,5566.300154320985,133008.6709104938,567,3,517.1538461538462,26,0,20,36.90680880330125,0.6213942307692308,47.56944444444444,1009.7222222222221,38.83547008547008,0
569,4,0,0,26,0.0,0.0,1.0,26,200,100,100,0.5,3,1,2,422.3987709283692,0.3524038461538461,-0.06554861919373633,0.22414883683571113,127442.37075617281,5566.300154320985,133008.6709104938,568,4,518.1538461538462,26,0,20,36.90680880330125,0.6213942307692308,47.56944444444444,1009.7222222222221,38.83547008547008,0
570,4,0,0,26,0.0,0.0,1.0,26,750,500,250,0.6666666666666666,10,5,5,425.440148449921,0.35246794871794873,-0.06994983022171075,0.2266360172417929,127598.23971669721,5657.08280940406,133255.32252610126,569,5,519.1538461538462,26,0,20,36.6691487195153,0.6229967948717949,47.41512345679013,1010.33950617284,38.85921177587846,0
571,4,1,0,27,0.037037037037037035,0.0,1.0,27,750,600,150,0.8,9,6,3,409.12944270003976,0.3597459639126306,-0.06434783555795154,0.2203079445608052,128031.55393016577,5076.2956614937575,133107.84959165953,570,0,500.8888888888889,27,0,21,36.635084301328234,0.6238425925925926,46.98660714285714,1012.053571428571,37.48346560846559,0
572,4,0,0,27,0.0,0.0,1.0,27,550,300,250,0.5454545454545454,8,3,5,408.64107543650135,0.36004273504273504,-0.06159408452851556,0.22025171118217785,128069.2075007087,5066.867736678015,133136.0752373867,571,1,501.8888888888889,27,0,21,36.60871802411055,0.6242283950617284,46.949404761904766,1012.2023809523815,37.488977072310426,0
573,4,0,0,27,0.0,0.0,1.0,27,850,700,150,0.8235294117647058,10,7,3,408.1182473232231,0.36081433998100665,-0.05973820992189849,0.22059131636493515,128182.2014287486,5062.699077026646,133244.90050577524,572,2,502.8888888888889,27,0,21,36.50578618662748,0.6253858024691358,46.83779761904762,1012.6488095238096,37.505511463844805,0
574,4,0,0,27,0.0,0.0,1.0,27,600,400,200,0.6666666666666666,8,4,4,409.85168482230756,0.36081433998100665,-0.06093049571310416,0.22215527629540374,128295.24518140596,5116.404478458058,133411.64965986402,573,3,503.8888888888889,27,0,21,36.34572072072072,0.6265432098765432,46.72619047619048,1013.0952380952386,37.52204585537921,0
575,4,0,0,27,0.0,0.0,1.0,27,600,500,100,0.8333333333333334,7,5,2,410.71758944801303,0.36063627730294395,-0.06395823135911227,0.22304519809736614,128370.6353635205,5144.815582483011,133515.45094600352,574,4,504.8888888888889,27,0,20,36.246328928047,0.6273148148148149,46.65178571428572,1013.3928571428579,37.53306878306881,0
576,4,0,0,27,0.0,0.0,1.0,27,600,400,200,0.6666666666666666,8,4,4,406.5157722814686,0.3603988603988604,-0.06149463715880854,0.22139024432882867,128483.76215720671,5046.135159793094,133529.89731699982,575,5,505.8888888888889,27,0,20,36.236637066392674,0.6284722222222222,46.54017857142858,1013.8392857142865,37.5496031746032,0
577,4,0,0,27,0.0,0.0,1.0,27,950,800,150,0.8421052631578947,11,8,3,408.27013476917745,0.3608736942070276,-0.06512866498192982,0.22276709114907484,128559.2077000071,5097.377010700118,133656.58471070722,576,6,506.8888888888889,27,0,20,36.114728539985336,0.6292438271604939,46.46577380952381,1014.1369047619048,37.56062610229277,0
578,4,0,0,27,0.0,0.0,1.0,27,750,600,150,0.8,9,6,3,406.9250197116823,0.3602207977207977,-0.06814206403528789,0.2226657130332465,128672.41753472229,5072.005208333343,133744.42274305562,577,7,507.8888888888889,27,0,20,36.03268309377139,0.6304012345679013,46.35416666666667,1014.5833333333339,37.577160493827186,0
579,4,0,0,27,0.0,0.0,1.0,27,650,500,150,0.7692307692307693,8,5,3,408.58787613717294,0.3605769230769231,-0.07208616447507754,0.22378801023127576,128710.16521843118,5117.882608772689,133828.04782720387,578,8,508.8888888888889,27,0,20,35.95178300826124,0.630787037037037,46.31696428571429,1014.7321428571433,37.58267195767198,0
580,4,0,0,27,0.0,0.0,1.0,27,700,600,100,0.8571428571428571,8,6,2,410.72615881025376,0.35921177587844255,-0.06718018032688966,0.2258166463789173,128861.21131395272,5185.3340685232515,134046.54538247598,579,9,509.8888888888889,27,0,21,35.74261688406861,0.6323302469135803,46.168154761904766,1015.3273809523814,37.60471781305117,0
581,4,0,0,27,0.0,0.0,1.0,27,500,200,300,0.4,8,2,6,412.6598214150731,0.35844017094017094,-0.0711215318483781,0.2270960178497145,128898.98667800461,5238.286564625864,134137.27324263047,580,10,510.8888888888889,27,0,21,35.6547967956233,0.632716049382716,46.13095238095239,1015.476190476191,37.610229276895964,0
582,4,0,0,27,0.0,0.0,1.0,27,700,600,100,0.8571428571428571,8,6,2,412.89677843524004,0.3587962962962963,-0.07475783475783448,0.22744314066347962,128936.767578125,5247.515190972223,134184.28276909722,581,11,511.8888888888889,27,0,21,35.61004273504273,0.6331018518518519,46.09375,1015.625,37.61574074074074,0
583,4,0,0,27,0.0,0.0,1.0,27,350,100,250,0.2857142857142857,6,1,5,412.4480869710262,0.35838081671415006,-0.07140454254430217,0.22741281435090674,128974.55401431408,5239.061614229026,134213.6156285431,582,12,512.8888888888889,27,0,21,35.58269850571344,0.6334876543209876,46.05654761904762,1015.7738095238097,37.621252204585545,0
584,4,0,0,27,0.0,0.0,1.0,27,550,500,50,0.9090909090909091,6,5,1,412.4480869710262,0.35838081671415006,-0.07140454254430217,0.22741281435090674,128974.55401431408,5239.061614229026,134213.6156285431,583,13,513.8888888888889,27,0,21,35.58269850571344,0.6334876543209876,46.05654761904762,1015.7738095238097,37.621252204585545,0
585,4,0,0,27,0.0,0.0,1.0,27,850,500,350,0.5882352941176471,12,5,7,413.5565897588154,0.3579059829059829,-0.0716663955316954,0.22889720486650805,129125.75511975632,5280.1613874716695,134405.916507228,584,14,514.8888888888889,27,0,21,35.39958516349439,0.6350308641975309,45.9077380952381,1016.3690476190483,37.64329805996475,0
586,4,0,0,27,0.0,0.0,1.0,27,800,500,300,0.625,11,5,6,412.85944638538007,0.3580246913580247,-0.07346690953248336,0.22894932935916543,129201.38888888893,5268.402777777784,134469.79166666672,585,15,515.8888888888889,27,0,21,35.33982240437158,0.6358024691358024,45.833333333333336,1016.6666666666671,37.65432098765434,0
587,4,0,0,27,0.0,0.0,1.0,27,400,200,200,0.5,6,2,4,413.3321028028146,0.35855887939221276,-0.07102785501731768,0.22943121514635523,129239.21407755822,5283.743223852063,134522.9573014103,586,16,516.8888888888889,27,0,21,35.28906897897459,0.6361882716049383,45.79613095238096,1016.8154761904772,37.659832451499156,0
588,4,0,0,27,0.0,0.0,1.0,27,500,300,200,0.6,7,3,4,416.6870671600219,0.35855887939221276,-0.08100903712372398,0.2319603250086245,129352.72285997734,5379.921343537418,134732.64420351476,587,17,517.8888888888889,27,0,21,35.08752681880241,0.6373456790123457,45.68452380952381,1017.2619047619048,37.67636684303351,0
589,4,0,0,27,0.0,0.0,1.0,27,850,800,50,0.9411764705882353,9,8,1,418.6669021688603,0.35855887939221276,-0.08185937728402293,0.23418644952879575,129542.01488538116,5446.990814554977,134989.00569993613,588,18,518.8888888888889,27,0,18,34.84337694294207,0.6392746913580247,45.4985119047619,1018.0059523809517,37.70392416225747,0
590,4,0,0,27,0.0,0.0,1.0,27,1100,1000,100,0.9090909090909091,12,10,2,441.1190831938158,0.3584995251661918,-0.10081882761238548,0.24415262060079118,129125.75511975624,5991.966943027209,135117.72206278346,589,19,519.8888888888889,27,0,18,34.69924353343094,0.6350308641975309,45.907738095238095,1016.3690476190477,37.64329805996473,2
591,4,0,0,27,0.0,0.0,1.0,27,450,100,350,0.2222222222222222,8,1,7,439.92848999436626,0.3587962962962963,-0.10080406859794921,0.2437268057706014,129163.56923628817,5964.546795280601,135128.11603156876,590,20,520.8888888888889,27,0,18,34.69065656565656,0.6354166666666667,45.87053571428571,1016.5178571428564,37.6488095238095,0
592,4,0,0,27,0.0,0.0,1.0,27,350,100,250,0.2857142857142857,6,1,5,438.39021768341837,0.35826210826210825,-0.09957498482088678,0.24310730253353202,129201.38888888892,5928.125000000005,135129.51388888893,591,21,521.8888888888889,27,0,18,34.69091530054646,0.6358024691358024,45.833333333333336,1016.666666666667,37.65432098765433,0
593,4,0,0,27,0.0,0.0,1.0,27,550,500,50,0.9090909090909091,6,5,1,438.183736097552,0.35838081671415006,-0.09561442021562061,0.24322578950077756,129239.21407755806,5926.104334963143,135165.3184125212,592,22,522.8888888888889,27,0,18,34.65733084540709,0.6361882716049383,45.79613095238095,1016.8154761904759,37.659832451499106,0
594,4,0,0,27,0.0,0.0,1.0,27,950,800,150,0.8421052631578947,11,8,3,436.81935822501663,0.3588556505223172,-0.0934486270940339,0.2431675189597893,129352.72285997726,5900.754676870737,135253.477536848,593,23,523.8888888888889,27,0,19,34.57553149990247,0.6373456790123457,45.6845238095238,1017.2619047619042,37.67636684303349,0
595,4,0,0,27,0.0,0.0,1.0,27,350,200,150,0.5714285714285714,5,2,3,436.81935822501663,0.3588556505223172,-0.0934486270940339,0.2431675189597893,129352.72285997726,5900.754676870737,135253.477536848,594,24,524.8888888888889,27,0,19,34.57553149990247,0.6373456790123457,45.6845238095238,1017.2619047619042,37.67636684303349,0
596,4,0,0,27,0.0,0.0,1.0,27,700,500,200,0.7142857142857143,9,5,4,439.2473914991067,0.35921177587844255,-0.09737864235450899,0.24475423110671488,129390.57019292084,5966.894088364501,135357.46428128536,595,25,525.8888888888889,27,0,19,34.47494637024037,0.6377314814814814,45.64732142857142,1017.4107142857137,37.68187830687828,0
597,4,0,0,27,0.0,0.0,1.0,27,600,400,200,0.6666666666666666,8,4,4,436.9667945614039,0.35944919278252613,-0.10009424458093652,0.2437176950416705,129428.42306193315,5911.184630102048,135339.6076920352,596,26,526.8888888888889,27,0,17,34.49412596275714,0.6381172839506173,45.61011904761905,1017.5595238095241,37.687389770723115,0
598,4,0,0,27,0.0,0.0,1.0,27,700,400,300,0.5714285714285714,10,4,6,437.6923068864332,0.3597459639126306,-0.10068615186322427,0.24435736218745435,129466.28146701385,5933.279079861106,135399.56054687494,597,27,527.8888888888889,27,0,17,34.43683896281132,0.6385030864197531,45.572916666666664,1017.7083333333329,37.692901234567884,0
599,4,0,0,27,0.0,0.0,1.0,27,900,800,100,0.8888888888888888,10,8,2,439.1048229993108,0.3605769230769231,-0.10065671577146507,0.2456186503792545,129542.01488538114,5976.504703443865,135518.519588825,598,28,528.8888888888889,27,0,18,34.32322881644984,0.6392746913580247,45.4985119047619,1018.0059523809516,37.703924162257465,0
600,4,0,0,27,0.0,0.0,1.0,27,300,100,200,0.3333333333333333,5,1,4,438.1221043598486,0.3607549857549857,-0.09608088287030281,0.24554214251715348,129617.7704480229,5957.682070223914,135575.4525182468,599,29,529.8888888888889,27,0,19,34.270574553071256,0.6400462962962963,45.42410714285714,1018.303571428571,37.714947089947074,0
601,4,0,0,27,0.0,0.0,1.0,27,350,100,250,0.2857142857142857,6,1,5,437.393620802857,0.35986467236467234,-0.08785881996515932,0.24584537996850236,129731.4453125,5948.7413194444425,135680.18663194444,600,30,530.8888888888889,27,0,19,34.17263122017724,0.6412037037037037,45.3125,1018.75,37.73148148148148,0
602,4,0,0,27,0.0,0.0,1.0,27,450,200,250,0.4444444444444444,7,2,5,437.68373087933423,0.35938983855650525,-0.08421098183037734,0.24624654932874288,129769.34800612945,5959.586477820279,135728.93448394974,601,31,531.8888888888889,27,0,19,34.12641181052528,0.6415895061728395,45.27529761904761,1018.8988095238088,37.73699294532625,0
603,4,0,0,27,0.0,0.0,1.0,27,650,500,150,0.7692307692307693,8,5,3,437.5577623482639,0.35944919278252613,-0.08267224736782364,0.24665293122002133,129845.17000159435,5962.952407525504,135808.12240911985,602,32,532.8888888888889,27,0,19,34.05196014016644,0.6423611111111112,45.200892857142854,1019.1964285714283,37.748015873015866,0
604,4,0,0,27,0.0,0.0,1.0,27,550,400,150,0.7272727272727273,7,4,3,435.80542383717824,0.3592711301044635,-0.08417410110840773,0.24590338989165347,129883.08930342978,5920.750956632664,135803.84026006245,603,33,533.8888888888889,27,0,19,34.057785888077866,0.6427469135802469,45.16369047619048,1019.3452380952386,37.75352733686069,0
605,4,0,0,27,0.0,0.0,1.0,27,650,500,150,0.7692307692307693,8,5,3,432.4835853224142,0.3591524216524216,-0.08322929671244272,0.24474071100037198,129996.88042534725,5844.303385416671,135841.1838107639,604,34,534.8888888888889,27,0,19,34.02600442628533,0.6439043209876543,45.052083333333336,1019.7916666666669,37.77006172839507,0
606,4,0,0,27,0.0,0.0,1.0,27,700,500,200,0.7142857142857143,9,5,4,434.22678617067936,0.35938983855650525,-0.08711292596373543,0.24668542442190144,130148.67942619768,5902.808558319177,136051.48798451686,605,35,535.8888888888889,27,0,19,33.82629065188857,0.6454475308641976,44.90327380952382,1020.3869047619057,37.79210758377429,0
607,4,0,0,27,0.0,0.0,1.0,27,850,700,150,0.8235294117647058,10,7,3,439.0994635793807,0.35938983855650525,-0.0958288123424399,0.2504290456872928,130300.56700414549,6042.981815121894,136343.5488192674,606,36,536.8888888888889,27,0,19,33.54664650439685,0.6469907407407407,44.75446428571429,1020.9821428571435,37.814153439153465,0
608,4,0,0,27,0.0,0.0,1.0,27,700,500,200,0.7142857142857143,9,5,4,439.70501138333316,0.3577279202279202,-0.09578692912026254,0.25151126651126665,130414.54081632657,6068.785430839008,136483.32624716556,607,37,537.8888888888889,27,0,19,33.414675602175606,0.6481481481481481,44.642857142857146,1021.4285714285717,37.83068783068784,0
609,4,0,0,27,0.0,0.0,1.0,27,850,700,150,0.8235294117647058,10,7,3,441.57342489198595,0.3563627730294397,-0.09752888716347752,0.2538215778730591,130604.60789133377,6134.3048026502465,136738.91269398402,608,38,538.8888888888889,27,0,18,33.17273863250351,0.6500771604938271,44.45684523809525,1022.1726190476203,37.85824514991186,0
610,4,0,0,27,0.0,0.0,1.0,27,600,400,200,0.6666666666666666,8,4,4,441.577306984145,0.3562440645773979,-0.09992991535931817,0.25407337512404343,130642.63791454094,6137.764845521566,136780.4027600625,609,39,539.8888888888889,27,0,18,33.13379427462399,0.650462962962963,44.41964285714287,1022.3214285714296,37.86375661375665,0
611,4,0,0,27,0.0,0.0,1.0,27,500,400,100,0.8,6,4,2,441.577306984145,0.3562440645773979,-0.09992991535931817,0.25407337512404343,130642.63791454094,6137.764845521566,136780.4027600625,610,40,540.8888888888889,27,0,18,33.13379427462399,0.650462962962963,44.41964285714287,1022.3214285714296,37.86375661375665,0
612,4,0,0,27,0.0,0.0,1.0,27,550,400,150,0.7272727272727273,7,4,3,442.2122266327499,0.35588793922127254,-0.10382442978484863,0.25493980045471965,130718.71456916105,6161.082766439925,136879.79733560098,611,41,541.8888888888889,27,0,18,33.03987194412109,0.6512345679012346,44.3452380952381,1022.619047619048,37.87477954144622,0
613,4,0,0,27,0.0,0.0,1.0,27,700,500,200,0.7142857142857143,9,5,4,441.6741879165239,0.35588793922127254,-0.11130502229978678,0.25563566633956397,130870.93431122458,6160.462726757379,137031.39703798195,612,42,542.8888888888889,27,0,18,32.898245103742475,0.6527777777777778,44.19642857142858,1023.2142857142865,37.89682539682543,0
614,4,0,0,27,0.0,0.0,1.0,27,600,300,300,0.5,9,3,6,439.28474851270937,0.35505698005698005,-0.11184323858742462,0.25526005656819606,131023.24263038556,6111.302437641729,137134.54506802728,613,43,543.8888888888889,27,0,18,32.80402131782945,0.654320987654321,44.04761904761905,1023.8095238095243,37.9188712522046,0
615,4,0,0,27,0.0,0.0,1.0,27,250,100,150,0.4,4,1,3,439.28474851270937,0.35505698005698005,-0.11184323858742462,0.25526005656819606,131023.24263038556,6111.302437641729,137134.54506802728,614,44,544.8888888888889,27,0,18,32.80402131782945,0.654320987654321,44.04761904761905,1023.8095238095243,37.9188712522046,0
616,4,0,0,27,0.0,0.0,1.0,27,650,500,150,0.7692307692307693,8,5,3,438.3495906965265,0.35523504273504275,-0.11663276179405213,0.25522181752736856,131099.43000637766,6093.4762967687175,137192.9063031464,615,45,545.8888888888889,27,0,18,32.75029061319384,0.6550925925925926,43.97321428571429,1024.1071428571436,37.929894179894205,0
617,4,0,0,27,0.0,0.0,1.0,27,1100,1000,100,0.9090909090909091,12,10,2,438.85694200669025,0.35487891737891736,-0.11420515386809182,0.25577073089179087,131137.53199847648,6110.12325503118,137247.65525350766,616,46,546.8888888888889,27,0,18,32.69846602741053,0.6554783950617284,43.936011904761905,1024.2559523809525,37.93540564373898,0
618,4,0,0,27,0.0,0.0,1.0,27,450,300,150,0.6666666666666666,6,3,3,442.61850750730815,0.3535731244064577,-0.11957702692526984,0.2587326861371243,131251.87119118488,6218.901466836744,137470.77265802163,617,47,547.8888888888889,27,0,18,32.48559879949656,0.6566358024691358,43.824404761904766,1024.7023809523814,37.95194003527339,0
619,4,0,0,27,0.0,0.0,1.0,27,750,600,150,0.8,9,6,3,439.888585317151,0.35386989553656223,-0.1077362911373354,0.25867850938616094,131480.69905045358,6167.371740362821,137648.0707908164,618,48,548.8888888888889,27,0,19,32.32249951634746,0.6589506172839505,43.60119047619048,1025.5952380952385,37.985008818342166,0
620,4,0,0,27,0.0,0.0,1.0,27,900,600,300,0.6666666666666666,12,6,6,441.3306191862711,0.352860873694207,-0.11520962586952432,0.26030578437034546,131595.18771701385,6215.397135416659,137810.5848524305,619,49,549.8888888888889,27,0,16,32.16899323181049,0.660108024691358,43.48958333333333,1026.0416666666663,38.00154320987653,0
621,4,0,0,27,0.0,0.0,1.0,27,750,600,150,0.8,9,6,3,439.0354047685359,0.3523860398860399,-0.10643986984955389,0.2597312368862229,131709.7262081915,6165.046591553273,137874.7727997448,620,50,550.8888888888889,27,0,17,32.11136078090267,0.6612654320987654,43.37797619047618,1026.4880952380945,38.01807760141091,0
622,4,0,0,27,0.0,0.0,1.0,27,600,400,200,0.6666666666666666,8,4,4,439.971434572569,0.35167378917378916,-0.10610842726784742,0.26080780915384216,131786.11288265287,6196.4250283446445,137982.53791099752,621,51,551.8888888888889,27,0,17,32.0096618357488,0.662037037037037,43.303571428571416,1026.7857142857129,38.029100529100475,0
623,4,0,0,27,0.0,0.0,1.0,27,500,300,200,0.6,7,3,4,438.88269443610153,0.3515550807217474,-0.10607768011419128,0.26068574500843117,131862.5217013888,6174.4357638888705,138036.95746527766,622,52,552.8888888888889,27,0,17,31.95993914807302,0.6628086419753086,43.22916666666666,1027.0833333333323,38.040123456790084,0
624,4,0,0,27,0.0,0.0,1.0,27,350,200,150,0.5714285714285714,5,2,3,443.00984600594296,0.3517924976258309,-0.11055319514183937,0.263667239381468,131938.952664399,6290.051020408148,138229.00368480713,623,53,553.8888888888889,27,0,17,31.7762649671688,0.6635802469135803,43.1547619047619,1027.3809523809516,38.051146384479686,0
625,4,0,0,27,0.0,0.0,1.0,27,650,600,50,0.9230769230769231,7,6,1,442.809481910449,0.35185185185185186,-0.1114221664467826,0.2640796443932262,132015.4057716836,6291.534686791374,138306.94045847497,624,54,554.8888888888889,27,0,17,31.70371174823826,0.6643518518518519,43.08035714285714,1027.6785714285709,38.06216931216929,0
626,4,0,0,27,0.0,0.0,1.0,27,850,600,250,0.7058823529411765,11,6,5,442.56065909166364,0.3516144349477683,-0.10928821119903931,0.26446444922190404,132091.88102324252,6291.733985260755,138383.61500850326,625,55,555.8888888888889,27,0,17,31.63240687126038,0.6651234567901234,43.00595238095237,1027.9761904761895,38.07319223985887,0
627,4,0,0,27,0.0,0.0,1.0,27,650,200,450,0.3076923076923077,11,2,9,442.90257415980784,0.35084283000949673,-0.10532407407407429,0.2657415444958847,132244.89795918367,6314.3211451247125,138559.21910430837,626,56,556.8888888888889,27,0,18,31.468219521604933,0.6666666666666667,42.857142857142854,1028.5714285714284,38.09523809523809,0
628,4,0,0,27,0.0,0.0,1.0,27,250,200,50,0.8,3,2,1,447.10045286322355,0.3501899335232668,-0.10559358896067028,0.2688045679214196,132321.43964356565,6432.195117630372,138753.63476119604,627,57,557.8888888888889,27,0,18,31.282542667052358,0.6674382716049383,42.78273809523809,1028.8690476190468,38.10626102292766,0
629,4,0,0,27,0.0,0.0,1.0,27,650,400,250,0.6153846153846154,9,4,5,445.90019600677374,0.3503086419753086,-0.10707801076564638,0.26835507879781034,132359.7187898597,6403.84491035998,138763.56370021967,628,58,558.8888888888889,27,0,18,31.274554109423953,0.6678240740740741,42.745535714285715,1029.0178571428573,38.111772486772495,0
630,4,0,0,27,0.0,0.0,1.0,27,800,700,100,0.875,9,7,2,445.9997705256601,0.35013057929724595,-0.10946168840905668,0.2686876666337514,132398.00347222228,6409.895833333339,138807.89930555562,629,59,559.8888888888889,27,0,18,31.233130904183533,0.6682098765432098,42.708333333333336,1029.166666666667,38.11728395061729,0
631,4,0,0,27,0.0,0.0,1.0,27,650,500,150,0.7692307692307693,8,5,3,448.51809787239097,0.35102089268755937,-0.10941422706128578,0.27103028115101047,132512.89073572127,6486.885939271528,138999.7766749928,630,60,560.8888888888889,27,0,18,31.051723514958795,0.6693672839506173,42.59672619047618,1029.6130952380945,38.13381834215165,0
632,4,0,0,27,0.0,0.0,1.0,27,400,300,100,0.75,5,3,2,448.51809787239097,0.35102089268755937,-0.10941422706128578,0.27103028115101047,132512.89073572127,6486.885939271528,138999.7766749928,631,61,561.8888888888889,27,0,18,31.051723514958795,0.6693672839506173,42.59672619047618,1029.6130952380945,38.13381834215165,0
633,4,0,0,27,0.0,0.0,1.0,27,850,800,50,0.9411764705882353,9,8,1,445.98752645106737,0.3505460588793922,-0.10848357387874785,0.27005071483533133,132589.5099250637,6426.653512967678,139016.1634380314,632,62,562.8888888888889,27,0,19,31.039138130327988,0.6701388888888888,42.52232142857142,1029.9107142857138,38.14484126984125,0
634,4,0,0,27,0.0,0.0,1.0,27,1000,900,100,0.9,11,9,2,443.0874650951605,0.3505460588793922,-0.10604018229668133,0.2691173340630606,132704.48022959183,6359.938350340136,139064.41857993198,633,63,563.8888888888889,27,0,16,30.997255921432703,0.6712962962962963,42.410714285714285,1030.357142857143,38.161375661375665,0
635,4,0,0,27,0.0,0.0,1.0,27,900,700,200,0.7777777777777778,11,7,4,442.6526356212896,0.35113960113960113,-0.10597895817295355,0.2699557622873501,132857.851473923,6361.975623582779,139219.82709750577,634,64,564.8888888888889,27,0,18,30.85306004618937,0.6728395061728395,42.261904761904766,1030.9523809523816,38.183421516754876,0
636,4,0,0,27,0.0,0.0,1.0,27,600,200,400,0.3333333333333333,10,2,8,446.84117555376486,0.35090218423551756,-0.10985498415141937,0.27278964805392397,132896.20812517713,6476.699573058389,139372.90769823553,635,65,565.8888888888889,27,0,18,30.706240679270703,0.6732253086419753,42.22470238095238,1031.1011904761904,38.188932980599645,0
637,4,0,0,27,0.0,0.0,1.0,27,700,400,300,0.5714285714285714,10,4,6,445.06409228750306,0.3503679962013295,-0.10708372058242233,0.2731039306125263,133088.07442247737,6446.544607426314,139534.61902990367,636,66,566.8888888888889,27,0,18,30.557758869339487,0.6751543209876543,42.03869047619048,1031.8452380952385,38.21649029982365,0
638,4,0,0,27,0.0,0.0,1.0,27,450,300,150,0.6666666666666666,6,3,3,444.2818238572304,0.350664767331434,-0.10826457315282101,0.27290473414082306,133126.46429014314,6429.133671697846,139555.59796184098,637,67,567.8888888888889,27,0,19,30.539083153088207,0.6755401234567902,42.001488095238095,1031.9940476190475,38.22200176366842,0
639,4,0,0,27,0.0,0.0,1.0,27,1000,500,500,0.5,15,5,10,440.2848002869186,0.3515550807217474,-0.11564352187089366,0.26230945176714165,131977.17645000704,6221.508955144544,138198.6854051516,638,68,568.8888888888889,27,0,17,31.807416123581937,0.663966049382716,43.11755952380952,1027.5297619047615,38.0566578483245,3
640,4,0,0,27,0.0,0.0,1.0,27,950,700,250,0.7368421052631579,12,7,5,438.0896675429876,0.3516144349477683,-0.11681117921164252,0.2615285508832682,132053.64062942882,6170.267104237525,138223.90773366633,639,69,569.8888888888889,27,0,18,31.786140871579555,0.6647376543209876,43.04315476190476,1027.8273809523807,38.0676807760141,0
641,4,0,0,27,0.0,0.0,1.0,27,500,400,100,0.8,6,4,2,438.80476590817386,0.35119895536562207,-0.12248114375773977,0.2624850326977986,132130.12695312503,6195.865885416668,138325.9928385417,640,70,570.8888888888889,27,0,18,31.690096251266453,0.6655092592592593,42.96875,1028.1250000000002,38.07870370370371,0
642,4,0,0,27,0.0,0.0,1.0,27,750,500,250,0.6666666666666666,10,5,5,439.47038897367645,0.3503679962013295,-0.1149428983316989,0.26341542568925214,132206.63542109547,6220.180298681964,138426.81571977743,641,71,571.8888888888889,27,0,18,31.59531302754064,0.6662808641975309,42.894345238095234,1028.4226190476186,38.08972663139328,0
643,4,0,0,27,0.0,0.0,1.0,27,500,300,200,0.6,7,3,4,440.93337405692745,0.3505460588793922,-0.11552640603566544,0.2645600244341564,132244.89795918364,6262.2378117913795,138507.13577097503,642,72,572.8888888888889,27,0,18,31.518856095679006,0.6666666666666667,42.857142857142854,1028.5714285714282,38.09523809523808,0
644,4,0,0,27,0.0,0.0,1.0,27,350,300,50,0.8571428571428571,4,3,1,444.6800932647037,0.350664767331434,-0.11941002191255334,0.2670784956332666,132283.1660333405,6364.738121811235,138647.90415515174,643,73,573.8888888888889,27,0,18,31.383655190703514,0.6670524691358024,42.81994047619048,1028.7202380952388,38.100749559082914,0
645,4,0,0,27,0.0,0.0,1.0,27,700,500,200,0.7142857142857143,9,5,4,443.27687355341095,0.3501899335232668,-0.11817573176936891,0.2667762907416742,132359.7187898597,6334.400465915537,138694.11925577524,644,74,574.8888888888889,27,0,18,31.34204025066281,0.6678240740740741,42.745535714285715,1029.0178571428573,38.111772486772495,0
646,4,0,0,27,0.0,0.0,1.0,27,950,800,150,0.8421052631578947,11,8,3,445.4316949089382,0.3503679962013295,-0.11994067220321358,0.26861822438405597,132436.2936906532,6398.2645532171,138834.5582438703,645,75,575.8888888888889,27,0,18,31.20888752349284,0.6685956790123457,42.67113095238094,1029.315476190475,38.12279541446204,0
647,4,0,0,27,0.0,0.0,1.0,27,700,400,300,0.5714285714285714,10,4,6,443.27751757421134,0.35042735042735046,-0.11510976216858582,0.2678635060345822,132512.89073572127,6347.997050382638,138860.8877861039,646,76,576.8888888888889,27,0,19,31.186617767500113,0.6693672839506173,42.59672619047618,1029.6130952380945,38.13381834215165,0
648,4,0,0,27,0.0,0.0,1.0,27,600,300,300,0.5,9,3,6,442.34688763406734,0.3501899335232668,-0.11299507600085645,0.26757346699543233,132551.1975623582,6326.721938775503,138877.9195011337,647,77,577.8888888888889,27,0,20,31.171724470134865,0.6697530864197531,42.5595238095238,1029.7619047619041,38.13932980599645,0
649,4,0,0,27,0.0,0.0,1.0,27,500,500,0,1.0,5,5,0,451.77245885360384,0.3505460588793922,-0.11255132090883657,0.26566687597432054,131480.6990504535,6479.871740362812,137960.5707908163,648,78,578.8888888888889,27,0,21,32.01779841361966,0.6589506172839505,43.601190476190474,1025.5952380952378,37.985008818342145,3
650,4,0,0,27,0.0,0.0,1.0,27,500,300,200,0.6,7,3,4,464.71453380409673,0.35108024691358025,-0.10320286626447883,0.2579524296899585,129239.21407755795,6611.86822385202,135851.08230140997,649,79,579.8888888888889,27,0,18,33.98290770281478,0.6361882716049383,45.79613095238094,1016.8154761904749,37.65983245149907,5
651,4,0,0,27,0.0,0.0,1.0,27,1150,900,250,0.782608695652174,14,9,5,463.3990742325598,0.3512583095916429,-0.10283912697251851,0.25821185578875394,129390.57019292083,6591.894088364505,135982.46428128533,650,80,580.8888888888889,27,0,18,33.86064185071426,0.6377314814814814,45.64732142857142,1017.4107142857135,37.68187830687828,0
652,4,0,0,27,0.0,0.0,1.0,27,350,200,150,0.5714285714285714,5,2,3,463.1234654577706,0.35072412155745486,-0.10070087636627523,0.25830654623166677,129428.42306193305,6588.267963435368,136016.6910253684,651,81,581.8888888888889,27,0,15,33.82872672321341,0.6381172839506173,45.610119047619044,1017.5595238095233,37.68738977072309,0
653,4,0,0,27,0.0,0.0,1.0,27,700,600,100,0.8571428571428571,8,6,2,467.2488451264881,0.3496557454890788,-0.10762992198454846,0.2613613531897224,129542.01488538126,6705.671370110544,136247.6862554918,652,82,582.8888888888889,27,0,15,33.60695926521463,0.6392746913580247,45.498511904761905,1018.0059523809525,37.7039241622575,0
654,4,0,0,27,0.0,0.0,1.0,27,750,300,450,0.4,12,3,9,464.5327695966357,0.3496557454890788,-0.10574899223547851,0.26084715405159714,129693.54815493902,6649.3806246456925,136342.9287795847,653,83,583.8888888888889,27,0,15,33.520361577794006,0.6408179012345678,45.34970238095238,1018.6011904761903,37.725970017636676,0
655,4,0,0,27,0.0,0.0,1.0,27,300,200,100,0.6666666666666666,4,2,2,463.7716839952486,0.3495963912630579,-0.10480935148672832,0.260923970444985,129769.34800612954,6636.6698111536325,136406.01781728317,654,84,584.8888888888889,27,0,15,33.46188720120733,0.6415895061728395,45.27529761904762,1018.8988095238096,37.736992945326286,0
656,4,0,0,27,0.0,0.0,1.0,27,650,400,250,0.6153846153846154,9,4,5,482.4964066288768,0.34995251661918325,-0.11020804406967144,0.2608024234183434,128183.59672687088,6978.931093202737,135162.52782007362,655,85,585.8888888888889,26,1,18,34.621367977242706,0.6290064102564102,46.83641975308642,1012.6543209876542,38.94824311490977,5
657,4,0,0,27,0.0,0.0,1.0,27,850,600,250,0.7058823529411765,11,6,5,476.63250844529534,0.3503086419753086,-0.11468114985702926,0.25889542456246945,128379.01341735257,6837.922239369001,135216.9356567216,656,86,586.8888888888889,26,1,18,34.56772498857924,0.6310096153846154,46.64351851851852,1013.4259259259262,38.97792022792024,0
658,4,0,0,27,0.0,0.0,1.0,27,900,600,300,0.6666666666666666,12,6,6,477.58593319990933,0.35072412155745486,-0.11362611088555019,0.25966758354776537,128418.11461667433,6866.137021795467,135284.25163846978,657,87,587.8888888888889,26,1,18,34.50314656922453,0.6314102564102564,46.604938271604944,1013.5802469135806,38.98385565052233,0
659,4,0,1,26,0.0,0.037037037037037035,0.962962962962963,27,800,500,300,0.625,11,5,6,475.5252831225928,0.35108024691358025,-0.11975609206284787,0.2595641329469834,128574.57895137939,6828.092611644574,135402.67156302396,658,88,588.8888888888889,26,1,18,34.39370308378982,0.6330128205128205,46.45061728395062,1014.1975308641978,39.00759734093069,0
660,4,0,0,26,0.0,0.0,1.0,26,850,700,150,0.8235294117647058,10,7,3,481.0303053421518,0.3514102564102564,-0.10664308032729075,0.26214287182599444,128509.87541605032,7163.42892217292,135673.30433822324,659,89,588.2692307692307,25,1,18,34.32099863020916,0.63625,46.51442307692308,1013.942307692308,40.55769230769232,0
661,4,0,0,26,0.0,0.0,1.0,26,600,500,100,0.8333333333333334,7,5,2,480.30567347743516,0.3518269230769231,-0.10384007777372706,0.2625505106314477,128631.7723742604,7156.514012163059,135788.28638642345,660,90,589.2692307692307,25,1,18,34.21340179041601,0.6375,46.394230769230774,1014.4230769230772,40.57692307692309,0
662,4,0,0,26,0.0,0.0,1.0,26,550,400,150,0.7272727272727273,7,4,3,478.6881928076601,0.35250000000000004,-0.10322223977254774,0.2619338762891357,128672.41753472236,7118.793402777803,135791.21093750017,661,91,590.2692307692307,25,1,18,34.212440109514034,0.6379166666666667,46.35416666666668,1014.5833333333345,40.58333333333338,0
663,4,0,0,26,0.0,0.0,1.0,26,400,300,100,0.75,5,3,2,482.11632678063563,0.35304487179487176,-0.10607901258564523,0.2640796350497393,128713.06911571346,7210.934418145984,135924.00353385945,662,92,591.2692307692307,25,1,18,34.08349126131818,0.6383333333333333,46.314102564102576,1014.7435897435906,40.58974358974363,0
664,4,0,0,26,0.0,0.0,1.0,26,650,400,250,0.6153846153846154,9,4,5,478.8158672543635,0.35201923076923075,-0.10642199606519132,0.26280933303198784,128794.39153928342,7133.759656476012,135928.15119575942,663,93,592.2692307692307,25,1,18,34.0832543942743,0.6391666666666667,46.233974358974365,1015.064102564103,40.602564102564116,0
665,4,0,0,26,0.0,0.0,1.0,26,700,600,100,0.8571428571428571,8,6,2,484.1422553626702,0.3526923076923077,-0.10585872559369935,0.26709989179668986,128997.80995747041,7290.658129930968,136288.4680874014,664,94,593.2692307692307,25,1,18,33.73806988483988,0.64125,46.03365384615385,1015.8653846153845,40.63461538461538,0
666,4,0,0,26,0.0,0.0,1.0,26,750,600,150,0.8,9,6,3,488.56765668128,0.35323717948717953,-0.11234561898278717,0.26652208029992597,128550.50131492452,7361.1234385273065,135911.62475345182,665,95,594.2692307692307,25,1,18,34.08791613990729,0.6366666666666667,46.474358974358985,1014.1025641025651,40.564102564102605,2
667,4,0,0,26,0.0,0.0,1.0,26,800,400,400,0.5,12,4,8,481.18297930469237,0.3534294871794872,-0.10457724094087739,0.2531440891124684,127092.01388888879,7030.902777777761,134122.91666666654,666,96,595.2692307692307,25,1,20,35.78684573002755,0.6216666666666666,47.91666666666666,1008.3333333333325,40.3333333333333,2
668,4,0,0,26,0.0,0.0,1.0,26,400,300,100,0.75,5,3,2,481.18297930469237,0.35358974358974354,-0.10457724094087739,0.2531440891124684,127092.01388888879,7030.902777777761,134122.91666666654,667,97,596.2692307692307,25,1,20,35.78684573002755,0.6216666666666666,47.91666666666666,1008.3333333333325,40.3333333333333,0
669,4,0,0,26,0.0,0.0,1.0,26,550,500,50,0.9090909090909091,6,5,1,479.15406215833775,0.3540064102564102,-0.10334820064764472,0.252831083091931,127213.23669152692,6990.947824211044,134204.18451573796,668,98,597.2692307692307,25,1,20,35.712039978819185,0.6229166666666667,47.79647435897436,1008.8141025641023,40.352564102564095,0
670,4,0,0,26,0.0,0.0,1.0,26,650,400,250,0.6153846153846154,9,4,5,481.2616128763074,0.3544551282051282,-0.11007241686714597,0.2549593691764389,127374.95698245394,7060.135447485209,134435.09242993913,669,99,598.2692307692307,25,1,17,35.49091787056147,0.6245833333333333,47.63621794871795,1009.455128205128,40.37820512820512,0
671,4,0,0,26,0.0,0.0,1.0,26,800,500,300,0.625,11,5,6,477.36058134995585,0.35407051282051283,-0.10663420349284214,0.253907488966141,127536.7800018491,6976.206289036823,134512.98629088592,670,100,599.2692307692307,25,1,18,35.421459357977696,0.62625,47.47596153846154,1010.0961538461537,40.403846153846146,0
672,4,0,0,26,0.0,0.0,1.0,26,450,300,150,0.6666666666666666,6,3,3,481.3532971030565,0.35391025641025636,-0.10350337895532946,0.25680320571335663,127658.2146819527,7089.740507889551,134747.95518984224,671,101,600.2692307692307,25,1,18,35.19465588328577,0.6275,47.35576923076923,1010.5769230769233,40.423076923076934,0
673,4,0,0,26,0.0,0.0,1.0,26,800,500,300,0.625,11,5,6,482.0888420704491,0.35407051282051283,-0.10351745923333067,0.2574542190464289,127698.70574971246,7112.424237754787,134811.12998746725,672,102,601.2692307692307,25,1,18,35.13407721579198,0.6279166666666667,47.31570512820514,1010.7371794871804,40.42948717948721,0
674,4,0,0,26,0.0,0.0,1.0,26,500,300,200,0.6,7,3,4,481.4512195563282,0.35384615384615387,-0.10099507341105285,0.25737239770858655,127739.2032380015,7100.039036817919,134839.2422748194,673,103,602.2692307692307,25,1,18,35.108195941661386,0.6283333333333334,47.27564102564104,1010.8974358974375,40.4358974358975,0
675,4,0,0,26,0.0,0.0,1.0,26,550,300,250,0.5454545454545454,8,3,5,466.15462415878227,0.3545192307692308,-0.09731328962098207,0.23602144654776236,125521.3758680555,6502.4739583333285,132023.84982638882,674,104,603.2692307692307,25,1,18,37.80102217602218,0.6054166666666667,49.479166666666664,1002.0833333333329,40.083333333333314,4
676,4,0,0,26,0.0,0.0,1.0,26,400,200,200,0.5,6,2,4,464.5295638869153,0.35397435897435897,-0.09956704632112401,0.2354268956684577,125561.52664776461,6465.408242932277,132026.9348906969,675,105,604.2692307692307,25,1,18,37.79980812280141,0.6058333333333333,49.43910256410256,1002.2435897435896,40.089743589743584,0
677,4,0,0,26,0.0,0.0,1.0,26,650,500,150,0.7692307692307693,8,5,3,460.66340293756053,0.3540384615384615,-0.0967500061459795,0.23437655086042708,125722.19397189347,6383.122739973698,132105.31671186717,676,106,605.2692307692307,25,1,18,37.72904016192607,0.6074999999999999,49.27884615384615,1002.8846153846152,40.11538461538461,0
678,4,0,0,26,0.0,0.0,1.0,26,650,500,150,0.7692307692307693,8,5,3,461.3604223856569,0.3537179487179487,-0.09332940367423104,0.23610798086795387,125963.3875739645,6422.904339250496,132386.29191321498,677,107,606.2692307692307,25,1,20,37.46008939974458,0.61,49.03846153846154,1003.8461538461539,40.15384615384616,0
679,4,0,0,26,0.0,0.0,1.0,26,600,300,300,0.5,9,3,6,464.0071624111156,0.35397435897435897,-0.09687200766038928,0.2379270768959123,126043.83680555549,6497.0486111110995,132540.8854166666,678,108,607.2692307692307,25,1,20,37.30982019363761,0.6108333333333333,48.95833333333333,1004.1666666666661,40.16666666666664,0
680,4,0,0,26,0.0,0.0,1.0,26,450,200,250,0.4444444444444444,7,2,5,464.2758962257412,0.3548076923076923,-0.09497244418259276,0.23829787400874047,126084.07105214502,6507.559017504935,132591.63006964995,679,109,608.2692307692307,25,1,20,37.26114967288973,0.6112500000000001,48.91826923076923,1004.3269230769234,40.173076923076934,0
681,4,0,0,26,0.0,0.0,1.0,26,550,300,250,0.5454545454545454,8,3,5,468.21172965815776,0.35519230769230764,-0.09819379854473176,0.24078911675364983,126164.55880691159,6614.345260108486,132778.90406702008,680,110,609.2692307692307,25,1,20,37.078448184186755,0.6120833333333333,48.83814102564103,1004.647435897436,40.18589743589744,0
682,4,0,0,26,0.0,0.0,1.0,26,650,300,350,0.46153846153846156,10,3,7,469.90921704829975,0.355,-0.09852152759736432,0.24255060537659465,126315.16965782655,6671.33249504649,132986.50215287306,681,111,610.2692307692307,26,0,19,36.87890185242043,0.609775641025641,48.68827160493827,1005.246913580247,38.6633428300095,0
683,4,0,0,26,0.0,0.0,1.0,26,800,600,200,0.75,10,6,4,470.8342236195475,0.35596153846153844,-0.0978538036549087,0.24348855564325178,126392.7469135802,6702.006172839497,133094.7530864197,682,112,611.2692307692307,26,0,19,36.77486187845304,0.6105769230769231,48.61111111111111,1005.5555555555552,38.67521367521366,0
684,4,0,0,26,0.0,0.0,1.0,26,500,400,100,0.8,6,4,2,473.07802284908666,0.3553205128205128,-0.10292208558547966,0.2451130805191052,126470.34798430109,6766.068434689818,133236.4164189909,683,113,612.2692307692307,26,0,19,36.63764447171933,0.6113782051282051,48.53395061728394,1005.8641975308635,38.68708452041783,0
685,4,0,0,26,0.0,0.0,1.0,26,500,100,400,0.2,9,1,8,474.79671271193723,0.3559294871794872,-0.09984900852865886,0.24670512857327012,126586.794243446,6820.598755906098,133407.3929993521,684,114,613.2692307692307,26,0,19,36.473189183663045,0.6125801282051282,48.4182098765432,1006.3271604938261,38.704890788224084,0
686,4,0,0,26,0.0,0.0,1.0,26,700,500,200,0.7142857142857143,9,5,4,472.1055784189764,0.3558012820512821,-0.09536079434899036,0.2457737181186736,126664.45485158495,6759.799144566351,133424.2539961513,685,115,614.2692307692307,26,0,19,36.46008993816751,0.6133814102564102,48.34104938271604,1006.6358024691344,38.71676163342825,0
687,4,0,0,26,0.0,0.0,1.0,26,850,800,50,0.9411764705882353,9,8,1,470.73483947681314,0.35599358974358974,-0.09946949602122046,0.24552716447531625,126742.13927469135,6732.388117283946,133474.52739197528,686,116,615.2692307692307,26,0,19,36.41379310344827,0.6141826923076923,48.263888888888886,1006.9444444444443,38.72863247863248,0
688,4,0,0,26,0.0,0.0,1.0,26,450,200,250,0.4444444444444444,7,2,5,469.3131116814531,0.35599358974358974,-0.09912081177593679,0.24525273658485527,126819.84751276474,6703.643451836596,133523.49096460134,687,117,616.2692307692307,26,0,19,36.36880138910168,0.6149839743589743,48.18672839506172,1007.2530864197524,38.740503323836634,0
689,4,0,0,26,0.0,0.0,1.0,26,950,700,250,0.7368421052631579,12,7,5,467.59801036094456,0.35685897435897435,-0.09637177523854412,0.24505738424213228,126936.45452293858,6671.04671543972,133607.50123837832,688,118,617.2692307692307,26,0,19,36.29083716181725,0.6161858974358974,48.07098765432099,1007.716049382716,38.75830959164293,0
690,4,0,0,26,0.0,0.0,1.0,26,800,600,200,0.75,10,6,4,451.34901135693315,0.35705128205128206,-0.07037718491260359,0.23474467719855796,126625.62157064468,6230.469821673518,132856.0913923182,689,119,618.2692307692307,26,0,18,37.02276908923644,0.6129807692307692,48.379629629629626,1006.4814814814812,38.7108262108262,4
691,4,0,0,26,0.0,0.0,1.0,26,500,100,400,0.2,9,1,8,446.5797434040916,0.3566025641025641,-0.07383483816214464,0.23315035243640814,126780.99041685724,6123.564433775342,132904.5548506326,690,120,619.2692307692307,26,0,18,36.98156093574419,0.6145833333333333,48.22530864197531,1007.0987654320992,38.734567901234584,0
692,4,0,0,26,0.0,0.0,1.0,26,450,300,150,0.6666666666666666,6,3,3,446.5797434040916,0.3566025641025641,-0.07383483816214464,0.23315035243640814,126780.99041685724,6123.564433775342,132904.5548506326,691,121,620.2692307692307,26,0,18,36.98156093574419,0.6145833333333333,48.22530864197531,1007.0987654320992,38.734567901234584,0
693,4,0,0,26,0.0,0.0,1.0,26,700,500,200,0.7142857142857143,9,5,4,443.83737661197085,0.3561538461538461,-0.0696335201846533,0.23305030096699308,127014.22229843016,6074.731843468989,133088.95414189916,692,122,621.2692307692307,26,0,18,36.808851296182894,0.6169871794871795,47.99382716049383,1008.024691358025,38.77018043684712,0
694,4,0,0,26,0.0,0.0,1.0,26,450,400,50,0.8888888888888888,5,4,1,446.2959297015524,0.3557371794871795,-0.07264303123785742,0.2345656724650235,127053.11511678867,6140.657626505121,133193.77274329378,693,123,622.2692307692307,26,0,18,36.70659217307007,0.6173878205128205,47.955246913580254,1008.1790123456797,38.77611585944922,0
695,4,0,0,26,0.0,0.0,1.0,26,650,500,150,0.7692307692307693,8,5,3,446.7716264455172,0.3546474358974359,-0.06624421929607827,0.23571800823844602,127208.7459276406,6166.651663237311,133375.39759087792,694,124,623.2692307692307,26,0,18,36.53338687471315,0.6189903846153846,47.800925925925924,1008.7962962962963,38.79985754985755,0
696,4,0,0,26,0.0,0.0,1.0,26,950,600,350,0.631578947368421,13,6,7,443.6286436259744,0.3558012820512821,-0.06652123293309664,0.2349615350572874,127364.47199836149,6100.505591754298,133464.9775901158,695,125,624.2692307692307,26,0,17,36.45148550170719,0.6205929487179487,47.6466049382716,1009.4135802469133,38.82359924026589,0
697,4,0,0,26,0.0,0.0,1.0,26,400,400,0,1.0,4,4,0,461.0512583115899,0.35525641025641025,-0.08129851799576593,0.24395430658234604,127325.53155006857,6540.719307270228,133866.2508573388,696,126,625.2692307692307,26,0,19,36.05217889908258,0.6201923076923077,47.68518518518518,1009.2592592592591,38.817663817663814,3
698,4,0,0,26,0.0,0.0,1.0,26,700,500,200,0.7142857142857143,9,5,4,461.97413491041266,0.3553846153846154,-0.07809891117748047,0.24491367832932898,127403.41840039629,6571.416800030483,133974.83520042678,697,127,626.2692307692307,26,0,19,35.94816824620402,0.6209935897435898,47.608024691358025,1009.5679012345679,38.829534662868,0
699,4,0,0,26,0.0,0.0,1.0,26,600,400,200,0.6666666666666666,8,4,4,449.15779765544545,0.3563782051282051,-0.049572781613566264,0.22313111467564845,124730.08413827924,6004.697978585586,130734.78211686482,698,128,627.2692307692307,26,0,19,39.05324682012462,0.593349358974359,50.27006172839506,998.9197530864199,38.41999050332384,7
700,4,0,0,26,0.0,0.0,1.0,26,300,300,0,1.0,3,3,0,447.92701854684714,0.35628205128205126,-0.05068795893633726,0.2227250013880406,124768.62568587107,5977.447702331959,130746.07338820303,699,129,628.2692307692307,26,0,19,39.043674698795186,0.59375,50.23148148148148,999.0740740740741,38.42592592592593,0
701,4,0,0,26,0.0,0.0,1.0,26,850,600,250,0.7058823529411765,11,6,5,451.457442707273,0.3563782051282051,-0.057558698827804955,0.22510314522055477,124884.28605109738,6075.988082990397,130960.27413408778,700,130,629.2692307692307,26,0,19,38.83452987494211,0.5949519230769231,50.11574074074074,999.537037037037,38.44373219373219,0
702,4,0,0,26,0.0,0.0,1.0,26,900,800,100,0.8888888888888888,10,8,2,451.85485527006136,0.3550641025641026,-0.06087864619182104,0.2263464584127154,125077.17240131079,6103.34552659656,131180.51792790735,701,131,630.2692307692307,26,0,20,38.622981590044226,0.5969551282051282,49.92283950617284,1000.3086419753088,38.473409306742646,0
703,4,0,0,26,0.0,0.0,1.0,26,550,500,50,0.9090909090909091,6,5,1,458.50080828315384,0.35496794871794873,-0.0693161470870739,0.23074435557275538,125270.20759506927,6287.298287227537,131557.5058822968,702,132,631.2692307692307,26,0,16,38.25503571245053,0.5989583333333333,49.72993827160493,1001.0802469135796,38.50308641975306,0
704,4,1,0,27,0.037037037037037035,0.0,1.0,27,150,100,50,0.6666666666666666,2,1,1,434.67955704790563,0.36449430199430194,-0.09233153616593304,0.22107966301478027,125707.84449847654,5528.526032808964,131236.3705312855,703,0,608.8518518518518,27,0,18,38.39544071820745,0.5999228395061729,49.293154761904766,1002.8273809523814,37.1417548500882,6
705,4,0,0,27,0.0,0.0,1.0,27,600,300,300,0.5,9,3,6,433.24146554077277,0.3650284900284901,-0.09477964611495737,0.22054739257891295,125745.15483276639,5495.603032879812,131240.7578656462,704,1,609.8518518518518,27,0,18,38.39268051434226,0.6003086419753086,49.25595238095238,1002.97619047619,37.14726631393297,0
706,4,0,0,27,0.0,0.0,1.0,27,700,400,300,0.5714285714285714,10,4,6,435.6440380553549,0.3650878442545109,-0.10394973858793588,0.22257449944282678,125894.45153061222,5569.033446712012,131463.48497732423,705,2,610.8518518518518,27,0,18,38.17714511664688,0.6018518518518519,49.107142857142854,1003.5714285714284,37.169312169312164,0
707,4,0,0,27,0.0,0.0,1.0,27,550,400,150,0.7272727272727273,7,4,3,433.32109533081666,0.36591880341880345,-0.09746241943099343,0.2217893861230417,125969.13309594672,5517.016546201811,131486.14964214852,706,3,611.8518518518518,27,0,19,38.15779721316335,0.6026234567901234,49.032738095238095,1003.8690476190477,37.180335097001766,0
708,4,0,0,27,0.0,0.0,1.0,27,700,500,200,0.7142857142857143,9,5,4,432.8443998146085,0.3650878442545109,-0.09465325452879159,0.22214957067291186,126081.19696446281,5514.708005598067,131595.9049700609,707,4,612.8518518518518,27,0,20,38.053322714476224,0.6037808641975309,48.92113095238095,1004.3154761904758,37.196869488536144,0
709,4,0,0,27,0.0,0.0,1.0,27,300,200,100,0.6666666666666666,4,2,2,437.62395915341517,0.3655033238366572,-0.10169138179803261,0.22501137458070872,126155.93389048317,5641.771851969938,131797.7057424531,708,5,613.8518518518518,27,0,20,37.85565718658964,0.6045524691358024,48.84672619047618,1004.6130952380943,37.20789241622571,0
710,4,0,0,27,0.0,0.0,1.0,27,850,600,250,0.7058823529411765,11,6,5,436.6094069963609,0.3656813865147199,-0.100724947630485,0.22510381182087183,126268.08080002829,5625.966376133782,131894.04717616207,709,6,614.8518518518518,27,0,18,37.764657980456036,0.6057098765432098,48.735119047619044,1005.0595238095233,37.224426807760125,0
711,4,0,0,27,0.0,0.0,1.0,27,450,300,150,0.6666666666666666,6,3,3,439.534745949569,0.3650284900284901,-0.10315110847970532,0.2270257449262451,126342.87308673459,5706.416524943296,132049.28961167787,710,7,615.8518518518518,27,0,18,37.613479376356814,0.6064814814814814,48.66071428571428,1005.357142857142,37.235449735449706,0
712,4,0,0,27,0.0,0.0,1.0,27,750,600,150,0.8,9,6,3,439.65912047856455,0.3650284900284901,-0.0985169839860578,0.2275050793410521,126417.68751771546,5716.137861394561,132133.82537911003,711,8,616.8518518518518,27,0,18,37.53267732070632,0.6072530864197531,48.586309523809526,1005.6547619047622,37.246472663139336,0
713,4,0,0,27,0.0,0.0,1.0,27,700,400,300,0.5714285714285714,10,4,6,439.7325023633627,0.36544396961063624,-0.09695375849221988,0.22795948742149785,126492.52409297047,5724.574829931967,132217.09892290243,712,9,617.8518518518518,27,0,18,37.453155818540424,0.6080246913580247,48.51190476190476,1005.9523809523806,37.25749559082891,0
714,4,0,0,27,0.0,0.0,1.0,27,700,400,300,0.5714285714285714,10,4,6,442.77702119895605,0.36479107312440645,-0.09872163368098341,0.2305917281301722,126679.71241230865,5818.17314165249,132497.88555396115,713,10,618.8518518518518,27,0,19,37.182341709780715,0.6099537037037037,48.325892857142854,1006.6964285714284,37.285052910052904,0
715,4,0,0,27,0.0,0.0,1.0,27,250,100,150,0.4,4,1,3,442.67081735093024,0.3643755935422602,-0.10022494786792091,0.23096017124238563,126754.62649252397,5822.114822491481,132576.74131501545,714,11,619.8518518518518,27,0,19,37.10731614206197,0.6107253086419753,48.25148809523809,1006.9940476190466,37.296075837742464,0
716,4,0,0,27,0.0,0.0,1.0,27,800,600,200,0.75,10,6,4,440.8029610015734,0.3633072174738841,-0.0949864031559996,0.2304088990748763,126829.56271701379,5781.369357638879,132610.93207465266,715,12,620.8518518518518,27,0,19,37.07665460186143,0.6114969135802469,48.17708333333333,1007.2916666666658,37.307098765432066,0
717,4,0,0,27,0.0,0.0,1.0,27,800,600,200,0.75,10,6,4,440.5344982103459,0.3623575498575498,-0.08818029721484122,0.2313318365020837,127017.00015943861,5791.074085884328,132808.07424532293,716,13,621.8518518518518,27,0,19,36.889208739297324,0.6134259259259259,47.991071428571416,1008.035714285713,37.33465608465604,0
718,4,0,0,27,0.0,0.0,1.0,27,900,700,200,0.7777777777777778,11,7,4,439.6757784387729,0.3620607787274454,-0.08936544630804621,0.2315215812338432,127129.52905771673,5779.154930201229,132908.68398791796,717,14,622.8518518518518,27,0,19,36.794335005656386,0.6145833333333333,47.87946428571428,1008.482142857142,37.351190476190446,0
719,4,0,0,27,0.0,0.0,1.0,27,750,600,150,0.8,9,6,3,443.4803038609133,0.3626543209876543,-0.09269092100950505,0.23417417914151017,127242.1077806121,5885.873724489775,133127.98150510187,718,15,623.8518518518518,27,0,19,36.581858407079636,0.6157407407407407,47.76785714285713,1008.9285714285703,37.367724867724824,0
720,4,0,0,27,0.0,0.0,1.0,27,500,100,400,0.2,9,1,8,423.4695319576373,0.3620607787274454,-0.08453601406721745,0.20764267386912538,124182.88734764737,5117.5338364512445,129300.42118409861,719,16,624.8518518518518,27,0,21,40.2663730466806,0.5841049382716049,50.81845238095238,996.7261904761903,36.91578483245149,7
721,4,0,0,27,0.0,0.0,1.0,27,400,200,200,0.5,6,2,4,423.4695319576373,0.3620607787274454,-0.08453601406721745,0.20764267386912538,124182.88734764737,5117.5338364512445,129300.42118409861,720,17,625.8518518518518,27,0,21,40.2663730466806,0.5841049382716049,50.81845238095238,996.7261904761903,36.91578483245149,0
722,4,0,0,27,0.0,0.0,1.0,27,650,400,250,0.6153846153846154,9,4,5,424.0588104254845,0.3627730294396961,-0.08327252625760073,0.2082986825403772,124257.0595946712,5138.460175736962,129395.51977040817,721,18,626.8518518518518,27,0,21,40.17412935323383,0.5848765432098766,50.74404761904762,997.0238095238095,36.926807760141095,0
723,4,0,0,27,0.0,0.0,1.0,27,850,500,350,0.5882352941176471,12,5,7,422.2270588592188,0.3643162393162393,-0.08354468148590166,0.207949153235367,124368.35948572142,5102.337328160444,129470.69681388186,722,19,627.8518518518518,27,0,22,40.10346735292656,0.586033950617284,50.63244047619048,997.4702380952385,36.9433421516755,0
724,4,0,0,27,0.0,0.0,1.0,27,700,600,100,0.8571428571428571,8,6,2,422.2270588592188,0.3643162393162393,-0.08354468148590166,0.207949153235367,124368.35948572142,5102.337328160444,129470.69681388186,723,20,628.8518518518518,27,0,22,40.10346735292656,0.586033950617284,50.63244047619048,997.4702380952385,36.9433421516755,0
725,4,0,0,27,0.0,0.0,1.0,27,900,500,400,0.5555555555555556,13,5,8,421.32835892451635,0.3644349477682811,-0.0853630248202274,0.20805802466478698,124479.70920138893,5089.366319444449,129569.07552083339,724,21,629.8518518518518,27,0,22,40.009568545581054,0.5871913580246914,50.520833333333336,997.9166666666671,36.959876543209894,0
726,4,0,0,27,0.0,0.0,1.0,27,500,300,200,0.6,7,3,4,423.453301516288,0.3639601139601139,-0.08595596192495403,0.20947822614832284,124553.97002551016,5148.5579648526,129702.52799036277,725,22,630.8518518518518,27,0,22,39.879000198767635,0.587962962962963,50.44642857142857,998.2142857142853,36.970899470899454,0
727,4,0,0,27,0.0,0.0,1.0,27,550,300,250,0.5454545454545454,8,3,5,424.1471041062457,0.36360398860398857,-0.08934377812004857,0.21000759567887822,124591.10874167364,5168.991594033431,129760.10033570707,726,23,631.8518518518518,27,0,22,39.822905798181544,0.5883487654320987,50.40922619047618,998.3630952380943,36.97641093474423,0
728,4,0,0,27,0.0,0.0,1.0,27,750,600,150,0.8,9,6,3,422.6681687291615,0.3642568850902184,-0.07910652010771191,0.20983348731583804,124702.55810657592,5141.5603741496525,129844.11848072556,727,24,632.8518518518518,27,0,22,39.74349423917362,0.5895061728395061,50.297619047619044,998.8095238095234,36.992945326278644,0
729,4,0,0,27,0.0,0.0,1.0,27,800,600,200,0.75,10,6,4,421.0759410506147,0.3641381766381766,-0.07783569123852085,0.20960155256893082,124814.05729609545,5111.239326459738,129925.29662255518,728,25,633.8518518518518,27,0,22,39.666945892280964,0.5906635802469136,50.1860119047619,999.2559523809517,37.00947971781303,0
730,4,0,0,27,0.0,0.0,1.0,27,1150,1000,150,0.8695652173913043,13,10,3,421.71825584881503,0.36354463437796775,-0.07653182121267244,0.21104753518688657,125037.20514898663,5146.0944143282195,130183.29956331485,729,26,634.8518518518518,27,0,22,39.41827233050637,0.5929783950617284,49.96279761904761,1000.1488095238092,37.04254850088182,0
731,4,0,0,27,0.0,0.0,1.0,27,500,300,200,0.6,7,3,4,422.9055465058794,0.3643755935422602,-0.07557230043845142,0.21221021602280088,125148.85381235814,5185.228883219935,130334.08269557808,730,27,635.8518518518518,27,0,23,39.2722585762443,0.5941358024691358,49.85119047619047,1000.595238095237,37.059082892416185,0
732,4,0,0,27,0.0,0.0,1.0,27,1100,800,300,0.7272727272727273,14,8,6,434.241645958714,0.3648504273504274,-0.05067136101618841,0.20894228076847515,123384.88082990384,5351.201586601698,128736.08241650554,731,28,636.8518518518518,26,1,17,40.834692451071774,0.5793269230769231,51.62037037037036,993.5185185185173,38.212250712250665,6
733,4,0,0,27,0.0,0.0,1.0,27,800,500,300,0.625,11,5,6,432.255750975842,0.3653846153846154,-0.05740999499732624,0.20855125783036674,123499.89819101497,5276.708247599428,128776.6064386144,732,29,637.8518518518518,26,1,18,40.76327433628318,0.5805288461538461,51.50462962962962,993.9814814814805,38.23005698005694,0
734,4,0,0,27,0.0,0.0,1.0,27,950,900,50,0.9473684210526315,10,9,1,433.00883109926195,0.36752136752136755,-0.06318353092546636,0.21024404690723186,123768.48041457088,5318.569006249039,129087.04942081991,733,30,638.8518518518518,26,1,20,40.46280500413566,0.5833333333333333,51.23456790123456,995.0617283950611,38.27160493827158,0
735,4,0,0,27,0.0,0.0,1.0,27,750,600,150,0.8,9,6,3,433.7790713587021,0.36894586894586895,-0.06277522290543536,0.2111931161762254,123883.67638793624,5347.629220012185,129231.30560794842,734,31,639.8518518518518,26,1,20,40.32288275719528,0.5845352564102564,51.11882716049382,995.5246913580243,38.28941120607786,0
736,4,0,0,27,0.0,0.0,1.0,27,550,400,150,0.7272727272727273,7,4,3,438.1926086728178,0.3690645773979107,-0.06198667286533355,0.21373068055674163,123960.50347222215,5463.715277777773,129424.21874999991,735,32,640.8518518518518,26,1,20,40.13249651324967,0.5853365384615384,51.041666666666664,995.8333333333327,38.30128205128203,0
737,4,0,0,27,0.0,0.0,1.0,27,600,500,100,0.8333333333333334,7,5,2,438.75499233012266,0.3701329534662868,-0.06684565606498671,0.2145910780669145,124075.78875171463,5487.774348422494,129563.56310013712,736,33,641.8518518518518,26,1,22,39.99767657992566,0.5865384615384616,50.925925925925924,996.296296296296,38.31908831908831,0
738,4,0,0,27,0.0,0.0,1.0,27,850,600,250,0.7058823529411765,11,6,5,439.8943005892251,0.3690645773979107,-0.06272040735579998,0.21573859434364503,124191.1276148834,5526.193844307263,129717.32145919066,737,34,642.8518518518518,26,1,16,39.848467254993025,0.5877403846153846,50.81018518518518,996.7592592592592,38.33689458689459,0
739,4,0,0,27,0.0,0.0,1.0,27,400,200,200,0.5,6,2,4,439.8943005892251,0.3690645773979107,-0.06272040735579998,0.21573859434364503,124191.1276148834,5526.193844307263,129717.32145919066,738,35,643.8518518518518,26,1,16,39.848467254993025,0.5877403846153846,50.81018518518518,996.7592592592592,38.33689458689459,0
740,4,0,0,27,0.0,0.0,1.0,27,650,300,350,0.46153846153846156,10,3,7,441.25976676158615,0.36977682811016144,-0.05736098215206864,0.21700309077727326,124306.52006172838,5570.293209876539,129876.81327160493,739,36,644.8518518518518,26,1,17,39.693593314763234,0.5889423076923077,50.69444444444444,997.2222222222222,38.35470085470085,0
741,4,0,0,27,0.0,0.0,1.0,27,650,500,150,0.7692307692307693,8,5,3,442.9157527448287,0.37025166191832853,-0.05502841950861781,0.2182170294011108,124383.47812833413,5618.280368846211,130001.75849718034,740,37,645.8518518518518,26,1,17,39.57173061056105,0.5897435897435898,50.617283950617285,997.5308641975312,38.366571699905045,0
742,4,0,0,27,0.0,0.0,1.0,27,500,200,300,0.4,8,2,6,441.8042538530694,0.3701329534662868,-0.052934605138781454,0.21786914577880193,124421.96609224964,5594.030778463643,130015.99687071328,741,38,646.8518518518518,26,1,17,39.55916473317866,0.5901442307692308,50.5787037037037,997.685185185185,38.372507122507116,0
743,4,0,0,27,0.0,0.0,1.0,27,550,400,150,0.7272727272727273,7,4,3,435.2934892912461,0.3697174738841405,-0.07532426941709625,0.2022834450235791,121894.53125,5211.979166666668,127106.51041666667,742,39,647.8518518518518,27,0,20,42.37869198312237,0.5601851851851851,53.125,987.5,36.574074074074076,6
744,4,0,0,27,0.0,0.0,1.0,27,550,400,150,0.7272727272727273,7,4,3,435.8803788505678,0.36953941120607786,-0.07687542899234945,0.20272866674360318,121931.27136922473,5229.489751629807,127160.76112085454,743,40,648.8518518518518,27,0,20,42.32537918738385,0.560570987654321,53.08779761904761,987.6488095238092,36.57958553791886,0
745,4,1,0,28,0.03571428571428571,0.0,1.0,28,750,400,350,0.5333333333333333,11,4,7,421.99387137932115,0.3779210758377425,-0.07462438781439384,0.19788867919449915,122285.01948738274,4720.705757035275,127005.72524441802,744,0,626.6428571428571,28,0,20,42.29523774937053,0.5610119047619048,52.729885057471265,989.080459770115,35.32430213464696,0
746,4,0,0,28,0.0,0.0,1.0,28,500,400,100,0.8,6,4,2,420.75424455070817,0.3777281746031746,-0.07021027310619399,0.19812549492206608,122462.72057487776,4705.341896221427,127168.0624710992,745,1,627.6428571428571,28,0,17,42.13873566555378,0.5628720238095238,52.55028735632184,989.7988505747123,35.349958949096866,1
747,4,0,0,28,0.0,0.0,1.0,28,750,600,150,0.8,9,6,3,419.604092424862,0.37745260141093473,-0.07018989572320045,0.19791182757698303,122533.83713585004,4683.13990454483,127216.97704039488,746,2,628.6428571428571,28,0,19,42.092342669182024,0.5636160714285714,52.47844827586206,990.0862068965506,35.360221674876804,0
748,4,0,0,28,0.0,0.0,1.0,28,850,600,250,0.7058823529411765,11,6,5,421.86959891974146,0.37690145502645506,-0.0764359245220485,0.1999748882302034,122747.31067925101,4756.671744946513,127503.98242419751,747,3,629.6428571428571,28,0,20,41.81165724227926,0.5658482142857143,52.26293103448277,990.9482758620699,35.39100985221678,0
749,4,1,0,29,0.034482758620689655,0.0,1.0,29,1150,1100,50,0.9565217391304348,12,11,1,410.3594676630063,0.3854679802955665,-0.0598736001774034,0.19739753007353633,123373.38204089516,4325.487075617297,127698.86911651245,748,0,608.8965517241379,29,0,19,41.43992613821705,0.5693247126436782,51.63194444444445,993.4722222222231,34.25766283524907,0
750,4,1,0,30,0.03333333333333333,0.0,1.0,30,900,700,200,0.7777777777777778,11,7,4,401.4186150833677,0.39609674329501915,-0.0509203006165343,0.1954837397713678,123893.5882219043,3946.638520349173,127840.22674225346,749,0,589.5666666666667,30,0,21,41.11791773547544,0.571875,51.108870967741936,995.5645161290325,33.18548387096775,0
751,4,1,0,31,0.03225806451612903,0.0,1.0,31,1000,700,300,0.7,13,7,6,395.52606302721256,0.40425627240143375,-0.0439373454801224,0.19456224256425314,124317.34085083018,3634.149678548192,127951.49052937837,750,0,571.516129032258,31,0,17,40.822480088784445,0.5735887096774194,50.68359375000001,997.2656250000008,32.169858870967765,0
752,4,0,0,31,0.0,0.0,1.0,31,650,400,250,0.6153846153846154,9,4,5,396.81622989013925,0.40456989247311825,-0.04042258443477842,0.19549897988349577,124382.27547539616,3671.3811238606954,128053.65659925686,751,1,572.516129032258,31,0,17,40.722626506548316,0.574260752688172,50.61848958333334,997.5260416666677,32.17825940860218,0
753,4,0,0,31,0.0,0.0,1.0,31,1100,800,300,0.7272727272727273,14,8,6,394.8717906853785,0.40434587813620076,-0.03553940128224509,0.1955992823627573,124609.68017578135,3640.969509548625,128250.64968532998,752,2,573.516129032258,31,0,17,40.534254912189176,0.5766129032258065,50.39062500000001,998.4375000000008,32.207661290322605,0
754,4,0,0,31,0.0,0.0,1.0,31,600,400,200,0.6666666666666666,8,4,4,396.3052173336574,0.4038530465949821,-0.035530134163267,0.196614554783257,124674.69109429256,3681.8461100260456,128356.5372043186,753,3,574.516129032258,31,0,17,40.430790960451965,0.5772849462365591,50.325520833333336,998.697916666667,32.216061827957,0
755,4,0,1,30,0.0,0.03225806451612903,0.967741935483871,31,750,300,450,0.4,12,3,9,396.6484030875921,0.40376344086021504,-0.03713545696121656,0.1970910977000005,124739.71896701398,3695.5620659722313,128435.28103298621,754,4,575.516129032258,31,0,17,40.35453597497391,0.5779569892473118,50.26041666666667,998.9583333333342,32.22446236559143,0
756,4,0,0,30,0.0,0.0,1.0,30,800,600,200,0.75,10,6,4,408.9995634445491,0.3989942528735632,-0.029205921938088686,0.20286159922516697,124664.20431552791,4197.521028442608,128861.72534397052,755,5,595.3666666666667,30,0,17,40.1247756841633,0.5798611111111112,50.33602150537635,998.6559139784955,33.28853046594985,0
757,4,0,1,29,0.0,0.03333333333333333,0.9666666666666667,30,1000,700,300,0.7,13,7,6,409.2634519008511,0.399066091954023,-0.03295653344099003,0.20315542492152497,124697.76356009385,4206.847431784055,128904.61099187791,756,6,596.3666666666667,30,0,17,40.08320997622573,0.5802083333333333,50.302419354838726,998.7903225806468,33.293010752688225,0
758,4,0,0,29,0.0,0.0,1.0,29,900,600,300,0.6666666666666666,12,6,6,419.09788833618364,0.3959872742200328,-0.017545794043059004,0.20833248865253415,124757.06259645063,4657.084297839508,129414.14689429014,757,7,611.3103448275862,29,0,17,39.775794754159136,0.5836925287356323,50.24305555555556,999.0277777777778,34.4492337164751,0
759,4,0,0,29,0.0,0.0,1.0,29,800,500,300,0.625,11,5,6,418.5375497095507,0.39629515599343185,-0.020131718961203582,0.2082267726563284,124791.75347222226,4646.006944444448,129437.76041666672,758,8,612.3103448275862,29,0,18,39.75361412288017,0.584051724137931,50.208333333333336,999.1666666666671,34.45402298850576,0
760,4,0,0,29,0.0,0.0,1.0,29,1000,600,400,0.6,14,6,8,422.34667390417815,0.39639778325123154,-0.022423136076813677,0.2106465011842253,124895.85503472228,4749.869791666675,129645.72482638895,759,9,613.3103448275862,29,0,18,39.54989926358205,0.5851293103448276,50.10416666666667,999.5833333333338,34.46839080459772,0
761,4,0,0,29,0.0,0.0,1.0,29,400,200,200,0.5,6,2,4,423.2638888888888,0.39521756978653527,-0.012068965517241459,0.21163194444444455,125000.0000000001,4781.597222222236,129781.59722222234,760,10,614.3103448275862,29,0,18,39.41840277777778,0.5862068965517242,50.00000000000001,1000.0000000000008,34.48275862068968,0
762,4,0,0,29,0.0,0.0,1.0,29,750,500,250,0.6666666666666666,10,5,5,443.27886245198107,0.39521756978653527,-0.018256743504146078,0.2220221180137188,125071.84940216668,5327.4039255515845,130399.25332771827,761,11,615.3103448275862,28,1,20,38.84300488365411,0.5900297619047619,49.928160919540225,1000.2873563218387,35.72454844006567,6
763,4,0,0,29,0.0,0.0,1.0,29,800,500,300,0.625,11,5,6,443.27886245198107,0.39521756978653527,-0.018256743504146078,0.2220221180137188,125071.84940216668,5288.341425551583,130360.19082771827,762,12,616.3103448275862,28,1,20,38.84300488365411,0.5900297619047619,49.928160919540225,1000.2873563218387,35.72454844006567,0
764,4,0,0,29,0.0,0.0,1.0,29,600,300,300,0.5,9,3,6,443.7991759375613,0.39485837438423643,-0.012666125294618968,0.22266696406550268,125143.7194477474,5307.735912934334,130451.45536068174,763,13,617.3103448275862,28,1,20,38.75496601569977,0.5907738095238095,49.85632183908046,1000.5747126436783,35.73481116584565,0
765,4,0,0,29,0.0,0.0,1.0,29,650,500,150,0.7692307692307693,8,5,3,442.7964206902244,0.395628078817734,-0.010910448189727084,0.2225098331585603,125208.42013888876,5288.368055555537,130496.78819444429,764,14,618.3103448275862,29,0,20,38.71253122398002,0.5883620689655172,49.79166666666666,1000.8333333333322,34.511494252873526,0
766,4,0,0,29,0.0,0.0,1.0,29,850,600,250,0.7058823529411765,11,6,5,442.33271318328843,0.39506362889983576,-0.014636876318395053,0.22283553664139263,125312.6953125001,5285.980902777791,130598.6762152779,765,15,619.3103448275862,29,0,19,38.615359273130814,0.5894396551724138,49.68750000000001,1001.2500000000008,34.525862068965544,1
767,4,0,0,29,0.0,0.0,1.0,29,750,400,350,0.5333333333333333,11,4,7,439.0796038218087,0.39542282430213466,-0.012050554947183212,0.22156774129874487,125382.23620756176,5210.556520061733,130592.79272762348,766,16,620.3103448275862,29,0,19,38.624295058475475,0.5901580459770115,49.61805555555556,1001.5277777777779,34.53544061302683,0
768,4,0,0,29,0.0,0.0,1.0,29,400,200,200,0.5,6,2,4,438.5501407922434,0.39506362889983576,-0.004876253125343677,0.2216721909975089,125451.79639274695,5203.3805941358105,130655.17698688277,767,17,621.3103448275862,29,0,19,38.5650619252276,0.5908764367816092,49.548611111111114,1001.8055555555559,34.545019157088134,0
769,4,0,0,29,0.0,0.0,1.0,29,750,500,250,0.6666666666666666,10,5,5,437.69551780932915,0.3942426108374384,-0.008887062634679532,0.2219851406907892,125590.97463348774,5194.121334876557,130785.0959683643,768,18,622.3103448275862,29,0,19,38.441498083229426,0.5923132183908046,49.40972222222223,1002.3611111111119,34.56417624521075,0
770,4,0,0,29,0.0,0.0,1.0,29,650,600,50,0.9230769230769231,7,6,1,440.64272066666115,0.3936781609195403,-0.010029611233164815,0.22404510163473915,125695.40895061742,5277.353395061746,130972.76234567916,769,19,623.3103448275862,29,0,19,38.25888734995384,0.5933908045977012,49.305555555555564,1002.777777777779,34.57854406130272,0
771,4,0,0,29,0.0,0.0,1.0,29,700,500,200,0.7142857142857143,9,5,4,441.52382424035056,0.3934215927750411,-0.0011456065986941155,0.22525198490906018,125834.72222222229,5311.805555555566,131146.52777777787,770,20,624.3103448275862,29,0,19,38.091777408637874,0.5948275862068966,49.16666666666667,1003.3333333333339,34.597701149425305,0
772,4,0,1,28,0.0,0.034482758620689655,0.9655172413793104,29,650,500,150,0.7692307692307693,8,5,3,440.76618037279246,0.39326765188834156,0.005153089706703362,0.22543646040723092,125939.2578125001,5301.953125000013,131241.21093750012,771,21,625.3103448275862,29,0,19,38.00202366127024,0.5959051724137931,49.06250000000001,1003.7500000000008,34.61206896551727,0
773,4,0,0,28,0.0,0.0,1.0,28,750,600,150,0.8,9,6,3,454.1876612888292,0.3854993386243386,0.018539923487653542,0.23167220151788856,125827.51447103318,5829.860904676975,131657.37537571017,772,23,647.8928571428571,28,0,19,37.78163635495727,0.5978422619047619,49.173850574712645,1003.3045977011495,35.83230706075534,0
774,4,0,0,28,0.0,0.0,1.0,28,700,300,400,0.42857142857142855,11,3,8,455.9050506530764,0.3859402557319224,0.01883116883116842,0.2329551410981521,125899.60127246002,5879.652819064599,131779.2540915246,773,24,648.8928571428571,28,0,19,37.6634454784061,0.5985863095238095,49.10201149425287,1003.5919540229884,35.8425697865353,0
775,4,1,1,28,0.034482758620689655,0.034482758620689655,0.9655172413793104,29,700,600,100,0.8571428571428571,8,6,2,443.66546417185157,0.39460180623973723,0.008290728202293707,0.22885295539641423,126288.02324459887,5405.926890432116,131693.950135031,774,0,627.4827586206897,29,0,17,37.56664248537608,0.5994971264367817,48.715277777777786,1005.1388888888897,34.65996168582378,0
776,4,0,0,28,0.0,0.0,1.0,28,850,600,250,0.7058823529411765,11,6,5,454.6964893025239,0.3855544532627866,0.020586913444055943,0.23397296171394774,126188.1549123068,5875.462206037786,132063.61711834458,775,26,650.8928571428571,28,0,19,37.39334572667906,0.6015625,48.814655172413794,1004.7413793103449,35.883620689655174,0
777,4,0,0,28,0.0,0.0,1.0,28,1250,1000,250,0.8,15,10,5,456.16306143313824,0.38566468253968256,0.025911365260900432,0.23514079695834958,126260.34493080333,5919.06109624786,132179.40602705118,776,27,651.8928571428571,28,0,20,37.28139147009769,0.6023065476190477,48.742816091954026,1005.0287356321843,35.893883415435155,0
778,4,0,0,28,0.0,0.0,1.0,28,550,500,50,0.9090909090909091,6,5,1,458.09601747153346,0.38508597883597884,0.03078430572000168,0.23676188554400213,126368.66866494906,5977.796769718576,132346.46543466763,777,28,652.8928571428571,28,0,18,37.120129560826896,0.6034226190476191,48.63505747126436,1005.4597701149419,35.90927750410507,0
779,4,0,0,28,0.0,0.0,1.0,28,850,700,150,0.8235294117647058,10,7,3,453.9771199014297,0.3853339947089947,0.028839680953060665,0.2356709985670656,126549.31143892862,5890.098386510781,132439.4098254394,778,29,653.8928571428571,28,0,19,37.035913180065684,0.6052827380952381,48.45545977011495,1006.178160919541,35.93493431855504,0
780,4,0,0,28,0.0,0.0,1.0,28,600,500,100,0.8333333333333334,7,5,2,450.4735511154789,0.384645061728395,0.024540190041189236,0.2344738260858131,126657.75903355786,5811.194097635083,132468.95313119295,779,30,654.8928571428571,28,0,19,37.01143067846608,0.6063988095238095,48.34770114942528,1006.6091954022983,35.95032840722494,0
781,4,0,0,28,0.0,0.0,1.0,28,700,400,300,0.5714285714285714,10,4,6,450.4735511154789,0.384645061728395,0.024540190041189236,0.2344738260858131,126657.75903355786,5811.194097635083,132468.95313119295,780,31,655.8928571428571,28,0,19,37.01143067846608,0.6063988095238095,48.34770114942528,1006.6091954022983,35.95032840722494,0
782,4,0,0,28,0.0,0.0,1.0,28,650,500,150,0.7692307692307693,8,5,3,446.89530546335914,0.3851410934744268,0.026594660688812333,0.23343786075246986,126802.42807834578,5733.481965913583,132535.91004425936,781,32,656.8928571428571,28,0,19,36.951378982406084,0.6078869047619048,48.20402298850574,1007.1839080459762,35.970853858784864,0
783,4,0,0,28,0.0,0.0,1.0,28,850,600,250,0.7058823529411765,11,6,5,447.5941270503952,0.38571979717813054,0.02466338025299919,0.23442700619898577,126910.98405089829,5760.922223873678,132671.90627477196,782,33,657.8928571428571,28,0,19,36.821201102714,0.6090029761904762,48.09626436781608,1007.6149425287347,35.98624794745481,0
784,4,0,0,28,0.0,0.0,1.0,28,450,200,250,0.4444444444444444,7,2,5,447.5744425442976,0.3862985008818342,0.028351460344616886,0.23462534678667432,126947.17969678945,5763.662637072254,132710.8423338617,783,34,658.8928571428571,28,0,19,36.78416975572663,0.609375,48.0603448275862,1007.7586206896544,35.991379310344804,0
785,4,0,0,28,0.0,0.0,1.0,28,500,300,200,0.6,7,3,4,447.20075959823396,0.3860504850088184,0.024951634253131072,0.23463824447132448,126983.38050353399,5757.412843506381,132740.79334704037,784,35,659.8928571428571,28,0,19,36.75605844618673,0.6097470238095238,48.02442528735631,1007.9022988505734,35.996510673234766,0
786,4,1,0,29,0.034482758620689655,0.0,1.0,29,700,500,200,0.7142857142857143,9,5,4,435.1169404216458,0.39501231527093594,0.010918231089466213,0.23014016487361733,127309.42000264226,5278.943511362118,132588.3635140044,785,0,638.1034482758621,28,1,20,36.72319903189066,0.6130952380952381,47.70114942528735,1009.1954022988498,36.04269293924464,0
787,4,0,1,28,0.0,0.034482758620689655,0.9655172413793104,29,850,700,150,0.8235294117647058,10,7,3,435.65256610796916,0.39419129720853857,0.0035626131718540233,0.23104381751250552,127418.19273104105,5302.012526423562,132720.2052574646,786,1,639.1034482758621,28,1,17,36.59723210473886,0.6142113095238095,47.593390804597696,1009.626436781609,36.0580870279146,0
788,4,0,0,28,0.0,0.0,1.0,28,1150,900,250,0.782608695652174,14,9,5,453.1121049917358,0.3835427689594357,0.005105048208496665,0.2405961458899778,127467.41470025496,5951.405718537395,133418.82041879234,787,38,662.8928571428571,27,1,17,36.10558502799883,0.6180555555555556,47.54464285714285,1009.8214285714273,37.4007936507936,0
789,4,0,0,28,0.0,0.0,1.0,28,400,200,200,0.5,6,2,4,453.8208098628974,0.38188932980599644,0.015684830633284408,0.24187153053132432,127617.73003472215,5983.116319444435,133600.84635416657,788,39,663.8928571428571,27,1,18,35.93213058419244,0.6195987654320987,47.39583333333333,1010.416666666666,37.422839506172814,0
790,4,0,0,28,0.0,0.0,1.0,28,850,600,250,0.7058823529411765,11,6,5,454.0989815496929,0.3810626102292769,0.018761568231533188,0.2424717203369114,127692.9209183673,5997.045068027207,133689.9659863945,789,40,664.8928571428571,27,1,18,35.84732037691402,0.6203703703703703,47.32142857142857,1010.7142857142852,37.433862433862416,0
791,4,0,0,28,0.0,0.0,1.0,28,850,500,350,0.5882352941176471,12,5,7,451.8742680226827,0.38109016754850084,0.02160727425628073,0.2419610442249115,127805.74876434942,5950.4258343962465,133756.17459874568,790,41,665.8928571428571,27,1,18,35.786883738042675,0.6215277777777778,47.20982142857142,1011.1607142857138,37.45039682539681,0
792,4,0,0,28,0.0,0.0,1.0,28,600,400,200,0.6666666666666666,8,4,4,453.1477585719901,0.3804839065255732,0.018043619860063087,0.24355348699849477,127956.26339728592,5996.6187907454505,133952.88218803136,791,42,666.8928571428571,27,1,19,35.599138353679464,0.623070987654321,47.0610119047619,1011.7559523809517,37.47244268077599,0
793,4,0,0,28,0.0,0.0,1.0,28,650,400,250,0.6153846153846154,9,4,5,452.02039872562847,0.3793540564373898,0.017946402318645527,0.24363254771249798,128069.20750070861,5977.978847789109,134047.18634849772,792,43,667.8928571428571,27,1,19,35.511001666176604,0.6242283950617284,46.94940476190476,1012.2023809523808,37.488977072310405,0
794,4,0,0,28,0.0,0.0,1.0,28,850,600,250,0.7058823529411765,11,6,5,452.47513794855206,0.37902336860670194,0.021963892096147353,0.24456658568227932,128182.20142874852,5999.85185480441,134182.05328355293,793,44,668.8928571428571,27,1,19,35.38283737447954,0.6253858024691358,46.83779761904761,1012.6488095238091,37.50551146384478,0
795,4,1,0,29,0.034482758620689655,0.0,1.0,29,450,300,150,0.6666666666666666,6,3,3,442.88103565799526,0.3855192939244663,0.01699221230982695,0.24156525113401303,128544.89736094585,5586.019454353269,134130.9168152991,794,0,646.7931034482758,28,1,19,35.25195995088316,0.6257440476190477,46.47988505747126,1014.080459770114,36.217159277504074,0
796,4,0,0,29,0.0,0.0,1.0,29,400,300,100,0.75,5,3,2,443.3329337706726,0.38567323481116583,0.01521168867330025,0.24203303785670377,128581.3252452438,5600.867229819002,134182.1924750628,795,1,647.7931034482758,28,1,19,35.202991452991455,0.6261160714285714,46.44396551724138,1014.2241379310349,36.2222906403941,0
797,4,0,0,29,0.0,0.0,1.0,29,700,500,200,0.7142857142857143,9,5,4,443.82341550448115,0.38567323481116583,0.033302144211315055,0.2379339696676346,127853.74812144929,5548.897435262248,133402.64555671153,796,2,648.7931034482758,28,1,19,35.94082966330445,0.6186755952380952,47.16235632183908,1011.3505747126433,36.1196633825944,1
798,4,0,0,29,0.0,0.0,1.0,29,550,500,50,0.9090909090909091,6,5,1,446.8567343857495,0.3851600985221675,0.0347569753890451,0.24021107813316392,127962.75308825464,5636.203593605482,133598.95668186012,797,3,649.7931034482758,28,1,19,35.751562056234015,0.6197916666666667,47.05459770114942,1011.7816091954016,36.135057471264346,0
799,4,0,0,29,0.0,0.0,1.0,29,800,700,100,0.875,9,7,2,429.76046374085416,0.385621921182266,-0.028043207312006713,0.23495287628467051,128637.19135802465,5256.635802469129,133893.82716049376,798,4,650.7931034482758,29,0,17,35.48968601679445,0.6235632183908046,46.388888888888886,1014.4444444444441,34.98084291187738,6
800,4,0,0,29,0.0,0.0,1.0,29,1250,1000,250,0.8,15,10,5,431.1639721935797,0.38485221674876846,-0.030263747142150077,0.23803505332800262,129024.94454089506,5326.181520061726,134351.12606095677,799,5,651.7931034482758,29,0,18,35.05567897015265,0.6275143678160919,46.00694444444444,1015.9722222222222,35.03352490421456,0
801,4,0,0,29,0.0,0.0,1.0,29,750,500,250,0.6666666666666666,10,5,5,410.50837824579503,0.38474958949096877,-0.01848814388516473,0.21859721400877832,127582.64853395063,4674.749228395064,132257.3977623457,800,6,652.7931034482758,29,0,17,37.062368252222534,0.6127873563218391,47.43055555555556,1010.2777777777778,34.837164750957854,4
802,4,0,1,28,0.0,0.034482758620689655,0.9655172413793104,29,500,300,200,0.6,7,3,4,410.50837824579503,0.38474958949096877,-0.01848814388516473,0.21859721400877832,127582.64853395063,4674.749228395064,132257.3977623457,801,7,653.7931034482758,29,0,17,37.062368252222534,0.6127873563218391,47.43055555555556,1010.2777777777778,34.837164750957854,0
803,4,0,0,28,0.0,0.0,1.0,28,650,400,250,0.6153846153846154,9,4,5,424.9406874368604,0.37838955026455023,0.029752547009942898,0.21943247158639947,126332.55559271378,5136.768603844642,131469.32419655842,802,53,677.8928571428571,28,0,16,37.99098423133723,0.6030505952380952,48.67097701149426,1005.3160919540236,35.90414614121513,5
804,4,0,0,28,0.0,0.0,1.0,28,300,200,100,0.6666666666666666,4,2,2,423.2341807203245,0.3784997795414462,0.02826424183046572,0.2189368832861458,126404.78689803816,5099.765284383688,131504.55218242184,803,54,678.8928571428571,28,0,16,37.95899414202029,0.6037946428571428,48.59913793103449,1005.6034482758629,35.9144088669951,0
805,4,0,0,28,0.0,0.0,1.0,28,750,500,250,0.6666666666666666,10,5,5,422.08079200018085,0.37816909171075835,0.026769139756430915,0.21911280847867082,126549.3114389286,5082.806719844115,131632.11815877273,804,55,679.8928571428571,28,0,17,37.838247893759814,0.6052827380952381,48.45545977011495,1006.1781609195409,35.93493431855503,0
806,4,0,0,28,0.0,0.0,1.0,28,600,300,300,0.5,9,3,6,420.5746787371719,0.37789351851851855,0.023804425410420826,0.21871756678202617,126621.6046744948,5050.768141432178,131672.37281592697,805,56,680.8928571428571,28,0,17,37.80127290030931,0.6060267857142857,48.38362068965518,1006.4655172413804,35.94519704433502,0
807,4,0,0,28,0.0,0.0,1.0,28,1000,600,400,0.6,14,6,8,423.13229187579327,0.3775628306878307,0.026458235641908967,0.22043776722480934,126693.91855347477,5121.657624851377,131815.57617832616,806,57,681.8928571428571,28,0,17,37.66204034061177,0.6067708333333333,48.31178160919541,1006.7528735632189,35.95545977011496,0
808,4,0,0,28,0.0,0.0,1.0,28,850,600,250,0.7058823529411765,11,6,5,425.638063821944,0.3777281746031746,0.029406069747059727,0.2221367974183178,126766.25307586878,5191.308503435081,131957.56157930387,807,58,682.8928571428571,28,0,17,37.524076187758595,0.6075148809523809,48.23994252873564,1007.0402298850584,35.965722495894944,0
809,4,0,0,28,0.0,0.0,1.0,28,300,100,200,0.3333333333333333,5,1,4,422.6170578861537,0.3780588624338624,0.023784053630010016,0.22095213965994215,126838.60824167661,5120.831888294367,131959.440129971,808,59,683.8928571428571,28,0,17,37.52525792801789,0.6082589285714286,48.168103448275865,1007.3275862068969,35.97598522167489,0
810,4,0,0,28,0.0,0.0,1.0,28,600,300,300,0.5,9,3,6,421.94474536195634,0.3773699294532628,0.02481460353679399,0.2207967577968685,126874.7935658608,5106.830492799585,131981.62405866038,809,60,684.8928571428571,28,0,18,37.50475375546682,0.6086309523809523,48.13218390804598,1007.4712643678166,35.98111658456488,0
811,4,0,0,28,0.0,0.0,1.0,28,1350,1200,150,0.8888888888888888,15,12,3,420.3218906304041,0.3775628306878307,0.0252325321067306,0.2213232820956343,127128.23533904733,5086.956046043055,132215.19138509038,810,61,685.8928571428571,28,0,21,37.283623023222674,0.6112351190476191,47.88074712643677,1008.477011494252,36.017036124794714,0
812,4,0,0,28,0.0,0.0,1.0,28,650,400,250,0.6153846153846154,9,4,5,424.57546075022947,0.3770667989417989,0.024930311107493663,0.22396275807117666,127200.69372192498,5201.258628947025,132401.95235087202,811,62,686.8928571428571,28,0,21,37.10149313962873,0.6119791666666667,47.80890804597701,1008.7643678160921,36.02729885057472,0
813,4,0,0,28,0.0,0.0,1.0,28,600,400,200,0.6666666666666666,8,4,4,426.252928456162,0.3773148148148148,0.027426374877969284,0.22545185011115088,127309.42000264244,5253.20261923637,132562.6226218788,812,63,687.8928571428571,28,0,21,36.94683703492787,0.6130952380952381,47.70114942528736,1009.1954022988511,36.04269293924468,0
814,4,0,0,28,0.0,0.0,1.0,28,700,500,200,0.7142857142857143,9,5,4,425.7646179759628,0.37723214285714285,0.02904422979156074,0.22539536106112576,127345.6724179218,5243.856313581715,132589.52873150352,813,64,688.8928571428571,28,0,16,36.921708185053376,0.6134672619047619,47.66522988505747,1009.3390804597702,36.04782430213465,0
815,4,0,0,28,0.0,0.0,1.0,28,1200,900,300,0.75,15,9,6,426.20794036531095,0.3773148148148148,0.03211745580166614,0.2266446157918408,127527.01190712117,5270.605017175318,132797.61692429648,814,65,689.8928571428571,28,0,16,36.723269321953524,0.6153273809523809,47.485632183908045,1010.0574712643679,36.07348111658457,0
816,4,0,0,28,0.0,0.0,1.0,28,600,500,100,0.8333333333333334,7,5,2,425.4154743276629,0.376984126984127,0.031224605883308332,0.22663042541455503,127599.58382877533,5256.567495706172,132856.1513244815,815,66,690.8928571428571,28,0,17,36.668385001896084,0.6160714285714286,47.41379310344828,1010.3448275862074,36.08374384236455,0
817,4,0,0,28,0.0,0.0,1.0,28,800,500,300,0.625,11,5,6,424.70688388571625,0.3757716049382716,0.03945017461219891,0.2270697291048555,127744.78960232524,5250.818304927995,132995.60790725323,816,67,691.8928571428571,28,0,17,36.53650274777336,0.6175595238095238,47.270114942528735,1010.9195402298848,36.10426929392445,0
818,4,0,0,28,0.0,0.0,1.0,28,850,800,50,0.9411764705882353,9,8,1,424.4735069591072,0.3757991622574956,0.03634343352343117,0.22756047338043828,127853.74812144926,5254.105768595579,133107.85389004485,817,68,692.8928571428571,28,0,19,36.43006819150447,0.6186755952380952,47.16235632183908,1011.350574712643,36.119663382594396,0
819,4,0,0,28,0.0,0.0,1.0,28,950,800,150,0.8421052631578947,11,8,3,425.8273945405347,0.37516534391534395,0.04559378423337512,0.2289066039965224,127962.75308825463,5298.009149161038,133260.76223741568,818,69,693.8928571428571,28,0,19,36.283489538956744,0.6197916666666667,47.05459770114942,1011.7816091954015,36.13505747126434,0
820,4,0,0,28,0.0,0.0,1.0,28,450,300,150,0.6666666666666666,6,3,3,424.7845766968608,0.37475198412698413,0.04867548325591753,0.22855292388663012,127999.09839889675,5274.40856619103,133273.50696508778,819,70,694.8928571428571,28,0,19,36.27242178995692,0.6201636904761905,47.018678160919535,1011.9252873563213,36.14018883415433,0
821,4,0,0,28,0.0,0.0,1.0,28,500,300,200,0.6,7,3,4,426.7311277345625,0.3739803791887126,0.05454222853087254,0.23001689325860689,128071.80450274142,5330.445113291053,133402.24961603247,820,71,695.8928571428571,28,0,19,36.14827300686065,0.6209077380952381,46.94683908045977,1012.2126436781607,36.15045155993431,0
822,4,0,0,28,0.0,0.0,1.0,28,750,500,250,0.6666666666666666,10,5,5,428.90626747293635,0.37375992063492064,0.05641031023046872,0.23204579144839446,128219.87714356561,5398.882427710954,133618.75957127658,821,72,696.8928571428571,27,1,21,35.94071407581546,0.6257716049382716,46.80059523809523,1012.7976190476179,37.51102292768955,0
823,4,1,0,29,0.034482758620689655,0.0,1.0,29,1050,800,250,0.7619047619047619,13,8,5,413.09010976480874,0.38069581280788173,0.06144320750532062,0.22644031748323012,128742.88435570986,4836.482445987653,133579.3668016975,822,0,673.8275862068965,29,0,16,35.8039950275991,0.6246408045977012,46.28472222222222,1014.861111111111,34.995210727969344,0
824,4,0,0,29,0.0,0.0,1.0,29,800,700,100,0.875,9,7,2,413.7266430333521,0.38069581280788173,0.06170946542052547,0.22719218887533973,128813.37046682108,4858.70466820989,133672.075135031,823,1,674.8275862068965,29,0,17,35.71552765996262,0.6253591954022988,46.215277777777786,1015.1388888888896,35.00478927203068,0
825,4,0,0,29,0.0,0.0,1.0,29,600,400,200,0.6666666666666666,8,4,4,416.55360327568826,0.3804392446633826,0.06481437803669965,0.22894788270265268,128848.62075617285,4934.471450617286,133783.09220679014,824,2,675.8275862068965,29,0,17,35.607615139078895,0.6257183908045977,46.18055555555556,1015.2777777777778,35.009578544061306,0
826,4,0,0,29,0.0,0.0,1.0,29,900,700,200,0.7777777777777778,11,7,4,414.60711283808956,0.3805418719211822,0.06393029900144276,0.22869052966046646,128989.67013888883,4896.006944444437,133885.67708333326,825,3,676.8275862068965,29,0,17,35.512373530216024,0.6271551724137931,46.041666666666664,1015.8333333333328,35.02873563218389,0
827,4,0,0,29,0.0,0.0,1.0,29,950,700,250,0.7368421052631579,12,7,5,415.4155111694494,0.3802339901477832,0.06419562225448239,0.2295453081356262,129060.22376543208,4922.723765432097,133982.94753086418,826,4,677.8275862068965,29,0,17,35.41951430654273,0.6278735632183908,45.97222222222222,1016.111111111111,35.03831417624521,0
828,4,0,0,29,0.0,0.0,1.0,29,550,500,50,0.9090909090909091,6,5,1,414.5233921574584,0.3809010673234811,0.06925762422791881,0.22966666973508235,129166.09037422841,4908.473186728396,134074.5635609568,827,5,678.8275862068965,29,0,17,35.33369198888736,0.6289511494252873,45.86805555555556,1016.5277777777778,35.05268199233716,0
829,4,0,0,29,0.0,0.0,1.0,29,500,300,200,0.6,7,3,4,416.5582573858882,0.38120894909688013,0.061608316180661316,0.23120720260212949,129236.69222608027,4966.922260802476,134203.61448688275,828,6,679.8275862068965,29,0,18,35.20964235304831,0.6296695402298851,45.798611111111114,1016.8055555555558,35.062260536398476,0
830,4,0,0,29,0.0,0.0,1.0,29,1000,600,400,0.6,14,6,8,415.18803198331955,0.3806444991789819,0.05509330545706281,0.23085967792056541,129307.31336805547,4937.369791666661,134244.68315972213,829,7,680.8275862068965,29,0,18,35.172145978424155,0.6303879310344828,45.729166666666664,1017.0833333333327,35.071839080459746,0
831,4,0,0,29,0.0,0.0,1.0,29,550,300,250,0.5454545454545454,8,3,5,414.4439655674499,0.3799261083743843,0.05903259974108521,0.23085947131418794,129377.95380015438,4923.982445987666,134301.93624614205,830,8,681.8275862068965,29,0,19,35.11874288964733,0.6311063218390804,45.65972222222223,1017.3611111111117,35.081417624521094,0
832,4,0,0,29,0.0,0.0,1.0,29,300,200,100,0.6666666666666666,4,2,2,413.7195046285954,0.3795669129720854,0.059306955858679844,0.230662792306628,129413.2812500001,4908.159722222235,134321.44097222234,831,9,682.8275862068965,29,0,20,35.101010101010104,0.6314655172413793,45.62500000000001,1017.5000000000008,35.08620689655175,0
833,4,0,0,29,0.0,0.0,1.0,29,800,700,100,0.875,9,7,2,413.1546790356769,0.3786945812807882,0.057588888732056365,0.23096953795976188,129519.29253472234,4902.300347222241,134421.59288194458,832,10,683.8275862068965,29,0,17,35.00690749079002,0.6325431034482758,45.52083333333334,1017.9166666666675,35.100574712643706,0
834,4,0,0,29,0.0,0.0,1.0,29,350,300,50,0.8571428571428571,4,3,1,423.2763864966924,0.3786945812807882,0.06686878417816566,0.23099881720469725,128566.75347222228,5083.854166666672,133650.60763888896,833,11,684.8275862068965,29,0,16,35.72651328403177,0.6228448275862069,46.458333333333336,1014.1666666666671,34.971264367816104,3
835,4,0,0,29,0.0,0.0,1.0,29,1200,1000,200,0.8333333333333334,14,10,4,423.8251575093771,0.37910509031198686,-0.007082587694239528,0.23150300114367806,128601.97000385783,5100.950038580227,133702.92004243805,834,12,685.8275862068965,29,0,17,35.676405814961896,0.6232040229885057,46.4236111111111,1014.305555555554,34.97605363984669,6
836,4,0,0,29,0.0,0.0,1.0,29,800,600,200,0.75,10,6,4,440.20348025087037,0.3785406403940887,0.05485244121932409,0.2280367384818886,126462.5868055555,5333.854166666663,131796.44097222216,835,13,686.8275862068965,29,0,16,37.47238331952501,0.6012931034482758,48.541666666666664,1005.8333333333329,34.683908045977,6
837,4,0,0,29,0.0,0.0,1.0,29,700,400,300,0.5714285714285714,10,4,6,438.1261011020669,0.3781814449917898,0.052830727493396346,0.22754291057236362,126567.38281249988,5290.494791666653,131857.87760416654,836,14,687.8275862068965,29,0,16,37.41589026915115,0.6023706896551724,48.43749999999999,1006.2499999999991,34.69827586206893,0
838,4,0,0,29,0.0,0.0,1.0,29,650,200,450,0.3076923076923077,11,2,9,441.4280075435287,0.37813013136289,0.05280886047042688,0.22984699703128572,126672.22222222226,5383.333333333339,132055.5555555556,837,15,688.8275862068965,29,0,17,37.22406181015452,0.603448275862069,48.333333333333336,1006.6666666666671,34.71264367816094,0
839,4,1,0,30,0.03333333333333333,0.0,1.0,30,1000,700,300,0.7,13,7,6,429.452277173075,0.38515325670498085,0.04977207977207976,0.22633295688851238,127164.46195005937,4923.602440877249,132088.0643909366,838,0,666.8333333333334,28,2,18,37.015966286799625,0.6116071428571428,47.84482758620689,1008.6206896551718,36.022167487684705,0
840,4,0,0,30,0.0,0.0,1.0,30,550,300,250,0.5454545454545454,8,3,5,427.87606286982987,0.3854406130268199,0.05298585398272082,0.22590569274225145,127236.93065464389,4888.327388030115,132125.25804267402,839,1,667.8333333333334,28,2,18,36.980798442988714,0.6123511904761905,47.77298850574712,1008.908045977011,36.03243021346468,0
841,4,0,0,30,0.0,0.0,1.0,30,500,300,200,0.6,7,3,4,431.36678151317176,0.3857758620689655,0.0592255125284733,0.2281566470894968,127309.42000264229,4983.410952569675,132292.83095521198,840,2,668.8333333333334,28,2,18,36.81781511009869,0.6130952380952381,47.70114942528735,1009.19540229885,36.042692939244645,0
842,4,0,0,30,0.0,0.0,1.0,30,500,400,100,0.8,6,4,2,430.358005331305,0.38563218390804593,0.055188768734585114,0.22844079014111865,127454.46062888096,4970.209489364508,132424.67011824547,841,3,669.8333333333334,28,2,17,36.69340495162206,0.6145833333333333,47.55747126436781,1009.7701149425287,36.0632183908046,0
843,4,1,0,31,0.03225806451612903,0.0,1.0,31,900,600,300,0.6666666666666666,12,6,6,414.98007365433904,0.3911290322580645,0.04814570387070205,0.22271922449701922,127898.55565200608,4415.070408950606,132313.62606095668,842,0,649.1935483870968,29,2,18,36.62395876241476,0.6160201149425287,47.11805555555555,1011.527777777777,34.88026819923369,0
844,4,0,0,31,0.0,0.0,1.0,31,900,700,200,0.7777777777777778,11,7,4,412.9790666822502,0.3904121863799283,0.049219220282567644,0.22261770990978108,128074.22839506174,4378.395061728392,132452.62345679014,843,1,650.1935483870968,29,2,18,36.493779729235264,0.617816091954023,46.94444444444444,1012.2222222222224,34.90421455938698,0
845,4,0,1,30,0.0,0.03225806451612903,0.967741935483871,31,850,600,250,0.7058823529411765,11,6,5,419.2389913129349,0.39130824372759854,0.04567752382030199,0.20481082166250222,124027.43678821244,4199.427498843786,128226.86428705622,844,2,651.1935483870968,30,1,17,40.53434084469032,0.5732638888888889,50.97446236559139,996.1021505376337,33.20340501792113,8
846,4,1,0,31,0.03225806451612903,0.0,1.0,31,800,700,100,0.875,9,7,2,414.9003903045283,0.3939964157706093,0.05849601558965789,0.20349876286364954,124194.84911550466,4105.698274366974,128300.54738987164,845,0,651.9677419354839,30,1,17,40.46740156418554,0.575,50.806451612903224,996.774193548387,33.2258064516129,0
847,4,0,1,30,0.0,0.03225806451612903,0.967741935483871,31,1000,600,400,0.6,14,6,8,421.76768951998866,0.3942204301075269,0.08031067826207838,0.20852509070409056,124530.01250144542,4304.547129726006,128834.55963117143,846,1,652.9677419354839,30,1,14,39.9460790914804,0.5784722222222223,50.470430107526894,998.118279569894,33.27060931899646,5
848,4,0,0,30,0.0,0.0,1.0,30,600,300,300,0.5,9,3,6,437.1058354871186,0.38515325670498085,0.0988865692414751,0.21584917030755665,124479.709201389,4882.161458333351,129361.87065972236,847,5,675.7,29,1,14,39.615953375086995,0.5808189655172413,50.52083333333334,997.9166666666677,34.41091954022992,0
849,4,0,0,30,0.0,0.0,1.0,30,800,400,400,0.5,12,4,8,435.95577316062963,0.3848180076628353,0.09459702028361172,0.21588529886914384,124597.09937565039,4863.764958376697,129460.86433402708,848,6,676.7,30,0,15,39.52191033925686,0.5791666666666666,50.403225806451616,998.3870967741938,33.27956989247313,0
850,4,0,0,30,0.0,0.0,1.0,30,500,400,100,0.8,6,4,2,433.97598189532175,0.3856561302681993,0.08969183151661952,0.21542254652399054,124697.76356009376,4823.166876228484,129520.93043632225,849,7,677.7,30,0,15,39.4661440811017,0.5802083333333333,50.30241935483872,998.7903225806461,33.293010752688204,0
851,4,0,0,30,0.0,0.0,1.0,30,850,800,50,0.9411764705882353,9,8,1,438.2818816659101,0.3856082375478927,0.08299475312794291,0.21790964725235507,124764.89559847958,4936.438641750489,129701.33424023006,850,8,678.7,30,0,15,39.28847706175164,0.5809027777777778,50.23521505376344,999.0591397849462,33.301971326164875,0
852,4,0,0,30,0.0,0.0,1.0,30,700,600,100,0.8571428571428571,8,6,2,438.56219296902873,0.3857758620689655,0.08282230589922901,0.21857563451191,124865.62752919411,4952.268687131456,129817.89621632556,851,9,679.7,30,0,16,39.176248431056116,0.5819444444444444,50.134408602150536,999.4623655913977,33.31541218637992,0
853,4,0,0,30,0.0,0.0,1.0,30,700,500,200,0.7142857142857143,9,5,4,443.4027777777777,0.38635057471264367,0.0905555555555555,0.22170138888888896,125000.00000000009,5085.069444444458,130085.06944444454,852,10,680.7,30,0,16,38.91493055555556,0.5833333333333333,50.00000000000001,1000.0000000000007,33.33333333333336,0
854,4,0,0,30,0.0,0.0,1.0,30,900,800,100,0.8888888888888888,10,8,2,450.0759497532239,0.3863026819923372,0.0926727726894252,0.22616787265841945,125208.42013888902,5270.659722222247,130479.07986111127,853,11,681.7,29,1,17,38.53039134054954,0.5883620689655172,49.79166666666668,1000.8333333333345,34.511494252873604,0
855,4,0,0,30,0.0,0.0,1.0,30,800,500,300,0.625,11,5,6,450.9916079723482,0.3863745210727969,0.09289776668053817,0.22719765911059833,125312.69531250019,5302.994791666695,130615.69010416689,854,12,682.7,29,1,12,38.39861631294217,0.5894396551724138,49.687500000000014,1001.2500000000015,34.525862068965566,0
856,4,0,0,30,0.0,0.0,1.0,30,900,400,500,0.4444444444444444,14,4,10,449.1377775614251,0.38642241379310344,0.0874860235252024,0.22694399024849526,125437.20959431745,5267.717908139697,130704.92750245714,855,13,683.7,30,0,12,38.31510801019724,0.5878472222222222,49.563172043010766,1001.7473118279585,33.39157706093195,0
857,4,0,0,30,0.0,0.0,1.0,30,800,500,300,0.625,11,5,6,451.8277614940408,0.38687739463601534,0.08675786838340471,0.22886058353937314,125538.21251011695,5344.329908081884,130882.54241819883,856,14,684.7,30,0,12,38.14237973891274,0.5888888888888889,49.46236559139786,1002.1505376344101,33.405017921147,0
858,4,0,0,30,0.0,0.0,1.0,30,1050,900,150,0.8571428571428571,12,9,3,439.1858546634839,0.3867097701149425,0.09941528358746021,0.21455546268365716,124027.43678821252,4894.219165510469,128921.65595372299,857,15,685.7,30,0,19,40.03761300769128,0.5732638888888889,50.9744623655914,996.1021505376344,33.20340501792115,5
859,4,1,0,31,0.03225806451612903,0.0,1.0,31,550,200,350,0.36363636363636365,9,2,7,429.9328238207148,0.3903225806451613,0.10477453022746874,0.21247163730404775,124512.1955871583,4506.375969780831,129018.57155693913,858,0,664.5483870967741,31,0,15,39.76095346814525,0.5756048387096775,50.48828125000001,998.0468750000008,32.195060483870996,0
860,4,0,0,31,0.0,0.0,1.0,31,750,400,350,0.5333333333333333,11,4,7,425.83185615049354,0.38991935483870965,0.08043218805747343,0.20786138275016738,123992.92204115119,4360.027228461362,128352.94926961255,859,1,665.5483870967741,31,0,17,40.40628949317992,0.570228494623656,51.00911458333333,995.9635416666661,32.12785618279568,5
861,4,0,0,31,0.0,0.0,1.0,31,750,500,250,0.6666666666666666,10,5,5,425.79604319525026,0.389426523297491,0.08336846365276607,0.2083242533586993,124090.20317925354,4367.4235026041715,128457.62668185771,860,2,666.5483870967741,31,0,18,40.30536678863911,0.571236559139785,50.911458333333336,996.3541666666673,32.14045698924733,0
862,4,0,0,31,0.0,0.0,1.0,31,650,500,150,0.7692307692307693,8,5,3,424.95980095232,0.39014336917562725,0.08333579149196213,0.20839636619410679,124187.52246432824,4354.94096544053,128542.46342976877,861,3,667.5483870967741,31,0,14,40.22439037666014,0.572244623655914,50.81380208333333,996.7447916666658,32.1530577956989,0
863,4,0,0,31,0.0,0.0,1.0,31,750,700,50,0.9333333333333333,8,7,1,430.30941241604285,0.3904121863799283,0.0795288924085289,0.2115089525213131,124284.87989637593,4496.190728081602,128781.07062445754,862,4,668.5483870967741,31,0,14,39.98922695220684,0.573252688172043,50.716145833333336,997.1354166666672,32.16565860215056,0
864,4,0,0,31,0.0,0.0,1.0,31,850,500,350,0.5882352941176471,12,5,7,432.4087877237433,0.39117383512544807,0.08138413666202093,0.21303432300653372,124382.2754753961,4556.797790527349,128939.07326592345,863,5,669.5483870967741,31,0,14,39.83501392333463,0.574260752688172,50.618489583333336,997.5260416666672,32.178259408602166,0
865,4,0,0,31,0.0,0.0,1.0,31,1050,800,250,0.7619047619047619,13,8,5,434.5948377449888,0.3910394265232975,0.07860721211076038,0.2154432973927809,124642.18351576068,4633.769904242633,129275.95342000332,864,6,670.5483870967741,31,0,16,39.50876363715391,0.5769489247311828,50.35807291666667,998.5677083333338,32.2118615591398,0
866,4,1,0,32,0.03125,0.0,1.0,32,1000,800,200,0.8,12,8,4,425.0351273577658,0.39705141129032256,0.07736328618337951,0.21219597341858723,124936.87665799425,4220.512256402427,129157.38891439667,865,0,650.5625,32,0,17,39.43993643175885,0.5774739583333333,50.06313131313132,999.7474747474761,31.242108585858627,0
867,4,0,0,32,0.0,0.0,1.0,32,700,500,200,0.7142857142857143,9,5,4,427.0489796499301,0.397450436827957,0.07954724782224498,0.21368635298844563,125031.56764934692,4278.920677736956,129310.48832708388,866,1,651.5625,32,0,18,39.29086184404326,0.5784505208333333,49.96843434343434,1000.126262626262,31.253945707070688,0
868,4,0,0,32,0.0,0.0,1.0,32,750,500,250,0.6666666666666666,10,5,5,429.0860759866411,0.3977654569892473,0.08122948750315606,0.2148685141571537,125063.13928425676,4332.570337210501,129395.70962146726,867,2,652.5625,32,0,18,39.207007910460334,0.5787760416666667,49.93686868686869,1000.2525252525257,31.25789141414143,0
869,4,0,0,32,0.0,0.0,1.0,32,750,700,50,0.9333333333333333,8,7,1,445.5454211235797,0.39774445564516125,0.01765167364016751,0.21731705234395018,123960.50347222228,4646.006944444453,128606.51041666673,868,3,653.5625,32,0,20,39.949442119944216,0.5673828125,51.04166666666667,995.8333333333338,31.119791666666682,7
870,4,0,0,32,0.0,0.0,1.0,32,600,300,300,0.5,9,3,6,439.1876231502762,0.39839549731182794,0.013547005664958256,0.21506849656777732,124127.87063533357,4503.084894207425,128630.955529541,869,4,654.5625,30,2,20,39.93233522165274,0.5743055555555556,50.873655913978496,996.5053763440861,33.216845878136205,0
871,4,0,0,32,0.0,0.0,1.0,32,850,600,250,0.7058823529411765,11,6,5,439.38913493066497,0.3992145497311828,0.02073811700182815,0.21597188673292902,124284.8798963759,4521.885172526046,128806.76506890195,870,5,655.5625,31,1,16,39.76288412988596,0.573252688172043,50.716145833333336,997.135416666667,32.16565860215055,0
872,4,0,1,31,0.0,0.03125,0.96875,32,550,200,350,0.36363636363636365,9,2,7,393.6153686374931,0.39936155913978494,0.07997234935164022,0.1890218858182243,123301.26549586751,3306.654614325038,126607.92011019256,871,6,656.5625,32,0,15,41.93125476735317,0.560546875,51.70454545454544,993.1818181818161,31.036931818181753,6
873,4,0,0,31,0.0,0.0,1.0,31,1050,600,450,0.5714285714285714,15,6,9,403.15961204944443,0.3958781362007169,0.07767647208078876,0.19365878593911584,123313.02218967,3742.966037326365,127055.98822699636,872,7,678.3225806451613,31,0,15,41.68196119559517,0.5631720430107527,51.69270833333332,993.2291666666654,32.039650537634365,0
874,4,0,0,31,0.0,0.0,1.0,31,950,800,150,0.8421052631578947,11,8,3,400.64329945718407,0.3950268817204301,0.07976846863975351,0.19347954404526216,123539.44778442362,3699.0503946939816,127238.49817911761,873,8,679.3225806451613,31,0,16,41.507449246889315,0.5655241935483871,51.464843749999986,994.1406249999984,32.06905241935479,0
875,4,0,0,31,0.0,0.0,1.0,31,750,700,50,0.9333333333333333,8,7,1,401.71469314264704,0.39484767025089607,0.05096571948629802,0.19714921094231433,124219.97070312488,3780.1974826388737,128000.16818576376,874,9,680.3225806451613,31,0,15,40.76976663183561,0.5725806451612903,50.78124999999999,996.8749999999991,32.1572580645161,2
876,4,0,0,31,0.0,0.0,1.0,31,900,700,200,0.7777777777777778,11,7,4,402.7210247754608,0.39448924731182794,0.05149158796620035,0.19794849857063396,124284.8798963758,3810.426839192698,128095.3067355685,875,10,681.3225806451613,31,0,15,40.676960912335694,0.573252688172043,50.71614583333333,997.1354166666661,32.165658602150515,0
877,4,0,0,31,0.0,0.0,1.0,31,500,400,100,0.8,6,4,2,400.4138677753691,0.39466845878136203,0.049867539348604994,0.19696659044903986,124317.34085082999,3755.67745632594,128073.01830715593,876,11,682.3225806451613,31,0,15,40.700619097358214,0.5735887096774194,50.68359374999999,997.2656249999993,32.16985887096772,0
878,4,0,0,31,0.0,0.0,1.0,31,1150,1000,150,0.8695652173913043,13,10,3,402.45267303612184,0.39475806451612905,0.05224577733267077,0.1990453026770911,124544.68621148015,3824.6683756510497,128369.3545871312,877,12,683.3225806451613,31,0,18,40.412753282894165,0.5759408602150538,50.45572916666667,998.1770833333343,32.199260752688204,0
879,4,0,0,31,0.0,0.0,1.0,31,750,400,350,0.5333333333333333,11,4,7,402.9069078133185,0.39453405017921145,0.05707098961466128,0.19973452333680297,124642.18351576071,3843.8393486870746,128486.02286444779,878,13,684.3225806451613,31,0,19,40.29982722649627,0.5769489247311828,50.35807291666667,998.567708333334,32.211861559139805,0
880,4,0,0,31,0.0,0.0,1.0,31,900,700,200,0.7777777777777778,11,7,4,402.2250877532774,0.39404121863799285,0.059478303287202605,0.19970670861847187,124707.20291137692,3832.07312689887,128539.2760382758,879,14,685.3225806451613,31,0,19,40.24912549428585,0.5776209677419355,50.29296875,998.8281249999998,32.220262096774185,0
881,4,0,0,31,0.0,0.0,1.0,31,850,700,150,0.8235294117647058,10,7,3,402.46733652346495,0.39408602150537636,0.062944205106652,0.20045014976103767,124837.29256523971,3848.5865275065044,128685.87909274621,880,15,686.3225806451613,31,0,19,40.107627578718805,0.5789650537634409,50.162760416666664,999.3489583333326,32.23706317204299,0
882,4,0,0,31,0.0,0.0,1.0,31,1100,800,300,0.7272727272727273,14,8,6,402.18246664267946,0.39372759856630823,0.06855731383034591,0.20093423300905222,124967.45003594285,3851.943461100249,128819.3934970431,881,16,687.3225806451613,31,0,20,39.9792996049833,0.5803091397849462,50.03255208333333,999.869791666666,32.2538642473118,0
883,4,0,0,31,0.0,0.0,1.0,31,900,600,300,0.6666666666666666,12,6,6,400.67822166344126,0.39314516129032256,0.06234123935122793,0.20080957449707876,125097.67532348621,3824.7828165689943,128922.45814005521,882,17,688.3225806451613,31,0,20,39.881475335155535,0.5816532258064516,49.90234374999999,1000.3906249999991,32.27066532258062,0
884,4,0,0,31,0.0,0.0,1.0,31,1350,1200,150,0.8888888888888888,15,12,3,399.1571388197996,0.3934139784946236,0.05988385754086778,0.2008324661810612,125260.55230034707,3799.7287326388655,129060.28103298593,883,18,689.3225806451613,31,0,16,39.750260145681565,0.5833333333333333,49.73958333333332,1001.0416666666654,32.29166666666662,0
885,4,0,0,31,0.0,0.0,1.0,31,1000,800,200,0.8,12,8,4,398.748649302203,0.39381720430107525,0.06255295943621797,0.2009421437178202,125325.73276095897,3794.6933322482314,129120.4260932072,884,19,690.3225806451613,31,0,18,39.692782834850455,0.584005376344086,49.67447916666665,1001.3020833333314,32.300067204301016,0
886,4,0,0,31,0.0,0.0,1.0,31,550,200,350,0.36363636363636365,9,2,7,399.09111936587624,0.39336917562724016,0.06252856597744927,0.20158949318986744,125423.53524102081,3811.0838148328667,129234.61905585368,885,20,691.3225806451613,31,0,19,39.58265631093201,0.585013440860215,49.57682291666665,1001.6927083333314,32.312668010752624,0
887,4,0,0,31,0.0,0.0,1.0,31,750,400,350,0.5333333333333333,11,4,7,398.35369126924337,0.3932347670250896,0.06061850658195289,0.20185176838047142,125553.99788750515,3802.979702419667,129356.97758992482,886,21,692.3225806451613,31,0,20,39.46572798925988,0.5863575268817205,49.446614583333314,1002.2135416666644,32.32946908602143,0
888,4,0,0,31,0.0,0.0,1.0,31,750,500,250,0.6666666666666666,10,5,5,396.0438522516445,0.3935483870967742,0.06354419773774622,0.20115683788506988,125651.88937716998,3752.731662326366,129404.62103949634,887,22,693.3225806451613,31,0,20,39.422077922077904,0.5873655913978495,49.34895833333332,1002.6041666666654,32.34206989247308,0
889,4,0,0,31,0.0,0.0,1.0,31,1300,900,400,0.6923076923076923,17,9,8,396.349151738697,0.3927867383512545,0.0635029620481049,0.20210921337833618,125815.12663099493,3773.3437432183123,129588.47037421324,888,23,694.3225806451613,31,0,21,39.24521414665803,0.5890456989247312,49.186197916666664,1003.2552083333327,32.36307123655912,0
890,4,0,0,31,0.0,0.0,1.0,31,500,100,400,0.2,9,1,8,398.3770554646834,0.3927867383512545,0.06161934981539319,0.20330421121926145,125847.78679741747,3826.9741482204777,129674.76094563796,889,24,695.3225806451613,31,0,21,39.160502638636544,0.5893817204301075,49.15364583333333,1003.3854166666661,32.36727150537632,0
891,4,0,0,31,0.0,0.0,1.0,31,1150,1000,150,0.8695652173913043,13,10,3,398.9256383326731,0.39395161290322583,0.06103600588943903,0.2045554868897326,126043.83680555572,3856.4236111111304,129900.26041666685,890,25,696.3225806451613,31,0,21,38.943637621023505,0.5913978494623655,48.95833333333334,1004.166666666668,32.39247311827961,0
892,4,0,0,31,0.0,0.0,1.0,31,750,600,150,0.8,9,6,3,396.6605044126094,0.39408602150537636,0.058328734594224496,0.20404216346984635,126174.62158203134,3809.6978081597363,129984.31939019107,891,26,697.3225806451613,31,0,21,38.86512873682392,0.592741935483871,48.82812500000001,1004.6875000000007,32.409274193548406,0
893,4,1,0,32,0.03125,0.0,1.0,32,600,600,0,1.0,6,6,0,385.58519704223727,0.3998655913978495,0.05825539794125034,0.1997120727983398,126456.23692735448,3351.9306065707747,129808.16753392525,892,0,676.5,32,0,19,38.852362122353334,0.5930989583333333,48.54797979797981,1005.8080808080817,31.431502525252554,0
894,4,0,0,32,0.0,0.0,1.0,32,700,400,300,0.5714285714285714,10,4,6,385.9809460781971,0.3998865927419355,0.06171198720361315,0.20069498507431927,126615.03170913704,3374.1979453627473,129989.22965449978,893,1,677.5,32,0,20,38.67849077907416,0.5947265625,48.39015151515153,1006.4393939393957,31.451231060606116,0
895,4,0,0,32,0.0,0.0,1.0,32,1300,1000,300,0.7692307692307693,16,10,6,386.85449701362614,0.3989205309139785,0.06890513350883753,0.2020915731943483,126805.716970845,3411.072371441709,130216.7893422867,894,2,678.5,32,0,21,38.45979064811331,0.5966796875,48.200757575757585,1007.1969696969712,31.47490530303035,0
896,4,0,0,32,0.0,0.0,1.0,32,700,300,400,0.42857142857142855,11,3,8,385.60687432867877,0.39864751344086025,0.06564849624060165,0.2019122609673792,126901.11340679538,3386.7883379247223,130287.9017447201,895,3,679.5,32,0,21,38.39285714285714,0.59765625,48.106060606060616,1007.5757575757589,31.486742424242465,0
897,4,0,0,32,0.0,0.0,1.0,32,800,500,300,0.625,11,5,6,384.9485116413523,0.39871051747311825,0.0657530063885754,0.20204102356560952,126996.54571281013,3377.4262511478646,130373.97196395799,896,4,680.5,32,0,21,38.31109858449204,0.5986328125,48.01136363636365,1007.9545454545472,31.4985795454546,0
898,4,0,0,32,0.0,0.0,1.0,32,1050,700,350,0.6666666666666666,14,7,7,383.93203151786236,0.39818548387096775,0.06021656338755488,0.20230867456716756,127157.6690673829,3364.0163116875588,130521.68537907046,897,5,681.5,31,1,22,38.17077631465702,0.6028225806451613,47.85156250000001,1008.5937500000007,32.53528225806454,0
899,4,0,0,32,0.0,0.0,1.0,32,550,400,150,0.7272727272727273,7,4,3,385.831553710944,0.3980804771505377,0.06281867174390077,0.2034742713818028,127190.50301445863,3414.8218790690207,130605.32489352765,898,6,682.5,31,1,22,38.089072113936574,0.6031586021505376,47.81901041666667,1008.723958333334,32.53948252688174,0
900,4,0,0,32,0.0,0.0,1.0,32,850,700,150,0.8235294117647058,10,7,3,385.831553710944,0.3980804771505377,0.06281867174390077,0.2034742713818028,127190.50301445863,3414.8218790690207,130605.32489352765,899,7,683.5,31,1,22,38.089072113936574,0.6031586021505376,47.81901041666667,1008.723958333334,32.53948252688174,0
901,4,1,0,33,0.030303030303030304,0.0,1.0,33,950,700,250,0.7368421052631579,12,7,5,381.3138047741653,0.4028566919191919,0.062052487892797936,0.20330808658278804,127633.67776566179,3133.696657228869,130767.37442289066,900,0,663.7575757575758,32,1,19,37.74730309467283,0.6051432291666667,47.38005050505051,1010.4797979797991,31.57749368686872,0
902,4,0,0,33,0.0,0.0,1.0,33,900,800,100,0.8888888888888888,10,8,2,384.00721067992373,0.401791351010101,0.0677295059008769,0.20523109003360965,127729.38507550265,3209.8009769411447,130939.1860524438,901,1,664.7575757575758,32,1,20,37.580928886668325,0.6061197916666667,47.28535353535354,1010.8585858585872,31.58933080808085,0
903,4,0,0,33,0.0,0.0,1.0,33,750,500,250,0.6666666666666666,10,5,5,385.242872214507,0.40171243686868685,0.066909575212734,0.20638195074019994,127825.12825540765,3248.743910060201,131073.87216546785,902,2,665.7575757575758,32,1,20,37.45135680692553,0.6070963541666667,47.19065656565657,1011.2373737373741,31.60116792929294,0
904,4,0,1,32,0.0,0.030303030303030304,0.9696969696969697,33,550,400,150,0.7272727272727273,7,4,3,387.078317090774,0.4014362373737374,0.07372111228344824,0.2080253893258465,127952.84162649217,3305.5541207529805,131258.39574724514,903,3,666.7575757575758,32,1,20,37.27380506676649,0.6083984375,47.06439393939394,1011.742424242424,31.61695075757575,0
905,4,0,0,32,0.0,0.0,1.0,32,900,700,200,0.7777777777777778,11,7,4,401.1916624386547,0.3950562836021505,0.08823127172094258,0.21540138393129962,127913.92220391158,3863.599819607196,131777.52202351877,904,4,688.25,31,1,20,36.95684236495474,0.6105510752688172,47.10286458333333,1011.5885416666658,32.63188844086019,0
906,4,0,0,32,0.0,0.0,1.0,32,800,700,100,0.875,9,7,2,397.9154752441497,0.39474126344086025,0.08210563561502848,0.21416891091395635,128012.72922092004,3787.6491970486013,131800.37841796863,905,5,689.25,31,1,20,36.93815405729971,0.6115591397849462,47.00520833333333,1011.9791666666658,32.6444892473118,0
907,4,0,0,32,0.0,0.0,1.0,32,550,400,150,0.7272727272727273,7,4,3,398.61142874866925,0.39442624327956993,0.08241559485530581,0.21507313383212345,128111.57438490106,3813.3475409613475,131924.9219258624,906,6,690.25,31,1,21,36.81899785637729,0.6125672043010753,46.90755208333332,1012.369791666665,32.65709005376339,0
908,4,0,0,32,0.0,0.0,1.0,32,750,600,150,0.8,9,6,3,386.8100149569463,0.3936911962365592,0.04105498880318481,0.2120858731394228,128752.49496224888,3560.550900418341,132313.04586266723,907,7,691.25,32,0,20,36.46092518868706,0.6165364583333333,46.27525252525253,1014.898989898991,31.715593434343468,7
909,4,0,0,32,0.0,0.0,1.0,32,500,500,0,1.0,5,5,0,388.57667391184344,0.39362819220430106,0.03758629804702074,0.21322647655817836,128784.53290799423,3608.533089735764,132393.06599773,908,8,692.25,32,0,20,36.38330845461707,0.6168619791666667,46.24368686868688,1015.0252525252538,31.71953914141418,0
910,4,0,0,32,0.0,0.0,1.0,32,450,400,50,0.8888888888888888,5,4,1,390.66885720650464,0.3940272177419355,0.03924906716417875,0.2145476510888182,128816.57483930222,3664.9248163452835,132481.4996556475,909,9,693.25,32,0,20,36.29741915422884,0.6171875,46.21212121212122,1015.151515151516,31.723484848484876,0
911,4,0,0,32,0.0,0.0,1.0,32,750,300,450,0.4,12,3,9,393.87298253439985,0.39377520161290325,0.0420499751367478,0.21700782681552833,128944.78242016125,3757.5732068156362,132702.3556269769,910,10,694.25,32,0,20,36.08486656721366,0.6184895833333333,46.08585858585859,1015.656565656566,31.73926767676769,0
912,4,0,0,32,0.0,0.0,1.0,32,600,500,100,0.8333333333333334,7,5,2,393.2165286855597,0.39350218413978494,0.04550574891236825,0.21682158829851458,128976.84427928277,3743.1653976635134,132720.00967694627,911,11,695.25,32,0,20,36.0687279883986,0.6188151041666667,46.054292929292934,1015.7828282828286,31.743213383838395,0
913,4,0,0,32,0.0,0.0,1.0,32,550,300,250,0.5454545454545454,8,3,5,392.5311204344508,0.39348118279569894,0.04766712226640135,0.21697049843794372,129073.05377002347,3733.0380828486873,132806.09185287217,912,12,696.25,32,0,20,35.98771951623591,0.6197916666666667,45.95959595959596,1016.1616161616162,31.755050505050505,0
914,4,0,0,32,0.0,0.0,1.0,32,1000,900,100,0.9,11,9,2,393.0962656845988,0.39333417338709675,0.054181933921251924,0.2178126658655681,129169.2991308285,3755.193825885115,132924.4929567136,913,13,697.25,32,0,21,35.874943071254094,0.6207682291666667,45.86489898989899,1016.5404040404042,31.76688762626263,0
915,4,0,0,32,0.0,0.0,1.0,32,900,700,200,0.7777777777777778,11,7,4,391.46371489307097,0.3927461357526882,0.06183659217877113,0.2176149222542227,129297.68207644633,3723.070190541788,133020.75226698813,914,14,698.25,32,0,21,35.78522656734948,0.6220703125,45.73863636363637,1017.045454545455,31.782670454545467,0
916,4,0,0,32,0.0,0.0,1.0,32,650,400,250,0.6153846153846154,9,4,5,391.3434302401968,0.391570060483871,0.05873479960292838,0.2182585954536848,129426.12879106721,3730.013040761146,133156.14183182837,915,15,699.25,32,0,18,35.65708111014602,0.6233723958333333,45.61237373737374,1017.5505050505049,31.798453282828277,0
917,4,0,0,32,0.0,0.0,1.0,32,1150,800,350,0.6956521739130435,15,8,7,387.20598812440994,0.39188508064516125,0.06165498635574318,0.2164809068140772,129522.50567544128,3630.377958881748,133152.88363432302,916,16,700.25,32,0,18,35.663968824940056,0.6243489583333333,45.51767676767677,1017.9292929292928,31.8102904040404,0
918,4,0,0,32,0.0,0.0,1.0,32,900,800,100,0.8888888888888888,10,8,2,382.4451867432142,0.390625,0.059323084552442173,0.2145203669172995,129651.06398581786,3516.8850755025087,133167.94906132037,917,17,701.25,32,0,18,35.654031324902874,0.6256510416666667,45.391414141414145,1018.4343434343441,31.826073232323253,0
919,4,0,0,32,0.0,0.0,1.0,32,700,400,300,0.5714285714285714,10,4,6,378.7709921250074,0.39056199596774194,0.057128361630933044,0.2129827968959363,129747.52456700847,3428.9197212019144,133176.4442882104,918,18,702.25,32,0,18,35.64929565828066,0.6266276041666667,45.29671717171717,1018.8131313131313,31.837910353535353,0
920,4,0,0,32,0.0,0.0,1.0,32,350,200,150,0.5714285714285714,5,2,3,380.2020425367258,0.3910870295698925,0.05801579925650602,0.2139630741472369,129779.6860651974,3468.500344352618,133248.18640955002,919,19,703.25,32,0,18,35.580080545229265,0.626953125,45.265151515151516,1018.9393939393937,31.84185606060605,0
921,4,0,0,32,0.0,0.0,1.0,32,900,700,200,0.7777777777777778,11,7,4,372.191336832042,0.39066700268817206,0.020175520059434904,0.21049140309912967,129972.7387511479,3274.9454775023,133247.6842286502,920,20,704.25,32,0,18,35.58769811788012,0.62890625,45.07575757575758,1019.6969696969701,31.865530303030315,7
922,4,0,0,32,0.0,0.0,1.0,32,700,500,200,0.7142857142857143,9,5,4,370.5567748708021,0.39123403897849457,0.01952979948013356,0.21008618836359372,130069.31889921952,3239.6134641873346,133308.93236340684,921,21,705.25,32,0,18,35.53116103478152,0.6298828125,44.98106060606061,1020.0757575757581,31.87736742424244,0
923,4,0,0,32,0.0,0.0,1.0,32,850,600,250,0.7058823529411765,11,6,5,367.7907832674208,0.39085601478494625,0.017989143882221725,0.209208508173861,130198.1482278595,3177.1357833384486,133375.28401119795,922,22,706.25,32,0,19,35.47079261000455,0.6311848958333333,44.854797979797986,1020.5808080808089,31.893150252525277,0
924,4,0,0,32,0.0,0.0,1.0,32,1000,600,400,0.6,14,6,8,366.6805497709287,0.3909820228494623,0.0187499999999996,0.20892263882297105,130262.58680555563,3152.9513888888987,133415.53819444453,923,23,707.25,32,0,20,35.43367346938775,0.6318359375,44.79166666666667,1020.833333333334,31.90104166666669,0
925,4,0,0,32,0.0,0.0,1.0,32,1100,900,200,0.8181818181818182,13,9,4,365.55805286937294,0.39070900537634407,0.015551606922126204,0.20914884354407545,130423.75299714318,3135.490638710345,133559.24363585352,924,24,708.25,32,0,21,35.29872270292543,0.6334635416666667,44.63383838383839,1021.4646464646468,31.92077020202021,0
926,4,0,0,32,0.0,0.0,1.0,32,650,500,150,0.7692307692307693,8,5,3,364.9705353340196,0.3901629704301075,0.016312407315867583,0.20916016798320727,130488.24737271712,3124.8730996837107,133613.12047240083,925,25,709.25,32,0,18,35.24829049266766,0.6341145833333333,44.57070707070707,1021.717171717172,31.928661616161627,0
927,4,0,0,32,0.0,0.0,1.0,32,900,800,100,0.8888888888888888,10,8,2,366.17285241158385,0.38976394489247307,0.014650247066090083,0.2103739702109136,130585.01882779825,3163.3377652790605,133748.3565930773,926,26,710.25,32,0,18,35.119415276919895,0.6350911458333333,44.476010101010104,1022.0959595959602,31.940498737373755,0
928,4,0,0,32,0.0,0.0,1.0,32,900,600,300,0.6666666666666666,12,6,6,369.1824417009603,0.3901209677419355,0.011712962962963092,0.21298987021209262,130746.38429752078,3253.8538797061724,134000.23817722694,927,27,711.25,32,0,19,34.87885802469137,0.63671875,44.31818181818183,1022.7272727272737,31.960227272727302,0
929,4,0,0,32,0.0,0.0,1.0,32,550,400,150,0.7272727272727273,7,4,3,369.95147715468084,0.389637936827957,0.012857208986544633,0.21361203966001935,130778.66934815334,3276.352381134587,134055.02172928792,928,28,712.25,32,0,19,34.826461753692946,0.6370442708333333,44.286616161616166,1022.8535353535361,31.964172979798004,0
930,4,0,0,32,0.0,0.0,1.0,32,350,200,150,0.5714285714285714,5,2,3,369.3825716681554,0.38936491935483875,0.016292273512713118,0.21346202536771727,130810.9583843486,3263.8576420773543,134074.81602642595,929,29,713.25,32,0,19,34.80827779149182,0.6373697916666667,44.25505050505051,1022.9797979797986,31.968118686868706,0
931,4,0,0,32,0.0,0.0,1.0,32,500,500,0,1.0,5,5,0,369.2094089764939,0.38928091397849457,0.020105811944718166,0.2137195035961078,130875.54841342733,3264.096775839211,134139.64518926654,930,30,714.25,32,0,19,34.74724415926291,0.6380208333333333,44.1919191919192,1023.2323232323242,31.976010101010132,0
932,4,0,0,32,0.0,0.0,1.0,32,700,500,200,0.7142857142857143,9,5,4,370.59933225276984,0.3891759072580645,0.024047655768044462,0.2147039019234238,130907.84940631059,3302.8723153249693,134210.72172163555,931,31,715.25,32,0,19,34.67895332099527,0.6383463541666667,44.160353535353536,1023.3585858585859,31.97995580808081,0
933,4,0,0,32,0.0,0.0,1.0,32,550,200,350,0.36363636363636365,9,2,7,369.70077452873755,0.388671875,0.022260854816824605,0.21454289041549593,130972.46334876555,3284.1242283950755,134256.58757716062,932,32,716.25,32,0,19,34.63647670737222,0.6389973958333333,44.09722222222223,1023.6111111111121,31.987847222222253,0
934,4,0,0,32,0.0,0.0,1.0,32,600,300,300,0.5,9,3,6,370.3958693795576,0.388692876344086,0.025183460779477196,0.2151267699806199,131004.77629833692,3304.7256019793936,134309.5019003163,933,33,717.25,32,0,19,34.585954201611585,0.6393229166666667,44.06565656565657,1023.7373737373739,31.991792929292934,0
935,4,0,0,32,0.0,0.0,1.0,32,750,600,150,0.8,9,6,3,369.437456839794,0.38862987231182794,0.028606984342251618,0.2151117884011177,131101.73906042753,3286.778613151724,134388.51767357925,934,34,718.25,32,0,20,34.512287839559455,0.6402994791666667,43.9709595959596,1024.1161616161617,32.00363005050505,0
936,4,0,0,32,0.0,0.0,1.0,32,850,600,250,0.7058823529411765,11,6,5,380.20049474316295,0.38760080645161293,0.06654048207663799,0.2175263085199568,130423.75299714318,3517.435083154788,133941.18808029796,935,35,719.25,32,0,20,34.92480428512568,0.6334635416666667,44.63383838383839,1021.4646464646468,31.92077020202021,2
937,4,0,0,32,0.0,0.0,1.0,32,650,500,150,0.7692307692307693,8,5,3,377.4640440001747,0.388671875,0.062820493018658,0.21650010688117755,130520.50053884815,3453.3591916641262,133973.85973051228,936,36,720.25,32,0,17,34.89641253758392,0.6344401041666667,44.53914141414142,1021.843434343435,31.932607323232343,0
938,4,0,0,32,0.0,0.0,1.0,32,700,600,100,0.8571428571428571,8,6,2,376.2473542034257,0.38953293010752693,0.05908866386762157,0.21670349035130465,130681.82615294366,3433.738266503427,134115.5644194471,937,37,721.25,32,0,18,34.763727669383385,0.6360677083333333,44.381313131313135,1022.4747474747481,31.95233585858588,0
939,4,0,0,32,0.0,0.0,1.0,32,600,300,300,0.5,9,3,6,377.7072568140844,0.38856686827956993,0.06099586060839424,0.20650647283077428,128639.3928527833,3319.2006636099045,131958.59351639322,938,38,722.25,31,1,20,36.80756107474437,0.6179435483870968,46.38671875000001,1014.4531250000008,32.72429435483873,7
940,4,0,0,32,0.0,0.0,1.0,32,900,600,300,0.6666666666666666,12,6,6,376.3982645286693,0.3880418346774193,0.06333418891170406,0.20596174699490125,128672.41753472232,3286.414930555566,131958.8324652779,939,39,723.25,31,1,20,36.80698151950718,0.6182795698924731,46.35416666666667,1014.5833333333342,32.72849462365594,0
941,4,0,0,32,0.0,0.0,1.0,32,850,600,250,0.7058823529411765,11,6,5,374.43238601741814,0.3878528225806452,0.05802998717126395,0.2053976389166624,128771.51701185432,3243.2452731662283,132014.76228502055,940,40,724.25,31,1,20,36.75553239255933,0.6192876344086021,46.256510416666664,1014.9739583333328,32.74109543010751,0
942,4,0,0,32,0.0,0.0,1.0,32,1250,1000,250,0.8,15,10,5,369.84340079680027,0.38776881720430106,0.029266243465272623,0.2021307402722106,128624.38303489456,3114.1758494031455,131738.5588842977,941,41,725.25,32,0,17,37.02234254418722,0.615234375,46.40151515151516,1014.3939393939407,31.699810606060648,5
943,4,0,0,32,0.0,0.0,1.0,32,700,500,200,0.7142857142857143,9,5,4,373.23041626765144,0.38808383736559143,0.027587252706233967,0.20447531394295254,128720.46100206605,3208.4782483930167,131928.93925045905,942,42,726.25,32,0,18,36.83821699639171,0.6162109375,46.30681818181818,1014.7727272727268,31.711647727272712,0
944,4,0,0,32,0.0,0.0,1.0,32,800,700,100,0.875,9,7,2,374.00012295416144,0.38797883064516125,0.0284818984822095,0.20506227751061043,128752.49496224873,3230.689789307215,131983.18475155593,943,43,727.25,32,0,18,36.78594385004562,0.6165364583333333,46.275252525252526,1014.8989898989898,31.715593434343432,0
945,4,0,0,32,0.0,0.0,1.0,32,1150,900,250,0.782608695652174,14,9,5,373.93895923546376,0.3881888440860215,0.01718322556577956,0.2056920047996991,128880.67065860632,3238.7007703295667,132119.37142893588,944,44,728.25,32,0,18,36.65651164718562,0.6178385416666667,46.1489898989899,1015.4040404040409,31.731376262626277,0
946,4,0,0,32,0.0,0.0,1.0,32,1000,700,300,0.7,13,7,6,376.72724238773435,0.3883778561827957,0.017305003107520145,0.207729312200776,128976.84427928271,3317.818175441278,132294.662454724,945,45,729.25,32,0,18,36.48746633519783,0.6188151041666667,46.05429292929293,1015.7828282828282,31.74321338383838,0
947,4,0,0,32,0.0,0.0,1.0,32,450,200,250,0.4444444444444444,7,2,5,375.7282649374599,0.3878528225806452,0.018712714392244756,0.20734633879882033,129008.91012396684,3294.4587924701436,132303.36891643697,946,46,730.25,32,0,18,36.480083271190665,0.619140625,46.022727272727266,1015.90909090909,31.74715909090906,0
948,4,0,0,32,0.0,0.0,1.0,32,600,500,100,0.8333333333333334,7,5,2,375.0245363992363,0.38694976478494625,0.014733973164368308,0.20746202704312364,129105.13157139557,3283.518422864989,132388.64999426057,947,47,731.25,32,0,19,36.399708038265615,0.6201171875,45.92803030303029,1016.287878787877,31.758996212121158,0
949,4,0,0,32,0.0,0.0,1.0,32,650,500,150,0.7692307692307693,8,5,3,374.10106821933454,0.3865297379032258,0.011958295992830603,0.20797889280151027,129300.69181654172,3274.3412560777115,132575.03307261944,948,48,732.25,31,1,20,36.22362160201424,0.6246639784946236,45.73567708333332,1017.0572916666653,32.80829973118275,0
950,4,0,0,32,0.0,0.0,1.0,32,800,600,200,0.75,10,6,4,374.0746948268521,0.38741179435483875,0.014379079738896294,0.2083140121655162,129366.91496107292,3278.577846950922,132645.49280802385,949,49,733.25,31,1,20,36.15675263449805,0.6253360215053764,45.67057291666665,1017.3177083333317,32.81670026881715,0
951,4,0,0,32,0.0,0.0,1.0,32,900,700,200,0.7777777777777778,11,7,4,373.3170875587956,0.387684811827957,0.009041634689178846,0.20876916956614178,129532.54699707021,3271.3426378038066,132803.889634874,950,50,734.25,31,1,16,36.007184275603294,0.627016129032258,45.50781249999999,1017.9687499999992,32.8377016129032,0
952,4,0,0,32,0.0,0.0,1.0,32,600,400,200,0.6666666666666666,8,4,4,372.7313915109111,0.38757980510752693,0.01089093873896907,0.20861751970106027,129565.68611992718,3258.63969590927,132824.32581583646,951,51,735.25,31,1,16,35.98832438078184,0.6273521505376345,45.47526041666666,1018.0989583333323,32.841901881720396,0
953,4,0,0,32,0.0,0.0,1.0,32,950,800,150,0.8421052631578947,11,8,3,371.679938449212,0.38829385080645157,0.006759454452535785,0.20944124393390784,129830.95169067376,3251.112026638442,133082.0637173122,952,52,736.25,31,1,16,35.74499063072269,0.6300403225806452,45.21484374999999,1019.1406249999994,32.87550403225804,0
954,4,0,0,32,0.0,0.0,1.0,32,950,700,250,0.7368421052631579,12,7,5,372.2330764014766,0.38762180779569894,0.008783201379134464,0.21046622536461815,129963.68620130746,3275.3565470377553,133239.0427483452,953,53,737.25,31,1,17,35.59584237858085,0.6313844086021505,45.084635416666664,1019.6614583333329,32.892305107526866,0
955,4,0,0,32,0.0,0.0,1.0,32,850,700,150,0.8235294117647058,10,7,3,370.8776530904284,0.38745379704301075,0.009575801659031713,0.2099214298536362,130004.92814827556,3243.1845283644325,133248.11267663998,954,54,738.25,32,0,17,35.58845074491354,0.6292317708333333,45.04419191919191,1019.8232323232313,31.86947601010098,0
956,4,0,0,32,0.0,0.0,1.0,32,850,600,250,0.7058823529411765,11,6,5,371.8905930853309,0.3872227822580645,0.005872431294875025,0.21066845799041387,130037.12153096613,3271.9164498520413,133309.0379808182,955,55,739.25,32,0,17,35.529885697779974,0.6295572916666667,45.012626262626256,1019.9494949494942,31.873421717171695,0
957,4,0,0,32,0.0,0.0,1.0,32,750,500,250,0.6666666666666666,10,5,5,371.19508988322843,0.38762180779569894,0.008039691869818011,0.21079603101520483,130133.72559241387,3260.9999936230747,133394.72558603695,956,56,740.25,32,0,18,35.44940807655817,0.6305338541666667,44.91792929292928,1020.3282828282814,31.885258838383795,0
958,4,0,0,32,0.0,0.0,1.0,32,700,600,100,0.8571428571428571,8,6,2,375.0104123281965,0.3875378024193548,0.009056122448979576,0.21366872330327497,130262.58680555565,3369.9652777777897,133632.55208333343,957,57,741.25,32,0,18,35.221088435374156,0.6318359375,44.79166666666667,1020.8333333333342,31.901041666666693,0
959,4,0,0,32,0.0,0.0,1.0,32,850,500,350,0.5882352941176471,12,5,7,377.1827482181752,0.38743279569892475,0.00923195843427238,0.21545843366898396,130362.29663425034,3434.081861707911,133796.37849595826,958,58,742.25,31,1,19,35.06430893790641,0.6354166666666667,44.69401041666667,1021.2239583333343,32.942708333333364,0
960,4,0,0,32,0.0,0.0,1.0,32,550,300,250,0.5454545454545454,8,3,5,377.995595395266,0.38778981854838707,0.01311511983681779,0.21610768588050064,130395.54172092021,3457.788085937506,133853.3298068577,959,59,743.25,31,1,19,35.009773924868256,0.635752688172043,44.661458333333336,1021.3541666666673,32.94690860215056,0
961,4,0,0,32,0.0,0.0,1.0,32,750,600,150,0.8,9,6,3,380.6998667276411,0.38709677419354843,0.021700172040270083,0.21821416027843688,130495.30241224507,3535.9088473849897,134031.21125963007,960,60,744.25,31,1,17,34.83934943290429,0.636760752688172,44.563802083333336,1021.7447916666672,32.959509408602166,0
962,4,0,0,32,0.0,0.0,1.0,32,800,600,200,0.75,10,6,4,380.05116340108657,0.3871807795698925,0.017597280601197696,0.21859206475178958,130628.37600707996,3529.093254937054,134157.46926201702,961,61,745.25,31,1,18,34.72076274784528,0.6381048387096775,44.43359374999999,1022.2656249999991,32.97631048387094,0
963,4,0,0,32,0.0,0.0,1.0,32,600,400,200,0.6666666666666666,8,4,4,378.5400078034781,0.3862357190860215,0.025154379933792104,0.21828584590958258,130728.2257080077,3497.1727159288075,134225.3984239365,962,62,746.25,31,1,18,34.65802987861812,0.6391129032258065,44.33593749999999,1022.6562499999991,32.98891129032255,0
964,4,0,0,32,0.0,0.0,1.0,32,700,600,100,0.8571428571428571,8,6,2,377.90474307355515,0.38663474462365593,0.021900859325270083,0.2181074031478893,130761.51741875532,3483.0795288085765,134244.5969475639,963,63,747.25,31,1,18,34.640489072777434,0.6394489247311828,44.30338541666666,1022.7864583333325,32.993111559139756,0
965,4,0,0,32,0.0,0.0,1.0,32,600,400,200,0.6666666666666666,8,4,4,377.2665814699822,0.3862147177419355,0.02048730431462409,0.21811505008165155,130828.11355590798,3471.415032280789,134299.52858818878,964,64,748.25,31,1,20,34.58924631963006,0.6401209677419355,44.238281249999986,1023.0468749999983,33.001512096774135,0
966,4,0,0,32,0.0,0.0,1.0,32,850,600,250,0.7058823529411765,11,6,5,365.0298395894432,0.38617271505376344,0.03772865853658525,0.19982151164446646,128688.43102744634,2995.023466993183,131683.45449443953,965,65,749.25,32,0,19,37.07897793263646,0.6158854166666667,46.33838383838385,1014.6464646464659,31.70770202020206,8
967,4,0,0,32,0.0,0.0,1.0,32,850,700,150,0.8235294117647058,10,7,3,362.8757430570055,0.3855426747311828,0.038745645683005536,0.1989628392013788,128752.49496224888,2944.2314559738943,131696.72641822277,966,66,750.25,32,0,19,37.06819689806749,0.6165364583333333,46.27525252525253,1014.898989898991,31.715593434343468,0
968,4,0,0,32,0.0,0.0,1.0,32,1150,700,450,0.6086956521739131,16,7,9,363.83594435604516,0.3859206989247312,0.04565095747326531,0.2001346555753295,128880.67065860634,2978.2841036628997,131858.95476226925,967,67,751.25,32,0,21,36.912977700406195,0.6178385416666667,46.1489898989899,1015.404040404041,31.73137626262628,0
969,4,0,0,32,0.0,0.0,1.0,32,750,600,150,0.8,9,6,3,365.9587288871139,0.3859417002688172,0.0467876009944066,0.20179149923898784,128976.84427928277,3040.040397663514,132016.8846769463,968,68,752.25,32,0,21,36.760928112699396,0.6188151041666667,46.054292929292934,1015.7828282828286,31.743213383838395,0
970,4,0,0,32,0.0,0.0,1.0,32,600,400,200,0.6666666666666666,8,4,4,365.9587288871139,0.3859417002688172,0.0467876009944066,0.20179149923898784,128976.84427928277,3040.040397663514,132016.8846769463,969,69,753.25,32,0,21,36.760928112699396,0.6188151041666667,46.054292929292934,1015.7828282828286,31.743213383838395,0
971,4,0,0,32,0.0,0.0,1.0,32,450,300,150,0.6666666666666666,6,3,3,365.3015049569984,0.38615171370967744,0.046519665713930625,0.20175574539388905,129040.97995421382,3027.7728356800253,132068.75278989386,970,70,754.25,32,0,21,36.7121805227621,0.6194661458333333,45.99116161616161,1016.0353535353532,31.75110479797979,0
972,4,0,0,32,0.0,0.0,1.0,32,550,400,150,0.7272727272727273,7,4,3,364.621107845966,0.3860467069892473,0.049461046222663896,0.2015433156555174,129073.05377002346,3012.5519717375764,132085.60574176104,971,71,755.25,32,0,21,36.696746603711055,0.6197916666666667,45.95959595959596,1016.161616161616,31.7550505050505,0
973,4,0,0,32,0.0,0.0,1.0,32,250,100,150,0.4,4,1,3,365.275268184754,0.38581569220430106,0.0485580506895269,0.20206877207004,129105.13157139566,3031.7823117538915,132136.91388314954,972,72,756.25,32,0,21,36.64740961610138,0.6201171875,45.9280303030303,1016.2878787878778,31.758996212121183,0
974,4,0,0,32,0.0,0.0,1.0,32,950,700,250,0.7368421052631579,12,7,5,366.0238429408258,0.3851016465053763,0.0464328018952489,0.20314713500532378,129234.48562622059,3060.6164839423027,132295.1021101629,973,73,757.25,31,1,21,36.49648375805694,0.623991935483871,45.80078124999999,1016.7968749999991,32.799899193548356,0
975,4,0,0,32,0.0,0.0,1.0,32,700,600,100,0.8571428571428571,8,6,2,374.84692664361125,0.384765625,0.006303012348759296,0.20209467457308927,128080.61876658029,3202.1252614529594,131282.74402803325,974,74,758.25,32,0,21,37.45218494033514,0.6097005208333333,46.938131313131336,1012.2474747474777,31.632733585858677,6
976,4,0,0,32,0.0,0.0,1.0,32,700,600,100,0.8571428571428571,8,6,2,373.7050764609671,0.38453461021505375,0.003086034912718194,0.20196190789871696,128176.49347005422,3180.0412585450663,131356.53472859928,975,75,759.25,32,0,21,37.38284497090607,0.6106770833333333,46.84343434343435,1012.6262626262638,31.644570707070745,0
977,4,0,0,32,0.0,0.0,1.0,32,450,300,150,0.6666666666666666,6,3,3,375.2610388745834,0.3842825940860215,0.0005142109199702816,0.20312712913980494,128240.42986685042,3224.727387511494,131465.15725436193,976,76,760.25,32,0,21,37.27795437546747,0.611328125,46.78030303030304,1012.8787878787887,31.652462121212146,0
978,4,0,0,32,0.0,0.0,1.0,32,700,400,300,0.5714285714285714,10,4,6,375.51502846989086,0.38400957661290325,0.0032134176741864806,0.20342721630073843,128272.40404359256,3233.643091266204,131506.04713485876,977,77,761.25,32,0,21,37.23877186422369,0.6116536458333333,46.74873737373738,1013.005050505051,31.656407828282845,0
979,4,0,0,32,0.0,0.0,1.0,32,600,400,200,0.6666666666666666,8,4,4,377.00550266398795,0.38421959005376344,0.005782710280373804,0.20456180925480094,128336.36435376508,3276.7031106519926,131613.06746441708,978,78,762.25,32,0,21,37.1355140186916,0.6123046875,46.68560606060607,1013.257575757577,31.66429924242428,0
980,4,0,0,32,0.0,0.0,1.0,32,600,500,100,0.8333333333333334,7,5,2,381.54456938783085,0.383799563172043,0.008091761115954776,0.20768958288914555,128464.33280086236,3402.9737080400223,131867.30650890237,979,79,763.25,32,0,18,36.88945281687218,0.6136067708333333,46.55934343434345,1013.7626262626279,31.680082070707122,0
981,4,0,0,32,0.0,0.0,1.0,32,1050,800,250,0.7619047619047619,13,8,5,383.3973121458388,0.383820564516129,0.00898748754980061,0.20920157684479487,128560.3509845936,3457.938603203782,132018.2895877974,980,80,764.25,32,0,18,36.744169156706505,0.6145833333333333,46.46464646464648,1014.1414141414158,31.691919191919244,0
982,4,0,0,32,0.0,0.0,1.0,32,1100,800,300,0.7272727272727273,14,8,6,384.4776799077153,0.383799563172043,0.01065261356565017,0.21029803662753543,128656.40503838907,3493.103222885435,132149.50826127452,981,81,765.25,32,0,20,36.61844015764363,0.6155598958333333,46.3699494949495,1014.5202020202031,31.703756313131347,0
983,4,0,0,32,0.0,0.0,1.0,32,700,400,300,0.5714285714285714,10,4,6,388.8326294837019,0.38432459677419356,0.007697810400597138,0.21319486192291945,128752.49496224886,3612.634233751673,132365.12919600055,982,82,766.25,32,0,20,36.4096064526831,0.6165364583333333,46.27525252525253,1014.8989898989909,31.715593434343464,0
984,4,0,0,32,0.0,0.0,1.0,32,400,100,300,0.25,7,1,6,390.2617667097804,0.383757560483871,0.011160436621470593,0.21415114966415863,128784.53290799409,3651.9358675135245,132436.46877550762,983,83,767.25,32,0,20,36.340548161048254,0.6168619791666667,46.24368686868687,1015.0252525252525,31.719539141414142,0
985,4,0,0,32,0.0,0.0,1.0,32,600,400,200,0.6666666666666666,8,4,4,389.76701587988623,0.3829805107526882,0.006924583436956233,0.2143985185845447,128880.67065860619,3646.6868814406625,132527.35754004685,984,84,768.25,32,0,20,36.254714830473354,0.6178385416666667,46.148989898989896,1015.4040404040398,31.731376262626245,0
986,4,0,0,32,0.0,0.0,1.0,32,950,700,250,0.7368421052631579,12,7,5,393.1997830925434,0.38188844086021506,0.006666459472899122,0.21663692158879597,128944.78242016125,3740.212095704526,132684.99451586578,985,85,769.25,32,0,20,36.1019600530416,0.6184895833333333,46.08585858585859,1015.656565656566,31.73926767676769,0
987,4,0,0,32,0.0,0.0,1.0,32,700,600,100,0.8571428571428571,8,6,2,389.1855610997391,0.38260248655913975,0.007946495152870936,0.21477277260689331,129008.91012396706,3641.6810146923945,132650.59113865945,986,86,770.25,32,0,20,36.13829853343277,0.619140625,46.02272727272728,1015.9090909090918,31.74715909090912,0
988,4,0,0,32,0.0,0.0,1.0,32,700,500,200,0.7142857142857143,9,5,4,390.4537633578951,0.38272849462365593,0.002818322981366528,0.21617281946568495,129137.21335833092,3684.422189062363,132821.6355473933,987,87,771.25,32,0,21,35.97489648033128,0.6204427083333333,45.89646464646466,1016.4141414141426,31.762941919191956,0
989,4,0,0,32,0.0,0.0,1.0,32,1100,900,200,0.8181818181818182,13,9,4,386.6233674943982,0.38373655913978494,-8.798310724333902e-05,0.21548323777469544,129400.03289116766,3605.83123630463,133005.8641274723,988,88,772.25,31,1,22,35.803792338537676,0.6256720430107527,45.63802083333334,1017.4479166666678,32.820900537634444,0
990,4,0,0,32,0.0,0.0,1.0,32,1000,800,200,0.8,12,8,4,382.5171211595947,0.3834425403225807,7.992327365746732e-05,0.21427535010516,129598.82948133694,3514.754231770852,133113.5837131078,989,89,773.25,31,1,18,35.705456095481665,0.6276881720430108,45.44270833333334,1018.2291666666678,32.84610215053767,0
991,4,0,0,32,0.0,0.0,1.0,32,450,300,150,0.6666666666666666,6,3,3,382.5171211595947,0.3834425403225807,7.992327365746732e-05,0.21427535010516,129598.82948133694,3514.754231770852,133113.5837131078,990,90,774.25,31,1,18,35.705456095481665,0.6276881720430108,45.44270833333334,1018.2291666666678,32.84610215053767,0
992,4,0,0,32,0.0,0.0,1.0,32,600,300,300,0.5,9,3,6,381.6615374982298,0.3833375336021505,-0.0031597532915761395,0.2143387083882737,129698.28499688057,3500.1693725586147,133198.4543694392,991,91,775.25,31,1,18,35.62585218799267,0.6286962365591398,45.34505208333334,1018.6197916666678,32.85870295698928,0
993,4,0,0,32,0.0,0.0,1.0,32,800,600,200,0.75,10,6,4,381.6615374982298,0.3833375336021505,-0.0031597532915761395,0.2143387083882737,129698.28499688057,3500.1693725586147,133198.4543694392,992,92,776.25,31,1,18,35.62585218799267,0.6286962365591398,45.34505208333334,1018.6197916666678,32.85870295698928,0
994,4,0,0,32,0.0,0.0,1.0,32,1150,900,250,0.782608695652174,14,9,5,379.0201650247828,0.38319052419354843,0.0020918497700563865,0.2137586348569167,129864.12896050364,3444.22471788197,133308.3536783856,993,93,777.25,31,1,18,35.524186680292964,0.6303763440860215,45.18229166666668,1019.2708333333347,32.879704301075314,0
995,4,0,0,32,0.0,0.0,1.0,32,850,600,250,0.7058823529411765,11,6,5,377.1176716223603,0.3843035954301075,-0.0008338120771098634,0.21359094156312003,130030.07888793958,3407.32811821833,133437.4070061579,994,94,778.25,31,1,20,35.403767181582204,0.6320564516129032,45.01953125000001,1019.921875000001,32.900705645161324,0
996,4,0,0,32,0.0,0.0,1.0,32,600,400,200,0.6666666666666666,8,4,4,380.07381774069006,0.38514364919354843,0.00029906214112540574,0.2159998919241327,130162.9151238337,3494.303215874592,133657.21833970828,995,95,779.25,31,1,21,35.19323401811919,0.6334005376344086,44.88932291666668,1020.4427083333346,32.91750672043015,0
997,4,0,0,32,0.0,0.0,1.0,32,950,800,150,0.8421052631578947,11,8,3,398.1707643155414,0.3854166666666667,0.05098887515451178,0.2278077428085384,130423.75299714331,3986.1850831548018,134409.9380802981,996,96,780.25,32,0,20,34.46590440873508,0.6334635416666667,44.633838383838395,1021.4646464646478,31.920770202020243,4
998,4,0,0,32,0.0,0.0,1.0,32,500,300,200,0.6,7,3,4,399.58215211443445,0.38579469086021506,0.05300222386953313,0.22937715880952017,130552.7576905419,4033.310376492209,134586.0680670341,997,97,781.25,32,0,19,34.29855448480357,0.634765625,44.507575757575765,1021.9696969696978,31.936553030303056,0
999,4,0,0,32,0.0,0.0,1.0,32,650,500,150,0.7692307692307693,8,5,3,403.5473771266536,0.3850806451612903,0.0565557065217388,0.2320397418478261,130617.2839506174,4142.052469135813,134759.3364197532,998,98,782.25,32,0,19,34.13156702898549,0.6354166666666667,44.44444444444445,1022.2222222222232,31.944444444444475,0
1000,4,0,0,32,0.0,0.0,1.0,32,950,800,150,0.8421052631578947,11,8,3,403.5473771266536,0.3850806451612903,0.0565557065217388,0.2320397418478261,130617.2839506174,4142.052469135813,134759.3364197532,999,99,783.25,32,0,19,34.13156702898549,0.6354166666666667,44.44444444444445,1022.2222222222232,31.944444444444475,0
1001,4,0,0,32,0.0,0.0,1.0,32,650,400,250,0.6153846153846154,9,4,5,405.5915283823843,0.38484963037634407,0.05258751080380275,0.2337997002397819,130714.1032324509,4203.306582236518,134917.40981468742,1000,100,784.25,32,0,19,33.98078980944149,0.6363932291666667,44.34974747474748,1022.6010101010112,31.9562815656566,0
1002,4,0,0,32,0.0,0.0,1.0,32,1150,900,250,0.782608695652174,14,9,5,409.6687533924724,0.38403057795698925,0.04810124629812451,0.23713968410661412,130875.54841342727,4323.124553616987,135198.67296704426,1001,101,785.25,32,0,19,33.71226143468248,0.6380208333333333,44.1919191919192,1023.2323232323238,31.976010101010118,0
1003,4,0,0,32,0.0,0.0,1.0,32,600,200,400,0.3333333333333333,10,2,8,408.47323761113023,0.38405157930107525,0.04871947082767991,0.23704313080267955,130972.46334876551,4299.749228395073,135272.2125771606,1002,102,786.25,32,0,20,33.64427860696518,0.6389973958333333,44.09722222222223,1023.6111111111118,31.987847222222243,0
1004,4,0,0,32,0.0,0.0,1.0,32,950,600,350,0.631578947368421,13,6,7,405.80823356834367,0.38291750672043007,0.05198832121286845,0.2366874334248723,131166.40082963483,4245.681084838298,135412.08191447312,1003,103,787.25,32,0,21,33.515397099305645,0.6409505208333333,43.90782828282829,1024.3686868686877,32.01152146464649,0
1005,4,0,0,32,0.0,0.0,1.0,32,900,600,300,0.6666666666666666,12,6,6,405.3311143179924,0.3831065188172043,0.043709955643173704,0.2370077322625957,131263.42337516588,4241.029933170088,135504.45330833597,1004,104,788.25,32,0,21,33.429080417282705,0.6419270833333333,43.813131313131315,1024.7474747474753,32.0233585858586,0
1006,4,0,0,32,0.0,0.0,1.0,32,1050,700,350,0.6666666666666666,14,7,7,404.05235309430515,0.3813634072580645,0.04543927775593093,0.2372991071406047,131431.47193678463,4221.0709858427745,135652.5429226274,1005,105,789.25,30,2,21,33.29127889194738,0.6489583333333333,43.649193548387096,1025.4032258064517,34.18010752688172,0
1007,4,0,0,32,0.0,0.0,1.0,32,800,500,300,0.625,11,5,6,402.8329339484727,0.3807123655913978,0.047067395860623584,0.23765275253188886,131603.8071597873,4202.869551393232,135806.67671118054,1006,106,790.25,30,2,20,33.14776002095887,0.6506944444444445,43.48118279569893,1026.0752688172047,34.20250896057349,0
1008,4,0,0,32,0.0,0.0,1.0,32,850,700,150,0.8235294117647058,10,7,3,402.3867789125924,0.38029233870967744,0.04430970149253732,0.23825040444452564,131741.75663371495,4202.228220025447,135943.9848537404,1007,107,791.25,30,2,20,33.01938771056995,0.6520833333333333,43.34677419354839,1026.612903225807,34.2204301075269,0
1009,4,0,0,32,0.0,0.0,1.0,32,850,800,50,0.9411764705882353,9,8,1,405.2263507031058,0.37999831989247307,0.042424738219895675,0.2403671831810348,131810.75846918722,4282.638527575447,136093.39699676266,1008,108,792.25,30,2,20,32.87658158813263,0.6527777777777778,43.27956989247312,1026.8817204301076,34.229390681003586,0
1010,4,0,0,32,0.0,0.0,1.0,32,950,600,350,0.631578947368421,13,6,7,405.38619035384903,0.3797463037634408,0.04206196021983821,0.24089900985101995,131879.7783703319,4292.448187651765,136172.22655798364,1009,109,793.25,30,2,20,32.802549507109845,0.6534722222222222,43.212365591397855,1027.1505376344091,34.23835125448031,0
1011,4,0,0,32,0.0,0.0,1.0,32,900,800,100,0.8888888888888888,10,8,2,410.0222297330387,0.38016633064516125,0.019655377589090417,0.22086644433228772,128045.67337036133,4100.314500596788,132145.9878709581,1010,110,794.25,31,1,19,36.59797268321968,0.6118951612903225,46.97265625,1012.109375,32.64868951612903,7
1012,4,0,0,32,0.0,0.0,1.0,32,900,500,400,0.5555555555555556,13,5,8,409.452673152676,0.37995631720430106,0.021298231511253762,0.22092259082318222,128111.57438490132,4091.1253187391535,132202.69970364048,1011,111,795.25,31,1,19,36.54461414790997,0.6125672043010753,46.907552083333336,1012.3697916666672,32.65709005376346,0
1013,4,0,0,32,0.0,0.0,1.0,32,1100,1000,100,0.9090909090909091,12,10,2,406.9520425718853,0.3813214045698925,0.02353818206745295,0.22052809795834558,128285.19483024694,4041.192890685287,132326.38772093222,1012,112,796.25,29,3,20,36.42948542180788,0.6199712643678161,46.736111111111114,1013.0555555555558,34.93295019157089,0
1014,4,0,0,32,0.0,0.0,1.0,32,800,600,200,0.75,10,6,4,409.29101166403046,0.38113239247311825,0.01968385880740242,0.22199092417019356,128320.37278163584,4104.075038580255,132424.4478202161,1013,113,797.25,29,3,20,36.334104409412845,0.6203304597701149,46.70138888888889,1013.1944444444448,34.937739463601545,0
1015,4,0,0,32,0.0,0.0,1.0,32,750,400,350,0.5333333333333333,11,4,7,407.5150789967853,0.38144741263440857,0.022862518233655704,0.2215624521063273,128416.85319473354,4066.36081483409,132483.21400956763,1014,114,798.25,30,2,16,36.28000265216815,0.6184027777777779,46.60618279569893,1013.5752688172048,33.785842293906825,0
1016,4,0,0,32,0.0,0.0,1.0,32,1100,1000,100,0.9090909090909091,12,10,2,407.8641032093283,0.38155241935483875,0.02329771371769418,0.22251154437558798,128553.12256113425,4086.4408096311786,132639.56337076542,1015,115,799.25,30,2,16,36.13126794786835,0.6197916666666667,46.47177419354839,1014.1129032258066,33.803763440860216,0
1017,4,0,0,32,0.0,0.0,1.0,32,650,600,50,0.9230769230769231,7,6,1,405.7301245882562,0.3813634072580645,0.019516759406465356,0.22191673770957657,128655.37200832459,4039.8720227771914,132695.24403110179,1016,116,800.25,30,2,17,36.08047385620916,0.6208333333333333,46.37096774193548,1014.5161290322575,33.81720430107525,0
1018,4,0,0,32,0.0,0.0,1.0,32,700,600,100,0.8571428571428571,8,6,2,404.8467419735883,0.3806703629032258,0.02471940802542716,0.22200419380120284,128757.66210327776,4025.4240013296244,132783.08610460738,1017,117,801.25,30,2,18,35.997991436012896,0.621875,46.27016129032258,1014.9193548387091,33.8306451612903,0
1019,4,0,0,32,0.0,0.0,1.0,32,750,500,250,0.6666666666666666,10,5,5,382.62015200550167,0.3811953965053763,0.05347615068140921,0.20695546191229425,128210.45769585496,3411.1809624565885,131621.63865831154,1018,118,802.25,31,1,20,37.12233221907946,0.6135752688172043,46.80989583333333,1012.760416666666,32.66969086021503,6
1020,4,0,0,32,0.0,0.0,1.0,32,950,800,150,0.8421052631578947,11,8,3,381.9562387243015,0.3813214045698925,0.05152634961439628,0.20693729368210753,128276.40109592008,3399.194335937494,131675.59543185757,1019,119,803.25,31,1,20,37.071550985432744,0.614247311827957,46.744791666666664,1013.0208333333328,32.67809139784944,0
1021,4,0,0,32,0.0,0.0,1.0,32,700,500,200,0.7142857142857143,9,5,4,383.1303670402401,0.38159442204301075,0.050551824958231295,0.20774476557073943,128309.37915378153,3431.843905978737,131741.22305976026,1020,120,804.25,31,1,20,37.008016321809535,0.6145833333333333,46.712239583333336,1013.1510416666672,32.682291666666686,0
1022,4,0,0,32,0.0,0.0,1.0,32,1100,900,200,0.8181818181818182,13,9,4,387.71182333167917,0.38193044354838707,0.0510236030828517,0.21092498564899526,128441.33377075197,3559.644741482206,132000.97851223417,1021,121,805.25,31,1,16,36.7567169770927,0.6159274193548387,46.58203125,1013.6718750000001,32.69909274193549,0
1023,4,0,0,32,0.0,0.0,1.0,32,550,400,150,0.7272727272727273,7,4,3,388.2736041725579,0.3816994287634408,-0.017520226537217187,0.20116791363065115,126469.13528442373,3453.006998697901,129922.14228312163,1022,122,806.25,31,1,19,38.771440129449836,0.595766129032258,48.53515624999999,1005.8593749999992,32.4470766129032,8
1024,4,0,0,32,0.0,0.0,1.0,32,850,700,150,0.8235294117647058,10,7,3,386.4803984489396,0.3821614583333333,-0.016071775132616928,0.20088143911310372,126600.14046563033,3385.6945461696996,129985.83501180004,1023,123,807.25,31,1,20,38.68129231897184,0.5971102150537635,48.404947916666664,1006.3802083333326,32.46387768817202,0
1025,4,0,0,32,0.0,0.0,1.0,32,1050,900,150,0.8571428571428571,12,9,3,385.53572618573224,0.38253948252688175,-0.010265778582513985,0.200873465961461,126698.43885633674,3369.354926215273,130067.793782552,1024,124,808.25,31,1,20,38.603638558372154,0.5981182795698925,48.307291666666664,1006.7708333333328,32.47647849462364,0
1026,4,0,0,32,0.0,0.0,1.0,32,750,600,150,0.8,9,6,3,385.878695216946,0.38270749327956993,-0.0045012283423842,0.20137556199783135,126763.99230957031,3383.1047905815967,130147.0971001519,1025,125,809.25,31,1,20,38.527389880182746,0.5987903225806452,48.2421875,1007.03125,32.484879032258064,0
1027,4,0,0,32,0.0,0.0,1.0,32,1100,900,200,0.8181818181818182,13,9,4,385.74707025998316,0.38211945564516125,-0.007196627035409575,0.2019560777856394,126895.15007866759,3389.8864746093836,130285.03655327698,1026,126,810.25,31,1,21,38.39547255966229,0.6001344086021505,48.11197916666667,1007.5520833333338,32.501680107526894,0
1028,4,0,0,32,0.0,0.0,1.0,32,700,400,300,0.5714285714285714,10,4,6,386.8060636220779,0.3821614583333333,-0.003430960991992027,0.20316503016025297,127026.37566460509,3426.914469401046,130453.29013400614,1027,127,811.25,31,1,21,38.233552914836814,0.601478494623656,47.981770833333336,1008.0729166666671,32.51848118279571,0
1029,4,0,0,32,0.0,0.0,1.0,32,1050,600,450,0.5714285714285714,15,6,9,386.45895371386456,0.38176243279569894,-0.007710619754680348,0.20347549942310536,127124.83935885952,3425.7064819335833,130550.5458407931,1028,128,812.25,31,1,21,38.14087045405638,0.602486559139785,47.88411458333333,1008.4635416666661,32.53108198924729,0
1030,4,0,0,32,0.0,0.0,1.0,32,650,400,250,0.6153846153846154,9,4,5,391.29997516445485,0.38140540994623656,-0.0031737966189187006,0.20669280896723666,127256.18362426758,3559.0682983398424,130815.25192260742,1029,129,813.25,31,1,21,37.88351722802945,0.6038306451612903,47.75390625,1008.984375,32.54788306451613,0
1031,4,0,0,32,0.0,0.0,1.0,32,700,400,300,0.5714285714285714,10,4,6,389.3558944407701,0.3813424059139785,0.0018382352941177516,0.2061671375481455,127354.736328125,3517.2634548611104,130871.99978298611,1030,130,814.25,31,1,21,37.831097351221196,0.6048387096774194,47.65625,1009.375,32.560483870967744,0
1032,4,0,0,32,0.0,0.0,1.0,32,800,600,200,0.75,10,6,4,387.749516519976,0.3807123655913978,0.0055924445590513905,0.20598529110472144,127486.19927300341,3486.5424262152733,130972.74169921868,1031,131,815.25,31,1,21,37.736376138903225,0.6061827956989247,47.526041666666664,1009.8958333333328,32.57728494623654,0
1033,4,0,0,32,0.0,0.0,1.0,32,550,400,150,0.7272727272727273,7,4,3,391.0241906754024,0.3803973454301075,0.005956792112385978,0.20823312940634486,127584.84098646368,3577.7518378363675,131162.59282430005,1032,132,816.25,31,1,21,37.55222429866392,0.6071908602150538,47.428385416666664,1010.2864583333327,32.589885752688154,0
1034,4,0,0,32,0.0,0.0,1.0,32,650,500,150,0.7692307692307693,8,5,3,393.8696972657167,0.3806913642473118,0.011766552879041381,0.21043430556598486,127716.42261081278,3660.725741916238,131377.148352729,1033,133,817.25,31,1,21,37.34501803426509,0.6085349462365591,47.298177083333336,1010.8072916666672,32.606686827957006,0
1035,4,0,0,32,0.0,0.0,1.0,32,750,600,150,0.8,9,6,3,396.224514247508,0.380838373655914,0.012643252639711333,0.21221238466525166,127815.15333387595,3728.6994086371596,131543.85274251312,1034,134,818.25,31,1,21,37.18398574984976,0.6095430107526882,47.200520833333336,1011.1979166666673,32.61928763440862,0
1036,4,0,0,32,0.0,0.0,1.0,32,900,600,300,0.6666666666666666,12,6,6,394.20781538471874,0.38193044354838707,0.02136105565260804,0.21202559949618377,127984.77993317023,3690.5200999898125,131675.30003316005,1035,135,819.25,32,0,21,37.060664670160556,0.6087239583333333,47.03282828282829,1011.868686868688,31.6208964646465,0
1037,4,0,0,32,0.0,0.0,1.0,32,550,200,350,0.36363636363636365,9,2,7,393.8236897086393,0.38211945564516125,0.014020986653361378,0.21232579155307083,128080.61876658,3688.2363725640284,131768.85513914403,1036,136,820.25,32,0,21,36.971955428048716,0.6097005208333333,46.938131313131315,1012.2474747474752,31.6327335858586,0
1038,4,0,0,32,0.0,0.0,1.0,32,700,400,300,0.5714285714285714,10,4,6,394.3864919018577,0.38260248655913975,0.019829816878980777,0.2135126869951436,128246.61810613943,3715.7786471330974,131962.39675327254,1037,137,821.25,30,2,21,36.787309801840074,0.6166666666666667,46.774193548387096,1012.9032258064516,33.763440860215056,0
1039,4,0,0,32,0.0,0.0,1.0,32,1000,700,300,0.7,13,7,6,392.94690035108965,0.38256048387096775,0.02080570291777195,0.2134596274241508,128382.79714417842,3689.524439241519,132072.32158341992,1038,138,822.25,30,2,21,36.684073828470375,0.6180555555555556,46.63978494623655,1013.4408602150529,33.78136200716843,0
1040,4,0,0,32,0.0,0.0,1.0,32,650,400,250,0.6153846153846154,9,4,5,388.02815889243,0.38222446236559143,0.015691257171364326,0.2093680873485531,128112.57301550846,3542.2571676359357,131654.8301831444,1039,139,823.25,32,0,21,37.085827720961184,0.6100260416666667,46.90656565656565,1012.373737373736,31.63667929292925,2
1041,4,0,0,32,0.0,0.0,1.0,32,1000,800,200,0.8,12,8,4,388.7989778296671,0.3821824596774193,0.013883694839192273,0.21045515520577507,128240.42986685023,3571.949609733687,131812.3794765839,1040,140,824.25,32,0,22,36.935147095487395,0.611328125,46.780303030303024,1012.8787878787872,31.6524621212121,0
1042,4,0,0,32,0.0,0.0,1.0,32,700,500,200,0.7142857142857143,9,5,4,390.5333216874838,0.38325352822580644,0.007324766355140122,0.2119019544653181,128336.36435376483,3623.925332874184,131960.289686639,1041,141,825.25,32,0,22,36.79283489096573,0.6123046875,46.685606060606055,1013.2575757575751,31.66429924242422,0
1043,4,0,0,32,0.0,0.0,1.0,32,900,600,300,0.6666666666666666,12,6,6,395.5714017639336,0.38256048387096775,0.0028253424657533888,0.21549785319975448,128496.33487654298,3765.8950617283676,132262.22993827134,1042,142,826.25,32,0,21,36.50114155251142,0.6139322916666667,46.527777777777764,1013.8888888888871,31.68402777777772,0
1044,4,0,0,32,0.0,0.0,1.0,32,600,300,300,0.5,9,3,6,395.5714017639336,0.38256048387096775,0.0028253424657533888,0.21549785319975448,128496.33487654298,3765.8950617283676,132262.22993827134,1043,143,827.25,32,0,21,36.50114155251142,0.6139322916666667,46.527777777777764,1013.8888888888871,31.68402777777772,0
1045,4,0,0,32,0.0,0.0,1.0,32,1050,800,250,0.7619047619047619,13,8,5,397.5133315968744,0.3821404569892473,-0.00154032860343567,0.21725320449314897,128624.38303489437,3825.9814049586726,132450.36443985306,1044,144,828.25,32,0,21,36.320637291511076,0.615234375,46.40151515151515,1014.3939393939393,31.699810606060602,0
1046,4,0,0,32,0.0,0.0,1.0,32,900,700,200,0.7777777777777778,11,7,4,394.8103403617174,0.38220346102150543,0.006543952967525302,0.216297934934364,128720.46100206597,3764.0338039485587,132484.49480601453,1045,145,829.25,32,0,22,36.29074903570982,0.6162109375,46.30681818181817,1014.7727272727262,31.711647727272695,0
1047,4,0,0,32,0.0,0.0,1.0,32,450,200,250,0.4444444444444444,7,2,5,396.6651193419392,0.3824974798387097,0.0026938984948374767,0.2176649074668839,128784.53290799403,3816.866423069068,132601.3993310631,1046,146,830.25,32,0,22,36.17805904548659,0.6168619791666667,46.243686868686865,1015.0252525252521,31.719539141414128,0
1048,4,0,0,32,0.0,0.0,1.0,32,1100,900,200,0.8181818181818182,13,9,4,396.83912629547905,0.3829805107526882,0.007181049490176505,0.21828866304160333,128880.6706586062,3828.978548107331,132709.64920671354,1047,147,831.25,32,0,22,36.07518859321893,0.6178385416666667,46.148989898989896,1015.40404040404,31.73137626262625,0
1049,4,0,0,32,0.0,0.0,1.0,32,500,200,300,0.4,8,2,6,395.55598113904085,0.38319052419354843,0.008204873197413809,0.21793508988235932,128944.78242016127,3800.9759845934145,132745.75840475468,1048,148,832.25,32,0,22,36.04213285264378,0.6184895833333333,46.08585858585859,1015.6565656565662,31.739267676767692,0
1050,4,0,0,32,0.0,0.0,1.0,32,900,700,200,0.7777777777777778,11,7,4,398.2476290369117,0.3831485215053763,0.013582567097415454,0.22013028286326006,129073.05377002356,3880.6075272931453,132953.6612973167,1049,149,833.25,32,0,22,35.84249710072897,0.6197916666666667,45.959595959595966,1016.1616161616168,31.755050505050527,0
1051,4,0,0,32,0.0,0.0,1.0,32,1000,600,400,0.6,14,6,8,400.48858814462847,0.38384156586021506,0.01191234008197739,0.22190871460099143,129169.29913082857,3946.16604810735,133115.46517893593,1050,150,834.25,32,0,22,35.68707820974621,0.6207682291666667,45.864898989899,1016.5404040404047,31.766887626262648,0
1052,4,1,0,33,0.030303030303030304,0.0,1.0,33,550,300,250,0.5454545454545454,8,3,5,387.853921465734,0.3896780303030303,0.015789747468078374,0.21676883743616251,129509.03148124058,3446.1291017337635,132955.16058297435,1051,0,809.939393939394,30,3,20,35.66123068797042,0.6295138888888889,45.530913978494624,1017.8763440860214,33.929211469534046,0
1053,4,0,0,33,0.0,0.0,1.0,33,550,300,250,0.5454545454545454,8,3,5,384.81368385018413,0.3898753156565657,0.022367284246904262,0.21563228319889052,129611.6603075502,3375.2680945774355,132986.92840212764,1052,1,810.939393939394,30,3,20,35.63390971488914,0.6305555555555555,45.430107526881734,1018.2795698924747,33.94265232974916,0
1054,4,0,0,33,0.0,0.0,1.0,33,1150,800,350,0.6956521739130435,15,8,7,383.3792322061057,0.389480744949495,0.020772582050537114,0.21566804399804312,129764.60986667228,3349.8112996419513,133114.42116631422,1053,2,811.939393939394,31,2,20,35.514510117145896,0.6293682795698925,45.27994791666668,1018.880208333335,32.867103494623706,0
1055,4,0,0,33,0.0,0.0,1.0,33,1000,700,300,0.7,13,7,6,386.0117300698781,0.3890072601010101,0.03271442229163535,0.2178865057474463,129897.31046888576,3428.37710910375,133325.6875779895,1054,3,812.939393939394,31,2,20,35.31222059011369,0.6307123655913979,45.14973958333334,1019.4010416666677,32.88390456989251,0
1056,4,0,0,33,0.0,0.0,1.0,33,800,600,200,0.75,10,6,4,387.1313803309082,0.3882181186868687,0.02285590489343825,0.21926248026984863,130030.07888793958,3467.7447848849965,133497.82367282457,1055,4,813.939393939394,31,2,21,35.14843716753904,0.6320564516129032,45.01953125000001,1019.921875000001,32.900705645161324,0
1057,4,0,0,33,0.0,0.0,1.0,33,700,500,200,0.7142857142857143,9,5,4,386.7166085865572,0.3883364898989899,0.02651998669358857,0.21921403123495609,130063.28158908432,3459.526231553829,133522.80782063815,1056,5,814.939393939394,31,2,22,35.12520211045868,0.6323924731182795,44.98697916666667,1020.0520833333343,32.904905913978524,0
1058,4,0,0,33,0.0,0.0,1.0,33,850,700,150,0.8235294117647058,10,7,3,386.74281063109737,0.3882181186868687,0.03255729426457998,0.21978994974009514,130162.91512383363,3467.914326985687,133630.82945081932,1057,6,815.939393939394,31,2,22,35.023100888945606,0.6334005376344086,44.88932291666667,1020.442708333334,32.91750672043013,0
1059,4,0,0,33,0.0,0.0,1.0,33,850,600,250,0.7058823529411765,11,6,5,386.67221990837146,0.387863005050505,0.029931972789115857,0.22031324157569995,130262.58680555542,3473.8610161675147,133736.44782172292,1058,7,816.939393939394,29,4,22,34.9234693877551,0.6400862068965517,44.79166666666666,1020.8333333333322,35.20114942528732,0
1060,4,0,0,33,0.0,0.0,1.0,33,1100,700,400,0.6363636363636364,15,7,8,386.8089590191605,0.3868765782828283,0.0594752050163192,0.2080202367154254,127979.78931003154,3300.7458157009646,131280.5351257325,1059,8,817.939393939394,31,2,20,37.25295436022819,0.6112231182795699,47.03776041666667,1011.848958333334,32.640288978494645,5
1061,4,0,0,33,0.0,0.0,1.0,33,500,400,100,0.8,6,4,2,388.6675448926456,0.38770517676767674,0.05843069833807002,0.2093633282363503,128045.67337036131,3353.4395005967876,131399.1128709581,1060,9,818.939393939394,31,2,20,37.138304601398,0.6118951612903225,46.97265625,1012.1093749999999,32.64868951612903,0
1062,4,0,0,33,0.0,0.0,1.0,33,700,500,200,0.7142857142857143,9,5,4,392.0693592830117,0.3868765782828283,0.06447966151710505,0.21190346171478397,128179.68991126533,3451.142073266288,131630.83198453163,1061,10,819.939393939394,29,4,20,36.91466076898461,0.6188936781609196,46.84027777777777,1012.6388888888881,34.9185823754789,0
1063,4,0,0,33,0.0,0.0,1.0,33,1000,900,100,0.9,11,9,2,394.40855628438476,0.38628472222222227,0.06874779321660762,0.21391899019290617,128320.37278163583,3522.1305941358114,131842.50337577163,1062,11,820.939393939394,29,4,20,36.711074937171595,0.6203304597701149,46.70138888888889,1013.1944444444447,34.93773946360154,0
1064,4,0,0,33,0.0,0.0,1.0,33,750,500,250,0.6666666666666666,10,5,5,393.01906596260403,0.3860085227272727,0.06663676236044691,0.21335320723684215,128355.5555555555,3489.236111111107,131844.7916666666,1063,12,821.939393939394,29,4,20,36.71018366228072,0.6206896551724138,46.666666666666664,1013.3333333333329,34.942528735632166,0
1065,4,0,0,33,0.0,0.0,1.0,33,500,300,200,0.6,7,3,4,378.6080872075062,0.38553503787878785,0.04051999909249693,0.20363524905241354,127984.77993317034,3091.2145444342714,131075.9944776046,1064,13,822.939393939394,32,1,21,37.45528658181516,0.6087239583333333,47.0328282828283,1011.868686868689,31.62089646464653,1
1066,4,0,0,33,0.0,0.0,1.0,33,500,300,200,0.6,7,3,4,381.6178833834002,0.3859690656565657,0.06411968174400529,0.20372200899738332,127683.52084689676,3151.0181462420614,130834.53899313882,1065,14,823.939393939394,31,2,18,37.68841793352229,0.6081989247311828,47.33072916666667,1010.6770833333339,32.602486559139805,6
1067,4,0,0,33,0.0,0.0,1.0,33,850,600,250,0.7058823529411765,11,6,5,381.2983532278056,0.3849826388888889,0.06782571367246226,0.20405111735450784,127782.23885430224,3144.631449381506,130926.87030368374,1066,15,824.939393939394,31,2,18,37.5951116119339,0.6092069892473118,47.233072916666664,1011.0677083333328,32.61508736559138,0
1068,4,0,0,33,0.0,0.0,1.0,33,650,600,50,0.9230769230769231,7,6,1,380.54136381425946,0.38462752525252525,0.06928190244359178,0.20414677583626842,127880.99500868049,3132.801649305551,131013.79665798604,1067,16,825.939393939394,31,2,20,37.512873326467556,0.6102150537634409,47.135416666666664,1011.4583333333328,32.627688172042994,0
1069,4,0,0,33,0.0,0.0,1.0,33,850,600,250,0.7058823529411765,11,6,5,380.0262040213954,0.38517992424242425,0.07722573827322221,0.20437256965053716,127979.78931003135,3127.134704589825,131106.92401462118,1068,17,826.939393939394,31,2,20,37.42453244970616,0.6112231182795699,47.03776041666666,1011.8489583333323,32.64028897849459,0
1070,4,0,0,33,0.0,0.0,1.0,33,800,700,100,0.875,9,7,2,380.3168288169064,0.3854561237373737,0.08223716262301495,0.2052021751597117,128111.57438490119,3144.5975409613634,131256.17192586255,1069,18,827.939393939394,31,2,20,37.28202036441587,0.6125672043010753,46.90755208333333,1012.3697916666661,32.65709005376342,0
1071,4,0,0,33,0.0,0.0,1.0,33,750,600,150,0.8,9,6,3,379.2348760648495,0.3842724116161616,0.08069379835900814,0.20512439958500683,128210.45769585497,3124.375406901034,131334.833102756,1070,19,828.939393939394,31,2,20,37.20804405588412,0.6135752688172043,46.80989583333333,1012.7604166666661,32.669690860215034,0
1072,4,0,0,33,0.0,0.0,1.0,33,700,500,200,0.7142857142857143,9,5,4,379.41682493472774,0.3841540404040404,0.08400238404094962,0.20539203070057374,128243.42727661121,3131.5427992078867,131374.9700758191,1071,20,829.939393939394,31,2,20,37.16965012640871,0.6139112903225806,46.77734374999999,1012.8906249999991,32.67389112903223,0
1073,4,0,0,33,0.0,0.0,1.0,33,1000,900,100,0.9,11,9,2,379.41682493472774,0.3841540404040404,0.08400238404094962,0.20539203070057374,128243.42727661121,3131.5427992078867,131374.9700758191,1072,21,830.939393939394,31,2,20,37.16965012640871,0.6139112903225806,46.77734374999999,1012.8906249999991,32.67389112903223,0
1074,4,0,0,33,0.0,0.0,1.0,33,550,300,250,0.5454545454545454,8,3,5,381.7773006295377,0.3837200126262626,0.08189334548414373,0.20701109241800902,128309.37915378131,3197.1216837564884,131506.5008375378,1073,22,831.939393939394,31,2,20,37.04228783789574,0.6145833333333333,46.71223958333332,1013.1510416666654,32.68229166666662,0
1075,4,0,0,33,0.0,0.0,1.0,33,650,400,250,0.6153846153846154,9,4,5,381.7773006295377,0.3837200126262626,0.08189334548414373,0.20701109241800902,128309.37915378131,3197.1216837564884,131506.5008375378,1074,23,832.939393939394,31,2,20,37.04228783789574,0.6145833333333333,46.71223958333332,1013.1510416666654,32.68229166666662,0
1076,4,0,0,33,0.0,0.0,1.0,33,950,900,50,0.9473684210526315,10,9,1,381.5136116037433,0.3824968434343434,0.07860724407487019,0.20738142127957657,128408.33875868047,3197.9058159722144,131606.2445746527,1075,24,833.939393939394,31,2,18,36.947584789311406,0.6155913978494624,46.61458333333333,1013.541666666666,32.69489247311826,0
1077,4,0,0,33,0.0,0.0,1.0,33,1050,800,250,0.7619047619047619,13,8,5,377.7257326434221,0.38257575757575757,0.015187694463803414,0.19428336487677508,126170.65741059594,2931.580801703919,129102.23821229987,1076,25,834.939393939394,32,1,17,39.34481169620041,0.5901692708333333,48.83207070707071,1004.6717171717179,31.395991161616184,7
1078,4,0,0,33,0.0,0.0,1.0,33,800,600,200,0.75,10,6,4,377.7257326434221,0.38257575757575757,0.015187694463803414,0.19428336487677508,126170.65741059594,2931.580801703919,129102.23821229987,1077,26,835.939393939394,32,1,17,39.34481169620041,0.5901692708333333,48.83207070707071,1004.6717171717179,31.395991161616184,0
1079,4,0,0,33,0.0,0.0,1.0,33,700,500,200,0.7142857142857143,9,5,4,367.357528768963,0.3826152146464647,0.03038674033149169,0.18997632202052103,126392.74691358028,2701.5859351086683,129094.33284868895,1078,27,836.939393939394,32,1,18,39.376151012891356,0.5924479166666667,48.611111111111114,1005.5555555555559,31.42361111111112,2
1080,4,0,0,33,0.0,0.0,1.0,33,800,500,300,0.625,11,5,6,368.46126570935604,0.3824179292929293,0.03087144280810561,0.19121788820946978,126536.55595203767,2724.763912918108,129261.31986495577,1079,28,837.939393939394,33,0,20,39.20016240357288,0.591540404040404,48.46813725490196,1006.1274509803922,30.488710635769458,0
1081,4,0,0,33,0.0,0.0,1.0,33,900,500,400,0.5555555555555556,13,5,8,367.06315750202145,0.38158933080808083,0.03009282308296557,0.19150209302819737,126752.42282115045,2705.2289083525484,129457.651729503,1080,29,838.939393939394,33,0,20,39.0129964301651,0.59375,48.25367647058823,1006.9852941176465,30.514705882352924,0
1082,4,0,0,33,0.0,0.0,1.0,33,850,500,350,0.5882352941176471,12,5,7,364.2907137680996,0.38158933080808083,0.03132762801943034,0.19077695850963772,126906.72607891184,2646.1883650518903,129552.91444396373,1081,30,839.939393939394,33,0,20,38.92402497364794,0.5953282828282829,48.100490196078425,1007.5980392156854,30.53327391562683,0
1083,4,0,0,33,0.0,0.0,1.0,33,800,600,200,0.75,10,6,4,365.3652574764536,0.38178661616161613,0.03130858849832974,0.19206772992068877,127061.12320081203,2684.7439987024018,129745.86719951443,1082,31,840.939393939394,33,0,20,38.738174101535606,0.5969065656565656,47.94730392156862,1008.2107843137242,30.551841948900734,0
1084,4,0,0,33,0.0,0.0,1.0,33,900,600,300,0.6666666666666666,12,6,6,365.6630413823038,0.3811947601010101,0.024650612282059114,0.19267258407399998,127155.67926742154,2699.2302365571613,129854.9095039787,1083,32,841.939393939394,32,1,20,38.63347103989316,0.6002604166666667,47.85353535353534,1008.5858585858573,31.51830808080804,0
1085,4,0,0,33,0.0,0.0,1.0,33,900,500,400,0.5555555555555556,13,5,8,357.9971727334696,0.3806423611111111,0.012038594317075102,0.1866310133996314,126721.5734332951,2473.1930026912955,129194.76643598638,1084,33,842.939393939394,33,0,21,39.27296332359623,0.5934343434343434,48.28431372549021,1006.8627450980409,30.51099227569821,6
1086,4,0,0,33,0.0,0.0,1.0,33,600,400,200,0.6666666666666666,8,4,4,357.6280832588196,0.3806818181818182,0.017802753748239475,0.18672093953119318,126783.27596357174,2468.2519944252276,129251.52795799696,1085,34,843.939393939394,33,0,21,39.21878802628379,0.5940656565656566,48.22303921568628,1007.1078431372551,30.51841948900773,0
1087,4,0,0,33,0.0,0.0,1.0,33,750,500,250,0.6666666666666666,10,5,5,358.244386429159,0.3809580176767677,0.013286146132861498,0.18732626313280473,126844.99351211087,2488.301374471376,129333.29488658225,1086,35,844.939393939394,33,0,21,39.139801297648006,0.5946969696969697,48.16176470588236,1007.3529411764719,30.525846702317327,0
1088,4,0,0,33,0.0,0.0,1.0,33,600,400,200,0.6666666666666666,8,4,4,359.16063369447255,0.3808001893939394,0.013533535304394162,0.18809036498318168,126906.72607891195,2515.9800317185723,129422.70611063052,1087,36,845.939393939394,33,0,21,39.0532514392281,0.5953282828282829,48.10049019607843,1007.5980392156862,30.533273915626854,0
1089,4,0,0,33,0.0,0.0,1.0,33,1350,1100,250,0.8148148148148148,16,11,5,363.96282533441024,0.3817471590909091,0.08050414359562597,0.1935342971874974,127524.87775134564,2682.862961361009,130207.74071270665,1088,37,846.939393939394,33,0,19,38.297237725471135,0.6016414141414141,47.48774509803921,1010.0490196078432,30.607546048722522,6
1090,4,0,0,33,0.0,0.0,1.0,33,900,500,400,0.5555555555555556,13,5,8,362.5890105218411,0.3820628156565657,0.0789753202124337,0.1932479891242777,127617.73003472212,2654.557291666657,130272.28732638877,1089,38,847.939393939394,33,0,21,38.236683848797256,0.6025883838383839,47.39583333333333,1010.4166666666657,30.61868686868684,0
1091,4,0,0,33,0.0,0.0,1.0,33,800,500,300,0.625,11,5,6,362.5890105218411,0.3820628156565657,0.0789753202124337,0.1932479891242777,127617.73003472212,2654.557291666657,130272.28732638877,1090,39,848.939393939394,33,0,21,38.236683848797256,0.6025883838383839,47.39583333333333,1010.4166666666657,30.61868686868684,0
1092,4,0,0,33,0.0,0.0,1.0,33,700,400,300,0.5714285714285714,10,4,6,361.46434347073847,0.3812342171717172,0.0826940599006547,0.1930931285587209,127710.61610918872,2632.5668012302826,130343.182910419,1091,40,849.939393939394,33,0,22,38.1698593598448,0.6035353535353536,47.303921568627445,1010.7843137254898,30.629827688651208,0
1093,4,0,0,33,0.0,0.0,1.0,33,1100,1000,100,0.9090909090909091,12,10,2,361.6355059572132,0.3813525883838384,0.08093543018988592,0.19333320081925126,127741.5856431419,2639.178591166844,130380.76423430874,1092,41,850.939393939394,33,0,22,38.133788944114464,0.6038510101010102,47.27328431372548,1010.9068627450966,30.63354129530596,0
1094,4,0,0,33,0.0,0.0,1.0,33,450,400,50,0.8888888888888888,5,4,1,360.92788729376315,0.38060290404040403,0.0766702291365966,0.19325217378720574,127803.5359747453,2625.5720456074564,130429.10802035277,1093,42,851.939393939394,33,0,22,38.08818628045086,0.6044823232323233,47.21200980392157,1011.1519607843138,30.640968508615572,0
1095,4,0,0,33,0.0,0.0,1.0,33,1450,1200,250,0.8275862068965517,17,12,5,363.35387079325193,0.38008996212121215,0.0806367527957057,0.19500148566498687,127896.48963139164,2694.3369136870224,130590.82654507866,1094,43,852.939393939394,33,0,22,37.93160891688876,0.6054292929292929,47.12009803921568,1011.5196078431362,30.652109328579886,0
1096,4,0,0,33,0.0,0.0,1.0,33,950,900,50,0.9473684210526315,10,9,1,366.2977984387271,0.3804056186868687,0.13013825157204817,0.18895437376065666,126290.07623269904,2651.9553777393407,128942.03161043838,1095,44,853.939393939394,33,0,16,39.508656425262146,0.5890151515151515,48.71323529411765,1005.1470588235301,30.459001782531214,8
1097,4,0,0,33,0.0,0.0,1.0,33,800,400,400,0.5,12,4,8,366.5013047364514,0.3799715909090909,0.13662031651062723,0.1894860242824565,126382.47796820938,2663.868614234916,129046.3465824443,1096,45,854.939393939394,33,0,16,39.40826223847249,0.5899621212121212,48.62132352941177,1005.5147058823533,30.470142602495553,0
1098,4,0,0,33,0.0,0.0,1.0,33,500,300,200,0.6,7,3,4,363.4244365821106,0.38032670454545453,0.1342945842884935,0.18846185722694547,126505.73284614092,2595.0549368031548,129100.78778294407,1097,46,855.939393939394,33,0,17,39.358605392455424,0.5912247474747474,48.49877450980392,1006.0049019607844,30.48499702911468,0
1099,4,0,0,33,0.0,0.0,1.0,33,1200,1000,200,0.8333333333333334,14,10,4,363.1224852080479,0.3802083333333333,0.1319550508739702,0.1890169894485998,126659.88592128023,2598.610510380619,129258.49643166085,1098,47,856.939393939394,33,0,17,39.20745069393719,0.5928030303030303,48.345588235294116,1006.6176470588232,30.50356506238858,0
1100,4,0,0,33,0.0,0.0,1.0,33,300,200,100,0.6666666666666666,4,2,2,374.73613332211124,0.38032670454545453,0.16106755629691416,0.1894537965311228,125459.9812121538,2802.877649221434,128262.85886137524,1099,48,857.939393939394,33,0,16,40.154816513761475,0.5804924242424243,49.54044117647058,1001.8382352941162,30.358734402852008,2
1101,4,0,0,33,0.0,0.0,1.0,33,500,400,100,0.8,6,4,2,394.4903636521905,0.38099747474747475,0.18437170091050104,0.2019699215324255,125980.45041641164,3340.970137731568,129321.4205541432,1100,49,858.939393939394,32,1,17,39.120603278413626,0.5882161458333333,49.02146464646465,1003.9141414141419,31.372316919191935,1
1102,4,0,0,33,0.0,0.0,1.0,33,800,600,200,0.75,10,6,4,410.9266024012005,0.3805239898989899,0.19841175773379138,0.20386850196747794,124674.69109429259,3664.85868527347,128339.54977956606,1101,50,859.939393939394,31,2,20,40.065732290308546,0.5772849462365591,50.325520833333336,998.6979166666672,32.216061827957006,4
1103,4,0,0,33,0.0,0.0,1.0,33,950,700,250,0.7368421052631579,12,7,5,412.20223026238983,0.38087910353535354,0.20287039778896432,0.205298644858134,124837.29256523988,3691.6420830620755,128528.93464830196,1102,51,860.939393939394,31,2,20,39.864413680781745,0.5789650537634409,50.16276041666667,999.348958333334,32.23706317204304,0
1104,4,1,0,34,0.029411764705882353,0.0,1.0,34,900,500,400,0.5555555555555556,13,5,8,404.5263119892313,0.3895016339869281,0.19156610411007713,0.2031860297101804,125189.4656795225,3328.486570247936,128517.95224977043,1103,0,836.5882352941177,32,2,22,39.689786777693676,0.580078125,49.81060606060606,1000.7575757575758,31.273674242424242,0
1105,4,0,1,33,0.0,0.029411764705882353,0.9705882352941176,34,800,500,300,0.625,11,5,6,402.59567438938353,0.38883318478906714,0.19202231851368268,0.20252401691364413,125252.65279053155,3285.2352438526673,128537.88803438422,1104,1,837.5882352941177,32,2,15,39.6724163303061,0.5807291666666667,49.74747474747475,1001.0101010101007,31.281565656565647,0
1106,4,0,0,33,0.0,0.0,1.0,33,850,700,150,0.8235294117647058,10,7,3,420.07391235859376,0.3802477904040404,0.18633453824148982,0.20247891186306666,123459.07944560066,3785.795136695795,127244.87458229646,1105,54,863.939393939394,30,3,16,41.108781895230365,0.5673611111111111,51.545698924731184,993.8172043010754,33.12724014336918,4
1107,4,0,0,33,0.0,0.0,1.0,33,950,500,450,0.5263157894736842,14,5,9,419.2834626038798,0.3802083333333333,0.18979848505331853,0.20257607922148257,123559.28295539947,3761.2727988784836,127320.55575427796,1106,55,864.939393939394,30,3,16,41.02338785994323,0.5684027777777778,51.44489247311828,994.2204301075268,33.14068100358423,0
1108,4,0,0,33,0.0,0.0,1.0,33,550,300,250,0.5454545454545454,8,3,5,450.809227193255,0.38056344696969696,0.19683978686748782,0.2090265902967623,121798.11477661121,4381.542799207885,126179.6575758191,1107,56,865.939393939394,31,2,16,42.09770588752581,0.5473790322580645,53.22265624999999,987.1093749999991,31.842237903225776,6
1109,4,1,0,34,0.029411764705882353,0.0,1.0,34,800,700,100,0.875,9,7,2,438.1543567658023,0.3898172905525847,0.18935906378361622,0.20452592668219163,122087.4786376952,3898.6702813042384,125986.14891899943,1108,0,841.4411764705883,31,3,17,42.104194115063684,0.5504032258064516,52.92968749999999,988.2812499999991,31.880040322580616,0
1110,4,0,0,34,0.0,0.0,1.0,34,1050,800,250,0.7619047619047619,13,8,5,434.69058134165476,0.3902257872846108,0.18365995865240992,0.20397432652579045,122312.77677747929,3833.642408582893,126146.41918606218,1109,1,842.4411764705883,31,3,14,41.95200408055814,0.552755376344086,52.701822916666664,989.1927083333326,31.90944220430105,0
1111,4,0,0,34,0.0,0.0,1.0,34,200,100,100,0.5,3,1,2,432.0802837297856,0.3904857397504456,0.18295363941075848,0.20305368435761528,122377.18582153309,3775.353834364134,126152.53965589721,1110,2,843.4411764705883,31,3,14,41.94863907531692,0.5534274193548387,52.63671874999999,989.4531249999991,31.917842741935456,0
1112,4,0,0,34,0.0,0.0,1.0,34,950,800,150,0.8421052631578947,11,8,3,432.76375454831566,0.39080139631610217,0.18429146942541852,0.20404693923110875,122518.75007971107,3804.3348574124857,126323.08493712355,1111,3,844.4411764705883,32,2,15,41.78251073417505,0.5524088541666667,52.49368686868686,990.0252525252511,30.938289141414096,0
1113,4,1,0,35,0.02857142857142857,0.0,1.0,35,950,600,350,0.631578947368421,13,6,7,424.9467898991718,0.39639355742296917,0.18250397315910294,0.2019870464326852,122864.5908424645,3442.1826941561008,126306.7735366206,1112,0,821.2857142857143,33,2,17,41.612072517511336,0.5536616161616161,52.14460784313726,991.4215686274515,30.0430778371955,0
1114,4,0,0,35,0.0,0.0,1.0,35,1150,900,250,0.782608695652174,14,9,5,420.48821246800867,0.3962535014005602,0.1721777713121908,0.20044632264251666,122987.96041220275,3343.012544024871,126330.97295622762,1113,1,822.2857142857143,32,3,17,41.5929438221317,0.5572916666666667,52.020202020202014,991.9191919191912,30.997474747474726,0
1115,4,0,0,35,0.0,0.0,1.0,35,1150,800,350,0.6956521739130435,15,8,7,421.9754761044128,0.3967436974789916,0.16721245933814322,0.2018958744769802,123144.56313450146,3392.797131670223,126537.36026617167,1114,2,823.2857142857143,32,3,14,41.391574439214686,0.5589192708333333,51.86237373737373,992.5505050505041,31.017203282828252,0
1116,4,0,0,35,0.0,0.0,1.0,35,850,400,450,0.47058823529411764,13,4,9,424.95816011346176,0.39639355742296917,0.17323813157464474,0.20362254801780302,123207.23212235991,3471.583735078049,126678.81585743796,1115,3,824.2857142857143,32,3,14,41.251748696426304,0.5595703125,51.79924242424242,992.8030303030299,31.025094696969685,0
1117,4,0,0,35,0.0,0.0,1.0,35,750,400,350,0.5333333333333333,11,4,7,431.2206106324496,0.3966036414565826,0.20797129489569754,0.20972298200938672,123838.49511005396,3682.637980346097,127521.13309040006,1116,4,825.2857142857143,33,2,18,40.43390380037758,0.5637626262626263,51.16421568627452,995.3431372549031,30.16191325014858,6
1118,4,0,0,35,0.0,0.0,1.0,35,600,500,100,0.8333333333333334,7,5,2,429.0891265909207,0.3969187675070028,0.20418410041840973,0.2092904107249595,123960.5034722223,3638.0208333333417,127598.52430555565,1117,5,826.2857142857143,33,2,18,40.35913528591352,0.5650252525252526,51.04166666666667,995.833333333334,30.1767676767677,0
1119,4,0,0,35,0.0,0.0,1.0,35,850,700,150,0.8235294117647058,10,7,3,428.5774555263889,0.3973739495798319,0.2055506272969203,0.20966551156594784,124086.27188871047,3636.1157343638565,127722.38762307433,1118,6,827.2857142857143,32,3,18,40.240199805685805,0.5686848958333333,50.91540404040405,996.338383838385,31.13557449494953,0
1120,4,0,0,35,0.0,0.0,1.0,35,1000,700,300,0.7,13,7,6,429.9702826638524,0.39796918767507,0.2148030242737764,0.21145113900866186,124306.52006172849,3689.6219135802567,127996.14197530874,1119,7,828.2857142857143,32,3,17,39.975046425255336,0.5709635416666667,50.69444444444445,997.222222222223,31.163194444444468,0
1121,4,0,0,35,0.0,0.0,1.0,35,1000,700,300,0.7,13,7,6,424.2585535368588,0.3977240896358543,0.2105963377379294,0.20942631783896284,124463.95975219364,3560.9799063870964,128024.93965858074,1120,8,829.2857142857143,32,3,18,39.95291872284785,0.5725911458333333,50.53661616161616,997.8535353535352,31.182922979797976,0
1122,4,0,0,35,0.0,0.0,1.0,35,800,600,200,0.75,10,6,4,423.05686877946533,0.3978641456582633,0.22030388986250893,0.2094621578859881,124589.98324469432,3541.7296385572768,128131.71288325159,1121,9,830.2857142857143,32,3,18,39.85129210404285,0.5738932291666667,50.41035353535353,998.358585858585,31.19870580808078,0
1123,4,0,0,35,0.0,0.0,1.0,35,900,700,200,0.7777777777777778,11,7,4,420.75877326931277,0.39796918767507,0.22007185282807717,0.2092686469440648,124779.13805032642,3500.383411131508,128279.52146145793,1122,10,831.2857142857143,32,3,18,39.71128733308058,0.5758463541666667,50.22095959595959,999.116161616161,31.22238005050503,0
1124,4,1,0,36,0.027777777777777776,0.0,1.0,36,1150,700,450,0.6086956521739131,16,7,9,407.64658251582625,0.4020998677248677,0.21961476995542095,0.2047532834613712,125189.46567952243,3006.806862820109,128196.27254234254,1123,0,809.1666666666666,32,4,19,39.61172091849609,0.580078125,49.810606060606055,1000.7575757575752,31.273674242424224,0
1125,4,0,0,36,0.0,0.0,1.0,36,900,600,300,0.6666666666666666,12,6,6,403.45680340381887,0.40205026455026455,0.21747352496217864,0.20357629545795747,125379.07483930206,2917.008149678596,128296.08298898066,1124,1,810.1666666666666,32,4,15,39.519509581442264,0.58203125,49.62121212121212,1001.5151515151512,31.297348484848474,0
1126,4,0,0,36,0.0,0.0,1.0,36,600,400,200,0.6666666666666666,8,4,4,408.2788429442941,0.40145502645502645,0.2287505774299614,0.2068713988598782,125552.07882785451,3052.0514946174335,128604.13032247194,1125,2,811.1666666666666,33,3,15,39.21904296078911,0.5814393939393939,49.448529411764696,1002.2058823529399,30.369875222816358,0
1127,4,0,0,36,0.0,0.0,1.0,36,950,700,250,0.7368421052631579,12,7,5,411.4195593242039,0.4020171957671958,0.22530411643314885,0.2093941339247069,125736.37543252608,3146.080834294518,128882.4562668206,1126,3,812.1666666666666,33,3,15,38.94896546106224,0.5833333333333333,49.26470588235295,1002.9411764705893,30.392156862745132,0
1128,4,0,1,35,0.0,0.027777777777777776,0.9722222222222222,36,700,600,100,0.8571428571428571,8,6,2,408.47801222788405,0.4023974867724868,0.19730073640892387,0.21166587906353992,126474.9134948097,3132.44425221069,129607.35774702039,1127,4,813.1666666666666,33,3,14,38.25739116309293,0.5909090909090908,48.529411764705884,1005.8823529411766,30.481283422459896,1
1129,4,0,0,35,0.0,0.0,1.0,35,950,700,250,0.7368421052631579,12,7,5,416.8185539232169,0.3973739495798319,0.21121910978802783,0.21588924580964547,126456.23692735439,3541.8611621263153,129998.0980894807,1128,5,836.9714285714285,32,3,15,38.06699305381203,0.5930989583333333,48.5479797979798,1005.8080808080811,31.431502525252533,0
1130,4,0,0,35,0.0,0.0,1.0,35,1050,900,150,0.8571428571428571,12,9,3,430.88832875151496,0.3967787114845938,0.2062014964329213,0.2236152451991113,126536.55595203779,3904.6250240292356,130441.18097606703,1129,6,837.9714285714285,33,2,15,37.62992285830289,0.591540404040404,48.46813725490197,1006.1274509803931,30.488710635769486,1
1131,4,0,0,35,0.0,0.0,1.0,35,1000,700,300,0.7,13,7,6,432.3421994635938,0.3957282913165266,0.2088420466798846,0.22504808785766547,126659.88592128038,3952.0827326028575,130611.96865388323,1130,7,838.9714285714285,33,2,15,37.46550604658713,0.5928030303030303,48.34558823529412,1006.6176470588243,30.503565062388617,0
1132,4,0,0,35,0.0,0.0,1.0,35,1100,700,400,0.6363636363636364,15,7,8,420.88645573092606,0.3961484593837535,0.18708924554786943,0.21771144467600317,126402.72285997724,3640.238803854858,130042.96166383209,1131,8,839.9714285714285,34,1,15,38.020155084645424,0.5879289215686274,48.60119047619047,1005.5952380952374,29.576330532212864,2
1133,4,0,0,35,0.0,0.0,1.0,35,500,100,400,0.2,9,1,8,422.87034767690216,0.39509803921568626,0.19496196111580733,0.21921806367299523,126492.52409297047,3697.9875283446645,130190.51162131513,1132,9,840.9714285714285,34,1,15,37.877218934911234,0.5888480392156863,48.51190476190476,1005.9523809523806,29.586834733893546,0
1134,4,0,0,35,0.0,0.0,1.0,35,650,500,150,0.7692307692307693,8,5,3,418.58875785410845,0.3948529411764706,0.185320511737169,0.21747576952309644,126582.35721371886,3597.1903344671273,130179.54754818599,1133,10,841.9714285714285,34,1,15,37.89187270791435,0.5897671568627452,48.42261904761905,1006.3095238095241,29.59733893557424,0
1135,4,0,0,35,0.0,0.0,1.0,35,1000,600,400,0.6,14,6,8,385.2174700499186,0.39415266106442576,0.14293186604170915,0.19427154424819615,125357.39795918352,2657.971938775487,128015.36989795901,1134,11,842.9714285714285,34,1,14,39.99866262482167,0.5772058823529411,49.64285714285713,1001.4285714285702,29.453781512605005,6
1136,4,0,0,35,0.0,0.0,1.0,35,800,600,200,0.75,10,6,4,385.2174700499186,0.39415266106442576,0.14293186604170915,0.19427154424819615,125357.39795918352,2657.971938775487,128015.36989795901,1135,12,843.9714285714285,34,1,14,39.99866262482167,0.5772058823529411,49.64285714285713,1001.4285714285702,29.453781512605005,0
1137,4,0,0,35,0.0,0.0,1.0,35,800,500,300,0.625,11,5,6,386.2852578042127,0.39387254901960783,0.1190528538274962,0.19704158290611182,125828.57442149679,2723.018953292129,128551.59337478892,1136,13,844.9714285714285,33,2,17,39.48370892878954,0.584280303030303,49.17279411764707,1003.3088235294138,30.403297682709507,1
1138,4,0,0,35,0.0,0.0,1.0,35,950,700,250,0.7368421052631579,12,7,5,382.968187332153,0.3939075630252101,0.11710379464285703,0.1960797119140626,125982.31449442543,2649.4437235678815,128631.75821799331,1137,14,845.9714285714285,33,2,19,39.407857259114586,0.5858585858585859,49.019607843137265,1003.9215686274526,30.421865715983415,0
1139,4,0,0,35,0.0,0.0,1.0,35,650,500,150,0.7692307692307693,8,5,3,382.968187332153,0.3939075630252101,0.11710379464285703,0.1960797119140626,125982.31449442543,2649.4437235678815,128631.75821799331,1138,15,846.9714285714285,33,2,19,39.407857259114586,0.5858585858585859,49.019607843137265,1003.9215686274526,30.421865715983415,0
1140,4,0,0,35,0.0,0.0,1.0,35,1050,700,350,0.6666666666666666,14,7,7,381.09627927394246,0.3944677871148459,0.12261033256640874,0.1957058336421827,126105.37413494824,2611.6577758554586,128717.03191080371,1139,16,847.9714285714285,33,2,19,39.32761916381975,0.5871212121212122,48.89705882352942,1004.4117647058836,30.436720142602532,0
1141,4,0,0,35,0.0,0.0,1.0,35,1300,1100,200,0.8461538461538461,15,11,4,384.81549099499733,0.3948529411764706,0.12068755333414605,0.19865585101522742,126320.87305663695,2722.045757641301,129042.91881427825,1140,17,848.9714285714285,33,2,14,39.01151509610305,0.5893308080808081,48.68259803921569,1005.2696078431379,30.462715389186,0
1142,4,0,0,35,0.0,0.0,1.0,35,1000,600,400,0.6,14,6,8,382.2988093421137,0.39492296918767505,0.11929311395490605,0.1976535432042874,126382.47796820925,2663.174169790458,129045.65213799971,1141,18,849.9714285714285,33,2,14,39.011146658541556,0.5899621212121212,48.62132352941176,1005.5147058823522,30.47014260249552,0
1143,4,0,0,35,0.0,0.0,1.0,35,750,500,250,0.6666666666666666,10,5,5,382.74003587048605,0.39432773109243696,0.1177944862155389,0.19832892767834284,126474.91349480973,2681.402585544025,129156.31608035376,1142,19,850.9714285714285,33,2,14,38.90462556855101,0.5909090909090908,48.529411764705884,1005.8823529411768,30.481283422459903,0
1144,4,0,0,35,0.0,0.0,1.0,35,1200,1000,200,0.8333333333333334,14,10,4,382.8091966762995,0.3942927170868347,0.11348558904872075,0.19911411857520253,126629.04779712128,2694.952812620145,129324.00060974143,1143,20,851.9714285714285,33,2,15,38.74383599172043,0.5924873737373737,48.37622549019608,1006.4950980392156,30.499851455733804,0
1145,4,0,0,35,0.0,0.0,1.0,35,1050,800,250,0.7619047619047619,13,8,5,380.9070912072882,0.3925420168067227,0.10989117964051043,0.1988751255108954,126783.27596357165,2658.529772202992,129441.80573577464,1144,21,852.9714285714285,33,2,17,38.632676239149845,0.5940656565656566,48.22303921568627,1007.1078431372545,30.518419489007712,0
1146,4,0,0,35,0.0,0.0,1.0,35,500,200,300,0.4,8,2,6,381.16989598688156,0.3924719887955182,0.11582898852971879,0.19931402958092662,126844.99351211074,2669.8985966935848,129514.89210880433,1145,22,853.9714285714285,33,2,18,38.56244931062451,0.5946969696969697,48.161764705882355,1007.3529411764707,30.525846702317295,0
1147,4,0,0,35,0.0,0.0,1.0,35,350,200,150,0.5714285714285714,5,2,3,382.07499135667314,0.39292717086834733,0.1153838134621401,0.20009048273468563,126906.72607891187,2697.577253940781,129604.30333285265,1146,23,854.9714285714285,33,2,18,38.47603989297007,0.5953282828282829,48.100490196078425,1007.5980392156856,30.533273915626836,0
1148,4,0,0,35,0.0,0.0,1.0,35,1050,800,250,0.7619047619047619,13,8,5,386.0873421346811,0.3928221288515406,0.1148345636126793,0.20265273701708691,126999.35308835542,2806.568537341406,129805.92162569682,1147,24,855.9714285714285,33,2,19,38.27950861195543,0.5962752525252526,48.00857843137255,1007.9656862745096,30.5444147355912,0
1149,4,0,0,35,0.0,0.0,1.0,35,550,400,150,0.7272727272727273,7,4,3,386.8333249688522,0.3927170868347339,0.11850925636483667,0.20319865461007516,127030.23626730099,2827.9057333717783,129858.14200067277,1148,25,856.9714285714285,33,2,19,38.22888807845045,0.5965909090909092,47.97794117647059,1008.0882352941172,30.548128342245978,0
1150,4,0,0,35,0.0,0.0,1.0,35,1000,800,200,0.8,12,8,4,385.46051425661256,0.3921218487394958,0.11545890263967351,0.20310412848824688,127155.67926742177,2802.713722476069,129958.39298989784,1149,26,857.9714285714285,32,3,19,38.134284760474024,0.6002604166666667,47.85353535353536,1008.5858585858592,31.5183080808081,0
1151,4,0,0,35,0.0,0.0,1.0,35,950,600,350,0.631578947368421,13,6,7,390.3568782416184,0.3912464985994398,0.11897494549483567,0.20665648242804616,127346.7710565248,2942.1376007550202,130288.90865727981,1150,27,858.9714285714285,32,3,16,37.81403761154199,0.6022135416666667,47.66414141414141,1009.343434343434,31.54198232323231,0
1152,4,0,0,35,0.0,0.0,1.0,35,1250,1000,250,0.8,15,10,5,390.90707489554336,0.39103641456582633,0.11814526936478154,0.20711080608282761,127378.63363751149,2958.641815886134,130337.27545339763,1151,28,859.9714285714285,32,3,16,37.7673545966229,0.6025390625,47.63257575757576,1009.469696969697,31.54592803030303,0
1153,4,0,0,35,0.0,0.0,1.0,35,1050,700,350,0.6666666666666666,14,7,7,392.8326417688445,0.3908613445378151,0.12131604329653878,0.20862386911468905,127474.24529384755,3015.208907254362,130489.45420110191,1152,29,860.9714285714285,32,3,16,37.62034258564641,0.603515625,47.53787878787879,1009.8484848484846,31.557765151515145,0
1154,4,0,0,35,0.0,0.0,1.0,35,800,600,200,0.75,10,6,4,390.77187499999985,0.39037114845938375,0.12177857142857129,0.20785738031914888,127538.00632588513,2967.6531731455952,130505.65949903072,1153,30,861.9714285714285,32,3,16,37.60677083333333,0.6041666666666667,47.474747474747474,1010.1010101010102,31.565656565656568,0
1155,4,0,0,35,0.0,0.0,1.0,35,750,600,150,0.8,9,6,3,394.6883379899258,0.39026610644257703,0.12128935532233909,0.21060569715142444,127665.57621671258,3077.622819100097,130743.19903581268,1154,31,862.9714285714285,32,3,16,37.37662418790607,0.60546875,47.34848484848485,1010.6060606060606,31.581439393939394,0
1156,4,0,0,35,0.0,0.0,1.0,35,1000,700,300,0.7,13,7,6,396.03906889359416,0.3896358543417367,0.13316252337095835,0.21221522055259331,127834.51677239519,3125.4925990003812,130960.00937139557,1155,32,863.9714285714285,33,2,17,37.16876716755535,0.6047979797979798,47.181372549019606,1011.2745098039212,30.64468211527034,0
1157,4,0,0,35,0.0,0.0,1.0,35,750,600,150,0.8,9,6,3,392.13457105526754,0.38942577030812325,0.13807159293413407,0.21093518913376821,127989.47707912815,3037.819738802375,131027.29681793052,1156,33,864.9714285714285,33,2,18,37.10828690807799,0.6063762626262627,47.0281862745098,1011.8872549019602,30.66325014854425,0
1158,4,0,0,35,0.0,0.0,1.0,35,1050,600,450,0.5714285714285714,15,6,9,395.7730020830158,0.38900560224089636,0.14673721340388046,0.21371742112482853,128144.53124999999,3143.323030805459,131287.85428080545,1157,34,865.9714285714285,32,3,19,36.85699588477365,0.6103515625,46.875,1012.4999999999999,31.640624999999996,0
1159,4,0,0,35,0.0,0.0,1.0,35,1200,1100,100,0.9166666666666666,13,11,2,390.9539731136028,0.38837535014005603,0.14498902959418158,0.212265161108101,128361.7647809735,3036.708387399055,131398.47316837255,1158,35,866.9714285714285,33,2,20,36.75613234167774,0.6101641414141414,46.66053921568626,1013.3578431372537,30.707813428401625,0
1160,4,0,0,35,0.0,0.0,1.0,35,750,700,50,0.9333333333333333,8,7,1,378.9503168656561,0.38865546218487396,0.16040574809805563,0.19644970414201168,126492.52409297039,2586.8764172335395,129079.40051020392,1159,36,867.9714285714285,34,1,16,38.981755424063095,0.5888480392156863,48.51190476190475,1005.9523809523798,29.586834733893525,6
1161,4,0,0,35,0.0,0.0,1.0,35,800,600,200,0.75,10,6,4,380.52888569357344,0.3881652661064426,0.16024065843065038,0.19770194657454043,126582.35721371863,2633.648667800431,129216.00588151906,1160,37,868.9714285714285,34,1,17,38.849373003667324,0.5897671568627452,48.42261904761904,1006.3095238095223,29.597338935574186,0
1162,4,0,0,35,0.0,0.0,1.0,35,750,500,250,0.6666666666666666,10,5,5,380.38721012659374,0.38813025210084034,0.16399425530117528,0.19791839148432866,126642.2636763035,2634.6194727890775,129276.88314909258,1161,38,869.9714285714285,34,1,17,38.791149221368045,0.5903799019607843,48.36309523809522,1006.5476190476161,29.60434173669459,0
1163,4,0,0,35,0.0,0.0,1.0,35,1000,700,300,0.7,13,7,6,381.6953638574676,0.38841036414565827,0.16440308715991514,0.19918328703703353,126762.11911848049,2676.902636054395,129439.02175453489,1162,39,870.9714285714285,34,1,19,38.63463963431454,0.5916053921568627,48.244047619047606,1007.0238095238076,29.618347338935518,0
1164,4,0,0,35,0.0,0.0,1.0,35,700,600,100,0.8571428571428571,8,6,2,379.5150590457672,0.38855042016806723,0.16521445457615735,0.19819119750167805,126792.09183673444,2623.901643990902,129415.99348072534,1163,40,871.9714285714285,34,1,19,38.65863869188338,0.5919117647058824,48.2142857142857,1007.1428571428551,29.621848739495736,0
1165,4,0,0,35,0.0,0.0,1.0,35,1100,800,300,0.7272727272727273,14,8,6,374.4037359153911,0.3889705882352941,0.15500639952741957,0.19612267899394645,126917.01630015411,2503.641010802441,129420.65731095655,1164,41,872.9714285714285,35,0,19,38.65868366643693,0.5910714285714286,48.090277777777764,1007.6388888888872,28.78968253968249,0
1166,4,1,0,36,0.027777777777777776,0.0,1.0,36,950,600,350,0.631578947368421,13,6,7,368.5969194512247,0.394808201058201,0.16424566768603466,0.19503429233098757,127325.53155006835,2186.48030264057,129512.01185270892,1165,0,849.6944444444445,35,1,16,38.384938837920465,0.5952380952380952,47.68518518518517,1009.2592592592573,28.83597883597878,0
1167,4,0,0,36,0.0,0.0,1.0,36,1050,700,350,0.6666666666666666,14,7,7,369.718186851291,0.3943783068783069,0.1696526345277216,0.19647752122194626,127500.81045310317,2227.873692558259,129728.68414566143,1166,1,850.6944444444445,35,1,17,38.17661777064714,0.5970238095238095,47.511574074074055,1009.9537037037005,28.855820105820015,0
1168,4,0,0,36,0.0,0.0,1.0,36,1450,1200,250,0.8275862068965517,17,12,5,369.4922292657569,0.39502314814814815,0.17097183534509464,0.19727500045569094,127688.85598013535,2236.008009698865,129924.86398983422,1167,2,851.6944444444445,36,0,18,37.98932219127204,0.5969328703703703,47.32545045045044,1010.6981981981967,28.074949949949907,0
1169,4,0,0,36,0.0,0.0,1.0,36,1100,800,300,0.7272727272727273,14,8,6,370.60568491450215,0.3946097883597883,0.17217395609019626,0.19828950173792595,127774.23327043248,2270.7714471227896,130045.00471755528,1168,3,852.6944444444445,36,0,18,37.873598425781545,0.5978009259259259,47.24099099099099,1011.0360360360351,28.084334334334308,0
1170,4,0,0,36,0.0,0.0,1.0,36,450,200,250,0.4444444444444444,7,2,5,368.5837371838434,0.3948412698412698,0.16595520910665695,0.19748699044814513,127831.16731596457,2223.2978755782765,130054.46519154285,1169,4,853.6944444444445,36,0,19,37.86632331106161,0.5983796296296297,47.18468468468468,1011.2612612612609,28.09059059059058,0
1171,4,0,0,36,0.0,0.0,1.0,36,800,400,400,0.5,12,4,8,367.2046336667497,0.3944775132275132,0.1656894034983547,0.1970270023652774,127888.11404309704,2192.2216135053823,130080.33565660243,1170,5,854.6944444444445,36,0,19,37.84281526014991,0.5989583333333333,47.12837837837837,1011.4864864864857,28.096846846846823,0
1172,4,0,0,36,0.0,0.0,1.0,36,1100,700,400,0.6363636363636364,15,7,8,366.30943829959295,0.3940641534391534,0.15953599643930083,0.1972452319951132,128030.53634293072,2179.7587705949086,130210.29511352563,1171,6,855.6944444444445,36,0,20,37.71953006194131,0.6004050925925926,46.98761261261261,1012.0495495495492,28.112487487487478,0
1173,4,0,0,36,0.0,0.0,1.0,36,1000,800,200,0.8,12,8,4,394.8228469858338,0.39391534391534394,0.2067991546777206,0.20366899314325843,126290.07623269895,2797.1103722608755,129087.18660495983,1172,7,856.6944444444445,33,3,19,38.79185970901405,0.5890151515151515,48.713235294117645,1005.1470588235294,30.459001782531193,4
1174,4,0,0,36,0.0,0.0,1.0,36,1000,700,300,0.7,13,7,6,399.8786668856873,0.39341931216931214,0.21264694728858546,0.2065871903734371,126351.6736351404,2905.067762399085,129256.74139753947,1173,8,857.6944444444445,33,3,19,38.601088899723706,0.5896464646464646,48.65196078431373,1005.3921568627457,30.466428995840776,0
1175,4,0,0,36,0.0,0.0,1.0,36,650,400,250,0.6153846153846154,9,4,5,400.24185979351665,0.39341931216931214,0.2165096382932643,0.207398054620277,126474.91349480982,2924.110918877373,129399.02441368719,1174,9,858.6944444444445,33,3,19,38.464506172839506,0.5909090909090908,48.52941176470589,1005.8823529411775,30.481283422459924,0
1176,4,0,0,36,0.0,0.0,1.0,36,750,500,250,0.6666666666666666,10,5,5,402.97656554745384,0.3938657407407407,0.2157234874626177,0.20928782920367778,126567.38281250013,3000.7378472222367,129568.12065972236,1175,10,859.6944444444445,33,3,19,38.300120772946855,0.5918560606060606,48.43750000000001,1006.250000000001,30.492424242424274,0
1177,4,0,0,36,0.0,0.0,1.0,36,750,500,250,0.6666666666666666,10,5,5,404.4027808307099,0.39383267195767196,0.2167329572358183,0.21034579094126793,126629.04779712128,3041.8278126201435,129670.87560974143,1176,11,860.6944444444445,33,3,19,38.20049007670765,0.5924873737373737,48.37622549019608,1006.4950980392156,30.499851455733804,0
1178,4,0,0,36,0.0,0.0,1.0,36,700,600,100,0.8571428571428571,8,6,2,403.7302591677311,0.3935681216931217,0.211712776858201,0.21052715980522027,126732.14994331081,3033.120748299337,129765.27069161015,1177,12,861.6944444444445,34,2,20,38.11086151178371,0.5912990196078431,48.27380952380953,1006.9047619047631,29.614845938375385,0
1179,4,0,0,36,0.0,0.0,1.0,36,800,600,200,0.75,10,6,4,403.7302591677311,0.3935681216931217,0.211712776858201,0.21052715980522027,126732.14994331081,3033.120748299337,129765.27069161015,1178,13,862.6944444444445,34,2,20,38.11086151178371,0.5912990196078431,48.27380952380953,1006.9047619047631,29.614845938375385,0
1180,4,0,0,36,0.0,0.0,1.0,36,1050,700,350,0.6666666666666666,14,7,7,402.1039222456909,0.39302248677248675,0.21477525078489923,0.21063277659873558,126917.01630015434,3006.7660108024706,129923.78231095681,1179,14,863.6944444444445,35,1,20,37.96088904203998,0.5910714285714286,48.09027777777778,1007.638888888889,28.789682539682545,0
1181,4,0,0,36,0.0,0.0,1.0,36,900,500,400,0.5555555555555556,13,5,8,398.3134080712112,0.39323743386243387,0.20851035327439038,0.20909653230212064,127004.50002411276,2917.5190489969264,129922.01907310968,1180,15,864.6944444444445,35,1,20,37.96611264209439,0.5919642857142857,48.00347222222223,1007.986111111112,28.7996031746032,0
1182,4,0,0,36,0.0,0.0,1.0,36,1150,800,350,0.6956521739130435,15,8,7,396.78302833691083,0.3933862433862434,0.20812639984419135,0.2089061336405343,127123.84458537384,2888.2072281367837,130012.05181351062,1181,16,865.6944444444445,32,4,20,37.88160969909436,0.5999348958333333,47.885101010101,1008.4595959595952,31.51436237373735,0
1183,4,1,0,37,0.02702702702702703,0.0,1.0,37,1250,1100,150,0.88,14,11,3,381.3119016205584,0.3975538038038038,0.17741062617387748,0.20360616633701506,127692.92091836731,2338.1660997732383,130031.08701814055,1182,0,843.2702702702703,34,3,20,37.68649391440911,0.6011029411764706,47.32142857142857,1010.7142857142853,29.72689075630251,1
1184,4,0,0,37,0.0,0.0,1.0,37,1050,800,250,0.7619047619047619,13,8,5,379.7164900864374,0.39802302302302306,0.1793741946773142,0.2035136645605228,127843.36911848077,2308.8470804988724,130152.21619897964,1183,1,844.2702702702703,34,3,20,37.57234647832059,0.6026348039215687,47.17261904761905,1011.3095238095241,29.74439775910365,0
1185,4,0,0,37,0.0,0.0,1.0,37,1000,800,200,0.8,12,8,4,381.4515473336076,0.39814814814814814,0.17595710783144614,0.20505734982848378,127963.79145408151,2362.3972505668826,130326.18870464839,1184,2,845.2702702702703,34,3,20,37.404890771463315,0.6038602941176471,47.05357142857142,1011.7857142857133,29.75840336134451,0
1186,4,0,0,37,0.0,0.0,1.0,37,600,400,200,0.6666666666666666,8,4,4,378.35927355003986,0.39852352352352355,0.17269192495636454,0.20370058166237412,128024.0238803854,2287.815334467108,130311.83921485252,1185,3,846.2702702702703,34,3,20,37.42133278437829,0.6044730392156863,46.99404761904761,1012.0238095238088,29.765406162464966,0
1187,4,0,0,37,0.0,0.0,1.0,37,900,600,300,0.6666666666666666,12,6,6,377.8058496598544,0.3987112112112112,0.17061699247841466,0.20371701363286587,128085.94419795947,2278.3237954389497,130364.26799339842,1186,4,847.2702702702703,35,2,20,37.37184617730009,0.6029761904761906,46.93287037037037,1012.268518518518,28.921957671957657,0
1188,4,0,0,37,0.0,0.0,1.0,37,1050,600,450,0.5714285714285714,15,6,9,377.39943975956487,0.3976163663663664,0.16489409014091705,0.2042566433507873,128234.9489795917,2279.1729764179167,130514.12195600962,1187,5,848.2702702702703,34,3,20,37.22942132894531,0.6066176470588236,46.78571428571428,1012.8571428571418,29.789915966386523,0
1189,4,0,0,37,0.0,0.0,1.0,37,850,500,350,0.5882352941176471,12,5,7,380.66737960305295,0.3973661161161161,0.16292411288299946,0.20680417374350918,128385.7160572562,2374.45082199546,130760.16687925166,1188,6,849.2702702702703,34,3,17,36.99219820666431,0.6081495098039216,46.63690476190476,1013.4523809523806,29.807422969187666,0
1190,4,0,0,37,0.0,0.0,1.0,37,1000,800,200,0.8,12,8,4,378.6390848137483,0.39802302302302306,0.16952422658657262,0.2063255972718295,128506.39349489799,2331.508645124723,130837.9021400227,1189,7,850.2702702702703,34,3,17,36.920032484051504,0.609375,46.517857142857146,1013.9285714285717,29.82142857142858,0
1191,4,0,0,37,0.0,0.0,1.0,37,850,600,250,0.7058823529411765,11,6,5,376.5882626578488,0.398241991991992,0.16695328810848875,0.20536356090394112,128536.57171201833,2281.072845805009,130817.64455782334,1190,8,851.2702702702703,34,3,17,36.94113446035846,0.6096813725490196,46.48809523809525,1014.0476190476205,29.824929971988837,0
1192,4,0,0,37,0.0,0.0,1.0,37,400,400,0,1.0,4,4,0,379.5474332694129,0.3978978978978979,0.1675866006851925,0.2072912904779102,128596.93877551024,2361.7276077097554,130958.66638321998,1191,9,852.2702702702703,34,3,17,36.804332942097034,0.6102941176470589,46.42857142857143,1014.2857142857146,29.83193277310925,0
1193,4,0,1,36,0.0,0.02702702702702703,0.972972972972973,37,800,500,300,0.625,11,5,6,378.00429558689484,0.39861736736736736,0.1720876103135871,0.20691911440508076,128687.51594387769,2328.8867630385657,131016.40270691625,1192,10,853.2702702702703,34,3,18,36.75080175212172,0.6112132352941176,46.33928571428572,1014.6428571428582,29.842436974789948,0
1194,4,0,0,36,0.0,0.0,1.0,36,1550,1300,250,0.8387096774193549,18,13,5,389.6377688483739,0.3943783068783069,0.17984257357973976,0.2132062847518631,128672.41753472229,2827.1267361111218,131499.5442708334,1193,28,877.6944444444445,33,3,19,36.47116700889803,0.6133207070707071,46.35416666666667,1014.5833333333339,30.744949494949513,0
1195,4,0,0,36,0.0,0.0,1.0,36,900,700,200,0.7777777777777778,11,7,4,391.1684481598626,0.3946593915343915,0.1880181920631081,0.2145468269973501,128765.68657487525,2873.8147587466574,131639.5013336219,1194,29,878.6944444444445,33,3,19,36.336834903002476,0.6142676767676767,46.262254901960794,1014.9509803921585,30.756090314913894,0
1196,4,0,0,36,0.0,0.0,1.0,36,1000,700,300,0.7,13,7,6,397.77740607927433,0.39459325396825395,0.1897913481910578,0.21885681187070855,128890.0978589967,3053.913759131119,131944.0116181278,1195,30,879.6944444444445,33,3,19,36.04171695228899,0.615530303030303,46.13970588235295,1015.4411764705895,30.770944741533015,0
1197,4,0,0,36,0.0,0.0,1.0,36,1400,1300,100,0.9285714285714286,15,13,2,396.9769290111954,0.3944609788359788,0.19022147147147184,0.2187596268380843,128952.32602845058,3038.219675124951,131990.54570357554,1196,31,880.6944444444445,33,3,19,35.99833092020593,0.6161616161616161,46.07843137254902,1015.6862745098038,30.778371954842537,0
1198,4,0,0,36,0.0,0.0,1.0,36,750,500,250,0.6666666666666666,10,5,5,396.60100494981896,0.3949570105820106,0.1878919440424509,0.21924103553625987,129076.82742214529,3038.3998942714297,132115.2273164167,1197,32,881.6944444444445,33,3,20,35.88046711689983,0.6174242424242424,45.955882352941174,1016.1764705882349,30.793226381461665,0
1199,4,0,0,36,0.0,0.0,1.0,36,800,600,200,0.75,10,6,4,394.7191615157218,0.39541997354497355,0.18989071038251382,0.21888971684053649,129201.38888888882,2999.6527777777696,132201.0416666666,1198,33,882.6944444444445,33,3,20,35.800887978142086,0.6186868686868687,45.83333333333333,1016.6666666666661,30.80808080808079,0
1200,4,0,0,36,0.0,0.0,1.0,36,1450,1300,150,0.896551724137931,16,13,3,396.00168349618644,0.3958994708994709,0.18937142780655614,0.22047015256216254,129357.17520004323,3045.131830305652,132402.3070303489,1199,34,883.6944444444445,33,3,20,35.6090380677027,0.6202651515151515,45.68014705882353,1017.2794117647057,30.826648841354718,0
1201,4,0,0,36,0.0,0.0,1.0,36,650,500,150,0.7692307692307693,8,5,3,393.5585316170518,0.3958333333333333,0.1863884539724603,0.21945711806691595,129419.51600646372,2986.830936418668,132406.34694288237,1200,35,884.6944444444445,33,3,20,35.60748624994982,0.6208964646464646,45.6188725490196,1017.5245098039204,30.834076054664255,0
1202,4,0,0,36,0.0,0.0,1.0,36,1100,800,300,0.7272727272727273,14,8,6,424.5101041552297,0.3957175925925926,0.21433061605223713,0.22180855346801215,126814.13286055835,3566.776149798146,130380.9090103565,1201,36,885.6944444444445,33,3,16,37.50291499371375,0.5943813131313131,48.19240196078431,1007.2303921568621,30.522133095662486,7
1203,4,0,0,36,0.0,0.0,1.0,36,950,700,250,0.7368421052631579,12,7,5,422.4316212692057,0.39546957671957667,0.2158909700262175,0.2212250184761406,126906.72607891184,3521.8828094963346,130428.60888840818,1202,37,886.6944444444445,33,3,16,37.45945836373956,0.5953282828282829,48.100490196078425,1007.5980392156854,30.53327391562683,0
1204,4,0,0,36,0.0,0.0,1.0,36,500,300,200,0.6,7,3,4,425.3257997850079,0.39556878306878307,0.2163180933852138,0.22307904192805533,126968.4736639755,3600.5935217224287,130569.06718569793,1203,38,887.6944444444445,33,3,16,37.322673476005185,0.595959595959596,48.03921568627452,1007.8431372549029,30.54070112893645,0
1205,4,0,0,36,0.0,0.0,1.0,36,1350,1000,350,0.7407407407407407,17,10,7,424.75900687654973,0.3962466931216931,0.21605613636977594,0.22312053579607258,127030.236267301,3591.4474000384434,130621.68366733944,1204,39,888.6944444444445,33,3,16,37.27307723478403,0.5965909090909092,47.97794117647059,1008.0882352941173,30.54812834224598,0
1206,4,0,0,36,0.0,0.0,1.0,36,850,800,50,0.9411764705882353,9,8,1,424.7795681629825,0.39566798941798936,0.2239368139893998,0.22364630263136076,127123.84458537403,3599.9373795008705,130723.7819648749,1205,40,889.6944444444445,32,4,16,37.17577521806269,0.5999348958333333,47.88510101010102,1008.4595959595966,31.514362373737395,0
1207,4,0,0,36,0.0,0.0,1.0,36,1200,1000,200,0.8333333333333334,14,10,4,429.68208342064094,0.3955026455026455,0.2238938237624588,0.22729641911192483,127314.91246110095,3740.987367360478,131055.89982846142,1206,41,890.6944444444445,32,4,14,36.85464364652403,0.6018880208333333,47.69570707070707,1009.217171717172,31.538036616161627,0
1208,4,0,0,36,0.0,0.0,1.0,36,600,500,100,0.8333333333333334,7,5,2,432.13640795666134,0.3955191798941799,0.2257139879091099,0.2289549755873763,127378.6336375115,3808.989038108357,131187.62267561987,1207,42,891.6944444444445,32,4,14,36.726860537836146,0.6025390625,47.63257575757576,1009.4696969696971,31.545928030303035,0
1209,4,0,0,36,0.0,0.0,1.0,36,1000,700,300,0.7,13,7,6,428.40143857648656,0.3950396825396825,0.21696059000391044,0.22762451678328957,127493.93449935105,3723.71698985965,131217.6514892107,1208,43,892.6944444444445,33,3,14,36.702033531529345,0.6013257575757576,47.51838235294117,1009.9264705882339,30.603832442067695,0
1210,4,0,0,36,0.0,0.0,1.0,36,950,700,250,0.7368421052631579,12,7,5,427.73426803220326,0.3941468253968254,0.2143598242919127,0.22814338772273915,127648.68830497879,3719.943651480189,131368.63195645896,1209,44,893.6944444444445,33,3,14,36.559139784946225,0.6029040404040404,47.36519607843137,1010.539215686274,30.622400475341635,0
1211,4,0,0,36,0.0,0.0,1.0,36,1300,900,400,0.6923076923076923,17,9,8,426.53160470076733,0.3940641534391534,0.21339623658086548,0.2280271683199369,127741.58564314194,3697.164702277956,131438.7503454199,1210,45,894.6944444444445,33,3,14,36.49369115448338,0.6038510101010102,47.27328431372548,1010.906862745097,30.63354129530597,0
1212,4,0,0,36,0.0,0.0,1.0,36,950,700,250,0.7368421052631579,12,7,5,430.31767929113835,0.3950396825396825,0.2223627947118596,0.2309797423207076,127903.5732001133,3807.833758503393,131711.4069586167,1211,46,895.6944444444445,34,2,15,36.23092464006904,0.6032475490196079,47.113095238095234,1011.5476190476185,29.751400560224074,0
1213,4,0,0,36,0.0,0.0,1.0,36,550,400,150,0.7272727272727273,7,4,3,432.328569596603,0.39546957671957667,0.22601678628858313,0.23240736957631433,127963.79145408166,3864.4805839002315,131828.2720379819,1212,47,896.6944444444445,34,2,15,36.117974663685935,0.6038602941176471,47.05357142857143,1011.7857142857146,29.758403361344545,0
1214,4,0,0,36,0.0,0.0,1.0,36,1100,800,300,0.7272727272727273,14,8,6,434.08027037351167,0.3952380952380952,0.22646305444470616,0.23387518749781985,128054.14540816325,3917.1556122449015,131971.30102040817,1213,48,897.6944444444445,34,2,16,35.98050458715597,0.6047794117647058,46.964285714285715,1012.1428571428571,29.76890756302521,0
1215,4,0,0,36,0.0,0.0,1.0,36,1150,800,350,0.6956521739130435,15,8,7,432.963103463287,0.39533730158730157,0.22398171238570286,0.2339867985023963,128176.49347005399,3899.2022562774646,132075.69572633144,1214,49,898.6944444444445,32,4,16,35.88268911055693,0.6106770833333333,46.84343434343434,1012.626262626262,31.644570707070688,0
1216,4,0,0,36,0.0,0.0,1.0,36,1200,800,400,0.6666666666666666,16,8,8,429.623206463951,0.3953042328042328,0.2200513482270079,0.2327172624266723,128268.64216887731,3821.437067474044,132090.07923635136,1215,50,899.6944444444445,33,3,17,35.872348576498105,0.6092171717171717,46.752450980392155,1012.990196078431,30.696672608437304,0
1217,4,0,0,36,0.0,0.0,1.0,36,950,800,150,0.8421052631578947,11,8,3,432.2056565718673,0.39508928571428575,0.21337055401029303,0.23466241458915088,128361.76478097358,3895.736165176847,132257.50094615042,1216,51,900.6944444444445,33,3,18,35.71106441730157,0.6101641414141414,46.66053921568627,1013.3578431372542,30.707813428401643,0
1218,4,0,0,36,0.0,0.0,1.0,36,1150,800,350,0.6956521739130435,15,8,7,424.0202777698664,0.3953207671957672,0.19686654174474305,0.22643644586709694,127697.47865332628,3645.971890524123,131343.4505438504,1217,52,901.6944444444445,32,4,17,36.60264418072039,0.6057942708333333,47.3169191919192,1010.732323232324,31.585385101010125,3
1219,4,0,0,36,0.0,0.0,1.0,36,600,300,300,0.5,9,3,6,424.9782185491273,0.3951058201058201,0.19748821548821516,0.22737161498250993,127772.55893166103,3660.1108948481497,131432.66982650917,1218,53,902.6944444444445,33,3,18,36.501010101010095,0.6041666666666667,47.242647058823536,1011.0294117647069,30.637254901960816,0
1220,4,0,0,36,0.0,0.0,1.0,36,900,800,100,0.8888888888888888,10,8,2,424.77778321195166,0.3952380952380952,0.2009732654874401,0.22796591824651827,127896.48963139186,3665.517469242608,131562.00710063445,1219,54,903.6944444444445,33,3,18,36.378321621839916,0.6054292929292929,47.12009803921569,1011.5196078431379,30.652109328579936,0
1221,4,0,0,36,0.0,0.0,1.0,36,950,600,350,0.631578947368421,13,6,7,427.66876614987103,0.39502314814814815,0.20648955641688205,0.22987196180555552,127958.47750865044,3744.7688389081045,131703.24634755854,1220,55,904.6944444444445,33,3,18,36.24131944444446,0.6060606060606061,47.05882352941176,1011.7647058823524,30.659536541889466,0
1222,4,0,0,36,0.0,0.0,1.0,36,350,300,50,0.8571428571428571,4,3,1,426.72400320519586,0.3955026455026455,0.20615841104517374,0.2295413742322673,127989.47707912826,3723.236405469056,131712.71348459733,1221,56,905.6944444444445,33,3,18,36.23327176940777,0.6063762626262627,47.02818627450981,1011.8872549019611,30.663250148544275,0
1223,4,0,0,36,0.0,0.0,1.0,36,1050,800,250,0.7619047619047619,13,8,5,423.4004289130027,0.39441137566137563,0.20293100738645298,0.22882454035138458,128177.49235365132,3654.2687761834113,131831.76112983475,1222,57,906.6944444444445,31,5,19,36.12374630320175,0.613239247311828,46.84244791666667,1012.6302083333339,32.66549059139787,0
1224,4,0,0,36,0.0,0.0,1.0,36,850,400,450,0.47058823529411764,13,4,9,419.66316012921567,0.3941798941798942,0.1936733353325053,0.22755394069445506,128309.3791537816,3569.3439059787506,131878.72305976035,1223,58,907.6944444444445,31,5,20,36.082685387482336,0.6145833333333333,46.71223958333334,1013.1510416666678,32.6822916666667,0
1225,4,0,0,36,0.0,0.0,1.0,36,900,600,300,0.6666666666666666,12,6,6,419.66316012921567,0.3941798941798942,0.1936733353325053,0.22755394069445506,128309.3791537816,3569.3439059787506,131878.72305976035,1224,59,908.6944444444445,31,5,20,36.082685387482336,0.6145833333333333,46.71223958333334,1013.1510416666678,32.6822916666667,0
1226,4,0,0,36,0.0,0.0,1.0,36,1000,900,100,0.9,11,9,2,418.1109481639912,0.39459325396825395,0.19461578000514002,0.2268995396521745,128342.36145019544,3532.269287109388,131874.63073730483,1225,60,909.6944444444445,31,5,20,36.088087895142635,0.6149193548387097,46.67968750000001,1013.281250000001,32.68649193548391,0
1227,4,0,0,36,0.0,0.0,1.0,36,950,600,350,0.631578947368421,13,6,7,418.1245408371827,0.3955522486772487,0.18899236423321186,0.22747026907180082,128441.33377075207,3540.8947414822183,131982.2285122343,1226,61,910.6944444444445,31,5,15,35.986004067651464,0.6159274193548387,46.58203125000001,1013.6718750000009,32.699092741935516,0
1228,4,0,0,36,0.0,0.0,1.0,36,950,500,450,0.5263157894736842,14,5,9,418.09706060668583,0.395353835978836,0.19266036013608856,0.22850284251116446,128624.38303489455,3555.4952938475903,132179.87832874214,1227,62,911.6944444444445,32,4,17,35.79863704256909,0.615234375,46.40151515151516,1014.3939393939406,31.699810606060645,0
1229,4,0,0,36,0.0,0.0,1.0,36,900,600,300,0.6666666666666666,12,6,6,417.6439967384202,0.39482473544973545,0.1954952712792437,0.22862310339168568,128688.43102744622,3549.1901336598353,132237.62116110604,1228,63,912.6944444444445,32,4,17,35.7443587190974,0.6158854166666667,46.33838383838384,1014.6464646464649,31.707702020202028,0
1230,4,0,0,36,0.0,0.0,1.0,36,950,600,350,0.631578947368421,13,6,7,416.70838889166856,0.39424603174603173,0.18917350576141945,0.22921811651619703,128880.67065860634,3541.1313258851233,132421.80198449147,1229,64,913.6944444444445,32,4,18,35.57080535521844,0.6178385416666667,46.1489898989899,1015.404040404041,31.73137626262628,0
1231,4,0,0,36,0.0,0.0,1.0,36,1100,700,400,0.6363636363636364,15,7,8,415.4265877805893,0.39422949735449736,0.18886471928734183,0.22906832753220288,128976.84427928273,3516.082064330168,132492.9263436129,1230,65,914.6944444444445,32,4,18,35.50471307230163,0.6188151041666667,46.05429292929293,1015.7828282828283,31.743213383838384,0
1232,4,0,0,36,0.0,0.0,1.0,36,750,500,250,0.6666666666666666,10,5,5,415.0301542448703,0.393369708994709,0.18496086470369044,0.22959296986370845,129105.13157139567,3516.5045339761145,132621.63610537178,1231,66,915.6944444444445,32,4,18,35.383277425767176,0.6201171875,45.9280303030303,1016.287878787878,31.758996212121186,0
1233,4,0,0,36,0.0,0.0,1.0,36,950,600,350,0.631578947368421,13,6,7,412.95596786432105,0.39422949735449736,0.17882426378791227,0.22920116631647738,129235.55333347774,3473.7903419900267,132709.34367546777,1232,67,916.6944444444445,30,6,20,35.302379378717774,0.6267361111111112,45.79973118279569,1016.8010752688162,33.89336917562721,0
1234,4,0,0,36,0.0,0.0,1.0,36,500,400,100,0.8,6,4,2,412.0339828785916,0.39451058201058203,0.1798249478661853,0.2288876001805743,129269.72229448482,3452.703708521202,132722.42600300602,1233,68,917.6944444444445,30,6,20,35.29082958851,0.6270833333333333,45.76612903225806,1016.935483870967,33.89784946236556,0
1235,4,0,0,36,0.0,0.0,1.0,36,850,700,150,0.8235294117647058,10,7,3,406.53205177798026,0.3944609788359788,0.17576242269140585,0.22677002031726715,129433.15505981432,3323.7452189127466,132756.90027872706,1234,69,918.6944444444445,31,5,17,35.26351567498401,0.626008064516129,45.60546874999999,1017.578124999999,32.82510080645158,0
1236,4,0,0,36,0.0,0.0,1.0,36,1100,900,200,0.8181818181818182,13,9,4,402.62051216690105,0.3943452380952381,0.17332341023732756,0.22509892989525349,129522.5056754412,3229.683514437291,132752.1891898785,1235,70,919.6944444444445,32,4,17,35.27169643595468,0.6243489583333333,45.51767676767676,1017.9292929292923,31.810290404040384,0
1237,4,0,0,36,0.0,0.0,1.0,36,950,800,150,0.8421052631578947,11,8,3,409.5612387980173,0.39558531746031744,0.17852715100421568,0.2297302470198056,129651.0639858176,3420.01007550248,133071.07406132008,1236,71,920.6944444444445,32,4,17,34.96363335812878,0.6256510416666667,45.39141414141413,1018.434343434342,31.82607323232319,0
1238,4,0,0,36,0.0,0.0,1.0,36,1250,1000,250,0.8,15,10,5,405.19785040910284,0.39553571428571427,0.17776882719874454,0.22784261010111823,129747.52456700832,3314.683610090789,133062.20817709912,1237,72,921.6944444444445,32,4,17,34.97619490230099,0.6266276041666667,45.29671717171716,1018.81313131313,31.837910353535314,0
1239,4,0,0,36,0.0,0.0,1.0,36,1150,900,250,0.782608695652174,14,9,5,407.7665480448019,0.39627976190476194,0.18291625371655118,0.22985276367441623,129844.02101826343,3389.2096469747953,133233.23066523822,1238,73,922.6944444444445,32,4,17,34.81221093491905,0.6276041666666667,45.2020202020202,1019.1919191919192,31.849747474747474,0
1240,4,0,0,36,0.0,0.0,1.0,36,900,600,300,0.6666666666666666,12,6,6,412.55722866543255,0.3958333333333333,0.18413062337340436,0.23198078593040947,129747.52456700854,3505.6558323130384,133253.18039932157,1239,74,923.6944444444445,32,4,18,34.78874912215475,0.6266276041666667,45.29671717171718,1018.8131313131319,31.83791035353537,4
1241,4,0,0,36,0.0,0.0,1.0,36,750,500,250,0.6666666666666666,10,5,5,410.7749653514798,0.3954365079365079,0.18518747935249436,0.2315485698545493,129844.02101826352,3467.3346469748094,133311.35566523834,1240,75,924.6944444444445,32,4,18,34.73555706970598,0.6276041666666667,45.20202020202021,1019.1919191919199,31.849747474747495,0
1242,4,0,0,36,0.0,0.0,1.0,36,600,400,200,0.6666666666666666,8,4,4,410.7749653514798,0.3955191798941799,0.18518747935249436,0.2315485698545493,129844.02101826352,3467.3346469748094,133311.35566523834,1241,76,925.6944444444445,32,4,18,34.73555706970598,0.6276041666666667,45.20202020202021,1019.1919191919199,31.849747474747495,0
1243,4,0,0,36,0.0,0.0,1.0,36,600,400,200,0.6666666666666666,8,4,4,413.54527838205064,0.39518849206349205,0.1871026339691193,0.23349402640955783,129908.37191358027,3544.598765432105,133452.97067901236,1242,77,926.6944444444445,32,4,18,34.599227974568585,0.6282552083333333,45.13888888888889,1019.4444444444446,31.857638888888893,0
1244,4,0,0,36,0.0,0.0,1.0,36,700,500,200,0.7142857142857143,9,5,4,412.787294604143,0.3955522486772487,0.17992259613394634,0.22909552608181677,129233.48263251185,3469.187933629204,132702.67056614105,1243,78,927.6944444444445,32,4,18,35.308787615381426,0.6214192708333333,45.80176767676767,1016.7929292929282,31.774779040404006,2
1245,4,0,0,36,0.0,0.0,1.0,36,1150,700,450,0.6086956521739131,16,7,9,409.8198954920206,0.3951554232804233,0.1766176647788893,0.22780276709231587,129294.84941188473,3397.5203347270153,132692.36974661174,1244,79,928.6944444444445,33,3,18,35.32139916455799,0.6196338383838385,45.741421568627445,1017.0343137254893,30.819221628045128,0
1246,4,0,0,36,0.0,0.0,1.0,36,900,500,400,0.5555555555555556,13,5,8,403.14441769082936,0.3945271164021164,0.16351929894976291,0.22515900396249744,129481.87183114661,3239.9787641772346,132721.85059532383,1245,80,929.6944444444445,33,3,16,35.29989464178205,0.6215277777777778,45.557598039215684,1017.7696078431368,30.84150326797384,0
1247,4,0,0,36,0.0,0.0,1.0,36,1100,1000,100,0.9090909090909091,12,10,2,403.98209583709496,0.39527116402116397,0.16307510456446672,0.22645234913437137,129625.34722222215,3273.2638888888832,132898.61111111104,1246,81,930.6944444444445,34,2,16,35.1319558101473,0.6207107843137255,45.416666666666664,1018.3333333333327,29.950980392156843,0
1248,4,0,0,36,0.0,0.0,1.0,36,700,400,300,0.5714285714285714,10,4,6,404.5213439669041,0.39499007936507935,0.16285517635447544,0.22710528995937213,129685.96938775507,3292.148526077091,132978.11791383216,1247,82,931.6944444444445,34,2,16,35.056295776842745,0.6213235294117647,45.357142857142854,1018.5714285714283,29.957983193277304,0
1249,4,0,0,36,0.0,0.0,1.0,36,750,500,250,0.6666666666666666,10,5,5,407.8208249628789,0.39502314814814815,0.1633242471443408,0.22966751721593695,129807.25623582759,3387.6204648525986,133194.87670068018,1248,83,932.6944444444445,34,2,17,34.848374221183796,0.6225490196078431,45.238095238095234,1019.0476190476185,29.97198879551819,0
1250,4,0,0,36,0.0,0.0,1.0,36,800,700,100,0.875,9,7,2,408.7681237205845,0.39409722222222227,0.16015609794075325,0.23073707603291774,129898.25857426293,3419.6534863945467,133317.9120606575,1249,84,933.6944444444445,34,2,17,34.731305227918554,0.623468137254902,45.14880952380952,1019.404761904761,29.982492997198854,0
1251,4,0,0,36,0.0,0.0,1.0,36,1300,1100,200,0.8461538461538461,15,11,4,409.2917887609467,0.3936838624338624,0.16357304070355694,0.23157156291454864,129989.2928004534,3440.7100340135917,133430.00283446698,1250,85,934.6944444444445,34,2,17,34.625019456767056,0.6243872549019608,45.0595238095238,1019.7619047619038,29.99299719887952,0
1252,4,0,0,36,0.0,0.0,1.0,36,1000,900,100,0.9,11,9,2,411.63422072632034,0.39370039682539687,0.1651790922879477,0.23380496393938313,130141.08737244898,3514.1050170068,133655.19238945577,1251,86,935.6944444444445,34,2,17,34.41036635165091,0.6259191176470589,44.910714285714285,1020.3571428571428,30.01050420168067,0
1253,4,0,0,36,0.0,0.0,1.0,36,950,700,250,0.7368421052631579,12,7,5,411.65591904083857,0.39322089947089944,0.17303178223235816,0.23473685568304098,130293.86421388417,3527.3047730121534,133821.16898689631,1252,87,936.6944444444445,33,3,19,34.253966110510945,0.6297348484848485,44.76102941176471,1020.9558823529418,30.938057040998235,0
1254,4,0,0,36,0.0,0.0,1.0,36,950,800,150,0.8421052631578947,11,8,3,408.95023536450867,0.39285714285714285,0.1696634532047947,0.23356972661360198,130356.43029423784,3461.858570021151,133818.288864259,1253,88,937.6944444444445,33,3,19,34.2592453698148,0.6303661616161615,44.69975490196079,1021.2009803921572,30.945484254307797,0
1255,4,0,0,36,0.0,0.0,1.0,36,750,400,350,0.5333333333333333,11,4,7,408.14808742968074,0.3922123015873016,0.16642674344209873,0.23367599291303712,130450.30757401,3448.60870818916,133898.91628219915,1254,89,938.6944444444445,33,3,19,34.184061100447856,0.6313131313131313,44.6078431372549,1021.5686274509806,30.95662507427214,0
1256,4,0,0,36,0.0,0.0,1.0,36,650,500,150,0.7692307692307693,8,5,3,409.48766166922576,0.3920138888888889,0.1658140154543033,0.23520159079348105,130575.52984429072,3493.8136774317695,134069.3435217225,1255,90,939.6944444444445,33,3,16,34.02228217426061,0.6325757575757576,44.485294117647065,1022.0588235294123,30.97147950089128,0
1257,4,0,0,36,0.0,0.0,1.0,36,800,400,400,0.5,12,4,8,407.14640847612793,0.3919973544973545,0.167335890367174,0.2344252923337707,130669.48596993953,3440.3223820165417,134109.80835195608,1256,91,940.6944444444445,33,3,16,33.98645071716808,0.6335227272727273,44.39338235294118,1022.426470588236,30.982620320855638,0
1258,4,0,0,36,0.0,0.0,1.0,36,1150,700,450,0.6086956521739131,16,7,9,410.81664706325677,0.391848544973545,0.17553404673159378,0.23164488499153246,129856.32216274976,3469.4277741733754,133325.74993692312,1257,92,941.6944444444445,33,3,17,34.72192998276621,0.6253156565656566,45.18995098039215,1019.2401960784302,30.88606654783122,1
1259,4,0,0,36,0.0,0.0,1.0,36,900,600,300,0.6666666666666666,12,6,6,411.29515889287325,0.39186507936507936,0.17605779956935708,0.23270504168271774,129989.29280045327,3492.7933673469106,133482.08616780018,1258,93,942.6944444444445,34,2,17,34.573945443225156,0.6243872549019608,45.059523809523796,1019.7619047619028,29.992997198879493,0
1260,4,0,0,36,0.0,0.0,1.0,36,750,600,150,0.8,9,6,3,409.78035531189994,0.3916170634920635,0.17356328547527333,0.23202830825889248,130019.64462868468,3455.899234693863,133475.54386337855,1259,94,943.6944444444445,34,2,17,34.58158242869928,0.6246936274509804,45.0297619047619,1019.8809523809514,29.996498599439747,0
1261,4,0,0,36,0.0,0.0,1.0,36,1000,800,200,0.8,12,8,4,402.83386126673105,0.39208002645502643,0.16541272988840938,0.2291635496111268,130201.83000283432,3289.9411848072377,133491.77118764157,1260,95,944.6944444444445,34,2,19,34.572932462381885,0.626531862745098,44.85119047619047,1020.5952380952369,30.017507002801086,0
1262,4,0,0,36,0.0,0.0,1.0,36,750,500,250,0.6666666666666666,10,5,5,398.46174526995054,0.3913194444444445,0.16315922428199436,0.22738565463608554,130323.35778061219,3185.774518140583,133509.13229875278,1261,96,945.6944444444445,34,2,19,34.56069527029652,0.6277573529411764,44.732142857142854,1021.0714285714282,30.031512605042007,0
1263,4,0,0,36,0.0,0.0,1.0,36,500,400,100,0.8,6,4,2,396.2199827577026,0.39194775132275134,0.16044669800935107,0.22646044184399267,130384.14292800448,3132.160572562351,133516.30350056684,1262,97,946.6944444444445,34,2,19,34.55603799976687,0.6283700980392157,44.672619047619044,1021.3095238095234,30.038515406162453,0
1264,4,0,0,36,0.0,0.0,1.0,36,1300,900,400,0.6923076923076923,17,9,8,395.9375263679018,0.39186507936507936,0.1568290409043236,0.22665376342648186,130444.94224773235,3129.6095521541856,133574.55179988654,1263,98,947.6944444444445,34,2,20,34.50136930427689,0.6289828431372548,44.613095238095234,1021.5476190476185,30.045518207282896,0
1265,4,0,0,36,0.0,0.0,1.0,36,1250,900,350,0.72,16,9,7,397.582976633338,0.39143518518518516,0.15843201967255593,0.22831102704998016,130566.5834041949,3182.2101757369487,133748.79357993184,1264,99,948.6944444444445,34,2,16,34.335565909532136,0.6302083333333333,44.49404761904761,1022.0238095238086,30.059523809523782,0
1266,4,0,0,36,0.0,0.0,1.0,36,800,400,400,0.5,12,4,8,394.80924520930085,0.39168320105820104,0.15346348910624652,0.22725347170626506,130657.8514739228,3116.985544217672,133774.83701814048,1265,100,949.6944444444445,34,2,16,34.313625601614646,0.6311274509803921,44.4047619047619,1022.3809523809515,30.070028011204457,0
1267,4,0,0,36,0.0,0.0,1.0,36,650,400,250,0.6153846153846154,9,4,5,392.615401057819,0.3921626984126984,0.15347779976461196,0.2265251115169724,130749.15143140574,3066.82610544216,133815.9775368479,1266,101,950.6944444444445,34,2,17,34.27690800450084,0.632046568627451,44.31547619047618,1022.7380952380939,30.080532212885117,0
1268,4,0,0,36,0.0,0.0,1.0,36,1150,1000,150,0.8695652173913043,13,10,3,392.28296742255674,0.39232804232804236,0.1568990474713401,0.22740773236221978,130931.84700963715,3072.4666950113315,134004.31370464846,1267,102,951.6944444444445,34,2,17,34.09983133651272,0.6338848039215687,44.13690476190476,1023.4523809523806,30.10154061624649,0
1269,4,0,0,36,0.0,0.0,1.0,36,650,400,250,0.6153846153846154,9,4,5,392.28296742255674,0.39232804232804236,0.1568990474713401,0.22740773236221978,130931.84700963715,3072.4666950113315,134004.31370464846,1268,103,952.6944444444445,34,2,17,34.09983133651272,0.6338848039215687,44.13690476190476,1023.4523809523806,30.10154061624649,0
1270,4,0,0,36,0.0,0.0,1.0,36,850,700,150,0.8235294117647058,10,7,3,391.15738236884806,0.39194775132275134,0.15894702842377284,0.22729415461973598,131023.24263038544,3050.1417233560014,134073.38435374145,1269,104,953.6944444444445,34,2,17,34.035852713178286,0.6348039215686274,44.047619047619044,1023.8095238095234,30.11204481792716,0
1271,4,0,0,36,0.0,0.0,1.0,36,550,400,150,0.7272727272727273,7,4,3,381.37491566874695,0.3919146825396826,0.1342442279942282,0.22589129620379617,131755.55555555547,2849.6527777777687,134605.20833333326,1270,105,954.6944444444445,34,2,16,33.54471049783549,0.642156862745098,43.33333333333333,1026.666666666666,30.19607843137253,2
1272,4,0,0,36,0.0,0.0,1.0,36,1050,600,450,0.5714285714285714,15,6,9,380.5597138668493,0.39135251322751324,0.12952443517015766,0.22577084537932876,131816.67375283438,2832.8231292516903,134649.49688208607,1271,106,955.6944444444445,34,2,16,33.50384496483498,0.6427696078431373,43.27380952380952,1026.9047619047612,30.203081232492977,0
1273,4,0,0,36,0.0,0.0,1.0,36,700,500,200,0.7142857142857143,9,5,4,378.81544478892124,0.3912533068783069,0.1356379554525562,0.22546050265713036,131938.95266439908,2796.102607709752,134735.05527210885,1272,107,956.6944444444445,34,2,17,33.42506759366552,0.6439950980392157,43.154761904761905,1027.3809523809523,30.21708683473389,0
1274,4,0,0,36,0.0,0.0,1.0,36,1100,700,400,0.6363636363636364,15,7,8,375.2581640111376,0.3906580687830688,0.12712289640265517,0.2244272509972427,132122.47732426305,2716.007653061221,134838.48497732426,1273,108,957.6944444444445,34,2,17,33.331162189285166,0.6458333333333333,42.976190476190474,1028.095238095238,30.238095238095237,0
1275,4,0,0,36,0.0,0.0,1.0,36,600,400,200,0.6666666666666666,8,4,4,373.75661998685223,0.3904431216931217,0.12465426524127476,0.2237100434391161,132153.07716836745,2678.6174886621425,134831.69465702958,1274,109,958.6944444444445,34,2,17,33.33888117015938,0.6461397058823529,42.94642857142858,1028.2142857142865,30.241596638655484,0
1276,4,0,0,36,0.0,0.0,1.0,36,600,400,200,0.6666666666666666,8,4,4,371.4956275720165,0.38950066137566136,0.1258037551440332,0.2228973765432098,132244.89795918364,2625.680272108838,134870.5782312925,1275,110,959.6944444444445,34,2,18,33.30439814814813,0.6470588235294117,42.857142857142854,1028.5714285714282,30.252100840336123,0
1277,4,0,0,36,0.0,0.0,1.0,36,1250,1000,250,0.8,15,10,5,370.98340895004577,0.3888062169312169,0.12045390289665114,0.22367660765565528,132428.63520408166,2625.7653061224537,135054.4005102041,1276,111,960.6944444444445,34,2,18,33.13237335183901,0.6488970588235294,42.67857142857143,1029.2857142857144,30.273109243697483,0
1278,4,0,0,36,0.0,0.0,1.0,36,1250,800,450,0.64,17,8,9,373.0695980487154,0.38783068783068786,0.12453436095054604,0.22566797364485217,132551.19756235817,2690.164399092958,135241.36196145113,1277,112,961.6944444444445,34,2,18,32.955202312138724,0.6501225490196079,42.5595238095238,1029.761904761904,30.28711484593835,0
1279,4,0,0,36,0.0,0.0,1.0,36,1050,900,150,0.8571428571428571,12,9,3,382.64143230341745,0.387582671957672,0.08761607428754403,0.21766651968735404,130200.04325259526,2778.95573670646,132978.99898930173,1278,113,962.6944444444445,33,3,19,35.089957572846615,0.6287878787878788,44.852941176470594,1020.5882352941186,30.926916221033895,7
1280,4,0,0,36,0.0,0.0,1.0,36,1400,1100,300,0.7857142857142857,17,11,6,383.64470454718884,0.38792989417989415,0.08709014986057895,0.21931463004114574,130391.51178770035,2804.8176213129327,133196.32940901327,1279,114,963.6944444444445,32,4,20,34.86962747764454,0.6331380208333333,44.66540404040405,1021.3383838383847,31.916824494949523,0
1281,4,0,0,36,0.0,0.0,1.0,36,800,600,200,0.75,10,6,4,387.1256882028205,0.38812830687830685,0.11642314279597521,0.21604110986802583,129450.6920415226,2822.7376489811722,132273.42969050378,1280,115,964.6944444444445,33,3,14,35.73930234425176,0.6212121212121212,45.58823529411765,1017.6470588235303,30.8377896613191,8
1282,4,0,0,36,0.0,0.0,1.0,36,1000,600,400,0.6,14,6,8,386.3842422454283,0.3880787037037037,0.11688741721854279,0.2157983276293399,129481.87183114677,2805.950986399471,132287.82281754623,1281,116,965.6944444444445,33,3,14,35.72634457154324,0.6215277777777778,45.55759803921569,1017.769607843138,30.84150326797388,0
1283,4,0,0,36,0.0,0.0,1.0,36,900,600,300,0.6666666666666666,12,6,6,391.3576638851038,0.3879133597883598,0.1187433973870371,0.21927112806617172,129606.62853529883,2944.509473519791,132551.1380088186,1282,117,966.6944444444445,33,3,14,35.47245456733662,0.622790404040404,45.43504901960784,1018.2598039215679,30.85635769459297,0
1284,4,0,0,36,0.0,0.0,1.0,36,1000,600,400,0.6,14,6,8,390.2899989902928,0.388260582010582,0.11490749652443588,0.21919530213562932,129700.23548635133,2924.140955401756,132624.3764417531,1283,118,967.6944444444445,33,3,15,35.40413458453641,0.6237373737373737,45.343137254901954,1018.6274509803916,30.867498514557322,0
1285,4,0,0,36,0.0,0.0,1.0,36,750,500,250,0.6666666666666666,10,5,5,391.4734363886782,0.38764880952380953,0.11289169506247076,0.2203860273237548,129793.87622849383,2962.170949875046,132756.04717836887,1284,119,968.6944444444445,33,3,15,35.27848767288033,0.6246843434343434,45.25122549019608,1018.9950980392155,30.87863933452168,0
1286,4,0,0,36,0.0,0.0,1.0,36,950,600,350,0.631578947368421,13,6,7,390.2457328189801,0.388260582010582,0.10642742228449853,0.22045280051858493,129928.59977324276,2940.8163265306293,132869.4160997734,1285,120,969.6944444444445,34,2,17,35.1724272146972,0.6237745098039216,45.11904761904763,1019.5238095238105,29.985994397759132,0
1287,4,0,0,36,0.0,0.0,1.0,36,1650,1300,350,0.7878787878787878,20,13,7,391.04133925587075,0.38754960317460313,0.10479311730916385,0.22176262316899786,130080.35891439918,2973.3595521542084,133053.7184665534,1286,121,970.6944444444445,34,2,17,34.997520130703705,0.6253063725490196,44.9702380952381,1020.1190476190484,30.003501400560246,0
1288,4,0,0,36,0.0,0.0,1.0,36,700,400,300,0.5714285714285714,10,4,6,387.67511540815855,0.3867724867724868,0.10774540817577694,0.22039597840832736,130176.3820408248,2893.228786218675,133069.61082704348,1287,122,971.6944444444445,36,0,17,34.985608401383075,0.6221064814814814,44.87612612612614,1020.495495495497,28.34709709709714,0
1289,4,0,0,36,0.0,0.0,1.0,36,650,400,250,0.6153846153846154,9,4,5,389.57220868219883,0.387119708994709,0.11011499748672882,0.22163797409207603,130205.11379200162,2944.858752333433,133149.97254433506,1288,123,972.6944444444445,36,0,17,34.90795910110707,0.6223958333333333,44.84797297297298,1020.6081081081094,28.35022522522526,0
1290,4,0,0,36,0.0,0.0,1.0,36,800,700,100,0.875,9,7,2,385.8117746011724,0.3864748677248677,0.11382244391540408,0.21999002351370034,130292.12648158877,2853.659988484963,133145.78647007374,1289,124,973.6944444444445,35,1,18,34.91537713033292,0.625297619047619,44.76273148148149,1020.949074074075,29.169973544973573,0
1291,4,0,0,36,0.0,0.0,1.0,36,1150,1000,150,0.8695652173913043,13,10,3,382.59061710676303,0.38660714285714287,0.1160613635249721,0.21847177052418962,130348.82010388786,2774.0471045369923,133122.86720842484,1290,125,974.6944444444445,36,0,18,34.939944493456856,0.6238425925925926,44.70720720720722,1021.1711711711727,28.365865865865906,0
1292,4,0,0,36,0.0,0.0,1.0,36,950,700,250,0.7368421052631579,12,7,5,382.5998694461425,0.3862103174603175,0.11739556535587403,0.21880080806283206,130406.32482144321,2778.688570327097,133185.0133917703,1291,126,975.6944444444445,36,0,18,34.88124770305034,0.6244212962962963,44.65090090090091,1021.3963963963976,28.372122122122153,0
1293,4,0,0,36,0.0,0.0,1.0,36,900,800,100,0.8888888888888888,10,8,2,382.73831225121927,0.3854497354497355,0.11369423632535125,0.21985651405013082,130578.91506371235,2795.5107134161176,133374.42577712846,1292,127,976.6944444444445,36,0,15,34.702328485382694,0.6261574074074074,44.48198198198198,1022.072072072072,28.39089089089089,0
1294,4,0,0,36,0.0,0.0,1.0,36,1450,1000,450,0.6896551724137931,19,10,9,381.7602709154071,0.38587962962962963,0.1136441507586885,0.21994817639034855,130694.03863322776,2778.7583191299336,133472.7969523577,1293,128,977.6944444444445,36,0,15,34.610407488986795,0.6273148148148149,44.369369369369366,1022.522522522522,28.403403403403388,0
1295,4,0,0,36,0.0,0.0,1.0,36,500,300,200,0.6,7,3,4,378.2760450011638,0.3861276455026455,0.11371976953282714,0.21842856431948932,130780.41459956559,2694.2195996672135,133474.6341992328,1294,129,978.6944444444445,36,0,15,34.611820617270354,0.6281828703703703,44.2849099099099,1022.8603603603589,28.412787787787746,0
1296,4,0,0,36,0.0,0.0,1.0,36,1150,800,350,0.6956521739130435,15,8,7,382.3416076139333,0.38556547619047615,0.11002616104937601,0.2217678922529059,130953.252133045,2813.775388564218,133767.0275216092,1295,130,979.6944444444445,36,0,15,34.33248065427073,0.6299189814814814,44.11599099099098,1023.5360360360344,28.43155655655651,0
1297,4,0,0,36,0.0,0.0,1.0,36,1150,900,250,0.782608695652174,14,9,5,380.8882562531351,0.3855324074074074,0.10952564243557328,0.2215877744152114,131068.54056336728,2784.493572964843,133853.03413633213,1296,131,980.6944444444445,36,0,16,34.25276769676307,0.6310763888888888,44.00337837837837,1023.9864864864854,28.44406906906904,0
1298,4,0,0,36,0.0,0.0,1.0,36,800,600,200,0.75,10,6,4,381.027082177868,0.38587962962962963,0.10146706733118371,0.22216809868524917,131155.04017531042,2794.724454183916,133949.76462949434,1297,132,981.6944444444445,36,0,16,34.161536206391105,0.6319444444444444,43.91891891891892,1024.3243243243242,28.45345345345345,0
1299,4,0,0,36,0.0,0.0,1.0,36,900,800,100,0.8888888888888888,10,8,2,382.1762348792293,0.38526785714285716,0.10671904186353132,0.22367755071613266,131299.269603218,2835.8920998701315,134135.16170308815,1298,133,982.6944444444445,36,0,16,33.985963080980106,0.6333912037037037,43.77815315315315,1024.8873873873868,28.469094094094075,0
1300,4,0,0,36,0.0,0.0,1.0,36,800,400,400,0.5,12,4,8,382.77073366592253,0.38483796296296297,0.10886269500251622,0.2243729603537957,131358.63272392293,2856.054385017947,134214.68710894088,1299,134,983.6944444444445,34,2,16,33.91059884643673,0.6381740196078431,43.720238095238095,1025.1190476190477,30.150560224089638,0
1301,4,0,0,36,0.0,0.0,1.0,36,950,600,350,0.631578947368421,13,6,7,381.5445127895836,0.3847387566137566,0.10504469987228648,0.2240111035212461,131419.65880102027,2828.489937641708,134248.14873866198,1300,135,984.6944444444445,34,2,16,33.88022949804559,0.6387867647058824,43.66071428571428,1025.3571428571418,30.157563025210052,0
1302,4,0,0,36,0.0,0.0,1.0,36,1050,600,450,0.5714285714285714,15,6,9,383.592152322655,0.3844246031746032,0.0985534153322507,0.22611471742247877,131572.28599773237,2894.0192743764114,134466.3052721088,1301,136,985.6944444444445,34,2,15,33.673222712152864,0.6403186274509804,43.51190476190476,1025.9523809523805,30.17507002801119,0
1303,4,0,0,36,0.0,0.0,1.0,36,800,600,200,0.75,10,6,4,381.1092694187992,0.3845072751322751,0.10199144407076655,0.22555286411793457,131725.001771542,2840.323837868487,134565.3256094105,1302,137,986.6944444444445,34,2,15,33.58242491012408,0.6418504901960784,43.36309523809524,1026.5476190476195,30.192577030812338,0
1304,4,0,0,36,0.0,0.0,1.0,36,700,400,300,0.5714285714285714,10,4,6,382.28943499264847,0.38397817460317457,0.10359098228663433,0.22661487125852878,131786.1128826531,2876.0877267573737,134662.20060941047,1303,138,987.6944444444445,34,2,15,33.4903381642512,0.6424632352941176,43.30357142857143,1026.7857142857147,30.199579831932784,0
1305,4,0,0,36,0.0,0.0,1.0,36,900,800,100,0.8888888888888888,10,8,2,382.28943499264847,0.38397817460317457,0.10359098228663433,0.22661487125852878,131786.1128826531,2876.0877267573737,134662.20060941047,1304,139,988.6944444444445,34,2,15,33.4903381642512,0.6424632352941176,43.30357142857143,1026.7857142857147,30.199579831932784,0
1306,4,0,0,36,0.0,0.0,1.0,36,1100,1000,100,0.9090909090909091,12,10,2,382.55610176793635,0.38483796296296297,0.10228106771738754,0.2275035563167141,131908.37762188198,2892.4709467120056,134800.848568594,1305,140,989.6944444444445,34,2,15,33.35989106501332,0.6436887254901961,43.1845238095238,1027.261904761904,30.213585434173645,0
1307,4,0,0,36,0.0,0.0,1.0,36,600,300,300,0.5,9,3,6,380.07693689243274,0.3844246031746032,0.09847688418312428,0.22646463394167926,131981.4238790296,2832.61906292868,134814.0429419583,1306,141,990.6944444444445,35,1,15,33.34975970563941,0.6422619047619047,43.11342592592593,1027.5462962962972,29.358465608465636,0
1308,4,0,0,36,0.0,0.0,1.0,36,1250,1000,250,0.8,15,10,5,379.33730221941164,0.3838458994708995,0.0919120865378602,0.22726985368978223,132189.63162562152,2828.8916484482106,135018.52327406974,1307,142,991.6944444444445,35,1,15,33.158530294503834,0.6443452380952381,42.910879629629626,1028.356481481481,29.381613756613746,0
1309,4,0,0,36,0.0,0.0,1.0,36,950,400,550,0.42105263157894735,15,4,11,378.88037228565344,0.3837632275132275,0.10106010601060111,0.22753302357262753,132278.91375171472,2823.5768175583044,135102.490569273,1308,143,992.6944444444445,35,1,15,33.08018301830184,0.6452380952380952,42.824074074074076,1028.703703703704,29.391534391534396,0
1310,4,0,0,36,0.0,0.0,1.0,36,650,500,150,0.7692307692307693,8,5,3,378.2012625249739,0.3841269841269841,0.09703162104736895,0.22748370932659126,132338.4519140089,2810.113918895746,135148.56583290466,1309,144,993.6944444444445,35,1,15,33.03758905136856,0.6458333333333333,42.7662037037037,1028.9351851851852,29.39814814814815,0
1311,4,0,0,36,0.0,0.0,1.0,36,650,500,150,0.7692307692307693,8,5,3,378.8492807462883,0.3839451058201058,0.0949315033284499,0.22841916885163244,132428.63520408166,2834.1120353748547,135262.7472394565,1310,145,994.6944444444445,34,2,16,32.92996761508213,0.6488970588235294,42.67857142857143,1029.2857142857144,30.273109243697483,0
1312,4,0,0,36,0.0,0.0,1.0,36,750,500,250,0.6666666666666666,10,5,5,378.8492807462883,0.3839451058201058,0.0949315033284499,0.22841916885163244,132428.63520408166,2834.0986394557876,135262.73384353745,1311,146,995.6944444444445,34,2,16,32.92996761508213,0.6488970588235294,42.67857142857143,1029.2857142857144,30.273109243697483,0
1313,4,0,0,36,0.0,0.0,1.0,36,600,400,200,0.6666666666666666,8,4,4,376.0017969873514,0.383531746031746,0.09711141943191937,0.22725643201562545,132520.55165816314,2765.5931122448865,135286.14477040802,1312,147,996.6944444444445,34,2,17,32.9105966007631,0.6498161764705883,42.58928571428571,1029.6428571428562,30.283613445378123,0
1314,4,0,0,36,0.0,0.0,1.0,36,950,700,250,0.7368421052631579,12,7,5,375.67588680399496,0.38301917989417994,0.09941638738009972,0.2278012227410627,132643.1565334466,2766.167091836721,135409.32362528332,1313,148,997.6944444444445,34,2,13,32.7954659270388,0.6510416666666667,42.47023809523809,1030.1190476190466,30.297619047619015,0
1315,4,0,0,36,0.0,0.0,1.0,36,1100,900,200,0.8181818181818182,13,9,4,374.3107055525019,0.38291997354497354,0.10191604082418637,0.22734450221451943,132704.48022959172,2734.541524943295,135439.021754535,1314,149,998.6944444444445,34,2,13,32.76887155786635,0.6516544117647058,42.41071428571428,1030.357142857142,30.30462184873947,0
1316,4,0,0,36,0.0,0.0,1.0,36,1100,700,400,0.6363636363636364,15,7,8,376.370191789273,0.38321759259259264,0.09995059732327327,0.22934479174548297,132827.1701388888,2798.437499999982,135625.60763888876,1315,150,999.6944444444445,34,2,13,32.592293182430595,0.6528799019607843,42.29166666666666,1030.8333333333323,30.31862745098036,0
1317,4,0,0,36,0.0,0.0,1.0,36,800,600,200,0.75,10,6,4,376.09713757561576,0.3833333333333333,0.09696246696939403,0.22974283537940618,132919.22477324243,2798.107993197258,135717.33276643968,1316,151,1000.6944444444445,34,2,13,32.50668629261911,0.6537990196078431,42.20238095238094,1031.1904761904748,30.329131652661022,0
1318,4,0,0,36,0.0,0.0,1.0,36,600,300,300,0.5,9,3,6,376.09713757561576,0.3833333333333333,0.09696246696939403,0.22974283537940618,132919.22477324243,2798.107993197258,135717.33276643968,1317,152,1001.6944444444445,34,2,13,32.50668629261911,0.6537990196078431,42.20238095238094,1031.1904761904748,30.329131652661022,0
1319,4,0,0,36,0.0,0.0,1.0,36,1150,900,250,0.782608695652174,14,9,5,375.2730575397811,0.38349867724867726,0.09006462035541207,0.22999408179913294,133042.0138888887,2785.4166666666424,135827.43055555533,1318,153,1002.6944444444445,34,2,14,32.40441572428647,0.6550245098039216,42.08333333333332,1031.6666666666652,30.343137254901915,0
1320,4,0,0,36,0.0,0.0,1.0,36,1050,800,250,0.7619047619047619,13,8,5,371.0377563061321,0.38339947089947085,0.09685377418941443,0.2281487480265363,133164.85969387734,2681.838151927411,135846.69784580474,1319,154,1003.6944444444445,34,2,14,32.39018646674356,0.65625,41.9642857142857,1032.1428571428555,30.357142857142808,0
1321,4,0,0,36,0.0,0.0,1.0,36,700,400,300,0.5714285714285714,10,4,6,370.89021019035596,0.3821428571428571,0.10677503650757036,0.22881235300079258,133287.7621882084,2687.02522675734,135974.78741496574,1320,155,1004.6944444444445,34,2,14,32.270530704788236,0.6574754901960784,41.84523809523808,1032.619047619046,30.371148459383704,0
1322,4,0,0,36,0.0,0.0,1.0,36,800,700,100,0.875,9,7,2,371.4100529252361,0.3818783068783069,0.10052635623175066,0.22951236603841474,133349.23469387728,2705.4492630385175,136054.6839569158,1321,156,1005.6944444444445,34,2,15,32.195376133394795,0.6580882352941176,41.78571428571427,1032.8571428571408,30.378151260504143,0
1323,4,0,0,36,0.0,0.0,1.0,36,550,400,150,0.7272727272727273,7,4,3,368.7565036420398,0.38095238095238093,0.09565412186379962,0.2286290322580645,133472.22222222213,2643.8066893423984,136116.02891156453,1322,157,1006.6944444444445,33,3,17,32.14045698924731,0.6616161616161615,41.666666666666664,1033.3333333333328,31.313131313131297,0
1324,4,0,0,36,0.0,0.0,1.0,36,750,500,250,0.6666666666666666,10,5,5,367.75575008701713,0.3809027777777778,0.09454589772981814,0.22820340253744034,133503.88259623694,2619.3640967416313,136123.24669297857,1323,158,1007.6944444444445,33,3,17,32.134545831851064,0.6619318181818181,41.6360294117647,1033.4558823529405,31.316844919786078,0
1325,4,0,0,36,0.0,0.0,1.0,36,650,500,150,0.7692307692307693,8,5,3,367.2318023149611,0.37984457671957667,0.08675740455401515,0.2286593886443784,133630.56163795176,2614.678398933106,136245.24003688488,1324,159,1008.6944444444445,33,3,18,32.021033345185884,0.6631944444444444,41.513480392156865,1033.9460784313726,31.33169934640523,0
1326,4,0,0,36,0.0,0.0,1.0,36,550,200,350,0.36363636363636365,9,2,7,370.6445569152222,0.37986111111111115,0.08946886808600318,0.23118029680765417,133693.92368620244,2710.585021386007,136404.50870758845,1325,160,1009.6944444444445,33,3,18,31.869272623138595,0.6638257575757576,41.45220588235294,1034.1911764705883,31.339126559714796,0
1327,4,0,0,36,0.0,0.0,1.0,36,1200,900,300,0.75,15,9,6,368.9096871876983,0.3795304232804233,0.09063721426033444,0.2308898805727013,133820.69283749058,2673.549986783956,136494.24282427455,1326,161,1010.6944444444445,33,3,16,31.78705732559518,0.6650883838383839,41.32965686274511,1034.681372549021,31.35398098633397,0
1328,4,0,0,36,0.0,0.0,1.0,36,900,600,300,0.6666666666666666,12,6,6,364.2381456792574,0.379183201058201,0.09135857682369308,0.2287742959940504,133951.04595336074,2558.016117969818,136509.06207133055,1327,162,1011.6944444444445,35,1,16,31.777355396541438,0.6619047619047619,41.2037037037037,1035.185185185185,29.576719576719572,0
1329,4,0,0,36,0.0,0.0,1.0,36,750,400,350,0.5333333333333333,11,4,7,363.509021938472,0.37906746031746036,0.08758104180639403,0.22868858721951965,134010.95920138882,2542.838541666657,136553.79774305547,1328,163,1012.6944444444445,35,1,16,31.7362508383635,0.6625,41.14583333333333,1035.416666666666,29.583333333333314,0
1330,4,0,0,36,0.0,0.0,1.0,36,1000,500,500,0.5,15,5,10,360.8802457191895,0.37928240740740743,0.08529462878138983,0.22796323778634195,134160.8009286051,2483.1965609996523,136643.99748960475,1329,164,1013.6944444444445,35,1,18,31.654400811827347,0.6639880952380952,41.001157407407405,1035.9953703703702,29.59986772486772,0
1331,4,0,0,36,0.0,0.0,1.0,36,800,600,200,0.75,10,6,4,361.52266399794144,0.3786375661375661,0.08097560370287615,0.22893026403377437,134250.74615269213,2506.9374785665364,136757.68363125867,1330,165,1014.6944444444445,35,1,18,31.54781847963666,0.6648809523809525,40.914351851851855,1036.3425925925933,29.60978835978838,0
1332,4,0,0,36,0.0,0.0,1.0,36,1100,500,600,0.45454545454545453,17,5,12,362.40687740199695,0.3783564814814815,0.08985687886792881,0.23043315930762892,134400.72183909905,2541.549184456457,136942.2710235555,1331,166,1015.6944444444445,35,1,18,31.374990698366624,0.6663690476190476,40.76967592592593,1036.9212962962972,29.62632275132278,0
1333,4,0,0,36,0.0,0.0,1.0,36,1150,900,250,0.782608695652174,14,9,5,361.8634326800991,0.37820767195767196,0.08726625648449726,0.23048148098089313,134463.16882761152,2531.460768200649,136994.62959581218,1332,167,1016.6944444444445,36,0,18,31.326682953311625,0.6649305555555556,40.70945945945947,1037.1621621621632,28.81006006006009,0
1334,4,0,0,36,0.0,0.0,1.0,36,650,500,150,0.7692307692307693,8,5,3,361.7683585748614,0.377662037037037,0.08601070950468537,0.23097518278241172,134550.78125000015,2535.2715891567395,137086.05283915688,1333,168,1017.6944444444445,35,1,18,31.241633199464516,0.6678571428571429,40.62500000000001,1037.5000000000011,29.642857142857174,0
1335,4,0,0,36,0.0,0.0,1.0,36,800,500,300,0.625,11,5,6,361.18729574304035,0.3775628306878307,0.09183523893286427,0.2309955727800504,134612.54428854896,2524.0681689342687,137136.61245748322,1334,169,1018.6944444444445,34,2,20,31.19503078276166,0.6706495098039216,40.565476190476204,1037.738095238097,30.52170868347344,0
1336,4,0,0,36,0.0,0.0,1.0,36,750,600,150,0.8,9,6,3,360.8911231732519,0.3771329365079365,0.09208178817652368,0.23119836171547303,134674.3214994333,2520.553429705242,137194.87492913855,1335,170,1019.6944444444445,34,2,21,31.141042550751237,0.6712622549019608,40.505952380952394,1037.9761904761922,30.528711484593888,0
1337,4,0,0,36,0.0,0.0,1.0,36,700,500,200,0.7142857142857143,9,5,4,361.21222961030213,0.3772486772486772,0.09120158002038736,0.2316007825148409,134705.2154195012,2531.4342403628225,137236.64965986402,1336,171,1020.6944444444445,34,2,21,31.101873088685014,0.6715686274509804,40.47619047619048,1038.0952380952388,30.53221288515408,0
1338,4,0,0,36,0.0,0.0,1.0,36,1150,800,350,0.6956521739130435,15,8,7,363.9022936241766,0.3774801587301588,0.09216390353222836,0.23452078391171108,134890.65334467136,2617.403628117935,137508.0569727893,1337,172,1021.6944444444445,34,2,15,30.846989838795942,0.673406862745098,40.29761904761906,1038.809523809525,30.55322128851544,0
1339,4,0,0,36,0.0,0.0,1.0,36,950,600,350,0.631578947368421,13,6,7,362.2135225841971,0.37683531746031745,0.06757209926223995,0.22787357053714694,134010.95920138896,2508.1163194444493,136519.0755208334,1338,173,1022.6944444444445,35,1,16,31.7697853789403,0.6625,41.145833333333336,1035.4166666666672,29.58333333333335,2
1340,4,0,0,36,0.0,0.0,1.0,36,850,500,350,0.5882352941176471,12,5,7,356.6745753057327,0.37665343915343913,0.06598579922789538,0.2253065718815535,134160.80092860508,2370.3493387774297,136531.1502673825,1339,174,1023.6944444444445,35,1,16,31.76332718876848,0.6639880952380952,41.001157407407405,1035.99537037037,29.599867724867714,0
1341,4,0,0,36,0.0,0.0,1.0,36,750,500,250,0.6666666666666666,10,5,5,357.1140696037658,0.3766203703703704,0.06843454087394663,0.22595351697261612,134220.7610623501,2386.424441658111,136607.1855040082,1340,175,1024.6944444444443,35,1,16,31.69200733459921,0.6645833333333333,40.943287037037045,1036.2268518518529,29.60648148148151,0
1342,4,0,0,36,0.0,0.0,1.0,36,1150,900,250,0.782608695652174,14,9,5,356.0266258501685,0.3765707671957672,0.06843000024818213,0.2254499581232255,134250.74615269207,2359.368034122091,136610.11418681417,1341,176,1025.6944444444443,35,1,16,31.69021294021294,0.6648809523809525,40.914351851851855,1036.3425925925928,29.609788359788368,0
1343,4,0,0,36,0.0,0.0,1.0,36,400,200,200,0.5,6,2,4,357.5628433986226,0.37625661375661373,0.06438900670957803,0.22735312377631378,134400.72183909902,2411.340851123125,136812.06269022214,1342,177,1026.6944444444443,35,1,17,31.500562748818695,0.6663690476190476,40.76967592592593,1036.921296296297,29.62632275132277,0
1344,4,0,0,36,0.0,0.0,1.0,36,1150,900,250,0.782608695652174,14,9,5,359.5985947959198,0.37650462962962966,0.06772421830444597,0.22921213417930564,134490.74743870046,2472.5367584019427,136963.28419710242,1343,178,1027.6944444444443,35,1,17,31.357862828237753,0.6672619047619048,40.68287037037038,1037.26851851852,29.636243386243432,0
1345,4,0,0,36,0.0,0.0,1.0,36,1000,600,400,0.6,14,6,8,360.47805680553535,0.37655423280423284,0.06950022311468129,0.23015137472968805,134550.78125000012,2500.5208333333485,137051.30208333346,1344,179,1028.6944444444443,35,1,17,31.275100401606423,0.6678571428571429,40.62500000000001,1037.500000000001,29.642857142857167,0
1346,4,0,0,36,0.0,0.0,1.0,36,750,600,150,0.8,9,6,3,355.6783520512222,0.376223544973545,0.078179205074834,0.22783739008538295,134670.88906035668,2379.903978052127,137050.7930384088,1345,180,1029.6944444444443,35,1,18,31.2797353553375,0.6690476190476191,40.50925925925926,1037.962962962963,29.65608465608466,0
1347,4,0,0,36,0.0,0.0,1.0,36,800,600,200,0.75,10,6,4,355.5303436837517,0.3762731481481481,0.07459530090786393,0.228307996649029,134761.00508241166,2382.3252904235223,137143.3303728352,1346,181,1030.6944444444443,35,1,20,31.193684278972977,0.6699404761904761,40.4224537037037,1038.310185185185,29.666005291005284,0
1348,4,0,0,36,0.0,0.0,1.0,36,800,600,200,0.75,10,6,4,353.3436739816777,0.3752810846560846,0.07004396482813746,0.21354248123240538,132517.1467764061,2164.819101508922,134681.965877915,1347,182,1031.6944444444443,35,1,17,33.49726468824939,0.6476190476190475,42.592592592592595,1029.6296296296302,29.417989417989435,5
1349,4,0,0,36,0.0,0.0,1.0,36,600,400,200,0.6666666666666666,8,4,4,343.30015151822,0.3748842592592592,0.08001658374792742,0.19922221391254188,130972.46334876551,1792.573302469148,132765.03665123467,1348,183,1032.6944444444443,35,1,18,35.312075983717776,0.6321428571428571,44.09722222222223,1023.6111111111118,29.246031746031765,4
1350,4,0,0,36,0.0,0.0,1.0,36,400,200,200,0.5,6,2,4,343.30015151822,0.3748842592592592,0.08001658374792742,0.19922221391254188,130972.46334876551,1792.573302469148,132765.03665123467,1349,184,1033.6944444444443,35,1,18,35.312075983717776,0.6321428571428571,44.09722222222223,1023.6111111111118,29.246031746031765,0
1351,4,0,0,36,0.0,0.0,1.0,36,650,300,350,0.46153846153846156,10,3,7,342.22692747816575,0.37483465608465605,0.07955844482130559,0.1987522766608257,131002.08340031291,1766.488099065502,132768.57149937842,1350,185,1034.6944444444443,35,1,18,35.309614659883174,0.6324404761904762,44.06828703703704,1023.7268518518517,29.24933862433862,0
1352,4,0,0,36,0.0,0.0,1.0,36,750,500,250,0.6666666666666666,10,5,5,341.9342058109379,0.3756283068783069,0.07447343335814383,0.18520166500606425,128265.09530895688,1594.7158211599935,129859.81113011687,1351,186,1035.6944444444443,34,2,19,38.09667215105576,0.6069240196078431,46.75595238095238,1012.9761904761901,29.79341736694677,6
1353,4,0,0,36,0.0,0.0,1.0,36,700,400,300,0.5714285714285714,10,4,6,340.0216582323862,0.37620701058201056,0.07724317549837445,0.184443870823189,128325.39859693864,1526.682964852589,129852.08156179123,1352,187,1036.6944444444443,34,2,19,38.08355853209572,0.6075367647058824,46.69642857142856,1013.2142857142846,29.800420168067195,0
1354,4,0,0,36,0.0,0.0,1.0,36,550,400,150,0.7272727272727273,7,4,3,337.69959513229236,0.37665343915343913,0.07985040538997379,0.1835651989182794,128408.33875868037,1472.688802083309,129881.02756076369,1353,188,1037.6944444444443,35,1,17,38.05776807125728,0.60625,46.61458333333332,1013.5416666666652,28.95833333333329,0
1355,4,0,0,36,0.0,0.0,1.0,36,650,600,50,0.9230769230769231,7,6,1,336.5734659410772,0.3765707671957672,0.08302891933028933,0.18335718666939269,128496.33487654311,1449.6913580246787,129946.02623456779,1354,189,1038.6944444444443,35,1,17,37.996575342465746,0.6071428571428572,46.52777777777777,1013.8888888888881,28.968253968253947,0
1356,4,0,0,36,0.0,0.0,1.0,36,1200,800,400,0.6666666666666666,16,8,8,336.4267674105806,0.3748181216931217,0.0834474104494638,0.18408970306623887,128672.41753472209,1457.769097222203,130130.18663194429,1355,190,1039.6944444444443,35,1,18,37.82084188911705,0.6089285714285715,46.35416666666666,1014.5833333333322,28.988095238095205,0
1357,4,0,0,36,0.0,0.0,1.0,36,850,500,350,0.5882352941176471,12,5,7,336.32083299769465,0.375,0.07999531283649408,0.18471321391501422,128819.24518014821,1464.919169024334,130284.16434917254,1356,191,1040.6944444444443,35,1,19,37.67398719264243,0.6104166666666666,46.20949074074073,1015.1620370370362,29.004629629629605,0
1358,4,0,0,36,0.0,0.0,1.0,36,950,600,350,0.631578947368421,13,6,7,338.796721499891,0.37567791005291,0.08132072605756835,0.1870413598318265,129024.94454089503,1542.6456404320961,130567.59018132712,1357,192,1041.6944444444443,35,1,20,37.40174299384826,0.6125,46.00694444444444,1015.972222222222,29.02777777777777,0
1359,4,0,0,36,0.0,0.0,1.0,36,1000,500,500,0.5,15,5,10,339.61259342869255,0.37455357142857143,0.0824350312507911,0.18805030236385734,129142.56071030516,1571.6879929698198,130714.24870327498,1358,193,1042.6944444444443,35,1,20,37.26134897138086,0.6136904761904762,45.8912037037037,1016.4351851851848,29.04100529100528,0
1360,4,0,0,36,0.0,0.0,1.0,36,950,900,50,0.9473684210526315,10,9,1,340.21027142362584,0.375380291005291,0.07648055429120526,0.18922581425764706,129319.08543381347,1599.1362311385512,130918.22166495201,1359,194,1043.6944444444443,35,1,20,37.066643908359886,0.6154761904761905,45.717592592592595,1017.1296296296299,29.060846560846567,0
1361,4,0,0,36,0.0,0.0,1.0,36,900,700,200,0.7777777777777778,11,7,4,346.12124813068937,0.3752810846560846,0.054840765907937516,0.185058394548493,127745.77100326677,1643.105140613583,129388.87614388035,1360,195,1044.6944444444443,36,0,17,38.52159221714752,0.5975115740740741,47.26914414414414,1010.9234234234233,28.081206206206204,4
1362,4,0,0,36,0.0,0.0,1.0,36,650,300,350,0.46153846153846156,10,3,7,345.15516624494774,0.37428902116402113,0.058249514406957914,0.18506498794303738,127859.63909433085,1626.282997524558,129485.9220918554,1361,196,1045.6944444444443,36,0,17,38.42950859221319,0.5986689814814814,47.156531531531535,1011.3738738738741,28.093718718718726,0
1363,4,0,0,36,0.0,0.0,1.0,36,950,700,250,0.7368421052631579,12,7,5,344.78586210729213,0.3742559523809524,0.06029599119324125,0.18512919302509312,127916.59216226373,1620.766501298606,129537.35866356234,1362,197,1046.6944444444443,36,0,18,38.380598537979154,0.5992476851851851,47.10022522522523,1011.5990990991,28.099974974975,0
1364,4,0,0,36,0.0,0.0,1.0,36,600,300,300,0.5,9,3,6,344.3314077258148,0.3743716931216931,0.06496525459356572,0.18527916346252532,128002.04554216385,1615.0249066634308,129617.07044882727,1363,198,1047.6944444444443,36,0,18,38.30472401513468,0.6001157407407407,47.01576576576577,1011.9369369369374,28.109359359359374,0
1365,4,0,0,36,0.0,0.0,1.0,36,1150,800,350,0.6956521739130435,15,8,7,343.5297897072471,0.3742063492063492,0.06495079859565789,0.18511065646814995,128059.03031409805,1598.41835078323,129657.44866488129,1364,199,1048.6944444444443,36,0,18,38.26676309152944,0.6006944444444444,46.95945945945947,1012.1621621621636,28.115615615615653,0
1366,4,0,0,36,0.0,0.0,1.0,36,850,600,250,0.7058823529411765,11,6,5,342.20645100916073,0.37438822751322753,0.06936827137923984,0.1853335927742682,128261.74554183816,1578.427882023665,129840.17342386182,1365,200,1049.6944444444443,35,1,21,38.093197745277266,0.6047619047619048,46.75925925925926,1012.9629629629632,28.941798941798947,0
1367,4,0,0,36,0.0,0.0,1.0,36,1300,1100,200,0.8461538461538461,15,11,4,343.014545295939,0.3742559523809524,0.0663798791939505,0.18631732993866243,128379.01341735237,1607.173782578861,129986.18719993123,1366,201,1050.6944444444443,35,1,15,37.95302268920362,0.605952380952381,46.64351851851851,1013.4259259259245,28.955026455026413,0
1368,4,0,0,36,0.0,0.0,1.0,36,1150,900,250,0.782608695652174,14,9,5,341.97785700881974,0.37428902116402113,0.06544901065449027,0.18630136986301363,128496.33487654309,1588.5802469135665,130084.91512345665,1367,202,1051.6944444444443,35,1,16,37.85958904109589,0.6071428571428572,46.52777777777777,1013.8888888888879,28.96825396825394,0
1369,4,0,0,36,0.0,0.0,1.0,36,850,600,250,0.7058823529411765,11,6,5,342.415196746383,0.37356150793650794,0.06315782799462322,0.18681456749014969,128555.01570001696,1603.8381987311177,130158.85389874807,1368,203,1052.6944444444443,35,1,16,37.788651753785295,0.6077380952380953,46.4699074074074,1014.1203703703688,28.974867724867682,0
1370,4,0,0,36,0.0,0.0,1.0,36,1100,800,300,0.7272727272727273,14,8,6,343.1668439630344,0.37404100529100526,0.05607213031628322,0.1876392630902054,128643.06205257612,1629.2067204646535,130272.26877304078,1369,204,1053.6944444444443,35,1,17,37.6798108005324,0.6086309523809523,46.38310185185184,1014.4675925925911,28.98478835978832,0
1371,4,0,0,36,0.0,0.0,1.0,36,900,600,300,0.6666666666666666,12,6,6,343.3963156405149,0.37453703703703706,0.05514067824522728,0.18859919126380406,128819.24518014808,1647.210835690986,130466.45601583907,1370,205,1054.6944444444443,35,1,20,37.49441815832478,0.6104166666666666,46.209490740740726,1015.1620370370351,29.004629629629576,0
1372,4,0,0,36,0.0,0.0,1.0,36,1100,600,500,0.5454545454545454,16,6,10,346.5403078930947,0.37290013227513225,0.06414354161278046,0.19120123042835488,129001.10995708527,1740.8168726158408,130741.92682970111,1371,206,1055.6944444444443,36,0,20,37.2293352547759,0.6102430555555556,46.030405405405396,1015.8783783783767,28.2188438438438,0
1373,4,0,0,36,0.0,0.0,1.0,36,1350,1000,350,0.7407407407407407,17,10,7,346.62877049746425,0.37329695767195764,0.06980917205293968,0.19180408667931395,129115.53603857214,1751.031901834242,130866.56794040638,1372,207,1056.6944444444443,36,0,20,37.11057248384117,0.611400462962963,45.91779279279278,1016.3288288288271,28.231356356356308,0
1374,4,0,0,36,0.0,0.0,1.0,36,1050,900,150,0.8571428571428571,12,9,3,349.0008539185568,0.37347883597883597,0.0808299521431548,0.19413172499219708,129322.44897959175,1826.7860921456358,131149.23507173738,1373,208,1057.6944444444443,34,2,20,36.83969257178525,0.6176470588235294,45.71428571428571,1017.1428571428564,29.9159663865546,0
1375,4,0,0,36,0.0,0.0,1.0,36,700,500,200,0.7142857142857143,9,5,4,348.4543287983092,0.37299933862433865,0.08174083174083191,0.19427522167248193,129413.28125,1818.9236111111113,131232.20486111112,1374,209,1058.6944444444443,34,2,20,36.76119301119301,0.6185661764705883,45.625,1017.5,29.926470588235293,0
1376,4,0,0,36,0.0,0.0,1.0,36,400,300,100,0.75,5,3,2,350.1576820694083,0.37276785714285715,0.07810327577021514,0.19582722952096235,129534.44054705238,1871.4958900227025,131405.93643707508,1375,210,1059.6944444444443,34,2,16,36.594647799477634,0.6197916666666667,45.505952380952394,1017.9761904761923,29.940476190476243,0
1377,4,0,0,36,0.0,0.0,1.0,36,750,600,150,0.8,9,6,3,349.6917699309416,0.3731316137566138,0.07628742126112087,0.19617135027929225,129655.65653344679,1867.903202947856,131523.55973639464,1376,211,1060.6944444444443,34,2,16,36.483294369764266,0.6210171568627452,45.386904761904766,1018.4523809523815,29.954481792717104,0
1378,4,0,0,36,0.0,0.0,1.0,36,900,700,200,0.7777777777777778,11,7,4,351.49759083107296,0.3737103174603174,0.07833476149671559,0.19764233786677549,129746.60572562361,1921.1238662131602,131667.72959183677,1377,212,1061.6944444444443,34,2,16,36.344891719249055,0.6219362745098039,45.29761904761905,1018.809523809524,29.964985994397765,0
1379,4,0,0,36,0.0,0.0,1.0,36,900,600,300,0.6666666666666666,12,6,6,348.6780292458105,0.37336309523809524,0.07743075825387558,0.19712391554391867,129958.94451530614,1862.765731292521,131821.71024659867,1378,213,1062.6944444444443,34,2,17,36.20110916520725,0.6240808823529411,45.089285714285715,1019.6428571428573,29.989495798319332,0
1380,4,0,0,36,0.0,0.0,1.0,36,850,600,250,0.7058823529411765,11,6,5,351.3356481072598,0.3742228835978836,0.07879501043814208,0.1992452130133098,130080.35891439917,1940.3734410430852,132020.73235544225,1379,214,1063.6944444444443,34,2,18,36.0101334266931,0.6253063725490196,44.970238095238095,1020.1190476190483,30.003501400560243,0
1381,4,0,0,36,0.0,0.0,1.0,36,850,600,250,0.7058823529411765,11,6,5,352.49801388039407,0.3748842592592592,0.08605505657296164,0.20052856489692217,130201.83000283444,1979.1772959183654,132181.0072987528,1380,215,1064.6944444444443,34,2,18,35.8572456160815,0.626531862745098,44.851190476190474,1020.5952380952378,30.017507002801114,0
1382,4,0,0,36,0.0,0.0,1.0,36,1250,1000,250,0.8,15,10,5,351.653979276357,0.3743055555555555,0.08129370629370669,0.20114607614607624,130414.54081632657,1972.1584467120247,132386.69926303858,1381,216,1065.6944444444443,34,2,20,35.66312160062161,0.6286764705882353,44.642857142857146,1021.4285714285717,30.042016806722696,0
1383,4,0,0,36,0.0,0.0,1.0,36,1050,700,350,0.6666666666666666,14,7,7,353.3686919357367,0.37453703703703706,0.08537248504622008,0.20244393285664186,130475.34722222232,2021.1805555555607,132496.52777777787,1382,217,1066.6944444444443,34,2,21,35.55770799347471,0.6292892156862745,44.583333333333336,1021.6666666666674,30.04901960784316,0
1384,4,0,0,36,0.0,0.0,1.0,36,1250,1100,150,0.88,14,11,3,351.69089014239876,0.3747685185185185,0.0812951316095969,0.20211633084087274,130597.00255102055,1985.9552154195187,132582.95776644006,1383,218,1067.6944444444443,34,2,16,35.47732743225405,0.6305147058823529,44.46428571428572,1022.1428571428582,30.063025210084067,0
1385,4,0,0,36,0.0,0.0,1.0,36,1200,700,500,0.5833333333333334,17,7,10,350.71248773273146,0.3742228835978836,0.07563883716118358,0.20250817840051274,130779.59183673479,1973.2071995464983,132752.7990362813,1384,219,1068.6944444444443,34,2,16,35.31749495654874,0.6323529411764706,44.28571428571429,1022.8571428571436,30.0840336134454,0
1386,4,0,0,36,0.0,0.0,1.0,36,750,600,150,0.8,9,6,3,352.4141266162225,0.3746031746031746,0.07993988753151049,0.20397302479908652,130870.93431122458,2024.1532029478553,132895.08751417245,1385,220,1069.6944444444443,34,2,17,35.18154935039752,0.6332720588235294,44.19642857142858,1023.2142857142865,30.094537815126074,0
1387,4,0,0,36,0.0,0.0,1.0,36,800,500,300,0.625,11,5,6,355.05002704164383,0.3752976190476191,0.08039405684754475,0.20631285355122575,131023.24263038569,2103.9611678004744,133127.20379818618,1386,221,1070.6944444444443,34,2,17,34.960029069767444,0.6348039215686274,44.04761904761906,1023.8095238095254,30.11204481792722,0
1388,4,0,0,36,0.0,0.0,1.0,36,750,600,150,0.8,9,6,3,354.1945696654154,0.3753141534391535,0.0840113913751015,0.20630574697573253,131114.67013888896,2088.0208333333385,133202.6909722223,1387,222,1071.6944444444443,34,2,18,34.88947653919175,0.6357230392156863,43.958333333333336,1024.1666666666672,30.12254901960786,0
1389,4,0,0,36,0.0,0.0,1.0,36,800,600,200,0.75,10,6,4,353.36057425893824,0.3750826719576719,0.08242967610343044,0.2064748447146426,131236.62308673482,2074.7696995465017,133311.39278628133,1388,223,1072.6944444444443,34,2,19,34.78757600402772,0.6369485294117647,43.83928571428572,1024.6428571428582,30.136554621848774,0
1390,4,0,0,36,0.0,0.0,1.0,36,850,500,350,0.5882352941176471,12,5,7,352.042198741105,0.3754794973544973,0.08649466444728326,0.20636047470113386,131358.63272392293,2048.7563775510203,133407.38910147393,1389,224,1073.6944444444443,34,2,20,34.69810900785816,0.6381740196078431,43.720238095238095,1025.1190476190477,30.150560224089638,0
1391,4,0,0,36,0.0,0.0,1.0,36,850,500,350,0.5882352941176471,12,5,7,348.2601476928341,0.3753141534391535,0.08310762881279432,0.2047959844623732,131480.6990504536,1957.8975340136167,133438.59658446722,1390,225,1074.6944444444443,34,2,20,34.67184174888759,0.6393995098039216,43.60119047619048,1025.5952380952388,30.164565826330552,0
1392,4,0,0,36,0.0,0.0,1.0,36,1100,1000,100,0.9090909090909091,12,10,2,346.3086979457998,0.37438822751322753,0.08197973469466713,0.20430079860334371,131602.82206632668,1915.0403911564852,133517.86245748316,1391,226,1075.6944444444443,34,2,15,34.59870634644391,0.640625,43.48214285714287,1026.0714285714298,30.178571428571466,0
1393,4,0,0,36,0.0,0.0,1.0,36,700,600,100,0.8571428571428571,8,6,2,345.63229095450606,0.37384259259259256,0.0846867749419955,0.20406509233067432,131633.3616780047,1899.3480725623795,133532.70975056707,1392,227,1076.6944444444443,34,2,15,34.585266821345726,0.6409313725490196,43.45238095238096,1026.1904761904775,30.18207282913169,0
1394,4,0,0,36,0.0,0.0,1.0,36,950,700,250,0.7368421052631579,12,7,5,346.78592511384704,0.37364417989417986,0.08964646464646475,0.20540397102897118,131755.55555555568,1938.194444444464,133693.75000000015,1393,228,1077.6944444444443,34,2,15,34.4324945887446,0.642156862745098,43.33333333333334,1026.6666666666679,30.196078431372584,0
1395,4,0,0,36,0.0,0.0,1.0,36,700,600,100,0.8571428571428571,8,6,2,349.6086892737,0.37414021164021166,0.09370250148130999,0.2074088413806696,131816.6737528345,2016.8509070294817,133833.52465986396,1394,229,1078.6944444444443,34,2,15,34.2984388283484,0.6427696078431373,43.273809523809526,1026.9047619047622,30.203081232493005,0
1396,4,0,0,36,0.0,0.0,1.0,36,1000,500,500,0.5,15,5,10,366.6501064334488,0.37438822751322753,0.06004597181400273,0.21310031810185848,131031.70680084011,2408.557848936892,133440.264649777,1395,230,1079.6944444444443,35,1,18,34.65455196322255,0.6327380952380952,44.03935185185185,1023.8425925925919,29.252645502645482,4
1397,4,0,0,36,0.0,0.0,1.0,36,600,400,200,0.6666666666666666,8,4,4,367.87130972204,0.37384259259259256,0.05767491805131719,0.2139748505661331,131061.33355034715,2442.7408854166615,133504.07443576382,1396,231,1080.6944444444443,35,1,18,34.593294337063426,0.6330357142857144,44.010416666666664,1023.9583333333327,29.255952380952362,0
1398,4,0,0,36,0.0,0.0,1.0,36,550,300,250,0.5454545454545454,8,3,5,369.9526673977497,0.3735119047619047,0.05429050363506227,0.21551752164599675,131120.59709630074,2501.682929312432,133622.28002561317,1397,232,1081.6944444444443,35,1,18,34.48000244848759,0.6336309523809525,43.952546296296305,1024.1898148148161,29.262566137566175,0
1399,4,0,0,36,0.0,0.0,1.0,36,1300,1000,300,0.7692307692307693,16,10,6,369.2909435260803,0.3738260582010582,0.04835224203133448,0.22121603121902098,132183.68055555562,2569.039485811053,134752.72004136667,1398,233,1082.6944444444443,34,2,18,33.42281199351702,0.6464460784313726,42.91666666666667,1028.333333333334,30.245098039215705,3
1400,4,0,0,36,0.0,0.0,1.0,36,800,500,300,0.625,11,5,6,367.00461614299917,0.373313492063492,0.04801720479882743,0.22038129868600817,132275.51197562364,2509.1446995464926,134784.65667517012,1399,234,1083.6944444444443,34,2,18,33.38902711877485,0.6473651960784313,42.827380952380956,1028.6904761904766,30.25560224089637,0
1401,4,0,0,36,0.0,0.0,1.0,36,1150,800,350,0.6956521739130435,15,8,7,368.8973004040111,0.3730654761904762,0.04475808524859892,0.22205767859974038,132367.37528344677,2565.993480725629,134933.3687641724,1400,235,1084.6944444444443,34,2,18,33.24777302174918,0.6482843137254901,42.73809523809524,1029.0476190476195,30.266106442577044,0
1402,4,0,0,36,0.0,0.0,1.0,36,300,200,100,0.6666666666666666,4,2,2,369.2897769181594,0.37324735449735447,0.04532163742690054,0.22247457292386688,132398.0034722223,2578.6458333333376,134976.64930555565,1401,236,1085.6944444444443,34,2,18,33.20681511470985,0.6485906862745099,42.708333333333336,1029.1666666666672,30.26960784313727,0
1403,4,0,0,36,0.0,0.0,1.0,36,1100,700,400,0.6363636363636364,15,7,8,370.761519643534,0.37237103174603176,0.03745776647268184,0.22408919520593462,132520.55165816325,2626.704223356011,135147.25588151926,1402,237,1086.6944444444443,34,2,19,33.04548695417582,0.6498161764705883,42.589285714285715,1029.642857142857,30.28361344537815,0
1404,4,0,0,36,0.0,0.0,1.0,36,900,700,200,0.7777777777777778,11,7,4,371.11122195528003,0.37270171957671955,0.04330584775042068,0.22466642275263318,132581.8470096372,2640.5222505668935,135222.36926020408,1403,238,1087.6944444444443,34,2,19,32.97475243709782,0.6504289215686274,42.529761904761905,1029.8809523809525,30.290616246498605,0
1405,4,0,0,36,0.0,0.0,1.0,36,650,400,250,0.6153846153846154,9,4,5,371.0400716068592,0.372635582010582,0.04937736696835504,0.2253580224391135,132704.4802295919,2647.7359693877675,135352.21619897967,1404,239,1088.6944444444443,34,2,16,32.85311958405547,0.6516544117647058,42.41071428571429,1030.3571428571433,30.30462184873951,0
1406,4,0,1,35,0.0,0.027777777777777776,0.9722222222222222,36,1100,700,400,0.6363636363636364,15,7,8,370.29301842508363,0.37285052910052907,0.05162488929960363,0.2252724287073751,132765.81809807252,2632.451105442173,135398.26920351468,1405,240,1089.6944444444443,34,2,17,32.81063493897038,0.6522671568627452,42.351190476190474,1030.5952380952378,30.311624649859937,0
1407,4,0,0,35,0.0,0.0,1.0,35,900,700,200,0.7777777777777778,11,7,4,374.5730358744922,0.37184873949579833,0.06067690634769618,0.2275585321988969,132713.49961553264,2942.179690503675,135655.6793060363,1406,283,1114.9714285714285,33,2,17,32.753032825880126,0.654040404040404,42.40196078431374,1030.3921568627463,31.224004753416555,0
1408,4,0,0,35,0.0,0.0,1.0,35,800,400,400,0.5,12,4,8,372.58140446297216,0.3720588235294118,0.06392184689516367,0.22666459721967303,132765.8180980725,2893.2149943310624,135659.03309240355,1407,284,1115.9714285714285,34,1,17,32.7516749451311,0.6522671568627452,42.351190476190474,1030.5952380952376,30.31162464985993,0
1409,4,0,0,35,0.0,0.0,1.0,35,900,500,400,0.5555555555555556,13,5,8,384.72331528084044,0.3714985994397759,0.05943095210541127,0.23102113741082309,132275.51197562364,3177.894699546494,135453.40667517012,1408,285,1116.9714285714285,34,1,19,32.933350692435305,0.6473651960784313,42.827380952380956,1028.6904761904766,30.25560224089637,1
1410,4,0,0,35,0.0,0.0,1.0,35,600,300,300,0.5,9,3,6,385.3333789035174,0.37184873949579833,0.05868045515622633,0.2323341744013385,132429.5361910083,3205.9608187637837,135635.49700977208,1409,286,1117.9714285714285,33,2,19,32.76220879469778,0.651199494949495,42.677696078431374,1029.2892156862747,31.190582293523477,0
1411,4,0,0,35,0.0,0.0,1.0,35,700,500,200,0.7142857142857143,9,5,4,385.9195885061439,0.3715686274509804,0.06198581801486247,0.23307767527247408,132492.61289227701,3226.2989294982713,135718.91182177528,1410,287,1118.9714285714285,33,2,19,32.68348510098004,0.6518308080808081,42.61642156862745,1029.5343137254902,31.198009506833035,0
1412,4,0,0,35,0.0,0.0,1.0,35,600,200,400,0.3333333333333333,10,2,8,386.52510218914455,0.37118347338935576,0.06514095283435939,0.23363913011461815,132524.15687475973,3244.7826557093426,135768.93953046907,1411,288,1119.9714285714285,33,2,19,32.63607871141791,0.6521464646464646,42.58578431372549,1029.6568627450981,31.201723113487823,0
1413,4,0,0,35,0.0,0.0,1.0,35,850,600,250,0.7058823529411765,11,6,5,385.08667820065284,0.37083333333333335,0.06058339566193016,0.23316055069151928,132587.25610342185,3211.5172049211974,135798.77330834305,1412,289,1120.9714285714285,33,2,20,32.60947168015232,0.6527777777777778,42.524509803921575,1029.9019607843143,31.209150326797403,0
1414,4,0,0,35,0.0,0.0,1.0,35,700,500,200,0.7142857142857143,9,5,4,383.69855058513457,0.3706932773109244,0.05703407835472096,0.23251523559250573,132618.81134960108,3177.129139033061,135795.94048863414,1413,290,1121.9714285714285,33,2,20,32.6133997620464,0.6530934343434344,42.493872549019606,1030.0245098039213,31.212863933452162,0
1415,4,0,0,35,0.0,0.0,1.0,35,700,500,200,0.7142857142857143,9,5,4,386.8815500598837,0.37006302521008405,0.06132884834276209,0.23523405310582515,132745.06987997398,3271.323679594379,136016.39355956836,1414,291,1122.9714285714285,33,2,19,32.40414536013002,0.6543560606060606,42.37132352941176,1030.5147058823525,31.227718360071286,0
1416,4,0,0,35,0.0,0.0,1.0,35,1250,700,550,0.56,18,7,11,383.3486378940923,0.3700280112044818,0.056911976911977025,0.2342686120463899,132934.57031250012,3192.057291666682,136126.6276041668,1415,292,1123.9714285714285,33,2,19,32.30429292929294,0.65625,42.18750000000001,1031.250000000001,31.25000000000003,0
1417,4,0,0,35,0.0,0.0,1.0,35,800,400,400,0.5,12,4,8,381.9853259234281,0.3700980392156863,0.05582579473514504,0.23383058096709045,132997.76715986637,3160.639087129948,136158.4062469963,1416,293,1124.9714285714285,33,2,19,32.27582570987288,0.6568813131313131,42.12622549019608,1031.4950980392155,31.25742721330956,0
1418,4,0,0,35,0.0,0.0,1.0,35,850,800,50,0.9411764705882353,9,8,1,382.2146979719585,0.3700980392156863,0.05197088218824786,0.23436748304631588,133060.97902549498,3171.572382016529,136232.5514075115,1417,294,1125.9714285714285,33,2,20,32.20629429465099,0.6575126262626263,42.064950980392155,1031.7401960784312,31.264854426619127,0
1419,4,0,0,35,0.0,0.0,1.0,35,650,500,150,0.7692307692307693,8,5,3,385.0918885137652,0.36953781512605044,0.05242053126166146,0.2367331302965642,133155.82498317948,3255.4456218761943,136411.27060505567,1418,295,1126.9714285714285,33,2,20,32.03663025409641,0.658459595959596,41.97303921568627,1032.1078431372546,31.275995246583474,0
1420,4,0,0,35,0.0,0.0,1.0,35,700,600,100,0.8571428571428571,8,6,2,385.6654056394733,0.37013305322128853,0.05778026411703907,0.2380954119651164,133313.97667063138,3282.917778018056,136596.89444864943,1419,296,1127.9714285714285,33,2,22,31.862737826826475,0.6600378787878788,41.819852941176464,1032.7205882352932,31.29456327985737,0
1421,4,0,0,35,0.0,0.0,1.0,35,800,700,100,0.875,9,7,2,387.64734770611096,0.36995798319327733,0.05338756143026613,0.2399315081617117,133408.91273788913,3343.1222366397374,136752.03497452885,1420,297,1128.9714285714285,33,2,22,31.716093317516794,0.6609848484848485,41.72794117647058,1033.0882352941167,31.305704099821718,0
1422,4,0,0,35,0.0,0.0,1.0,35,700,500,200,0.7142857142857143,9,5,4,384.6904266389176,0.3698529411764706,0.05483870967741944,0.238508064516129,133472.2222222222,3269.1122404844236,136741.3344627066,1421,298,1129.9714285714285,32,3,22,31.72883064516127,0.6640625,41.666666666666664,1033.3333333333333,32.291666666666664,0
1423,4,0,0,35,0.0,0.0,1.0,35,800,600,200,0.75,10,6,4,378.23180215976816,0.3687324929971989,0.05411514379894311,0.23595557437095654,133700.64478433316,3183.4116097847054,136884.05639411786,1422,299,1130.9714285714285,32,3,19,31.666361453627967,0.6663411458333333,41.445707070707066,1034.217171717171,32.31928661616159,4
1424,4,0,0,35,0.0,0.0,1.0,35,700,400,300,0.5714285714285714,10,4,6,396.5065208561025,0.368312324929972,0.11282214444797978,0.22535623780302536,130165.93491735541,3322.3283976124962,133488.26331496792,1423,300,1131.9714285714285,32,3,19,34.7709415986142,0.630859375,44.88636363636364,1020.4545454545457,31.889204545454554,8
1425,4,0,0,35,0.0,0.0,1.0,35,1000,700,300,0.7,13,7,6,395.45961423459374,0.3682072829131653,0.10911083225817864,0.22494722462056446,130198.14822785939,3297.621894449544,133495.77012230892,1424,301,1132.9714285714285,32,3,19,34.764835663326316,0.6311848958333333,44.85479797979798,1020.580808080808,31.89315025252525,0
1426,4,0,0,35,0.0,0.0,1.0,35,850,800,50,0.9411764705882353,9,8,1,396.1763581341122,0.3682072829131653,0.11045238398892288,0.22592136902760565,130295.81917656807,3324.0405665455155,133619.85974311357,1425,302,1133.9714285714285,31,4,19,34.64707414020321,0.634744623655914,44.75911458333334,1020.9635416666678,32.93430779569896,0
1427,4,0,0,35,0.0,0.0,1.0,35,750,500,250,0.6666666666666666,10,5,5,395.3411423692394,0.36799719887955185,0.10685320800087439,0.2256379358413086,130329.05578613302,3304.8875596788484,133633.94334581186,1426,303,1134.9714285714285,31,4,19,34.634553260222745,0.6350806451612903,44.726562500000014,1021.0937500000016,32.93850806451618,0
1428,4,0,0,35,0.0,0.0,1.0,35,1050,800,250,0.7619047619047619,13,8,5,403.03173664395996,0.3678571428571429,0.08977512553671496,0.23200917860178705,130661.65500217021,3535.9734429253563,134197.62844509556,1427,304,1135.9714285714285,31,4,18,34.09959246051962,0.6384408602150538,44.40104166666667,1022.3958333333339,32.98051075268819,1
1429,4,0,0,35,0.0,0.0,1.0,35,750,400,350,0.5333333333333333,11,4,7,401.1514802078966,0.36733193277310927,0.09822519639220251,0.231723972684797,130794.81336805572,3493.7065972222417,134288.51996527796,1428,305,1136.9714285714285,31,4,19,34.012219959266794,0.6397849462365591,44.27083333333334,1022.916666666668,32.997311827957034,0
1430,4,0,0,35,0.0,0.0,1.0,35,1200,800,400,0.6666666666666666,16,8,8,399.8821776758702,0.36705182072829134,0.10453872718302959,0.2322524854295098,131004.7762983369,3477.2950464238393,134482.07134476074,1429,306,1137.9714285714285,32,3,19,33.831298306199656,0.6393229166666667,44.06565656565657,1023.7373737373738,31.99179292929293,0
1431,4,0,0,35,0.0,0.0,1.0,35,1100,900,200,0.8181818181818182,13,9,4,390.95647387018766,0.366421568627451,0.09036053331454652,0.2276416338521959,131101.73906042732,3251.4132805325758,134353.1523409599,1430,307,1138.9714285714285,32,3,19,33.96133851148646,0.6402994791666667,43.970959595959584,1024.11616161616,32.003630050505,1
1432,4,0,0,35,0.0,0.0,1.0,35,1050,800,250,0.7619047619047619,13,8,5,395.13736798767263,0.36663165266106446,0.08318986004753048,0.23085239317638304,131231.07854109266,3370.86059458217,134601.93913567482,1431,308,1139.9714285714285,32,3,19,33.72304374614909,0.6416015625,43.84469696969696,1024.6212121212113,32.019412878787854,0
1433,4,0,0,35,0.0,0.0,1.0,35,850,600,250,0.7058823529411765,11,6,5,396.07280193721374,0.3667366946778712,0.08650989227627992,0.2315941542163131,131263.4233751657,3397.974377614519,134661.39775278023,1432,309,1140.9714285714285,32,3,19,33.66626622309842,0.6419270833333333,43.81313131313131,1024.747474747474,32.02335858585856,0
1434,4,0,0,35,0.0,0.0,1.0,35,500,200,300,0.4,8,2,6,392.9539295392957,0.36628151260504205,0.07944250871080172,0.23015873015873015,131328.12499999985,3321.180555555541,134649.3055555554,1433,310,1141.9714285714285,32,3,19,33.68055555555557,0.642578125,43.74999999999999,1024.9999999999989,32.031249999999964,0
1435,4,0,0,35,0.0,0.0,1.0,35,700,400,300,0.5714285714285714,10,4,6,395.8461945845438,0.36586134453781516,0.081802511696627,0.23263840755540244,131457.57607642066,3407.3962478318467,134864.9723242525,1434,311,1142.9714285714285,32,3,19,33.47518057949603,0.6438802083333333,43.62373737373737,1025.5050505050497,32.0470328282828,0
1436,4,0,0,35,0.0,0.0,1.0,35,900,500,400,0.5555555555555556,13,5,8,398.8976475543419,0.3656512605042017,0.08067930100910692,0.23522803222253846,131587.0909218446,3497.9562034486135,135085.0471252932,1435,312,1143.9714285714285,32,3,17,33.2656493559767,0.6451822916666667,43.49747474747474,1026.0101010101,32.062815656565625,0
1437,4,0,0,35,0.0,0.0,1.0,35,1200,700,500,0.5833333333333334,17,7,10,398.68454060547043,0.36526610644257707,0.08876860622462801,0.23570230040595397,131684.26890432087,3500.0964506172713,135184.36535493814,1436,313,1144.9714285714285,32,3,17,33.172643211547125,0.6461588541666667,43.40277777777777,1026.388888888888,32.07465277777775,0
1438,4,0,0,35,0.0,0.0,1.0,35,300,200,100,0.6666666666666666,4,2,2,398.68454060547043,0.36526610644257707,0.08876860622462801,0.23570230040595397,131684.26890432087,3500.0964506172713,135184.36535493814,1437,314,1145.9714285714285,32,3,17,33.172643211547125,0.6461588541666667,43.40277777777777,1026.388888888888,32.07465277777775,0
1439,4,0,0,35,0.0,0.0,1.0,35,850,700,150,0.8235294117647058,10,7,3,395.7442605276588,0.36481092436974794,0.09244606844213354,0.23456212293082487,131781.48275686137,3430.353088970487,135211.83584583187,1438,315,1146.9714285714285,32,3,17,33.14964543367765,0.6471354166666667,43.308080808080796,1026.7676767676753,32.08648989898985,0
1440,4,0,0,35,0.0,0.0,1.0,35,950,700,250,0.7368421052631579,12,7,5,396.40274623436983,0.36509103641456586,0.09062368310155944,0.235755317497283,131911.15702479336,3457.988980716251,135369.1460055096,1439,316,1147.9714285714285,32,3,17,33.00147492625369,0.6484375,43.18181818181818,1027.272727272727,32.10227272727272,0
1441,4,1,0,36,0.027777777777777776,0.0,1.0,36,1050,700,350,0.6666666666666666,14,7,7,386.97268871890697,0.36777447089947085,0.08332009636512838,0.23234969593036497,132271.91014273342,3037.123341983833,135309.03348471725,1440,0,1117.0555555555557,33,3,18,32.87913986180604,0.6496212121212122,42.83088235294117,1028.6764705882342,31.172014260249522,0
1442,4,0,0,36,0.0,0.0,1.0,36,700,500,200,0.7142857142857143,9,5,4,387.88021458818275,0.3678571428571429,0.0816977428851815,0.23387570335228292,132430.49178655236,3073.4935874861258,135503.9853740385,1441,1,1118.0555555555557,32,4,18,32.69570861956165,0.6536458333333333,42.676767676767675,1029.292929292929,32.165404040404034,0
1443,4,0,0,36,0.0,0.0,1.0,36,950,700,250,0.7368421052631579,12,7,5,388.64171541100893,0.3675595238095238,0.07865260403891727,0.2347395961082494,132495.48037190078,3098.6541551882383,135594.13452708902,1442,2,1119.0555555555557,32,4,18,32.61052857493255,0.654296875,42.61363636363636,1029.5454545454543,32.173295454545446,0
1444,4,0,0,36,0.0,0.0,1.0,36,950,700,250,0.7368421052631579,12,7,5,385.4140307611728,0.367146164021164,0.07087894653339699,0.23335875464819134,132587.25610342177,3020.197760476737,135607.4538638985,1443,3,1120.0555555555557,33,3,19,32.60104315405363,0.6527777777777778,42.52450980392157,1029.9019607843136,31.20915032679738,0
1445,4,0,0,36,0.0,0.0,1.0,36,1000,700,300,0.7,13,7,6,386.01947671602676,0.3663525132275132,0.07539116185643313,0.2345124104211239,132713.49961553258,3045.999134948104,135759.49875048068,1444,4,1121.0555555555557,33,3,15,32.458174754202346,0.654040404040404,42.40196078431373,1030.3921568627457,31.224004753416533,0
1446,4,0,0,36,0.0,0.0,1.0,36,800,700,100,0.875,9,7,2,387.59432638280845,0.36673280423280424,0.07366345658463125,0.23606487177449686,132808.22167255386,3095.142643454444,135903.36431600832,1445,5,1122.0555555555557,33,3,17,32.32213272302145,0.6549873737373737,42.310049019607845,1030.7598039215688,31.235145573380873,0
1447,4,0,0,36,0.0,0.0,1.0,36,1000,700,300,0.7,13,7,6,385.32694833092773,0.3663194444444444,0.08052022663338487,0.23508017522176164,132871.3884833957,3039.7853289600025,135911.17381235573,1446,6,1123.0555555555557,33,3,18,32.31692519513452,0.6556186868686869,42.248774509803916,1031.0049019607836,31.242572786690413,0
1448,4,0,1,35,0.0,0.027777777777777776,0.9722222222222222,36,1000,500,500,0.5,15,5,10,386.0201592024603,0.3662698412698413,0.0820530081043267,0.2365005604196731,133029.3712153979,3070.403811034214,136099.77502643212,1447,7,1124.0555555555557,33,3,19,32.13995802645123,0.6571969696969697,42.095588235294116,1031.6176470588234,31.261140819964346,0
1449,4,0,0,35,0.0,0.0,1.0,35,650,400,250,0.6153846153846154,9,4,5,394.95044325470616,0.36316526610644256,0.08751968090689677,0.24104374586083163,132885.74667125786,3496.6569100091656,136382.40358126702,1448,325,1156.9714285714285,32,3,19,32.05440240019595,0.658203125,42.23484848484848,1031.0606060606049,32.2206439393939,0
1450,4,0,0,35,0.0,0.0,1.0,35,550,300,250,0.5454545454545454,8,3,5,394.7672458201471,0.3630252100840336,0.08372743808591054,0.24135171136668868,132950.84685236198,3496.9279282726216,136447.77478063462,1449,326,1157.9714285714285,32,3,19,31.993501061051266,0.6588541666666667,42.17171717171717,1031.313131313131,32.22853535353534,0
1451,4,0,0,35,0.0,0.0,1.0,35,650,200,450,0.3076923076923077,11,2,9,396.50121575037195,0.3626750700280112,0.08247595733519852,0.24283470259974035,133015.9629757167,3548.1982068156226,136564.16118253235,1450,327,1158.9714285714285,32,3,19,31.88315993472052,0.6595052083333333,42.108585858585855,1031.5656565656561,32.236426767676754,0
1452,4,0,0,35,0.0,0.0,1.0,35,1300,1100,200,0.8461538461538461,15,11,4,397.2292314631493,0.3622549019607843,0.08521438184964425,0.24391844543563615,133113.66705246898,3575.327932098743,136688.99498456772,1451,328,1159.9714285714285,32,3,19,31.765926424405563,0.6604817708333333,42.01388888888888,1031.9444444444432,32.24826388888885,0
1453,4,0,0,35,0.0,0.0,1.0,35,500,300,200,0.6,7,3,4,395.2780989499907,0.3621848739495798,0.08205110279981809,0.24293256998625745,133146.24304917868,3525.9587669625544,136672.20181614123,1452,329,1160.9714285714285,32,3,19,31.783449555501175,0.6608072916666667,41.98232323232323,1032.0707070707072,32.2522095959596,0
1454,4,0,0,35,0.0,0.0,1.0,35,650,400,250,0.6153846153846154,9,4,5,374.25784979134426,0.36204481792717086,0.01533431586793399,0.2322381491751587,133503.88259623697,2992.975207852741,136496.85780408973,1453,330,1161.9714285714285,33,2,20,31.966555002173997,0.6619318181818181,41.6360294117647,1033.4558823529408,31.316844919786085,8
1455,4,0,0,35,0.0,0.0,1.0,35,850,400,450,0.47058823529411764,13,4,9,374.25784979134426,0.36204481792717086,0.01533431586793399,0.2322381491751587,133503.88259623697,2992.975207852741,136496.85780408973,1454,331,1162.9714285714285,33,2,20,31.966555002173997,0.6619318181818181,41.6360294117647,1033.4558823529408,31.316844919786085,0
1456,4,0,0,35,0.0,0.0,1.0,35,1150,800,350,0.6956521739130435,15,8,7,375.67651891564105,0.36127450980392156,0.019986792868148973,0.2339175490842262,133630.5616379518,3040.3728433775505,136670.93448132934,1455,332,1163.9714285714285,33,2,20,31.80274880486744,0.6631944444444444,41.513480392156865,1033.9460784313728,31.331699346405237,0
1457,4,0,0,35,0.0,0.0,1.0,35,1050,700,350,0.6666666666666666,14,7,7,371.3199713382731,0.3600840336134454,0.02339365846442165,0.2323356278546389,133810.73022959195,2937.319302721106,136748.04953231305,1456,333,1164.9714285714285,34,1,19,31.734696812794855,0.6626838235294117,41.33928571428572,1034.642857142858,30.43067226890759,0
1458,4,0,0,35,0.0,0.0,1.0,35,1350,1000,350,0.7407407407407407,17,10,7,371.24551126510585,0.3593487394957983,0.020751741358916886,0.2332623530318902,133964.73922902497,2946.761621315192,136911.50085034015,1457,334,1165.9714285714285,34,1,19,31.582288791781657,0.6642156862745099,41.19047619047619,1035.2380952380954,30.44817927170869,0
1459,4,0,0,35,0.0,0.0,1.0,35,1300,1100,200,0.8461538461538461,15,11,4,369.96237659776494,0.35892857142857143,0.018112860590737023,0.2334331137619399,134118.8368055555,2923.784722222218,137042.62152777772,1458,335,1166.9714285714285,34,1,20,31.46118262268705,0.6657475490196079,41.041666666666664,1035.833333333333,30.465686274509796,0
1460,4,0,0,35,0.0,0.0,1.0,35,850,700,150,0.8235294117647058,10,7,3,369.14442649762105,0.35885854341736695,0.02098870798319341,0.23350531164500676,134211.33786848068,2908.6734693877497,137120.01133786843,1459,336,1167.9714285714285,34,1,20,31.389782475490193,0.6666666666666667,40.95238095238095,1036.190476190476,30.476190476190467,0
1461,4,0,0,35,0.0,0.0,1.0,35,800,400,400,0.5,12,4,8,366.62619849833777,0.3580532212885154,0.019957669526981636,0.23249922143663704,134303.87081916092,2847.8635204081556,137151.73433956908,1460,337,1168.9714285714285,34,1,20,31.362457409746952,0.6675857843137255,40.863095238095234,1036.5476190476184,30.486694677871128,0
1462,4,0,0,35,0.0,0.0,1.0,35,800,700,100,0.875,9,7,2,370.39313559416007,0.3573529411764706,0.024782244968259315,0.23528474236976937,134365.57716836728,2953.6174886621216,137319.1946570294,1461,338,1169.9714285714285,34,1,20,31.2031136372335,0.6681985294117647,40.80357142857142,1036.7857142857138,30.49369747899158,0
1463,4,0,0,35,0.0,0.0,1.0,35,550,400,150,0.7272727272727273,7,4,3,370.39313559416007,0.3573529411764706,0.024782244968259315,0.23528474236976937,134365.57716836728,2953.6174886621216,137319.1946570294,1462,339,1170.9714285714285,34,1,20,31.2031136372335,0.6681985294117647,40.80357142857142,1036.7857142857138,30.49369747899158,0
1464,4,0,0,35,0.0,0.0,1.0,35,750,400,350,0.5333333333333333,11,4,7,372.369636307923,0.35689775910364147,0.023751598413062958,0.23754238731971009,134519.90504535133,3018.225623582753,137538.13066893409,1463,340,1171.9714285714285,34,1,20,30.997532705990356,0.6697303921568627,40.6547619047619,1037.3809523809514,30.51120448179269,0
1465,4,0,0,35,0.0,0.0,1.0,35,900,500,400,0.5555555555555556,13,5,8,370.5125440155214,0.3572478991596639,0.025588408837605714,0.23675860217296796,134581.66099773234,2972.8387188208476,137554.4997165532,1464,341,1172.9714285714285,34,1,20,30.9839662689307,0.670343137254902,40.59523809523809,1037.6190476190468,30.518207282913142,0
1466,4,0,0,35,0.0,0.0,1.0,35,1050,800,250,0.7619047619047619,13,8,5,372.80981866051394,0.3567577030812325,0.027883197325730302,0.2386311306227869,134643.43112244885,3039.2786281178974,137682.70975056675,1465,342,1173.9714285714285,34,1,20,30.862630955112028,0.6709558823529411,40.53571428571428,1037.8571428571418,30.52521008403358,0
1467,4,0,0,35,0.0,0.0,1.0,35,850,600,250,0.7058823529411765,11,6,5,371.83192806979815,0.35577731092436976,0.024099464347142385,0.2386126743706187,134736.11288265293,3019.8377267573514,137755.95060941027,1466,343,1174.9714285714285,34,1,20,30.795398081259794,0.671875,40.44642857142856,1038.2142857142846,30.535714285714253,0
1468,4,0,0,35,0.0,0.0,1.0,35,700,600,100,0.8571428571428571,8,6,2,374.3111646769727,0.35507703081232495,0.02627890220737572,0.24081789090279543,134828.82653061207,3093.587018140568,137922.41354875264,1467,344,1175.9714285714285,34,1,18,30.638420831422895,0.6727941176470589,40.35714285714285,1038.571428571427,30.546218487394913,0
1469,4,0,0,35,0.0,0.0,1.0,35,650,400,250,0.6153846153846154,9,4,5,374.3111646769727,0.35507703081232495,0.02627890220737572,0.24081789090279543,134828.82653061207,3093.587018140568,137922.41354875264,1468,345,1176.9714285714285,34,1,18,30.638420831422895,0.6727941176470589,40.35714285714285,1038.571428571427,30.546218487394913,0
1470,4,0,0,35,0.0,0.0,1.0,35,750,500,250,0.6666666666666666,10,5,5,374.3111646769727,0.35507703081232495,0.02627890220737572,0.24081789090279543,134828.82653061207,3093.587018140568,137922.41354875264,1469,346,1177.9714285714285,34,1,18,30.638420831422895,0.6727941176470589,40.35714285714285,1038.571428571427,30.546218487394913,0
1471,4,0,0,35,0.0,0.0,1.0,35,550,200,350,0.36363636363636365,9,2,7,375.22516235498904,0.35465686274509806,0.026393778141629243,0.2416117742839318,134859.7381660996,3120.5534297051927,137980.2915958048,1470,347,1178.9714285714285,34,1,18,30.583810888252145,0.6731004901960784,40.32738095238094,1038.6904761904748,30.549719887955142,0
1472,4,0,0,35,0.0,0.0,1.0,35,750,400,350,0.5333333333333333,11,4,7,380.08700630825047,0.3542717086834734,0.0216732910685542,0.2392182909456705,134026.36763038562,3188.3361678004662,137214.7037981861,1471,348,1179.9714285714285,34,1,18,31.291676247413186,0.664828431372549,41.13095238095239,1035.4761904761915,30.45518207282916,1
1473,4,0,0,35,0.0,0.0,1.0,35,1100,800,300,0.7272727272727273,14,8,6,376.2777649447596,0.3540266106442577,0.02098696522966792,0.23761749713710456,134149.66695011346,3095.5073696145223,137245.174319728,1472,349,1180.9714285714285,34,1,19,31.266758599555654,0.6660539215686274,41.011904761904766,1035.9523809523816,30.46918767507005,0
1474,4,0,0,35,0.0,0.0,1.0,35,900,500,400,0.5555555555555556,13,5,8,375.7504335911843,0.35346638655462187,0.019955690489866562,0.23788418359354613,134242.1786422903,3088.3113662131605,137330.49000850346,1473,350,1181.9714285714285,34,1,19,31.187775224966508,0.6669730392156863,40.92261904761905,1036.309523809524,30.479691876750707,0
1475,4,0,0,35,0.0,0.0,1.0,35,900,800,100,0.8888888888888888,10,8,2,373.8459073003795,0.3526960784313726,0.0124942581534222,0.23727770851105712,134334.72222222216,3044.0972222222126,137378.81944444438,1474,351,1182.9714285714285,34,1,19,31.144493569131832,0.6678921568627452,40.83333333333333,1036.666666666666,30.490196078431353,0
1476,4,0,0,35,0.0,0.0,1.0,35,650,500,150,0.7692307692307693,8,5,3,377.0956286295631,0.3526960784313726,0.010435524071887858,0.2401503740219849,134458.16326530612,3140.7171201814085,137598.88038548754,1475,352,1183.9714285714285,34,1,19,30.93673477196205,0.6691176470588236,40.714285714285715,1037.142857142857,30.504201680672267,0
1477,4,0,0,35,0.0,0.0,1.0,35,850,700,150,0.8235294117647058,10,7,3,377.2519798067774,0.35276610644257705,0.012392426850257987,0.24086087941509626,134550.78125,3151.9416099773243,137702.72285997734,1476,353,1184.9714285714285,33,2,19,30.84002677376171,0.6723484848484849,40.625,1037.5,31.439393939393938,0
1478,4,0,0,35,0.0,0.0,1.0,35,750,400,350,0.5333333333333333,11,4,7,373.58937574039027,0.35266106442577033,0.027879546652609166,0.23009709278555837,133226.30385487518,2954.3863378684678,136180.69019274364,1477,354,1185.9714285714285,34,1,19,32.262598016605175,0.6568627450980392,41.9047619047619,1032.3809523809516,30.364145658263283,3
1479,4,0,0,35,0.0,0.0,1.0,35,600,300,300,0.5,9,3,6,374.6870767841754,0.35234593837535017,0.025458318920788647,0.23096382494308113,133257.03124999988,2985.9374999999854,136242.96874999988,1478,355,1186.9714285714285,34,1,19,32.20338983050848,0.6571691176470589,41.87499999999999,1032.499999999999,30.367647058823504,0
1480,4,0,0,35,0.0,0.0,1.0,35,850,800,50,0.9411764705882353,9,8,1,373.1696350937124,0.35234593837535017,0.02372937185019275,0.2302185928024793,133287.7621882085,2947.7891156462447,136235.55130385474,1479,356,1187.9714285714285,34,1,19,32.21168626546768,0.6574754901960784,41.84523809523809,1032.6190476190466,30.371148459383722,0
1481,4,0,0,35,0.0,0.0,1.0,35,550,300,250,0.5454545454545454,8,3,5,372.9455439377458,0.35283613445378154,0.024536846438864002,0.23027064723558302,133318.49666950098,2944.1078514739092,136262.60452097488,1480,357,1188.9714285714285,34,1,20,32.18659942363113,0.657781862745098,41.81547619047618,1032.738095238094,30.374649859943943,0
1482,4,0,0,35,0.0,0.0,1.0,35,950,800,150,0.8421052631578947,11,8,3,372.2797840893312,0.3526260504201681,0.019008114825605826,0.2306221446189367,133441.47002551015,2935.5123299319703,136376.98235544213,1481,358,1189.9714285714285,34,1,21,32.08030879133541,0.6590073529411764,41.69642857142857,1033.2142857142853,30.38865546218486,0
1483,4,0,0,35,0.0,0.0,1.0,35,1050,800,250,0.7619047619047619,13,8,5,369.1265687533165,0.3529761904761905,0.021314200141524742,0.22904844484256912,133502.9779620182,2855.899234693887,136358.87719671207,1482,359,1190.9714285714285,34,1,21,32.10003647813233,0.6596200980392157,41.636904761904766,1033.4523809523814,30.395658263305336,0
1484,4,0,0,35,0.0,0.0,1.0,35,1150,900,250,0.782608695652174,14,9,5,369.5286322087072,0.3521008403361345,0.015443837599526722,0.22987010330232194,133595.26643990938,2873.455215419509,136468.72165532887,1483,360,1191.9714285714285,34,1,21,31.997063565177342,0.6605392156862745,41.54761904761905,1033.8095238095243,30.40616246498601,0
1485,4,0,0,35,0.0,0.0,1.0,35,800,300,500,0.375,13,3,10,369.85995812631,0.3517857142857143,0.014869643885187855,0.23026765134960575,133626.03635204077,2884.584041950105,136510.6203939909,1484,361,1192.9714285714285,34,1,21,31.957637689502974,0.6608455882352942,41.51785714285714,1033.9285714285709,30.409663865546204,0
1486,4,0,0,35,0.0,0.0,1.0,35,850,600,250,0.7058823529411765,11,6,5,369.8219787925343,0.3516106442577031,0.007853196527229711,0.23081992469465082,133718.36734693882,2890.3982426303915,136608.7655895692,1485,362,1193.9714285714285,34,1,17,31.86603169122161,0.6617647058823529,41.42857142857143,1034.2857142857147,30.420168067226903,0
1487,4,0,0,35,0.0,0.0,1.0,35,950,600,350,0.631578947368421,13,6,7,368.7756650568556,0.35189075630252103,0.009238862403419645,0.2305511172189982,133779.93905895695,2866.957199546488,136646.89625850343,1486,363,1194.9714285714285,34,1,17,31.831367472190266,0.6623774509803921,41.36904761904762,1034.5238095238096,30.427170868347343,0
1488,4,0,0,35,0.0,0.0,1.0,35,950,600,350,0.631578947368421,13,6,7,368.1921787361821,0.3505602240896359,0.012468368990108614,0.23095691211633237,133903.125,2860.416666666668,136763.54166666666,1487,364,1195.9714285714285,34,1,17,31.72302737520129,0.6636029411764706,41.25,1035.0,30.441176470588236,0
1489,4,0,0,35,0.0,0.0,1.0,35,850,300,550,0.35294117647058826,14,3,11,369.07652776932554,0.34957983193277314,0.01224583648129296,0.23228854113875516,134026.3676303856,2893.1972789115775,136919.56490929716,1488,365,1196.9714285714285,34,1,17,31.576703456733345,0.664828431372549,41.13095238095239,1035.4761904761913,30.455182072829157,0
1490,4,0,0,35,0.0,0.0,1.0,35,900,600,300,0.6666666666666666,12,6,6,369.15988584136824,0.3493697478991597,0.01616048855763874,0.23312259264089907,134149.66695011346,2904.5351473922997,137054.20209750577,1489,366,1197.9714285714285,34,1,19,31.45110319466789,0.6660539215686274,41.011904761904766,1035.9523809523816,30.46918767507005,0
1491,4,0,0,35,0.0,0.0,1.0,35,550,200,350,0.36363636363636365,9,2,7,366.8806874628299,0.3484943977591037,0.018461134453781725,0.23207336509276685,134211.33786848077,2847.909580498874,137059.24744897964,1490,367,1198.9714285714285,34,1,19,31.448424096200995,0.6666666666666667,40.952380952380956,1036.1904761904766,30.47619047619049,0
1492,4,0,0,35,0.0,0.0,1.0,35,750,600,150,0.8,9,6,3,368.56520937775815,0.3484243697478992,0.018349767838685027,0.23372886220336062,134303.87081916106,2899.946853741502,137203.81767290257,1491,368,1199.9714285714285,34,1,20,31.312210481987677,0.6675857843137255,40.86309523809524,1036.5476190476195,30.48669467787116,0
1493,4,0,0,35,0.0,0.0,1.0,35,1050,900,150,0.8571428571428571,12,9,3,367.48595498859083,0.3485294117647059,0.01835211521742708,0.2334380147334527,134365.57716836737,2875.4924886621375,137241.0696570295,1492,369,1200.9714285714285,34,1,21,31.27846672025108,0.6681985294117647,40.80357142857143,1036.7857142857144,30.493697478991603,0
1494,4,0,0,35,0.0,0.0,1.0,35,700,600,100,0.8571428571428571,8,6,2,368.4437278605882,0.3485294117647059,0.01629092816972988,0.2348390783357208,134489.03238378678,2910.3280895691455,137399.36047335592,1493,370,1201.9714285714285,34,1,22,31.13020773556752,0.6694240196078431,40.6845238095238,1037.2619047619041,30.507703081232474,0
1495,4,0,0,35,0.0,0.0,1.0,35,1500,1200,300,0.8,18,12,6,366.9650283137828,0.34915966386554625,0.017557201861928995,0.23449172923628506,134581.6609977324,2877.352607709751,137459.01360544216,1494,371,1202.9714285714285,34,1,22,31.075990515527014,0.670343137254902,40.595238095238095,1037.6190476190473,30.518207282913153,0
1496,4,0,0,35,0.0,0.0,1.0,35,1150,700,450,0.6086956521739131,16,7,9,364.72409946177686,0.34691876750700285,0.01687686310479286,0.23425063295328552,134767.01388888885,2830.55555555555,137597.5694444444,1495,372,1203.9714285714285,34,1,22,30.94903691813803,0.6721813725490196,40.416666666666664,1038.333333333333,30.539215686274503,0
1497,4,0,0,35,0.0,0.0,1.0,35,750,500,250,0.6666666666666666,10,5,5,364.33194772661506,0.34674369747899164,0.015962533569136017,0.234397633625884,134828.82653061207,2824.4897959183463,137653.31632653042,1496,373,1204.9714285714285,34,1,17,30.897524071526817,0.6727941176470589,40.35714285714285,1038.571428571427,30.546218487394913,0
1498,4,0,0,35,0.0,0.0,1.0,35,900,500,400,0.5555555555555556,13,5,8,361.649954882306,0.34621848739495803,0.014590222978946077,0.2330692397564994,134890.65334467115,2756.6397392290173,137647.29308390018,1497,374,1205.9714285714285,34,1,17,30.90548361219343,0.673406862745098,40.297619047619044,1038.8095238095234,30.553221288515395,0
1499,4,0,0,35,0.0,0.0,1.0,35,800,700,100,0.875,9,7,2,362.4703431374611,0.34625350140056027,0.013447688883069242,0.23399712684199386,134952.4943310655,2783.2553854875046,137735.74971655302,1498,375,1206.9714285714285,34,1,18,30.822496562786423,0.6740196078431373,40.23809523809523,1039.0476190476172,30.5602240896358,0
1500,4,0,0,35,0.0,0.0,1.0,35,550,300,250,0.5454545454545454,8,3,5,363.34837933413894,0.34579831932773114,0.01012716233245503,0.23476447099982942,134983.4201388887,2809.2013888888628,137792.62152777758,1499,376,1207.9714285714285,34,1,18,30.768845228548518,0.6743259803921569,40.20833333333332,1039.1666666666652,30.563725490196035,0
1501,4,0,0,35,0.0,0.0,1.0,35,650,300,350,0.46153846153846156,10,3,7,363.35279548436716,0.3452380952380953,0.017119298475230416,0.23537066841019944,135076.21882086137,2816.0643424035875,137892.28316326495,1500,377,1208.9714285714285,34,1,20,30.67620056497174,0.6752450980392157,40.1190476190476,1039.523809523807,30.574229691876674,0
1502,4,0,0,35,0.0,0.0,1.0,35,1350,1000,350,0.7407407407407407,17,10,7,365.66376809983103,0.3448179271708684,0.015518989826294405,0.23727394878038063,135138.10232426284,2883.0215419500846,138021.12386621293,1501,378,1209.9714285714285,34,1,20,30.5544424089764,0.6758578431372548,40.059523809523796,1039.7619047619032,30.581232492997152,0
1503,4,0,0,35,0.0,0.0,1.0,35,800,600,200,0.75,10,6,4,361.3218054217832,0.34467787114845944,0.013352295947558934,0.23546541816412805,135292.8730867344,2776.853032879786,138069.7261196142,1502,379,1210.9714285714285,34,1,20,30.513121257199536,0.6773897058823529,39.91071428571427,1040.3571428571406,30.598739495798252,0
1504,4,0,0,35,0.0,0.0,1.0,35,950,800,150,0.8421052631578947,11,8,3,360.5061791627056,0.34359243697478986,0.014045522131991284,0.23574461663571677,135416.7534722221,2763.715277777758,138180.46874999985,1503,380,1211.9714285714285,34,1,21,30.410995463037093,0.6786151960784313,39.79166666666666,1040.8333333333323,30.612745098039188,0
1505,4,0,0,35,0.0,0.0,1.0,35,400,200,200,0.5,6,2,4,360.5993789807716,0.3435224089635854,0.016448830218272148,0.23600905462633742,135447.73242630385,2768.473639455776,138216.20606575962,1504,381,1212.9714285714285,34,1,21,30.37773520890515,0.678921568627451,39.76190476190476,1040.952380952381,30.61624649859944,0
1506,4,0,0,35,0.0,0.0,1.0,35,300,200,100,0.6666666666666666,4,2,2,361.64420998881684,0.3433823529411764,0.015878461161480173,0.23689727463312374,135478.71492346932,2799.018565759631,138277.73348922897,1505,382,1213.9714285714285,34,1,21,30.31970649895179,0.6792279411764706,39.732142857142854,1041.071428571428,30.61974789915965,0
1507,4,0,0,35,0.0,0.0,1.0,35,750,500,250,0.6666666666666666,10,5,5,363.52000000000004,0.34271708683473384,0.027200000000000335,0.23915789473684212,135633.6805555556,2861.1111111111154,138494.79166666672,1506,383,1214.9714285714285,34,1,21,30.116666666666678,0.6807598039215687,39.583333333333336,1041.666666666667,30.637254901960794,0
1508,4,0,0,35,0.0,0.0,1.0,35,1000,600,400,0.6,14,6,8,365.4898741837906,0.34313725490196073,0.024801292618041204,0.24108009560894653,135726.7024518141,2921.347080498869,138648.049532313,1507,384,1215.9714285714285,34,1,21,29.972818843063312,0.6816789215686274,39.49404761904762,1042.0238095238099,30.647759103641466,0
1509,4,0,0,35,0.0,0.0,1.0,35,700,400,300,0.5714285714285714,10,4,6,365.4876736658365,0.34317226890756297,0.027657560625347077,0.2412880162345953,135757.7168367347,2923.5544217687093,138681.2712585034,1508,385,1216.9714285714285,34,1,21,29.94202650217043,0.6819852941176471,39.464285714285715,1042.1428571428573,30.651260504201687,0
1510,4,0,0,35,0.0,0.0,1.0,35,850,600,250,0.7058823529411765,11,6,5,363.82724356086663,0.3439775910364146,0.02891401164782481,0.2408189850236212,135850.78125000003,2885.243055555555,138736.0243055556,1509,386,1217.9714285714285,34,1,21,29.892752464694905,0.6829044117647058,39.375,1042.5000000000002,30.66176470588236,0
1511,4,0,0,35,0.0,0.0,1.0,35,500,400,100,0.8,6,4,2,364.7460859326684,0.34348739495798314,0.02560271425309102,0.24163738431152124,135881.80980725627,2912.471655328797,138794.28146258506,1510,387,1218.9714285714285,34,1,19,29.83795767679073,0.6832107843137255,39.345238095238095,1042.6190476190477,30.66526610644258,0
1512,4,0,0,35,0.0,0.0,1.0,35,900,600,300,0.6666666666666666,12,6,6,364.40745429274966,0.3429621848739495,0.02822908006064484,0.24246792118203211,136037.00573979586,2914.5797902494287,138951.5855300453,1511,388,1219.9714285714285,34,1,19,29.692552017954284,0.6847426470588236,39.19642857142857,1043.214285714285,30.68277310924368,0
1513,4,0,0,35,0.0,0.0,1.0,35,1450,1200,250,0.8275862068965517,17,12,5,366.3847197340033,0.34236694677871143,0.02743091762252403,0.24485222733443118,136192.290249433,2979.754818594097,139172.04506802707,1512,389,1220.9714285714285,34,1,19,29.48672255170318,0.6862745098039216,39.047619047619044,1043.809523809523,30.700280112044794,0
1514,4,0,0,35,0.0,0.0,1.0,35,550,400,150,0.7272727272727273,7,4,3,366.3847197340033,0.34236694677871143,0.02743091762252403,0.24485222733443118,136192.290249433,2979.754818594097,139172.04506802707,1513,390,1221.9714285714285,34,1,19,29.48672255170318,0.6862745098039216,39.047619047619044,1043.809523809523,30.700280112044794,0
1515,4,0,0,35,0.0,0.0,1.0,35,700,400,300,0.5714285714285714,10,4,6,365.6093691182666,0.3424019607843137,0.026405198951089393,0.24497782861239983,136285.5034722221,2965.4513888888787,139250.95486111098,1514,391,1222.9714285714285,34,1,19,29.414405426975282,0.6871936274509804,38.95833333333333,1044.1666666666656,30.71078431372546,0
1516,4,0,0,35,0.0,0.0,1.0,35,950,700,250,0.7368421052631579,12,7,5,365.06907050583436,0.3431022408963585,0.02538018170568912,0.24526156390644657,136378.74858276648,2957.5325963718856,139336.28117913837,1515,392,1223.9714285714285,34,1,19,29.335964212445866,0.6881127450980392,38.86904761904762,1044.5238095238096,30.721288515406165,0
1517,4,0,0,35,0.0,0.0,1.0,35,700,600,100,0.8571428571428571,8,6,2,365.4907167876193,0.34282212885154056,0.035862383230804484,0.24641148325358855,136503.125,2978.125,139481.25,1516,393,1224.9714285714285,34,1,19,29.201555023923436,0.6893382352941176,38.75,1045.0,30.735294117647058,0
1518,4,0,0,35,0.0,0.0,1.0,35,450,300,150,0.6666666666666666,6,3,3,365.7083010741543,0.34313725490196073,0.035062716579628006,0.24721205479077338,136596.444515306,2990.8907312925003,139587.33524659852,1517,394,1225.9714285714285,34,1,20,29.103319667463843,0.6902573529411764,38.66071428571428,1045.357142857142,30.745798319327704,0
1519,4,0,0,35,0.0,0.0,1.0,35,1200,900,300,0.75,15,9,6,367.39447637302607,0.3422619047619047,0.03688293944470633,0.24879149467881914,136658.6752409296,3041.528486394539,139700.20372732411,1518,395,1226.9714285714285,34,1,21,28.99754260123722,0.6908700980392157,38.60119047619047,1045.5952380952372,30.75280112044815,0
1520,4,0,0,35,0.0,0.0,1.0,35,950,700,250,0.7368421052631579,12,7,5,362.4001278879025,0.34229691876750695,0.034375457250159114,0.24628073656233532,136783.17920918346,2914.0483276643786,139697.22753684784,1519,396,1227.9714285714285,34,1,21,29.004732369788723,0.6920955882352942,38.48214285714285,1046.0714285714268,30.766806722689026,0
1521,4,0,0,35,0.0,0.0,1.0,35,900,600,300,0.6666666666666666,12,6,6,361.43621277131706,0.3424019607843137,0.03733237976041481,0.24606219008885397,136845.4524518141,2892.1804138322063,139737.63286564633,1520,397,1228.9714285714285,34,1,21,28.96826525581221,0.6927083333333333,38.42261904761905,1046.309523809524,30.773809523809533,0
1522,4,0,0,35,0.0,0.0,1.0,35,950,600,350,0.631578947368421,13,6,7,360.0805306503305,0.3429621848739495,0.042902638762511325,0.24579410135696483,136938.88888888896,2861.80555555556,139800.69444444453,1521,398,1229.9714285714285,34,1,21,28.91122611464968,0.6936274509803921,38.333333333333336,1046.6666666666672,30.78431372549021,0
1523,4,0,0,35,0.0,0.0,1.0,35,500,300,200,0.6,7,3,4,360.9264054114264,0.34306722689075625,0.04540108515546315,0.24681079387154609,137001.1975623582,2889.469954648515,139890.66751700672,1522,399,1230.9714285714285,34,1,18,28.82742021074976,0.6942401960784313,38.27380952380952,1046.9047619047612,30.791316526610625,0
1524,4,0,0,35,0.0,0.0,1.0,35,1000,900,100,0.9,11,9,2,361.3324522402664,0.34254201680672264,0.04141671673784941,0.24775070790004858,137094.6871456916,2907.3518990929724,140002.03904478456,1523,400,1231.9714285714285,34,1,18,28.724281004888038,0.6951593137254901,38.18452380952381,1047.2619047619046,30.80182072829131,0
1525,4,0,0,35,0.0,0.0,1.0,35,700,500,200,0.7142857142857143,9,5,4,361.238044088323,0.3420868347338935,0.04380216282921445,0.24790735662161192,137125.85742630388,2907.0153061224505,140032.87273242633,1524,401,1232.9714285714285,34,1,19,28.695915738425388,0.6954656862745099,38.154761904761905,1047.3809523809525,30.805322128851543,0
1526,4,0,0,35,0.0,0.0,1.0,35,600,300,300,0.5,9,3,6,361.84815483763794,0.3417366946778711,0.042547113152725746,0.24899340193323316,137219.38952664402,2930.516581632653,140149.9061082767,1525,402,1233.9714285714285,34,1,19,28.587423777601018,0.6963848039215687,38.06547619047619,1047.7380952380956,30.815826330532225,0
1527,4,0,0,35,0.0,0.0,1.0,35,700,500,200,0.7142857142857143,9,5,4,361.84815483763794,0.3417366946778711,0.042547113152725746,0.24899340193323316,137219.38952664402,2930.516581632653,140149.9061082767,1526,403,1234.9714285714285,34,1,19,28.587423777601018,0.6963848039215687,38.06547619047619,1047.7380952380956,30.815826330532225,0
1528,4,0,0,35,0.0,0.0,1.0,35,750,500,250,0.6666666666666666,10,5,5,361.84815483763794,0.3417366946778711,0.042547113152725746,0.24899340193323316,137219.38952664402,2930.516581632653,140149.9061082767,1527,404,1235.9714285714285,34,1,19,28.587423777601018,0.6963848039215687,38.06547619047619,1047.7380952380956,30.815826330532225,0
1529,4,0,0,35,0.0,0.0,1.0,35,550,300,250,0.5454545454545454,8,3,5,351.50688711942246,0.3410714285714285,0.026634106634106258,0.23635807926995675,136409.83737244914,2589.7994614512645,138999.6368339004,1528,405,1236.9714285714285,34,1,20,29.659306742640076,0.6884191176470589,38.83928571428572,1044.6428571428585,30.724789915966426,2
1530,4,0,0,35,0.0,0.0,1.0,35,1000,700,300,0.7,13,7,6,349.59262735641477,0.3400910364145658,0.026065162907268347,0.23569309392738946,136503.12500000012,2544.097222222238,139047.22222222236,1529,406,1237.9714285714285,34,1,20,29.616892610313652,0.6893382352941176,38.75000000000001,1045.000000000001,30.735294117647086,0
1531,4,0,0,35,0.0,0.0,1.0,35,1150,700,450,0.6086956521739131,16,7,9,346.9613717673528,0.34005602240896354,0.030279662257797213,0.23453947694296592,136596.4445153062,2478.7379535147525,139075.18246882097,1530,407,1238.9714285714285,34,1,21,29.593250578901422,0.6902573529411764,38.66071428571429,1045.3571428571436,30.74579831932775,0
1532,4,0,0,35,0.0,0.0,1.0,35,650,200,450,0.3076923076923077,11,2,9,346.06639603242195,0.33988095238095234,0.027204997234603567,0.23414137827093456,136627.55810657606,2456.4413265306243,139083.99943310668,1531,408,1239.9714285714285,34,1,21,29.585847946557358,0.6905637254901961,38.63095238095239,1045.4761904761913,30.74929971988798,0
1533,4,0,0,35,0.0,0.0,1.0,35,900,500,400,0.5555555555555556,13,5,8,346.06639603242195,0.33988095238095234,0.027204997234603567,0.23414137827093456,136627.55810657606,2456.4413265306243,139083.99943310668,1532,409,1240.9714285714285,34,1,21,29.585847946557358,0.6905637254901961,38.63095238095239,1045.4761904761913,30.74929971988798,0
1534,4,0,0,35,0.0,0.0,1.0,35,850,700,150,0.8235294117647058,10,7,3,345.55007063379924,0.3393557422969187,0.03118952760387006,0.23441369656509103,136720.920138889,2448.7847222222326,139169.7048611112,1533,410,1241.9714285714285,34,1,22,29.506972111553775,0.6914828431372548,38.54166666666667,1045.8333333333342,30.75980392156865,0
1535,4,0,0,35,0.0,0.0,1.0,35,1350,1100,250,0.8148148148148148,16,11,5,344.6332245589167,0.33928571428571425,0.03380583913128299,0.23441461125570903,136814.31405895695,2430.1516439909383,139244.4657029479,1534,411,1242.9714285714285,34,1,23,29.438581019572155,0.6924019607843137,38.452380952380956,1046.1904761904766,30.77030812324931,0
1536,4,0,0,35,0.0,0.0,1.0,35,1100,800,300,0.7272727272727273,14,8,6,346.1347316321151,0.3384803921568627,0.03858052775250265,0.23627457767931323,136938.8888888888,2479.8611111111013,139418.74999999988,1535,412,1243.9714285714285,34,1,24,29.27614118895966,0.6936274509803921,38.33333333333333,1046.6666666666658,30.784313725490172,0
1537,4,0,0,35,0.0,0.0,1.0,35,750,600,150,0.8,9,6,3,347.8738921185323,0.33809523809523806,0.0400552261837086,0.23809734483910422,137032.3572137187,2533.995890022663,139566.35310374136,1536,413,1244.9714285714285,34,1,20,29.138241425052126,0.694546568627451,38.24404761904761,1047.0238095238085,30.79481792717084,0
1538,4,0,0,35,0.0,0.0,1.0,35,800,700,100,0.875,9,7,2,346.47731713764995,0.3376050420168067,0.04487143997003784,0.2325666031559757,136347.66333616787,2448.2745181405944,138795.93785430846,1537,414,1245.9714285714285,34,1,22,29.852245526045838,0.6878063725490196,38.898809523809526,1044.4047619047624,30.71778711484595,1
1539,4,0,0,35,0.0,0.0,1.0,35,800,700,100,0.875,9,7,2,345.5760884287884,0.3369047619047619,0.04953770022138304,0.2325748276112767,136440.92970521547,2430.1445578231305,138871.0742630386,1538,415,1246.9714285714285,34,1,23,29.78340549984805,0.6887254901960784,38.80952380952381,1044.761904761905,30.72829131652662,0
1540,4,0,0,35,0.0,0.0,1.0,35,750,500,250,0.6666666666666666,10,5,5,344.59193198631385,0.33686974789915963,0.04804972906123406,0.23252671567316283,136534.22796201814,2409.7186791383233,138943.94664115645,1539,416,1247.9714285714285,34,1,23,29.716748300869504,0.6896446078431373,38.720238095238095,1045.1190476190475,30.73879551820728,0
1541,4,0,0,35,0.0,0.0,1.0,35,950,600,350,0.631578947368421,13,6,7,344.4194152511762,0.33637955182072826,0.04462882522329048,0.23282116130258493,136596.44451530612,2409.2935090702927,139005.73802437642,1540,417,1248.9714285714285,34,1,23,29.659681888926862,0.6902573529411764,38.660714285714285,1045.357142857143,30.745798319327733,0
1542,4,0,0,35,0.0,0.0,1.0,35,800,400,400,0.5,12,4,8,345.2868519692906,0.3362394957983193,0.048156196716926836,0.23682355031537397,137105.6880166283,2473.547311081306,139579.2353277096,1541,418,1249.9714285714285,33,2,20,29.133512754505045,0.6976010101010102,38.17401960784314,1047.303921568628,31.736482471776608,3
1543,4,0,0,35,0.0,0.0,1.0,35,1100,900,200,0.8181818181818182,13,9,4,349.9488317826353,0.33662464985994395,0.04122196054851335,0.24157484731532503,137330.38562391853,2611.7216034698067,139942.10722738833,1542,419,1250.9714285714285,33,2,21,28.789484196578204,0.6998106060606061,37.959558823529406,1048.161764705881,31.76247771836003,0
1544,4,0,0,35,0.0,0.0,1.0,35,1000,800,200,0.8,12,8,4,348.9672927145411,0.3370098039215686,0.048000801348937916,0.2417905363367065,137458.86685709807,2593.7297253460038,140052.59658244406,1543,420,1251.9714285714285,33,2,21,28.68837891005416,0.7010732323232323,37.83700980392156,1048.6519607843125,31.777332144979166,0
1545,4,0,0,35,0.0,0.0,1.0,35,650,300,350,0.46153846153846156,10,3,7,351.31075200318213,0.3361344537815126,0.04919504179109491,0.24477412281556102,137651.70134383388,2671.704542723928,140323.4058865578,1544,421,1252.9714285714285,33,2,22,28.436660632955743,0.7029671717171717,37.65318627450979,1049.387254901959,31.79961378490785,0
1546,4,0,0,35,0.0,0.0,1.0,35,800,400,400,0.5,12,4,8,351.83843079050246,0.33497899159663863,0.05029265120312165,0.24605712951691697,137780.33275963564,2695.2832143886844,140475.61597402432,1545,422,1253.9714285714285,33,2,22,28.295956383020112,0.704229797979798,37.530637254901954,1049.8774509803914,31.81446821152701,0
1547,4,0,0,35,0.0,0.0,1.0,35,850,700,150,0.8235294117647058,10,7,3,350.08720823365564,0.33473389355742295,0.055649274879146615,0.2455194250869415,137876.84574442508,2653.784001345619,140530.6297457707,1546,423,1254.9714285714285,33,2,23,28.24679113185532,0.7051767676767677,37.43872549019607,1050.2450980392146,31.82560903149135,0
1548,4,0,0,35,0.0,0.0,1.0,35,900,600,300,0.6666666666666666,12,6,6,350.6627818823314,0.33396358543417365,0.055836582358625764,0.24684586961076427,138005.58228806223,2678.6842800845748,140684.2665681468,1547,424,1255.9714285714285,33,2,23,28.104832439157143,0.7064393939393939,37.31617647058823,1050.7352941176466,31.840463458110502,0
1549,4,0,0,35,0.0,0.0,1.0,35,650,500,150,0.7692307692307693,8,5,3,348.7152145555663,0.3338235294117647,0.05642998717500336,0.24616711071959607,138102.17411872838,2631.6658556805123,140733.83997440888,1548,425,1256.9714285714285,33,2,20,28.060875014573874,0.7073863636363636,37.224264705882355,1051.1029411764707,31.85160427807487,0
1550,4,0,0,35,0.0,0.0,1.0,35,550,300,250,0.5454545454545454,8,3,5,348.7319930378086,0.33371848739495796,0.056296937705027306,0.24664235517488536,138166.58744533343,2636.621882208753,140803.20932754216,1549,426,1257.9714285714285,33,2,20,27.997022768776475,0.7080176767676767,37.162990196078425,1051.3480392156855,31.85903149138441,0
1551,4,0,0,35,0.0,0.0,1.0,35,850,700,150,0.8235294117647058,10,7,3,349.6526536316774,0.3330532212885154,0.0552582949040239,0.24775965489788823,138231.01579020103,2666.568297049227,140897.58408725026,1550,427,1258.9714285714285,33,2,20,27.90940741172358,0.7086489898989898,37.10171568627452,1051.593137254903,31.86645870469403,0
1552,4,0,0,35,0.0,0.0,1.0,35,1300,1100,200,0.8461538461538461,15,11,4,346.3582001764531,0.3318627450980392,0.052277227722772324,0.24635336773113936,138359.91753472234,2584.4184027777874,140944.33593750012,1551,428,1259.9714285714285,33,2,20,27.869224422442233,0.7099116161616161,36.97916666666667,1052.0833333333342,31.881313131313156,0
1553,4,0,0,35,0.0,0.0,1.0,35,600,400,200,0.6666666666666666,8,4,4,346.3582001764531,0.3318627450980392,0.052277227722772324,0.24635336773113936,138359.91753472234,2584.4184027777874,140944.33593750012,1552,429,1260.9714285714285,33,2,20,27.869224422442233,0.7099116161616161,36.97916666666667,1052.0833333333342,31.881313131313156,0
1554,4,0,0,35,0.0,0.0,1.0,35,800,400,400,0.5,12,4,8,347.47819633430447,0.3311974789915966,0.05282403633399313,0.24761786488984844,138424.39093437628,2619.8915381103498,141044.28247248664,1553,430,1261.9714285714285,33,2,20,27.7763625247467,0.7105429292929293,36.91789215686275,1052.3284313725496,31.888740344622715,0
1555,4,0,0,35,0.0,0.0,1.0,35,800,600,200,0.75,10,6,4,346.61291228822233,0.33070728291316526,0.0517399693925078,0.24723519026007082,138456.63326605147,2598.1713763936864,141054.80464244517,1554,431,1262.9714285714285,33,2,20,27.767427418102766,0.7108585858585859,36.88725490196078,1052.4509803921565,31.892453951277467,0
1556,4,0,0,35,0.0,0.0,1.0,35,1050,700,350,0.6666666666666666,14,7,7,350.62157279523865,0.33028711484593837,0.046597293793011696,0.25152268752940554,138650.1661019799,2722.7478613994463,141372.91396337934,1555,432,1263.9714285714285,33,2,21,27.471685672174377,0.7127525252525253,36.70343137254901,1053.186274509803,31.914735591206153,0
1557,4,0,0,35,0.0,0.0,1.0,35,650,400,250,0.6153846153846154,9,4,5,356.66611514012305,0.33000700280112044,0.12439873833618065,0.22410177292330247,133964.73922902477,2556.1366213151623,136520.87585033991,1556,433,1264.9714285714285,34,1,18,31.959617448635367,0.6642156862745099,41.190476190476176,1035.2380952380936,30.448179271708636,8
1558,4,0,0,35,0.0,0.0,1.0,35,1150,900,250,0.782608695652174,14,9,5,353.45804566716004,0.3302521008403361,0.11667624410987254,0.22301946739303535,134118.83680555545,2481.0763888888696,136599.91319444432,1557,434,1265.9714285714285,34,1,19,31.88857602574415,0.6657475490196079,41.04166666666666,1035.8333333333323,30.465686274509775,0
1559,4,0,0,35,0.0,0.0,1.0,35,800,400,400,0.5,12,4,8,355.3153017017174,0.3289565826330532,0.12106515283269692,0.22532631696408204,134303.87081916063,2544.0440759636804,136847.9148951243,1558,435,1266.9714285714285,34,1,19,31.65556448834271,0.6675857843137255,40.86309523809522,1036.5476190476163,30.486694677871068,0
1560,4,0,0,35,0.0,0.0,1.0,35,800,500,300,0.625,11,5,6,362.45587019887716,0.3284313725490196,0.10531133479492394,0.2245415373535999,133442.324205354,2673.390748242447,136115.71495359644,1559,436,1267.9714285714285,35,0,21,32.33320731115342,0.6568452380952381,41.69560185185185,1033.217592592592,29.520502645502628,2
1561,4,0,0,35,0.0,0.0,1.0,35,950,700,250,0.7368421052631579,12,7,5,363.01340274353464,0.3281862745098039,0.10969217354107386,0.225629590266436,133564.50007086163,2697.1440802722773,136261.6441511339,1560,437,1268.9714285714285,34,1,21,32.1962935237437,0.6602328431372548,41.57738095238095,1033.690476190476,30.40266106442576,0
1562,4,0,0,35,0.0,0.0,1.0,35,950,700,250,0.7368421052631579,12,7,5,366.28707241788555,0.3284313725490196,0.10655481536310529,0.2280432418601676,133626.0363520409,2789.0979308390088,136415.13428287988,1561,438,1269.9714285714285,34,1,21,32.049990404912684,0.6608455882352942,41.517857142857146,1033.928571428572,30.409663865546236,0
1563,4,0,0,35,0.0,0.0,1.0,35,600,400,200,0.6666666666666666,8,4,4,363.76946989713434,0.3283263305322129,0.10066869300911874,0.22590134674418727,133532.02830289793,2714.975030006876,136247.0033329048,1562,439,1270.9714285714285,35,0,20,32.20931317655843,0.6577380952380952,41.608796296296305,1033.564814814816,29.53042328042331,1
1564,4,0,0,35,0.0,0.0,1.0,35,1150,700,450,0.6086956521739131,16,7,9,360.77512695760413,0.3278011204481793,0.09672002686667414,0.22458565917158754,133621.76254125955,2641.4816690243624,136263.2442102839,1563,440,1271.9714285714285,35,0,21,32.19674708011493,0.6586309523809524,41.52199074074075,1033.912037037038,29.540343915343946,0
1565,4,0,0,35,0.0,0.0,1.0,35,1050,800,250,0.7619047619047619,13,8,5,367.52349684699055,0.32759103641456583,0.09550445080146375,0.22990150722989833,133801.32144043632,2835.0259077074684,136636.34734814378,1564,441,1272.9714285714285,35,0,18,31.842324831263742,0.6604166666666667,41.348379629629626,1034.606481481481,29.560185185185173,0
1566,4,0,0,35,0.0,0.0,1.0,35,800,400,400,0.5,12,4,8,367.1543229828374,0.3266106442577031,0.10097112190135471,0.2306059174689956,133951.04595336074,2836.1411179698184,136787.18707133055,1565,442,1273.9714285714285,35,0,18,31.70188580799045,0.6619047619047619,41.2037037037037,1035.185185185185,29.576719576719572,0
1567,4,0,0,35,0.0,0.0,1.0,35,850,700,150,0.8235294117647058,10,7,3,366.04504634166386,0.32640056022408964,0.10162704178575432,0.2304718528936571,134040.92084887266,2813.003016760982,136853.92386563364,1566,443,1274.9714285714285,35,0,19,31.640610446704674,0.662797619047619,41.11689814814815,1035.5324074074078,29.586640211640223,0
1568,4,0,0,35,0.0,0.0,1.0,35,850,500,350,0.5882352941176471,12,5,7,364.61279241436193,0.32692577030812325,0.1020640773909296,0.2299450232076198,134100.85419077933,2778.9773823302485,136879.83157310958,1567,444,1275.9714285714285,35,0,20,31.617708682534353,0.6633928571428571,41.05902777777778,1035.763888888889,29.59325396825397,0
1569,4,0,0,35,0.0,0.0,1.0,35,700,400,300,0.5714285714285714,10,4,6,363.4683505890094,0.32682072829131653,0.1038798538072363,0.2295981091123656,134160.80092860505,2752.6410054440958,136913.44193404916,1568,445,1276.9714285714285,35,0,21,31.587369195248204,0.6639880952380952,41.001157407407405,1035.9953703703698,29.599867724867707,0
1570,4,0,0,35,0.0,0.0,1.0,35,750,700,50,0.9333333333333333,8,7,1,361.5226639979415,0.32657563025210085,0.1054532690896326,0.22893026403377434,134250.7461526921,2706.937478566534,136957.68363125864,1569,446,1277.9714285714285,35,0,21,31.547818479636653,0.6648809523809525,40.914351851851855,1036.342592592593,29.60978835978837,0
1571,4,0,0,35,0.0,0.0,1.0,35,1050,700,350,0.6666666666666666,14,7,7,359.3190748836904,0.3267857142857143,0.10520002552159768,0.227908047780335,134310.7263803155,2652.081189986281,136962.80757030178,1570,447,1278.9714285714285,35,0,22,31.544960547863624,0.6654761904761906,40.85648148148148,1036.574074074074,29.61640211640211,0
1572,4,0,0,35,0.0,0.0,1.0,35,1050,900,150,0.8571428571428571,12,9,3,361.60263861404565,0.32727591036414566,0.11160654482824617,0.22973308061734912,134370.7200038581,2717.7613811728456,137088.48138503093,1571,448,1279.9714285714285,35,0,22,31.425820495646352,0.6660714285714286,40.798611111111114,1036.8055555555559,29.623015873015884,0
1573,4,0,0,35,0.0,0.0,1.0,35,350,200,150,0.5714285714285714,5,2,3,362.6954387436507,0.32734593837535014,0.11019178344253677,0.23099600757511404,134460.7355565201,2753.659095293214,137214.39465181332,1572,449,1280.9714285714285,35,0,22,31.307541011047874,0.6669642857142857,40.71180555555556,1037.152777777778,29.632936507936517,0
1574,4,0,0,35,0.0,0.0,1.0,35,950,700,250,0.7368421052631579,12,7,5,363.2695083531637,0.3280112044817927,0.1113147702459314,0.2317426763963992,134520.76266986033,2773.458263674565,137294.2209335349,1573,450,1281.9714285714285,35,0,22,31.232683439324635,0.6675595238095238,40.65393518518519,1037.38425925926,29.639550264550287,0
1575,4,0,0,35,0.0,0.0,1.0,35,1400,900,500,0.6428571428571429,19,9,10,365.35252117662844,0.32853641456582633,0.11349898380646439,0.23346133244688366,134581.66099773243,2833.953178911739,137415.61417664416,1574,451,1282.9714285714285,34,1,22,31.11781971852532,0.670343137254902,40.595238095238095,1037.6190476190475,30.51820728291316,0
1576,4,0,0,35,0.0,0.0,1.0,35,850,700,150,0.8235294117647058,10,7,3,367.635844503064,0.32829131652661064,0.1163834215572197,0.2351197106774182,134612.54428854876,2897.6792800453504,137510.2235685941,1575,452,1283.9714285714285,34,1,22,31.027733165079724,0.6706495098039216,40.56547619047619,1037.7380952380954,30.521708683473395,0
1577,4,0,0,35,0.0,0.0,1.0,35,800,500,300,0.625,11,5,6,367.65899341893345,0.3276610644257703,0.11962708698572899,0.23553407521085096,134674.32149943308,2902.8450963718806,137577.16659580497,1576,453,1284.9714285714285,34,1,22,30.965420346369992,0.6712622549019608,40.50595238095238,1037.9761904761904,30.528711484593835,0
1578,4,0,0,35,0.0,0.0,1.0,35,550,500,50,0.9090909090909091,6,5,1,369.8770254219604,0.3274159663865546,0.12368722770006935,0.2375601926163723,134767.01388888876,2969.4444444444257,137736.4583333332,1577,454,1285.9714285714285,34,1,22,30.81527554842161,0.6721813725490196,40.41666666666666,1038.3333333333321,30.539215686274474,0
1579,4,0,0,35,0.0,0.0,1.0,35,650,500,150,0.7692307692307693,8,5,3,369.16060108969157,0.3278011204481793,0.12578109648260982,0.23750420972761535,134828.82653061204,2954.6981292516793,137783.52465986373,1578,455,1286.9714285714285,34,1,17,30.77215153599267,0.6727941176470589,40.35714285714285,1038.5714285714268,30.546218487394906,0
1580,4,0,0,35,0.0,0.0,1.0,35,1000,800,200,0.8,12,8,4,369.69402181755834,0.3273109243697479,0.12053960250155504,0.23825332602511184,134890.65334467115,2973.653628117907,137864.30697278905,1579,456,1287.9714285714285,34,1,17,30.696577278630897,0.673406862745098,40.297619047619044,1038.8095238095234,30.553221288515395,0
1581,4,0,0,35,0.0,0.0,1.0,35,1150,600,550,0.5217391304347826,17,6,11,366.32022372735725,0.32692577030812325,0.11450199583339993,0.23759238770706467,135121.77057881074,2899.567445773304,138021.33802458405,1580,457,1288.9714285714285,35,0,18,30.55366154588296,0.6735119047619047,40.075231481481474,1039.699074074073,29.7056878306878,0
1582,4,0,0,35,0.0,0.0,1.0,35,550,200,350,0.36363636363636365,9,2,7,365.2018807082481,0.32633053221288516,0.11172907226329665,0.23726239321501125,135181.94504726058,2873.740113811706,138055.6851610723,1581,458,1289.9714285714285,35,0,18,30.522746243739572,0.6741071428571428,40.0173611111111,1039.9305555555538,29.71230158730154,0
1583,4,0,0,35,0.0,0.0,1.0,35,950,700,250,0.7368421052631579,12,7,5,364.3687742574494,0.32640056022408964,0.10621055810774283,0.23711673962720456,135242.13291162968,2855.6020393947038,138097.73495102438,1582,459,1290.9714285714285,35,0,18,30.48442657913282,0.6747023809523809,39.95949074074073,1040.1620370370363,29.718915343915324,0
1584,4,0,0,35,0.0,0.0,1.0,35,850,600,250,0.7058823529411765,11,6,5,362.7310532899617,0.32615546218487396,0.11212458286985583,0.23664384390977877,135332.43982553136,2817.8556884430554,138150.29551397442,1583,460,1291.9714285714285,35,0,19,30.437059695958474,0.6755952380952381,39.872685185185176,1040.5092592592578,29.728835978835935,0
1585,4,0,0,35,0.0,0.0,1.0,35,900,700,200,0.7777777777777778,11,7,4,364.2240563015868,0.3245798319327731,0.11549720048459466,0.23472814736245529,134890.65334467104,2826.4190816501286,137717.07242632116,1584,461,1292.9714285714285,34,1,17,30.838633585453422,0.673406862745098,40.29761904761904,1038.8095238095225,30.553221288515367,2
1586,4,0,0,35,0.0,0.0,1.0,35,750,500,250,0.6666666666666666,10,5,5,368.0741711704973,0.32461484593837536,0.11098019963999328,0.23802129735692149,135014.34948979583,2939.0589569160898,137953.40844671192,1585,462,1293.9714285714285,34,1,17,30.615215731195118,0.6746323529411764,40.17857142857142,1039.2857142857138,30.567226890756288,0
1587,4,0,0,35,0.0,0.0,1.0,35,650,500,150,0.7692307692307693,8,5,3,367.9674296701809,0.32443977591036416,0.11408936956984128,0.2381559398406485,135045.2823837868,2938.453089569151,137983.73547335595,1586,463,1294.9714285714285,34,1,18,30.58713205818347,0.6749387254901961,40.14880952380952,1039.4047619047615,30.570728291316513,0
1588,4,0,0,35,0.0,0.0,1.0,35,550,400,150,0.7272727272727273,7,4,3,367.9674296701809,0.32443977591036416,0.11408936956984128,0.2381559398406485,135045.2823837868,2938.453089569151,137983.73547335595,1587,464,1295.9714285714285,34,1,18,30.58713205818347,0.6749387254901961,40.14880952380952,1039.4047619047615,30.570728291316513,0
1589,4,0,0,35,0.0,0.0,1.0,35,750,600,150,0.8,9,6,3,369.6941915964205,0.3242296918767507,0.12193965164772269,0.24009507536020322,135169.0493905896,2994.242488662134,138163.29187925172,1588,465,1296.9714285714285,34,1,18,30.4188132035871,0.6761642156862745,40.029761904761905,1039.8809523809525,30.584733893557427,0
1590,4,0,0,35,0.0,0.0,1.0,35,1350,1000,350,0.7407407407407407,17,10,7,368.43071580977585,0.32401960784313727,0.12107572000762912,0.23996052707958426,135272.23186728387,2967.6890432098658,138239.92091049373,1589,466,1297.9714285714285,35,0,18,30.348798397863806,0.675,39.93055555555555,1040.2777777777771,29.722222222222204,0
1591,4,0,0,35,0.0,0.0,1.0,35,750,600,150,0.8,9,6,3,376.66674311832276,0.3240546218487395,0.12362087056055437,0.24491514860066946,135212.03730495553,3185.975544410162,138398.0128493657,1590,467,1298.9714285714285,35,0,17,30.194654647970914,0.674404761904762,39.98842592592593,1040.0462962962972,29.715608465608494,2
1592,4,0,0,35,0.0,0.0,1.0,35,900,700,200,0.7777777777777778,11,7,4,375.8802575101986,0.3238795518207283,0.12722707770538721,0.24522231603894679,135332.4398255316,3173.758466220862,138506.19829175246,1591,468,1299.9714285714285,35,0,17,30.09501297738228,0.6755952380952381,39.87268518518519,1040.5092592592598,29.728835978835995,0
1593,4,0,0,35,0.0,0.0,1.0,35,950,600,350,0.631578947368421,13,6,7,375.2690808771335,0.3238795518207283,0.1244258076813114,0.24564556866149478,135452.89592978393,3166.2567515432065,138619.15268132713,1592,469,1300.9714285714285,35,0,18,29.990827218145437,0.6767857142857143,39.75694444444444,1040.9722222222222,29.74206349206349,0
1594,4,0,0,35,0.0,0.0,1.0,35,950,600,350,0.631578947368421,13,6,7,374.0748972565158,0.3244747899159664,0.1223264897823082,0.24548153542063245,135543.27317226076,3140.667197145056,138683.9403694058,1593,470,1301.9714285714285,35,0,20,29.9318522840947,0.6776785714285714,39.670138888888886,1041.3194444444441,29.751984126984116,0
1595,4,0,0,35,0.0,0.0,1.0,35,800,600,200,0.75,10,6,4,378.8800000000001,0.3252450980392157,0.1238857142857146,0.24926315789473696,135633.6805555556,3277.807918595686,138911.48847415127,1594,471,1302.9714285714285,34,1,20,29.716666666666672,0.6807598039215687,39.583333333333336,1041.666666666667,30.637254901960794,0
1596,4,0,0,35,0.0,0.0,1.0,35,750,600,150,0.8,9,6,3,378.8800000000001,0.3252450980392157,0.1238857142857146,0.24926315789473696,135633.6805555556,3277.7777777777846,138911.45833333337,1595,472,1303.9714285714285,34,1,20,29.716666666666672,0.6807598039215687,39.583333333333336,1041.666666666667,30.637254901960794,0
1597,4,0,0,35,0.0,0.0,1.0,35,500,300,200,0.6,7,3,4,378.91652448622887,0.32496498599439777,0.11957430138417346,0.24971968541441816,135695.69160997725,3283.4679705215312,138979.1595804988,1596,473,1304.9714285714285,34,1,20,29.653936243144422,0.6813725490196079,39.52380952380952,1041.9047619047612,30.644257703081212,0
1598,4,0,0,35,0.0,0.0,1.0,35,550,300,250,0.5454545454545454,8,3,5,382.2612189666352,0.3248949579831933,0.10595839699142129,0.25351993080180024,135921.0568801662,3429.0583543466364,139350.11523451284,1597,474,1305.9714285714285,33,2,16,29.34233850432877,0.6859217171717171,39.307598039215684,1042.7696078431366,31.599079025549592,6
1599,4,0,0,35,0.0,0.0,1.0,35,850,500,350,0.5882352941176471,12,5,7,379.402863405601,0.32521008403361346,0.10902332860566344,0.25244550432978563,136037.00573979566,3322.5659013605105,139359.57164115616,1598,475,1306.9714285714285,34,1,16,29.301466392787837,0.6847426470588236,39.196428571428555,1043.2142857142837,30.68277310924364,0
1600,4,0,0,35,0.0,0.0,1.0,35,650,400,250,0.6153846153846154,9,4,5,378.23839760963966,0.32492997198879553,0.10900497107000273,0.25211099277935267,136099.10891439888,3295.5817743763973,139394.69068877527,1599,476,1307.9714285714285,34,1,16,29.27006084806998,0.6853553921568627,39.13690476190475,1043.4523809523794,30.689775910364098,0
1601,4,0,0,35,0.0,0.0,1.0,35,650,500,150,0.7692307692307693,8,5,3,380.2250860649249,0.3247549019607843,0.11035539115840254,0.2538791568569076,136161.2262613378,3354.382794784574,139515.6090561224,1600,477,1308.9714285714285,34,1,16,29.156448424014293,0.685968137254902,39.07738095238095,1043.6904761904757,30.69677871148458,0
1602,4,0,0,35,0.0,0.0,1.0,35,1100,800,300,0.7272727272727273,14,8,6,380.25896666834404,0.32461484593837536,0.10758180367118908,0.2547938423718903,136285.50347222216,3364.7569444444343,139650.2604166666,1601,478,1309.9714285714285,34,1,17,29.031989890928436,0.6871936274509804,38.95833333333333,1044.166666666666,30.710784313725473,0
1603,4,0,0,35,0.0,0.0,1.0,35,750,500,250,0.6666666666666666,10,5,5,399.47773372062136,0.32415966386554623,0.11581356294966971,0.24706117573013786,133379.976261338,3656.4661281179256,137036.44238945591,1602,479,1310.9714285714285,34,1,19,31.439677691982627,0.6583946078431373,41.75595238095239,1032.9761904761915,30.381652661064457,6
1604,4,0,0,35,0.0,0.0,1.0,35,950,800,150,0.8421052631578947,11,8,3,400.5164624264257,0.32496498599439777,0.11945894057073092,0.24853883585749012,133504.8420601214,3694.2411872539055,137199.0832473753,1603,480,1311.9714285714285,32,3,19,31.28716147424151,0.6643880208333333,41.63510101010101,1033.4595959595958,32.29561237373737,0
1605,4,0,0,35,0.0,0.0,1.0,35,850,500,350,0.5882352941176471,12,5,7,372.1435458198089,0.325140056022409,0.10106192067699493,0.23015606180174517,133379.97626133796,2927.2994614512604,136307.27572278923,1604,481,1312.9714285714285,34,1,20,32.14556682417117,0.6583946078431373,41.75595238095239,1032.9761904761913,30.38165266106445,3
1606,4,0,0,35,0.0,0.0,1.0,35,900,600,300,0.6666666666666666,12,6,6,373.85804522703245,0.3244047619047619,0.10147482328300872,0.23199606521480373,133504.84206012145,2982.4356316983494,136487.2776918198,1605,482,1313.9714285714285,32,3,22,31.975921400936677,0.6643880208333333,41.63510101010101,1033.4595959595963,32.295612373737384,0
1607,4,0,0,35,0.0,0.0,1.0,35,400,300,100,0.75,5,3,2,373.85804522703245,0.3244047619047619,0.10147482328300872,0.23199606521480373,133504.84206012145,2982.371856188145,136487.21391630959,1606,483,1314.9714285714285,32,3,22,31.975921400936677,0.6643880208333333,41.63510101010101,1033.4595959595963,32.295612373737384,0
1608,4,0,0,35,0.0,0.0,1.0,35,850,600,250,0.7058823529411765,11,6,5,379.34086342709855,0.32401960784313727,0.10658803824412,0.2360215037797176,133602.72548719525,3136.1946485052586,136738.9201357005,1607,484,1315.9714285714285,32,3,22,31.735975411170813,0.6653645833333333,41.54040404040404,1033.8383838383843,32.30744949494951,0
1609,4,0,0,35,0.0,0.0,1.0,35,800,600,200,0.75,10,6,4,377.2489599233498,0.324124649859944,0.10506777384296062,0.23492712797051774,133635.36126734497,3082.7602094173862,136718.12147676235,1608,485,1316.9714285714285,32,3,22,31.757286196930835,0.6656901041666667,41.50883838383837,1033.964646464645,32.31139520202016,0
1610,4,0,0,35,0.0,0.0,1.0,35,700,400,300,0.5714285714285714,10,4,6,377.0849108695986,0.3246498599439776,0.11316964285714315,0.23544813946979792,133733.29252117116,3085.7613381287447,136819.0538592999,1609,486,1317.9714285714285,32,3,18,31.6632588704427,0.6666666666666667,41.414141414141405,1034.343434343433,32.32323232323228,0
1611,4,0,0,35,0.0,0.0,1.0,35,550,400,150,0.7272727272727273,7,4,3,377.55077824739243,0.32496498599439777,0.11372077208767073,0.23594763738984623,133765.944243572,3100.6872704315756,136866.6315140036,1610,487,1318.9714285714285,32,3,18,31.61845477846942,0.6669921875,41.38257575757575,1034.4696969696963,32.32717803030301,0
1612,4,0,0,35,0.0,0.0,1.0,35,750,400,350,0.5333333333333333,11,4,7,375.5326336651504,0.32443977591036416,0.10976030680728699,0.2351023630928881,133831.25964506157,3051.6010802468963,136882.86072530848,1611,488,1319.9714285714285,32,3,19,31.605145413870243,0.6676432291666667,41.319444444444436,1034.722222222221,32.33506944444441,0
1613,4,0,0,35,0.0,0.0,1.0,35,800,600,200,0.75,10,6,4,375.74499214617265,0.324124649859944,0.11017271127067385,0.23565276974921026,133896.59098880217,3062.194705897351,136958.78569469953,1612,489,1320.9714285714285,32,3,20,31.53414867227845,0.6682942708333333,41.25631313131313,1034.9747474747473,32.342960858585855,0
1614,4,0,0,35,0.0,0.0,1.0,35,900,600,300,0.6666666666666666,12,6,6,374.9446567136443,0.3247549019607843,0.1131148397888242,0.23556867742491708,133961.93827479333,3045.662591827355,137007.6008666207,1613,490,1321.9714285714285,32,3,20,31.489358458348573,0.6689453125,41.19318181818181,1035.2272727272723,32.35085227272726,0
1615,4,0,0,35,0.0,0.0,1.0,35,950,600,350,0.631578947368421,13,6,7,375.0761210074266,0.3251750700280112,0.10570836309160936,0.2360705501444286,134027.30150303527,3054.0880713702545,137081.38957440553,1614,491,1322.9714285714285,32,3,21,31.420456854855097,0.6695963541666667,41.1300505050505,1035.479797979797,32.35874368686866,0
1616,4,0,0,35,0.0,0.0,1.0,35,700,600,100,0.8571428571428571,8,6,2,374.89380332810856,0.3248249299719888,0.10814311830765244,0.23679781803750036,134158.07578627174,3059.006255739204,137217.08204201094,1615,492,1323.9714285714285,32,3,22,31.294180377818407,0.6708984375,41.003787878787875,1035.984848484848,32.3745265151515,0
1617,4,0,0,35,0.0,0.0,1.0,35,950,800,150,0.8421052631578947,11,8,3,375.21694709483256,0.32492997198879553,0.10565998329156234,0.23763739982672738,134256.1983471075,3075.0401744720025,137331.2385215795,1616,493,1324.9714285714285,32,3,22,31.187560916179333,0.671875,40.909090909090914,1036.363636363637,32.386363636363654,0
1618,4,0,0,35,0.0,0.0,1.0,35,700,500,200,0.7142857142857143,9,5,4,376.7818278116613,0.3257703081232493,0.10561336349399708,0.23905554917571406,134321.63331547804,3121.990103050715,137443.62341852876,1617,494,1325.9714285714285,32,3,22,31.081506293138446,0.6725260416666667,40.8459595959596,1036.616161616162,32.39425505050506,0
1619,4,0,0,35,0.0,0.0,1.0,35,1100,800,300,0.7272727272727273,14,8,6,374.0458093353351,0.3250700280112045,0.10634708041258634,0.23795803501712676,134419.81565975407,3055.833747831847,137475.6494075859,1618,495,1326.9714285714285,32,3,22,31.054172247250293,0.6735026041666667,40.75126262626262,1036.9949494949492,32.40609217171716,0
1620,4,0,0,35,0.0,0.0,1.0,35,800,500,300,0.625,11,5,6,372.6255237169701,0.32384453781512607,0.10565657268017947,0.23812103840638102,134583.53261146814,3029.8518646056446,137613.38447607378,1619,496,1327.9714285714285,32,3,22,30.92728360509451,0.6751302083333333,40.59343434343434,1037.6262626262621,32.42582070707069,0
1621,4,0,0,35,0.0,0.0,1.0,35,750,600,150,0.8,9,6,3,371.9119499001265,0.3239495798319328,0.10593080438598035,0.23830772721192037,134681.810609249,3017.9549599530596,137699.76556920205,1620,497,1328.9714285714285,32,3,22,30.847575315249564,0.6761067708333333,40.49873737373737,1038.00505050505,32.43765782828281,0
1622,4,0,0,35,0.0,0.0,1.0,35,950,700,250,0.7368421052631579,12,7,5,372.5675258925068,0.32307422969187677,0.10886537759941639,0.2391586858246747,134747.3492022498,3040.497302571171,137787.84650482098,1621,498,1329.9714285714285,32,3,22,30.76507965462727,0.6767578125,40.43560606060606,1038.257575757576,32.44554924242425,0
1623,4,0,0,35,0.0,0.0,1.0,35,600,500,100,0.8333333333333334,7,5,2,369.89457213438124,0.3224089635854342,0.11243813922797763,0.23830247806965993,134878.47421500372,2978.1631019794013,137856.63731698313,1622,499,1330.9714285714285,32,3,19,30.703527004578415,0.6780598958333333,40.30934343434344,1038.7626262626272,32.4613320707071,0
1624,4,0,0,35,0.0,0.0,1.0,35,800,800,0,1.0,8,8,0,369.46463267317915,0.3220588235294118,0.11422321754075315,0.23845682057000717,134944.06063475672,2971.411558769521,137915.47219352625,1623,500,1331.9714285714285,32,3,19,30.6492283388018,0.6787109375,40.246212121212125,1039.015151515152,32.4692234848485,0
1625,4,0,0,35,0.0,0.0,1.0,35,1200,1100,100,0.9166666666666666,13,11,2,367.38752414210956,0.32230392156862747,0.11784022076817613,0.23754648163501213,135009.66299676057,2920.173164728094,137929.83616148867,1624,501,1332.9714285714285,32,3,20,30.63773134086583,0.6793619791666667,40.18308080808081,1039.2676767676771,32.47711489898991,0
1626,4,0,0,35,0.0,0.0,1.0,35,1150,900,250,0.782608695652174,14,9,5,369.22107093208035,0.3225140056022409,0.11957325006505326,0.2396009077325202,135140.91554752065,2979.3747130394813,138120.29026056014,1625,502,1333.9714285714285,32,3,20,30.459168184578,0.6806640625,40.05681818181818,1039.7727272727273,32.49289772727273,0
1627,4,0,0,35,0.0,0.0,1.0,35,900,500,400,0.5555555555555556,13,5,8,370.4761785846578,0.32296918767507005,0.1230355039542319,0.24157778465312954,135314.73021193774,3026.1768310265306,138340.90704296427,1626,503,1334.9714285714285,33,2,20,30.253239104829213,0.6799242424242424,39.88970588235294,1040.4411764705883,31.528520499108737,0
1628,4,0,0,35,0.0,0.0,1.0,35,950,700,250,0.7368421052631579,12,7,5,370.3058528162845,0.32303921568627453,0.12250664334488204,0.2423249548398707,135442.26529459833,3031.0127114571437,138473.27800605548,1627,504,1335.9714285714285,33,2,20,30.130582371870346,0.6811868686868687,39.767156862745104,1040.9313725490204,31.54337492572789,0
1629,4,0,0,35,0.0,0.0,1.0,35,1000,800,200,0.8,12,8,4,369.358009645254,0.3231792717086835,0.11911544606070801,0.24191952906217687,135474.15845167733,3007.6931048154665,138481.8515564928,1628,505,1336.9714285714285,33,2,20,30.12347949774378,0.6815025252525253,39.73651960784314,1041.053921568628,31.54708853238267,0
1630,4,0,0,35,0.0,0.0,1.0,35,650,400,250,0.6153846153846154,9,4,5,368.99491411134915,0.3232843137254902,0.11950313482258434,0.24254352475114904,135601.76862564884,3007.272593473671,138609.0412191225,1629,506,1337.9714285714285,33,2,20,30.005858532376358,0.6827651515151515,39.6139705882353,1041.5441176470592,31.561942959001794,0
1631,4,0,0,35,0.0,0.0,1.0,35,1000,800,200,0.8,12,8,4,369.8751799593843,0.32296918767507005,0.12003965919975834,0.2435560731862683,135665.59624002778,3035.867364715483,138701.46360474327,1630,507,1338.9714285714285,33,2,20,29.919396737638703,0.6833964646464646,39.55269607843137,1041.7892156862738,31.569370172311327,0
1632,4,0,0,35,0.0,0.0,1.0,35,850,500,350,0.5882352941176471,12,5,7,370.71584989913504,0.32338935574229694,0.12057593118395205,0.2445459171212059,135729.43887266915,3063.410857602847,138792.849730272,1631,508,1339.9714285714285,33,2,21,29.833955662707282,0.6840277777777778,39.49142156862745,1042.0343137254902,31.576797385620914,0
1633,4,0,0,35,0.0,0.0,1.0,35,1150,900,250,0.782608695652174,14,9,5,372.59809784152355,0.32415966386554623,0.12256125207812119,0.246668639559365,135857.1691927383,3124.024563869662,138981.19375660797,1632,509,1340.9714285714285,33,2,21,29.657806316366916,0.685290404040404,39.368872549019606,1042.524509803921,31.591651812240034,0
1634,4,0,0,35,0.0,0.0,1.0,35,1300,1200,100,0.9230769230769231,14,12,2,369.86087529511246,0.32461484593837536,0.12256884428856774,0.24617870456507346,136048.8773098086,3063.831368944627,139112.70867875323,1633,510,1341.9714285714285,33,2,17,29.53852441364188,0.6871843434343434,39.18504901960784,1043.2598039215677,31.61393345216872,0
1635,4,0,0,35,0.0,0.0,1.0,35,750,500,250,0.6666666666666666,10,5,5,371.353102178876,0.32366946778711486,0.1202167094382669,0.24806387225548895,136176.75781249985,3113.9322916666515,139290.6901041665,1634,511,1342.9714285714285,33,2,17,29.372504990019962,0.6884469696969697,39.06249999999999,1043.7499999999989,31.628787878787843,0
1636,4,0,0,35,0.0,0.0,1.0,35,600,300,300,0.5,9,3,6,369.013776280804,0.3234243697478992,0.11983968607985562,0.24694645405625812,136240.72059123876,3054.9405577181674,139295.66114895692,1635,512,1343.9714285714285,33,2,17,29.37001115154362,0.6890782828282829,39.00122549019607,1043.9950980392143,31.636215092097405,0
1637,4,0,0,35,0.0,0.0,1.0,35,850,600,250,0.7058823529411765,11,6,5,366.95646662440595,0.3225840336134454,0.11786678290609776,0.2460138514639306,136304.69838823992,3003.5781009707607,139308.2764892107,1636,513,1344.9714285714285,33,2,17,29.36018366388922,0.689709595959596,38.93995098039215,1044.24019607843,31.64364230540697,0
1638,4,0,0,35,0.0,0.0,1.0,35,700,500,200,0.7142857142857143,9,5,4,368.0452541135251,0.3224789915966387,0.1218216255175073,0.24719067776277165,136368.6912035033,3037.96992142443,139406.66112492772,1637,514,1345.9714285714285,33,2,17,29.268230083303997,0.6903409090909092,38.878676470588225,1044.4852941176457,31.651069518716536,0
1639,4,0,0,35,0.0,0.0,1.0,35,750,500,250,0.6666666666666666,10,5,5,367.53688913584637,0.32261904761904764,0.12080024127877786,0.2475212888445676,136464.70858564015,3031.1628940792048,139495.87147971935,1638,515,1346.9714285714285,33,2,17,29.18621471577138,0.6912878787878788,38.786764705882355,1044.8529411764707,31.662210338680932,0
1640,4,0,0,35,0.0,0.0,1.0,35,1100,900,200,0.8181818181818182,13,9,4,366.9382658251463,0.3235994397759104,0.1220182256767619,0.2475672097275986,136528.73894655894,3019.523740868883,139548.2626874278,1639,516,1347.9714285714285,33,2,17,29.138328642901804,0.6919191919191919,38.725490196078425,1045.0980392156857,31.669637551990476,0
1641,4,0,0,35,0.0,0.0,1.0,35,950,700,250,0.7368421052631579,12,7,5,368.3715904393785,0.3230042016806723,0.11546206276165094,0.24414226274866696,135896.85523160908,3012.24330383543,138909.0985354445,1640,517,1348.9714285714285,32,3,16,29.72849560022603,0.6881510416666667,39.33080808080808,1042.6767676767681,32.583648989899004,1
1642,4,0,0,35,0.0,0.0,1.0,35,250,100,150,0.4,4,1,3,367.8541614081736,0.3232843137254902,0.11235535260235596,0.24402470032691612,135929.7700011478,3000.4663108356253,138930.2363119834,1641,518,1349.9714285714285,32,3,16,29.709256568591847,0.6884765625,39.29924242424242,1042.80303030303,32.58759469696969,0
1643,4,0,0,35,0.0,0.0,1.0,35,650,600,50,0.9230769230769231,7,6,1,366.56261256486243,0.3231792717086835,0.10760452329079784,0.2438438248801041,136028.5382231405,2972.595270890723,139001.1334940312,1642,519,1350.9714285714285,32,3,16,29.64475913822318,0.689453125,39.20454545454545,1043.181818181818,32.59943181818181,0
1644,4,0,0,35,0.0,0.0,1.0,35,1050,900,150,0.8571428571428571,12,9,3,365.94652437958314,0.32307422969187677,0.1060957910014515,0.2447933546577989,136226.18227731873,2970.299586776876,139196.4818640956,1643,520,1351.9714285714285,32,3,16,29.464501693275285,0.69140625,39.01515151515152,1043.9393939393947,32.623106060606084,0
1645,4,0,0,35,0.0,0.0,1.0,35,800,600,200,0.75,10,6,4,368.52801972134495,0.3233543417366947,0.11220590775608863,0.2469794751292971,136292.09551321308,3045.491212631376,139337.58672584445,1644,521,1352.9714285714285,32,3,16,29.33167069729947,0.6920572916666667,38.95202020202021,1044.1919191919203,32.63099747474751,0
1646,4,0,0,35,0.0,0.0,1.0,35,800,600,200,0.75,10,6,4,366.56498255979983,0.323109243697479,0.10504506371076383,0.24658200534144586,136423.96981175392,3001.6500229568464,139425.61983471076,1645,522,1353.9714285714285,32,3,16,29.25202441382645,0.693359375,38.82575757575758,1044.6969696969697,32.646780303030305,0
1647,4,0,0,35,0.0,0.0,1.0,35,700,500,200,0.7142857142857143,9,5,4,367.89602572676944,0.3220588235294118,0.1038339781920512,0.24843905015230497,136560.7597588665,3048.032157103008,139608.79191596952,1646,523,1354.9714285714285,33,2,16,29.081540430687472,0.6922348484848485,38.69485294117646,1045.220588235292,31.673351158645215,0
1648,4,0,0,35,0.0,0.0,1.0,35,1050,700,350,0.6666666666666666,14,7,7,351.1233689779196,0.32296918767507005,0.10487664945496267,0.22417876634744116,134550.78125000012,2448.784722222237,136999.56597222236,1647,524,1355.9714285714285,34,1,20,31.517737617135197,0.6700367647058824,40.62500000000001,1037.500000000001,30.514705882352967,3
1649,4,0,0,35,0.0,0.0,1.0,35,400,200,200,0.5,6,2,4,360.7713221897658,0.3233543417366947,0.09192269731605651,0.2322497736966254,134851.15124528453,2730.0856267146723,137581.2368719992,1648,525,1356.9714285714285,35,0,16,30.967702993834056,0.6708333333333334,40.335648148148145,1038.6574074074067,29.675925925925906,3
1650,4,0,0,35,0.0,0.0,1.0,35,750,700,50,0.9333333333333333,8,7,1,359.81137740775523,0.32296918767507005,0.09349607727685072,0.23220896728895865,134941.3275489753,2710.6849869255598,137652.01253590087,1649,526,1357.9714285714285,35,0,17,30.902700419590794,0.6717261904761904,40.24884259259258,1039.0046296296282,29.68584656084652,0
1651,4,0,0,35,0.0,0.0,1.0,35,700,600,100,0.8571428571428571,8,6,2,359.81137740775523,0.32296918767507005,0.09349607727685072,0.23220896728895865,134941.3275489753,2710.6849869255598,137652.01253590087,1650,527,1358.9714285714285,35,0,17,30.902700419590794,0.6717261904761904,40.24884259259258,1039.0046296296282,29.68584656084652,0
1652,4,0,0,35,0.0,0.0,1.0,35,1300,1000,300,0.7692307692307693,16,10,6,359.73432671464957,0.3231792717086835,0.09919185491568605,0.23273877909924698,135031.533993484,2715.0955932784373,137746.62958676243,1651,528,1359.9714285714285,35,0,18,30.814773570898296,0.6726190476190477,40.162037037037024,1039.35185185185,29.69576719576714,0
1653,4,0,0,35,0.0,0.0,1.0,35,750,600,150,0.8,9,6,3,360.27967759165625,0.3233543417366947,0.09642141425708584,0.23347994690680052,135091.68836805542,2734.1579861110918,137825.8463541665,1652,529,1360.9714285714285,35,0,19,30.740647962591837,0.6732142857142858,40.10416666666666,1039.5833333333321,29.702380952380917,0
1654,4,0,0,35,0.0,0.0,1.0,35,950,600,350,0.631578947368421,13,6,7,358.1383552442722,0.32307422969187677,0.09135225375626099,0.2326733999905844,135181.94504726058,2682.767891589484,137864.71293885008,1653,530,1361.9714285714285,35,0,19,30.706385642737906,0.6741071428571428,40.0173611111111,1039.9305555555538,29.71230158730154,0
1655,4,0,0,35,0.0,0.0,1.0,35,1150,900,250,0.782608695652174,14,9,5,354.71324583859706,0.3228641456582633,0.09084379469251558,0.2314130682212616,135332.4398255313,2600.841799554151,137933.28162508545,1654,531,1362.9714285714285,35,0,20,30.64562476826102,0.6755952380952381,39.87268518518517,1040.5092592592573,29.728835978835924,0
1656,4,0,0,35,0.0,0.0,1.0,35,550,500,50,0.9090909090909091,6,5,1,355.076398475197,0.32296918767507005,0.09562785968479903,0.23203829760820976,135392.66117969799,2614.9477023319364,138007.60888202992,1655,532,1363.9714285714285,35,0,20,30.576252965599053,0.6761904761904762,39.8148148148148,1040.7407407407388,29.73544973544968,0
1657,4,0,0,35,0.0,0.0,1.0,35,450,300,150,0.6666666666666666,6,3,3,355.0821739732202,0.322233893557423,0.09171828838273144,0.2324315191204615,135452.89592978382,2619.381751543193,138072.27768132702,1656,533,1364.9714285714285,35,0,21,30.51617745163442,0.6767857142857143,39.756944444444436,1040.9722222222213,29.742063492063465,0
1658,4,0,0,35,0.0,0.0,1.0,35,700,600,100,0.8571428571428571,8,6,2,350.50193416817694,0.322233893557423,0.08801955990220045,0.23020557690841256,135573.40561771247,2503.7481781549905,138077.15379586746,1657,534,1365.9714285714285,35,0,21,30.51557753574869,0.6779761904761905,39.641203703703695,1041.435185185184,29.755291005290974,0
1659,4,0,0,35,0.0,0.0,1.0,35,600,500,100,0.8333333333333334,7,5,2,349.97542231637397,0.32212885154061627,0.08618100423856623,0.2300532377958397,135603.54141214397,2491.5813346621803,138095.12274680616,1658,535,1366.9714285714285,35,0,21,30.499337889395118,0.6782738095238094,39.612268518518505,1041.550925925924,29.75859788359783,0
1660,4,0,0,35,0.0,0.0,1.0,35,1300,900,400,0.6923076923076923,17,9,8,352.432156044316,0.32100840336134456,0.0822308936899212,0.23303994106718856,135814.58574459865,2573.085455246898,138387.67119984556,1659,536,1367.9714285714285,35,0,21,30.22568287808128,0.6803571428571429,39.409722222222214,1042.3611111111102,29.781746031746007,0
1661,4,0,0,35,0.0,0.0,1.0,35,550,400,150,0.7272727272727273,7,4,3,351.86406241619864,0.321218487394958,0.08152753108348154,0.23305819663567004,135874.91426611776,2561.8998628257655,138436.81412894352,1660,537,1368.9714285714285,35,0,20,30.180580224985206,0.680952380952381,39.35185185185184,1042.592592592591,29.78835978835974,0
1662,4,0,0,35,0.0,0.0,1.0,35,750,500,250,0.6666666666666666,10,5,5,352.217846491936,0.32072829131652664,0.08036784525130836,0.23368798209811045,135935.2561835561,2575.7646390603404,138511.02082261644,1661,538,1369.9714285714285,35,0,20,30.11145024047355,0.6815476190476191,39.293981481481474,1042.824074074073,29.794973544973516,0
1663,4,0,0,35,0.0,0.0,1.0,35,1350,1000,350,0.7407407407407407,17,10,7,354.05771301851337,0.31953781512605045,0.0803232707392445,0.2359076336187654,136086.16958429772,2636.471595293199,138722.64117959092,1662,539,1370.9714285714285,35,0,21,29.91368552412645,0.6830357142857143,39.14930555555555,1043.402777777777,29.811507936507912,0
1664,4,0,0,35,0.0,0.0,1.0,35,1250,900,350,0.72,16,9,7,355.25907899857657,0.3188025210084034,0.07821749251745946,0.2379207239529441,136267.37618152006,2682.0445119598735,138949.42069347994,1663,540,1371.9714285714285,35,0,21,29.70256900565348,0.6848214285714286,38.97569444444444,1044.0972222222222,29.831349206349206,0
1665,4,0,0,35,0.0,0.0,1.0,35,550,300,250,0.5454545454545454,8,3,5,358.75961973743784,0.31834733893557426,0.07272036474164145,0.2408814589665653,136358.02469135798,2783.950617283944,139141.9753086419,1664,541,1372.9714285714285,35,0,21,29.521276595744677,0.6857142857142857,38.888888888888886,1044.4444444444441,29.84126984126983,0
1666,4,0,0,35,0.0,0.0,1.0,35,650,400,250,0.6153846153846154,9,4,5,358.3160964081001,0.31869747899159667,0.07635931935100926,0.2407894839972526,136388.24755926352,2774.0208922753754,139162.2684515389,1665,542,1373.9714285714285,35,0,21,29.502885503231763,0.6860119047619048,38.8599537037037,1044.560185185185,29.844576719576715,0
1667,4,0,0,35,0.0,0.0,1.0,35,850,700,150,0.8235294117647058,10,7,3,358.6787413358177,0.3188025210084034,0.08384412132335473,0.24186037009119482,136509.17252068332,2792.587636102536,139301.76015678587,1666,543,1374.9714285714285,35,0,21,29.373523276848676,0.687202380952381,38.74421296296296,1045.0231481481483,29.857804232804238,0
1668,4,0,0,35,0.0,0.0,1.0,35,600,400,200,0.6666666666666666,8,4,4,359.51033047854065,0.3187324929971989,0.10923694779116477,0.22953351869014524,134550.78125,2695.708349408437,137246.48959940844,1667,544,1375.9714285714285,32,3,21,31.300200803212846,0.6748046875,40.625,1037.5,32.421875,8
1669,4,0,0,35,0.0,0.0,1.0,35,750,400,350,0.5333333333333333,11,4,7,360.3105317655478,0.31834733893557426,0.10012685283333633,0.23087395803932734,134681.81060924914,2705.454959953075,137387.26556920222,1668,545,1376.9714285714285,32,3,21,31.1486335806674,0.6761067708333333,40.49873737373738,1038.005050505051,32.437657828282845,0
1670,4,0,0,35,0.0,0.0,1.0,35,700,400,300,0.5714285714285714,10,4,6,361.77006133703753,0.31834733893557426,0.10803224013340729,0.23243726440904677,134780.12447709424,2751.882779818396,137532.00725691265,1669,546,1377.9714285714285,32,3,19,31.012635781452662,0.6770833333333333,40.40404040404041,1038.383838383839,32.44949494949497,0
1671,4,0,0,35,0.0,0.0,1.0,35,850,700,150,0.8235294117647058,10,7,3,361.0822492167388,0.3185574229691877,0.10772116286339517,0.2324149125240136,134845.6869834711,2738.0767906336155,137583.7637741047,1670,547,1378.9714285714285,32,3,20,30.96508023340628,0.677734375,40.34090909090909,1038.636363636364,32.457386363636374,0
1672,4,0,0,35,0.0,0.0,1.0,35,900,700,200,0.7777777777777778,11,7,4,357.6806123384746,0.31817226890756306,0.10119117820497703,0.2309804959648078,134964.3184862793,2654.824016003461,137619.14250228278,1671,548,1379.9714285714285,33,2,21,30.93512894602351,0.6764520202020202,40.22671568627451,1039.093137254902,31.487670825906125,0
1673,4,0,0,35,0.0,0.0,1.0,35,900,800,100,0.8888888888888888,10,8,2,358.1872270001238,0.3181372549019608,0.10199511743412737,0.23253394193542867,135155.39583633706,2682.187289744338,137837.5831260814,1672,549,1380.9714285714285,33,2,21,30.731560597132194,0.6783459595959596,40.04289215686275,1039.8284313725496,31.509952465834836,0
1674,4,0,0,35,0.0,0.0,1.0,35,750,300,450,0.4,12,3,9,356.53828185013913,0.31771708683473393,0.09667914779509146,0.2319489924441299,135230.95415249435,2643.0024092970525,137873.9565617914,1673,550,1381.9714285714285,34,1,21,30.69918164129564,0.6767769607843137,39.970238095238095,1040.1190476190477,30.591736694677873,0
1675,4,0,0,35,0.0,0.0,1.0,35,1000,700,300,0.7,13,7,6,355.86810187193504,0.3177871148459384,0.09470844980628734,0.2319113603474154,135292.87308673467,2629.2835884353726,137922.15667517006,1674,551,1382.9714285714285,34,1,22,30.654966243277258,0.6773897058823529,39.910714285714285,1040.3571428571427,30.598739495798313,0
1676,4,0,0,35,0.0,0.0,1.0,35,450,300,150,0.6666666666666666,6,3,3,357.2831192497211,0.3181022408963586,0.09715593331153971,0.23303391509272872,135323.83786848083,2669.7845804988797,137993.6224489797,1675,552,1383.9714285714285,34,1,22,30.587337909992378,0.6776960784313726,39.88095238095239,1040.4761904761913,30.602240896358566,0
1677,4,0,0,35,0.0,0.0,1.0,35,650,500,150,0.7692307692307693,8,5,3,358.47999028140447,0.3181022408963586,0.10296434290943579,0.23421764387444227,135385.77806122444,2706.6184807256204,138092.39654195006,1676,553,1384.9714285714285,34,1,22,30.494547395714182,0.6783088235294117,39.82142857142857,1040.7142857142853,30.60924369747898,0
1678,4,0,0,35,0.0,0.0,1.0,35,450,200,250,0.4444444444444444,7,2,5,356.2752342675918,0.3177871148459384,0.08066262096112897,0.22650783142122063,134396.43565759627,2576.4243197278815,136972.85997732414,1677,554,1385.9714285714285,34,1,20,31.538222349789514,0.6685049019607843,40.77380952380952,1036.904761904761,30.497198879551796,7
1679,4,0,0,35,0.0,0.0,1.0,35,900,600,300,0.6666666666666666,12,6,6,355.0805227317743,0.3180322128851541,0.08125737239774278,0.2263322649162276,134490.7474387002,2551.0089806241363,137041.75641932435,1678,555,1386.9714285714285,35,0,20,31.475024176151155,0.6672619047619048,40.68287037037037,1037.268518518518,29.636243386243372,0
1680,4,0,0,35,0.0,0.0,1.0,35,950,800,150,0.8421052631578947,11,8,3,359.7572254567415,0.3169817927170868,0.080599230717322,0.2300924611153845,134614.3610630528,2685.7246003733267,137300.08566342614,1679,556,1387.9714285714285,33,2,20,31.23031806014801,0.672979797979798,40.563725490196084,1037.7450980392168,31.44682115270354,0
1681,4,0,0,35,0.0,0.0,1.0,35,750,600,150,0.8,9,6,3,359.9234071206123,0.3168767507002801,0.08040629095674956,0.2307744198596871,134705.2154195014,2696.712018140616,137401.927437642,1680,557,1388.9714285714285,34,1,20,31.13532110091741,0.6715686274509804,40.47619047619049,1038.0952380952401,30.53221288515412,0
1682,4,0,0,35,0.0,0.0,1.0,35,850,700,150,0.8235294117647058,10,7,3,357.3167683940132,0.31656162464985993,0.076450355423068,0.22949314093759846,134767.01388888908,2630.9027777778024,137397.9166666669,1681,558,1389.9714285714285,34,1,20,31.141318887105406,0.6721813725490196,40.41666666666668,1038.3333333333348,30.539215686274556,0
1683,4,0,0,35,0.0,0.0,1.0,35,700,400,300,0.5714285714285714,10,4,6,357.7888027533849,0.3150560224089636,0.07037752529386743,0.23058087834756574,134890.65334467136,2652.4730725623813,137543.12641723373,1682,559,1390.9714285714285,34,1,16,31.005758652303477,0.673406862745098,40.29761904761906,1038.809523809525,30.55322128851544,0
1684,4,0,0,35,0.0,0.0,1.0,35,1200,900,300,0.75,15,9,6,357.4657308670842,0.315406162464986,0.07622320405825578,0.23116117262738126,135014.34948979606,2652.600623582786,137666.95011337884,1683,560,1391.9714285714285,34,1,16,30.89084574264988,0.6746323529411764,40.17857142857144,1039.2857142857154,30.567226890756334,0
1685,4,0,0,35,0.0,0.0,1.0,35,1300,1000,300,0.7692307692307693,16,10,6,356.3510621970054,0.31537114845938374,0.06549946534305828,0.22510221296580044,134160.80092860496,2561.66878322186,136722.46971182682,1684,561,1392.9714285714285,35,0,18,31.771706140840866,0.6639880952380952,41.0011574074074,1035.995370370369,29.59986772486769,1
1686,4,0,0,35,0.0,0.0,1.0,35,850,700,150,0.8235294117647058,10,7,3,356.7907010173099,0.3160364145658263,0.06732300426034388,0.2257489149263585,134220.76106234986,2577.7438861025253,136798.50494845238,1685,562,1393.9714285714285,35,0,19,31.70038441490749,0.6645833333333333,40.94328703703703,1036.226851851851,29.60648148148146,0
1687,4,0,0,35,0.0,0.0,1.0,35,1050,800,250,0.7619047619047619,13,8,5,357.08053075549253,0.3159313725490196,0.0643000669792364,0.22686009890125547,134370.720003858,2596.2336033950537,136966.95360725306,1686,563,1394.9714285714285,35,0,19,31.54303415941058,0.6660714285714286,40.79861111111111,1036.8055555555552,29.623015873015863,0
1688,4,0,0,35,0.0,0.0,1.0,35,750,400,350,0.5333333333333333,11,4,7,359.9213142290732,0.3152310924369748,0.07115758599802335,0.2294178391266681,134490.74743870023,2681.217313957469,137171.9647526577,1687,564,1395.9714285714285,35,0,20,31.349494160529634,0.6672619047619048,40.68287037037037,1037.2685185185182,29.63624338624338,0
1689,4,0,0,35,0.0,0.0,1.0,35,900,700,200,0.7777777777777778,11,7,4,360.51499976516624,0.3149159663865546,0.06904871172884008,0.2303701420786795,134581.66099773246,2703.7548925177066,137285.41589025015,1688,565,1396.9714285714285,34,1,20,31.24330732752027,0.670343137254902,40.595238095238095,1037.6190476190477,30.518207282913167,0
1690,4,0,0,35,0.0,0.0,1.0,35,500,300,200,0.6,7,3,4,359.89758599103595,0.3148109243697479,0.06649732050672763,0.23017074520057648,134612.5442885486,2689.3459467120024,137301.89023526062,1689,566,1397.9714285714285,34,1,20,31.228490306298042,0.6706495098039216,40.56547619047618,1037.7380952380943,30.52170868347336,0
1691,4,0,0,35,0.0,0.0,1.0,35,1100,800,300,0.7272727272727273,14,8,6,361.5237125574617,0.31495098039215685,0.06730551869870749,0.2319976671974704,134736.11288265302,2742.059948979588,137478.1728316326,1690,567,1398.9714285714285,34,1,20,31.062951496388038,0.671875,40.44642857142857,1038.2142857142853,30.535714285714274,0
1692,4,0,0,35,0.0,0.0,1.0,35,1100,900,200,0.8181818181818182,13,9,4,354.5645093502786,0.31460084033613445,0.07851795791447991,0.22037821293403514,133564.50007086177,2485.9587585034096,136050.45882936518,1691,568,1399.9714285714285,34,1,19,32.41463203961763,0.6602328431372548,41.577380952380956,1033.690476190477,30.402661064425796,4
1693,4,0,0,35,0.0,0.0,1.0,35,650,500,150,0.7692307692307693,8,5,3,354.2591499140401,0.31502100840336134,0.08026584194248909,0.22037152276887717,133595.26643990935,2465.469104308398,136060.73554421775,1692,569,1400.9714285714285,34,1,20,32.39170697067406,0.6605392156862745,41.54761904761905,1033.809523809524,30.406162464986004,0
1694,4,0,0,35,0.0,0.0,1.0,35,1000,900,100,0.9,11,9,2,354.9191271664529,0.31467086834733893,0.0757014571889083,0.22114975169066067,133656.8098072562,2487.47165532879,136144.281462585,1693,570,1401.9714285714285,34,1,20,32.31301327807199,0.6611519607843137,41.488095238095234,1034.0476190476188,30.413165266106436,0
1695,4,0,0,35,0.0,0.0,1.0,35,700,300,400,0.42857142857142855,11,3,8,360.94046824083216,0.3145658263305322,0.07546065716586958,0.22584115259043,133810.73022959186,2659.541524943314,136470.27175453518,1694,571,1402.9714285714285,34,1,17,32.00317378130633,0.6626838235294117,41.339285714285715,1034.6428571428573,30.430672268907568,0
1696,4,0,0,35,0.0,0.0,1.0,35,550,500,50,0.9090909090909091,6,5,1,360.8821733660121,0.31502100840336134,0.07398593123397568,0.22599336101566112,133841.52494331056,2660.2040816326407,136501.7290249432,1695,572,1403.9714285714285,34,1,18,31.973845681853042,0.6629901960784313,41.3095238095238,1034.761904761904,30.43417366946776,0
1697,4,0,0,35,0.0,0.0,1.0,35,500,200,300,0.4,8,2,6,357.96206146234385,0.3149159663865546,0.07338020764883701,0.2249160467107326,133964.73922902482,2590.8588435374004,136555.59807256222,1696,573,1404.9714285714285,34,1,18,31.926077123581717,0.6642156862745099,41.19047619047618,1035.2380952380943,30.448179271708653,0
1698,4,0,0,35,0.0,0.0,1.0,35,800,500,300,0.625,11,5,6,358.38988683448673,0.31477591036414565,0.0731925237328781,0.22556260750263127,134026.36763038547,2606.73894557823,136633.1065759637,1697,574,1405.9714285714285,34,1,18,31.853347512838212,0.664828431372549,41.13095238095238,1035.4761904761904,30.45518207282913,0
1699,4,0,0,35,0.0,0.0,1.0,35,550,300,250,0.5454545454545454,8,3,5,357.8359872677912,0.3144607843137255,0.07373674360573923,0.22597160821511766,134149.66695011346,2600.715702947856,136750.38265306133,1698,575,1406.9714285714285,34,1,19,31.744378686891892,0.6660539215686274,41.011904761904766,1035.9523809523816,30.46918767507005,0
1700,4,0,0,35,0.0,0.0,1.0,35,800,600,200,0.75,10,6,4,357.4542067969212,0.315266106442577,0.079104722523055,0.22649172666477402,134273.0229591836,2599.2913832199474,136872.31434240355,1699,576,1407.9714285714285,34,1,19,31.630963320315495,0.6672794117647058,40.89285714285714,1036.4285714285709,30.483193277310907,0
1701,4,0,0,35,0.0,0.0,1.0,35,800,500,300,0.625,11,5,6,357.2543125811376,0.3150910364145658,0.07786181889776733,0.22655595773080597,134303.87081916103,2596.1274092970593,136899.9982284581,1700,577,1408.9714285714285,34,1,20,31.605317560583455,0.6675857843137255,40.86309523809524,1036.5476190476193,30.486694677871157,0
1702,4,0,0,35,0.0,0.0,1.0,35,850,500,350,0.5882352941176471,12,5,7,346.0260138054976,0.3149159663865546,0.03708263013335977,0.20661055347141513,132061.28826530598,2139.3282312925,134200.61649659846,1701,578,1409.9714285714285,34,1,18,34.14408153810517,0.6452205882352942,43.03571428571428,1027.8571428571418,30.23109243697476,5
1703,4,0,0,35,0.0,0.0,1.0,35,850,600,250,0.7058823529411765,11,6,5,345.649598491157,0.315266106442577,0.035100717758740574,0.20705417696023654,132183.6805555554,2137.8472222222035,134321.52777777758,1702,579,1410.9714285714285,34,1,18,34.03059157212317,0.6464460784313726,42.91666666666666,1028.333333333332,30.245098039215645,0
1704,4,0,0,35,0.0,0.0,1.0,35,1000,700,300,0.7,13,7,6,343.8072895881919,0.3148109243697479,0.033583495883889425,0.20661909573165163,132306.1295351472,2097.562358276622,134403.69189342382,1703,580,1411.9714285714285,34,1,19,33.95481370053229,0.647671568627451,42.79761904761904,1028.8095238095223,30.259103641456537,0
1705,4,0,0,35,0.0,0.0,1.0,35,400,200,200,0.5,6,2,4,343.8072895881919,0.3148109243697479,0.033583495883889425,0.20661909573165163,132306.1295351472,2097.562358276622,134403.69189342382,1704,581,1412.9714285714285,34,1,19,33.95481370053229,0.647671568627451,42.79761904761904,1028.8095238095223,30.259103641456537,0
1706,4,0,0,35,0.0,0.0,1.0,35,450,300,150,0.6666666666666666,6,3,3,346.2724530029526,0.31565126050420167,0.030164606333047184,0.2084386548577659,132367.3752834465,2167.0351473922665,134534.4104308388,1705,582,1413.9714285714285,34,1,19,33.829824155483585,0.6482843137254901,42.73809523809523,1029.0476190476174,30.266106442576984,0
1707,4,0,0,35,0.0,0.0,1.0,35,900,600,300,0.6666666666666666,12,6,6,345.0915809540811,0.3160014005602241,0.03276164039522844,0.20806567705223045,132428.63520408154,2140.0014172335505,134568.6366213151,1706,583,1414.9714285714285,34,1,20,33.79862556866373,0.6488970588235294,42.67857142857142,1029.2857142857135,30.27310924369746,0
1708,4,0,0,35,0.0,0.0,1.0,35,900,600,300,0.6666666666666666,12,6,6,349.17770559010455,0.3167717086834734,0.04202321779480456,0.21138812673617843,132581.847009637,2258.925028344644,134840.77203798163,1707,584,1415.9714285714285,34,1,20,33.53947520517858,0.6504289215686274,42.52976190476189,1029.8809523809507,30.29061624649855,0
1709,4,0,0,35,0.0,0.0,1.0,35,1200,1000,200,0.8333333333333334,14,10,4,347.1644438036671,0.31561624649859943,0.039118593711314764,0.2108567200786483,132704.48022959172,2214.055413832183,134918.5356434239,1708,585,1416.9714285714285,34,1,16,33.468130175235885,0.6516544117647058,42.41071428571428,1030.357142857142,30.30462184873947,0
1710,4,0,0,35,0.0,0.0,1.0,35,1100,800,300,0.7272727272727273,14,8,6,345.822954954654,0.3155812324929972,0.04504263776865125,0.21107629407063103,132888.53635204062,2191.181264172315,135079.71761621293,1709,586,1417.9714285714285,34,1,16,33.317938652195664,0.6534926470588236,42.23214285714285,1031.071428571427,30.325630252100797,0
1711,4,0,0,35,0.0,0.0,1.0,35,1350,900,450,0.6666666666666666,18,9,9,347.67549842855584,0.31484593837535013,0.05137251669277032,0.21290517271261056,133011.31129535157,2248.9547902494382,135260.266085601,1710,587,1418.9714285714285,34,1,16,33.146999422965955,0.654718137254902,42.11309523809524,1031.5476190476197,30.339635854341758,0
1712,4,0,0,35,0.0,0.0,1.0,35,850,700,150,0.8235294117647058,10,7,3,349.53259116644375,0.3142857142857143,0.0527127694640388,0.21457142352908887,133103.4297052154,2304.7973356009106,135408.22704081633,1711,588,1419.9714285714285,34,1,17,33.00670089217043,0.6556372549019608,42.023809523809526,1031.904761904762,30.35014005602241,0
1713,4,0,0,35,0.0,0.0,1.0,35,200,100,100,0.5,3,1,2,349.5757658141025,0.31425070028011204,0.06901489779420245,0.21301735089263307,132827.17013888902,2286.6319444444543,135113.8020833335,1712,589,1420.9714285714285,34,1,19,33.28280786849905,0.6528799019607843,42.29166666666667,1030.8333333333344,30.318627450980422,4
1714,4,0,0,35,0.0,0.0,1.0,35,1050,600,450,0.5714285714285714,15,6,9,347.4718728711755,0.3131652661064426,0.06416040100250675,0.21260567136693967,132980.61224489796,2241.4044784580556,135222.016723356,1713,590,1421.9714285714285,34,1,19,33.18304670667899,0.6544117647058824,42.142857142857146,1031.4285714285716,30.336134453781515,0
1715,4,0,0,35,0.0,0.0,1.0,35,1150,900,250,0.782608695652174,14,9,5,347.2169662361253,0.31306022408963585,0.06097392107085153,0.2127993090100609,133042.01388888882,2238.8888888888796,135280.9027777777,1714,591,1422.9714285714285,34,1,19,33.12802907915994,0.6550245098039216,42.08333333333333,1031.666666666666,30.343137254901944,0
1716,4,0,0,35,0.0,0.0,1.0,35,850,700,150,0.8235294117647058,10,7,3,346.11110739269947,0.3123249299719888,0.059772918280243115,0.212646150955869,133134.14292800456,2215.8411281179165,135349.98405612248,1715,592,1423.9714285714285,34,1,20,33.06417502979967,0.6559436274509804,41.99404761904762,1032.0238095238096,30.353641456582636,0
1717,4,0,0,35,0.0,0.0,1.0,35,1000,500,500,0.5,15,5,10,347.44469689869004,0.3112745098039216,0.06184656938634325,0.21434817218344512,133287.76218820867,2262.0252267573696,135549.78741496603,1716,593,1424.9714285714285,34,1,21,32.87578779494273,0.6574754901960784,41.845238095238095,1032.619047619048,30.37114845938376,0
1718,4,0,0,35,0.0,0.0,1.0,35,1000,800,200,0.8,12,8,4,346.99890170411254,0.31074929971988796,0.05658960679707614,0.2144275264376693,133349.23469387737,2254.4075963718656,135603.64229024923,1717,594,1425.9714285714285,34,1,21,32.82570693099739,0.6580882352941176,41.78571428571428,1032.8571428571415,30.37815126050416,0
1719,4,0,0,35,0.0,0.0,1.0,35,600,300,300,0.5,9,3,6,345.28344962998443,0.30997899159663866,0.054239296824848404,0.21389829117334996,133441.47002551015,2215.026218820858,135656.496244331,1718,595,1426.9714285714285,34,1,21,32.77763375196835,0.6590073529411764,41.69642857142857,1033.2142857142853,30.38865546218486,0
1720,4,0,0,35,0.0,0.0,1.0,35,1150,900,250,0.782608695652174,14,9,5,345.068636828612,0.30980392156862746,0.05036944394161336,0.21412014555462344,133502.9779620182,2213.538123582775,135716.51608560098,1719,596,1427.9714285714285,34,1,21,32.72160465384172,0.6596200980392157,41.636904761904766,1033.4523809523814,30.395658263305336,0
1721,4,0,0,35,0.0,0.0,1.0,35,800,500,300,0.625,11,5,6,346.7868500677136,0.30980392156862746,0.05470158583931051,0.21572328123123383,133595.26643990935,2265.816326530619,135861.08276643997,1720,597,1428.9714285714285,34,1,21,32.58483033932137,0.6605392156862745,41.54761904761905,1033.809523809524,30.406162464986004,0
1722,4,0,0,35,0.0,0.0,1.0,35,750,500,250,0.6666666666666666,10,5,5,345.4993737506917,0.3099439775910364,0.05484003618718658,0.2151012230125273,133626.03635204074,2233.5423752834377,135859.57872732417,1721,598,1429.9714285714285,34,1,21,32.587315294569194,0.6608455882352942,41.51785714285714,1033.9285714285706,30.409663865546197,0
1723,4,0,0,35,0.0,0.0,1.0,35,800,400,400,0.5,12,4,8,343.5468653921448,0.3090686274509804,0.05442615402325335,0.21424204017670948,133687.5868055556,2185.590277777782,135873.17708333337,1722,599,1430.9714285714285,34,1,21,32.57621541767392,0.6614583333333333,41.458333333333336,1034.166666666667,30.416666666666675,0
1724,4,0,0,35,0.0,0.0,1.0,35,900,700,200,0.7777777777777778,11,7,4,345.41640789182736,0.30927871148459385,0.05161926680914086,0.21594738018560986,133779.9390589569,2241.9571995464876,136021.89625850337,1723,600,1431.9714285714285,34,1,19,32.43551016494055,0.6623774509803921,41.36904761904762,1034.5238095238092,30.42717086834733,0
1725,4,0,0,35,0.0,0.0,1.0,35,800,500,300,0.625,11,5,6,345.50268254672085,0.3099089635854342,0.04895330112721408,0.21672440996112508,133903.12500000012,2252.777777777791,136155.9027777779,1724,601,1432.9714285714285,34,1,19,32.3101180891036,0.6636029411764706,41.25000000000001,1035.000000000001,30.44117647058826,0
1726,4,0,0,35,0.0,0.0,1.0,35,600,300,300,0.5,9,3,6,344.77125749928666,0.31029411764705883,0.04794216709110355,0.21644664866110466,133933.9303429706,2235.3139172335736,136169.24426020417,1725,602,1433.9714285714285,34,1,19,32.29825570251103,0.6639093137254901,41.2202380952381,1035.1190476190482,30.444677871148475,0
1727,4,0,0,35,0.0,0.0,1.0,35,950,700,250,0.7368421052631579,12,7,5,343.38266533736066,0.31057422969187676,0.04762123800762241,0.21575546660214517,133964.73922902506,2200.2338435374263,136164.97307256248,1726,603,1434.9714285714285,34,1,19,32.303405780435455,0.6642156862745099,41.1904761904762,1035.238095238096,30.44817927170871,0
1728,4,0,0,35,0.0,0.0,1.0,35,750,600,150,0.8,9,6,3,342.3090957063549,0.3110294117647059,0.051439741125840044,0.2152611862153414,133995.5516581635,2173.5792233560355,136169.13088151952,1727,604,1435.9714285714285,34,1,19,32.300410103100695,0.6645220588235294,41.1607142857143,1035.3571428571445,30.451680672268957,0
1729,4,0,0,35,0.0,0.0,1.0,35,1100,900,200,0.8181818181818182,13,9,4,342.0774449129877,0.3112745098039216,0.047578539405186415,0.21547658894265626,134057.1871456918,2171.588010204106,136228.7751558959,1728,605,1436.9714285714285,34,1,19,32.244846150898574,0.6651348039215687,41.10119047619049,1035.5952380952397,30.458683473389403,0
1730,4,0,0,35,0.0,0.0,1.0,35,800,600,200,0.75,10,6,4,338.24566219114575,0.30969887955182074,0.044965947320915856,0.21414025377264914,134242.1786422904,2081.366921768728,136323.54556405914,1729,606,1437.9714285714285,34,1,19,32.15943901972049,0.6669730392156863,40.92261904761906,1036.309523809525,30.479691876750735,0
1731,4,0,0,35,0.0,0.0,1.0,35,1050,500,550,0.47619047619047616,16,5,11,336.89848030886793,0.30815826330532214,0.04635066426111201,0.2141887418606018,134396.43565759665,2055.5909863945894,136452.02664399124,1730,607,1438.9714285714285,34,1,20,32.04051856104095,0.6685049019607843,40.77380952380954,1036.904761904764,30.49719887955188,0
1732,4,0,0,35,0.0,0.0,1.0,35,850,600,250,0.7058823529411765,11,6,5,333.6368366285122,0.30798319327731094,0.05391705069124475,0.2068548387096773,133472.22222222204,1906.2499999999804,135378.47222222202,1731,608,1439.9714285714285,34,1,18,33.04771505376345,0.6593137254901961,41.66666666666666,1033.333333333332,30.392156862745054,2
1733,4,0,0,35,0.0,0.0,1.0,35,1250,900,350,0.72,16,9,7,336.3668928109585,0.30868347338935576,0.06308550369358845,0.20906755406424865,133564.50007086174,1985.3351757369692,135549.83524659873,1732,609,1440.9714285714285,34,1,19,32.88489961226917,0.6602328431372548,41.577380952380956,1033.6904761904768,30.40266106442579,0
1734,4,0,0,35,0.0,0.0,1.0,35,800,400,400,0.5,12,4,8,335.4159589972167,0.30843837535014007,0.05930775811015354,0.20864987019568967,133595.26643990923,1961.9968820861595,135557.2633219954,1733,610,1441.9714285714285,34,1,19,32.87871372639337,0.6605392156862745,41.547619047619044,1033.8095238095232,30.406162464985975,0
1735,4,0,0,35,0.0,0.0,1.0,35,1300,1000,300,0.7692307692307693,16,10,6,334.13177618579783,0.3080532212885154,0.05603775756878093,0.2083706202244097,133687.58680555562,1933.8541666666717,135621.4409722223,1734,611,1442.9714285714285,34,1,21,32.81963470319633,0.6614583333333333,41.458333333333336,1034.1666666666672,30.416666666666682,0
1736,4,0,0,35,0.0,0.0,1.0,35,850,700,150,0.8235294117647058,10,7,3,348.7474516674407,0.3082282913165266,0.050004112180278115,0.217123413457471,133626.03635204077,2320.347930838994,135946.38428287976,1735,612,1443.9714285714285,34,1,20,32.50335828056035,0.6608455882352942,41.51785714285714,1033.9285714285709,30.409663865546204,8
1737,4,0,0,35,0.0,0.0,1.0,35,700,500,200,0.7142857142857143,9,5,4,349.0660556165551,0.3080182072829132,0.0470588235294116,0.21768390704529902,133687.58680555562,2333.159722222227,136020.74652777784,1736,613,1444.9714285714285,34,1,20,32.43352135374696,0.6614583333333333,41.458333333333336,1034.1666666666672,30.416666666666682,0
1738,4,0,0,35,0.0,0.0,1.0,35,700,400,300,0.5714285714285714,10,4,6,349.6978008234724,0.3076680672268908,0.04650749802683518,0.21825966189327067,133718.3673469388,2352.2037981859453,136070.57114512473,1737,614,1445.9714285714285,34,1,17,32.38638543585022,0.6617647058823529,41.42857142857143,1034.2857142857144,30.420168067226896,0
1739,4,0,0,35,0.0,0.0,1.0,35,700,400,300,0.5714285714285714,10,4,6,351.2932358152134,0.30756302521008405,0.04917876461207116,0.21943831243697973,133749.1514314058,2397.034438775499,136146.1858701813,1738,615,1446.9714285714285,34,1,17,32.314324625004794,0.6620710784313726,41.39880952380952,1034.4047619047612,30.423669467787096,0
1740,4,0,0,35,0.0,0.0,1.0,35,550,400,150,0.7272727272727273,7,4,3,352.18276250236624,0.30724789915966383,0.04554465210316083,0.2203614390862538,133810.73022959186,2425.166524943313,136235.89675453518,1739,616,1447.9714285714285,34,1,17,32.22970122348789,0.6626838235294117,41.339285714285715,1034.6428571428573,30.430672268907568,0
1741,4,0,0,35,0.0,0.0,1.0,35,750,500,250,0.6666666666666666,10,5,5,358.2692960532228,0.3066176470588235,0.06410556151616587,0.22087908708298512,133263.00643272008,2548.8087009173214,135811.8151336374,1740,617,1448.9714285714285,35,0,18,32.6211794268206,0.6550595238095238,41.86921296296295,1032.523148148146,29.500661375661313,3
1742,4,0,0,35,0.0,0.0,1.0,35,700,400,300,0.5714285714285714,10,4,6,370.0133653508213,0.30724789915966383,0.055506291192330526,0.21339056902920572,130732.14215986649,2680.88433961624,133413.02649948272,1741,618,1449.9714285714285,33,2,16,34.872054124226075,0.6341540404040404,44.33210784313726,1022.6715686274517,30.990047534165203,7
1743,4,0,0,35,0.0,0.0,1.0,35,450,300,150,0.6666666666666666,6,3,3,367.6382300108543,0.30665266106442574,0.05764831072093668,0.2122814295869126,130779.59183673466,2615.915532879818,133395.50736961447,1742,619,1450.9714285714285,34,1,16,34.884679546865314,0.6323529411764706,44.285714285714285,1022.8571428571425,30.08403361344537,0
1744,4,0,0,35,0.0,0.0,1.0,35,600,300,300,0.5,9,3,6,366.7844639323571,0.306687675070028,0.06191030286911148,0.21212285888524052,130840.48327664382,2598.0513038548584,133438.53458049867,1743,620,1451.9714285714285,34,1,16,34.84480451477775,0.6329656862745099,44.22619047619047,1023.0952380952368,30.09103641456579,0
1745,4,0,0,35,0.0,0.0,1.0,35,850,800,50,0.9411764705882353,9,8,1,365.22933930333494,0.30658263305322125,0.06198231735691073,0.21155737201155425,130901.38888888883,2561.805555555552,133463.19444444438,1744,621,1452.9714285714285,34,1,16,34.82288273615636,0.633578431372549,44.166666666666664,1023.3333333333328,30.09803921568626,0
1746,4,0,0,35,0.0,0.0,1.0,35,850,600,250,0.7058823529411765,11,6,5,364.1580059240144,0.3071428571428571,0.062045941501818636,0.21177302291767733,131053.71492346934,2544.851899092963,133598.5668225623,1745,622,1453.9714285714285,34,1,17,34.696062473355816,0.6351102941176471,44.01785714285714,1023.928571428571,30.11554621848738,0
1747,4,0,0,35,0.0,0.0,1.0,35,800,600,200,0.75,10,6,4,364.92195147359934,0.3077731092436975,0.050647539350468396,0.2127227961029029,131145.15306122438,2571.5490362811693,133716.70209750556,1746,623,1454.9714285714285,34,1,17,34.58396288547963,0.6360294117647058,43.92857142857142,1024.2857142857135,30.126050420168045,0
1748,4,0,0,35,0.0,0.0,1.0,35,1100,900,200,0.8181818181818182,13,9,4,364.78625662233753,0.3084733893557423,0.056060932910741545,0.2134904747288717,131297.62081916098,2579.113520408165,133876.73433956914,1747,624,1455.9714285714285,34,1,18,34.433199752197325,0.6375612745098039,43.779761904761905,1024.8809523809523,30.143557422969185,0
1749,4,0,0,35,0.0,0.0,1.0,35,800,600,200,0.75,10,6,4,366.46912411469714,0.30910364145658265,0.0617391452816336,0.21517523940123998,131422.35145436839,2632.450348399146,134054.80180276753,1748,625,1456.9714285714285,33,2,19,34.26394864746423,0.6410984848484849,43.65808823529411,1025.3676470588225,31.07174688057038,0
1750,4,0,0,35,0.0,0.0,1.0,35,600,400,200,0.6666666666666666,8,4,4,365.01358181706576,0.3087885154061625,0.06377880184331763,0.21484976651257667,131516.61169982696,2601.0699009996088,134117.68160082656,1749,626,1457.9714285714285,33,2,19,34.20599362803662,0.6420454545454546,43.56617647058823,1025.7352941176468,31.08288770053475,0
1751,4,0,0,35,0.0,0.0,1.0,35,600,500,100,0.8333333333333334,7,5,2,365.4488547091979,0.30903361344537816,0.06465680503659721,0.21563800285272128,131610.90573637545,2619.4109537197273,134230.31669009518,1750,627,1458.9714285714285,33,2,17,34.09956108921534,0.6429924242424243,43.474264705882355,1026.102941176471,31.09402852049912,0
1752,4,0,0,35,0.0,0.0,1.0,35,1250,1000,250,0.8,15,10,5,366.78224681607264,0.30945378151260505,0.06275071633237861,0.21696102396408345,131705.23356401373,2661.4282968089065,134366.66186082264,1751,628,1459.9714285714285,33,2,18,33.97007322508755,0.6439393939393939,43.382352941176464,1026.4705882352932,31.10516934046343,0
1753,4,0,0,35,0.0,0.0,1.0,35,950,800,150,0.8421052631578947,11,8,3,369.69392863733947,0.30857843137254903,0.055639097744361043,0.2193246099329909,131816.67375283426,2746.3647959183418,134563.0385487526,1752,629,1460.9714285714285,34,1,18,33.78279812968544,0.6427696078431373,43.27380952380951,1026.9047619047603,30.203081232492952,0
1754,4,0,0,35,0.0,0.0,1.0,35,1050,800,250,0.7619047619047619,13,8,5,369.69392863733947,0.30857843137254903,0.055639097744361043,0.2193246099329909,131816.67375283426,2746.3647959183418,134563.0385487526,1753,630,1461.9714285714285,34,1,18,33.78279812968544,0.6427696078431373,43.27380952380951,1026.9047619047603,30.203081232492952,0
1755,4,0,0,35,0.0,0.0,1.0,35,700,300,400,0.42857142857142855,11,3,8,371.8193674384912,0.30826330532212887,0.05809601032582634,0.22183252239782225,132030.69905045326,2818.3142006802427,134849.0132511335,1754,631,1462.9714285714285,34,1,18,33.5121529788795,0.6449142156862745,43.065476190476176,1027.7380952380931,30.227591036414506,0
1756,4,0,0,35,0.0,0.0,1.0,35,1050,800,250,0.7619047619047619,13,8,5,368.96259151170653,0.3077731092436975,0.05121555915721254,0.22101933879876,132183.6805555555,2754.1666666666624,134937.84722222216,1755,632,1463.9714285714285,34,1,18,33.431253376553215,0.6464460784313726,42.916666666666664,1028.333333333333,30.245098039215677,0
1757,4,0,0,35,0.0,0.0,1.0,35,1000,800,200,0.8,12,8,4,372.83205647376053,0.3087885154061625,0.05490844185892785,0.22442620446790976,132367.37528344663,2870.160147392282,135237.5354308389,1756,633,1464.9714285714285,34,1,19,33.146546737621485,0.6482843137254901,42.738095238095234,1029.0476190476184,30.266106442577012,0
1758,4,0,0,35,0.0,0.0,1.0,35,1050,800,250,0.7619047619047619,13,8,5,370.5849696273351,0.30808823529411766,0.04957052710356691,0.22344172002153537,132429.5361910083,2815.28267250528,135244.81886351356,1757,634,1465.9714285714285,33,2,19,33.141718260110316,0.651199494949495,42.677696078431374,1029.2892156862747,31.190582293523477,0
1759,4,0,0,35,0.0,0.0,1.0,35,400,200,200,0.5,6,2,4,370.5849696273351,0.30808823529411766,0.04957052710356691,0.22344172002153537,132429.5361910083,2815.2791294213803,135244.81532042965,1758,635,1466.9714285714285,33,2,19,33.141718260110316,0.651199494949495,42.677696078431374,1029.2892156862747,31.190582293523477,0
1760,4,0,0,35,0.0,0.0,1.0,35,1000,600,400,0.6,14,6,8,367.5296135893557,0.3089635854341737,0.04998809807188764,0.22215710887609832,132524.15687475973,2741.3104334871205,135265.46730824685,1759,636,1467.9714285714285,33,2,19,33.12504959136712,0.6521464646464646,42.58578431372549,1029.6568627450981,31.201723113487823,0
1761,4,0,0,35,0.0,0.0,1.0,35,850,700,150,0.8235294117647058,10,7,3,369.1182484012735,0.3102591036414566,0.05260922020765024,0.2240561093364261,132681.9331056563,2795.0645484909446,135476.99765414724,1760,637,1468.9714285714285,33,2,18,32.92531521351255,0.6537247474747474,42.43259803921568,1030.2696078431359,31.220291146761692,0
1762,4,0,0,35,0.0,0.0,1.0,35,1200,900,300,0.75,15,9,6,367.18823662684156,0.30969887955182074,0.052455675565518556,0.22382517728297036,132839.803200692,2755.44261822375,135595.24581891575,1761,638,1469.9714285714285,33,2,18,32.816214931050865,0.6553030303030303,42.27941176470588,1030.8823529411761,31.23885918003564,0
1763,4,0,0,35,0.0,0.0,1.0,35,900,800,100,0.8888888888888888,10,8,2,365.71778389960224,0.30945378151260505,0.053795093795094395,0.2234942012719791,132934.57031249997,2723.3072916666674,135657.87760416663,1762,639,1470.9714285714285,33,2,18,32.758838383838395,0.65625,42.1875,1031.2499999999998,31.249999999999993,0
1764,4,0,0,35,0.0,0.0,1.0,35,700,500,200,0.7142857142857143,9,5,4,367.29992900505493,0.3099089635854342,0.051148186493321424,0.2248409819953124,132997.7671598663,2770.014087129933,135767.78124699622,1763,640,1471.9714285714285,33,2,18,32.65452358322442,0.6568813131313131,42.12622549019607,1031.4950980392148,31.25742721330954,0
1765,4,0,0,35,0.0,0.0,1.0,35,650,400,250,0.6153846153846154,9,4,5,368.9278186161305,0.3090686274509804,0.04871021444230195,0.22629139447600863,133072.7200255101,2818.845663265296,135891.5656887754,1764,641,1472.9714285714285,34,1,18,32.53721010730356,0.6553308823529411,42.05357142857142,1031.7857142857135,30.34663865546216,0
1766,4,0,0,35,0.0,0.0,1.0,35,850,500,350,0.5882352941176471,12,5,7,375.544069814545,0.3105042016806723,0.04439905113336873,0.23130100663577666,133226.30385487527,3006.469671201814,136232.77352607707,1765,642,1473.9714285714285,34,1,19,32.21214829335794,0.6568627450980392,41.904761904761905,1032.3809523809523,30.364145658263304,0
1767,4,0,0,35,0.0,0.0,1.0,35,850,600,250,0.7058823529411765,11,6,5,378.3977741235542,0.31022408963585435,0.049234517499094466,0.23421796603738954,133410.72137188195,3096.4640022675558,136507.1853741495,1766,643,1474.9714285714285,34,1,19,31.95316701236844,0.6587009803921569,41.72619047619047,1033.0952380952372,30.385154061624622,0
1768,4,0,0,35,0.0,0.0,1.0,35,400,300,100,0.75,5,3,2,377.53642039542166,0.31015406162464987,0.049769585253456095,0.23407258064516132,133472.22222222213,3078.1391723355964,136550.36139455772,1767,644,1475.9714285714285,33,2,19,31.913642473118287,0.6616161616161615,41.666666666666664,1033.3333333333328,31.313131313131297,0
1769,4,0,0,35,0.0,0.0,1.0,35,800,600,200,0.75,10,6,4,375.8833747174263,0.31046918767507004,0.050292219342379374,0.23324683583458816,133503.8825962369,3036.377985630506,136540.2605818674,1768,645,1476.9714285714285,33,2,19,31.924557294754727,0.6619318181818181,41.636029411764696,1033.45588235294,31.316844919786064,0
1770,4,0,0,35,0.0,0.0,1.0,35,900,500,400,0.5555555555555556,13,5,8,377.3005028773105,0.3105042016806723,0.054684298752095684,0.23492873378419693,133630.56163795167,3083.775621155315,136714.33725910698,1769,646,1477.9714285714285,33,2,20,31.760771008652355,0.6631944444444444,41.51348039215686,1033.946078431372,31.33169934640521,0
1771,4,0,0,35,0.0,0.0,1.0,35,800,600,200,0.75,10,6,4,381.32169742110915,0.31106442577030813,0.01746874690767508,0.23293431192254213,132919.22477324263,3136.9968820861613,136056.2216553288,1770,647,1478.9714285714285,34,1,20,32.37199838374507,0.6537990196078431,42.20238095238095,1031.1904761904761,30.32913165266106,2
1772,4,0,0,35,0.0,0.0,1.0,35,800,600,200,0.75,10,6,4,381.47149631616975,0.31092436974789917,0.01878606046618958,0.23379292695020715,133042.01388888896,3150.3472222222276,136192.36111111118,1771,648,1479.9714285714285,34,1,20,32.244547657512115,0.6550245098039216,42.083333333333336,1031.6666666666672,30.343137254901976,0
1773,4,0,0,35,0.0,0.0,1.0,35,1100,700,400,0.6363636363636364,15,7,8,379.68991755207844,0.31039915966386555,0.017408499909365327,0.23327653403678036,133134.14292800464,3109.938350340154,136244.0812783448,1772,649,1480.9714285714285,34,1,20,32.19782174030069,0.6559436274509804,41.99404761904763,1032.0238095238105,30.353641456582665,0
1774,4,0,0,35,0.0,0.0,1.0,35,550,500,50,0.9090909090909091,6,5,1,379.32458945513724,0.3107142857142857,0.01841277163616062,0.2334367292523418,133195.58000283444,3104.8717403628134,136300.45174319725,1773,650,1481.9714285714285,34,1,20,32.14546572867414,0.6565563725490196,41.93452380952381,1032.2619047619046,30.360644257703076,0
1775,4,0,0,35,0.0,0.0,1.0,35,750,500,250,0.6666666666666666,10,5,5,378.05411702947566,0.31074929971988796,0.014269244705029882,0.2332319638060934,133287.76218820864,3077.9974489795923,136365.75963718822,1774,651,1482.9714285714285,34,1,21,32.08559103835216,0.6574754901960784,41.845238095238095,1032.6190476190477,30.371148459383758,0
1776,4,0,0,35,0.0,0.0,1.0,35,550,200,350,0.36363636363636365,9,2,7,378.05411702947566,0.31074929971988796,0.014269244705029882,0.2332319638060934,133287.76218820864,3077.9974489795923,136365.75963718822,1775,652,1483.9714285714285,34,1,21,32.08559103835216,0.6574754901960784,41.845238095238095,1032.6190476190477,30.371148459383758,0
1777,4,0,0,35,0.0,0.0,1.0,35,450,200,250,0.4444444444444444,7,2,5,377.5942112345871,0.31039915966386555,0.009510636896529423,0.23333385873727053,133349.23469387766,3070.3798185941173,136419.61451247177,1776,653,1484.9714285714285,34,1,21,32.0356923313355,0.6580882352941176,41.78571428571429,1032.8571428571436,30.37815126050422,0
1778,4,0,0,35,0.0,0.0,1.0,35,700,500,200,0.7142857142857143,9,5,4,376.5010945554693,0.3102591036414566,0.01267707082833125,0.23286710110239517,133382.53821855708,3043.7343267746915,136426.27254533177,1777,654,1485.9714285714285,35,0,21,32.030462184873954,0.65625,41.75347222222222,1032.986111111111,29.51388888888889,0
1779,4,0,0,35,0.0,0.0,1.0,35,1000,600,400,0.6,14,6,8,379.13442456958995,0.30945378151260505,0.0019040842946926873,0.2352642091534475,133503.88259623697,3123.243822821877,136627.12641905886,1778,655,1486.9714285714285,33,2,21,31.8405618799162,0.6619318181818181,41.6360294117647,1033.4558823529408,31.316844919786085,0
1780,4,0,0,35,0.0,0.0,1.0,35,900,600,300,0.6666666666666666,12,6,6,378.624636690037,0.31046918767507004,0.003361731521989375,0.23592063086726395,133656.80980725618,3121.1522108843446,136777.96201814053,1779,656,1487.9714285714285,34,1,21,31.70019763604268,0.6611519607843137,41.488095238095234,1034.0476190476186,30.41316526610643,0
1781,4,0,0,35,0.0,0.0,1.0,35,850,600,250,0.7058823529411765,11,6,5,377.3113232355959,0.3106792717086835,0.004190169218372342,0.2352981669021983,133687.5868055556,3088.3680555555597,136775.95486111115,1780,657,1488.9714285714285,34,1,21,31.703263497179687,0.6614583333333333,41.458333333333336,1034.166666666667,30.416666666666675,0
1782,4,0,0,35,0.0,0.0,1.0,35,650,300,350,0.46153846153846156,10,3,7,375.30688764912986,0.30962885154061626,-0.0010588099896418068,0.23443864462856143,133749.1514314058,3039.39554988661,136788.5469812924,1781,658,1489.9714285714285,34,1,15,31.69332872981164,0.6620710784313726,41.39880952380952,1034.4047619047612,30.423669467787096,0
1783,4,0,0,35,0.0,0.0,1.0,35,1100,800,300,0.7272727272727273,14,8,6,373.85356704855155,0.3099439775910364,-0.0008743672342383935,0.23411636922089413,133841.52494331068,3007.426303854877,136848.95124716556,1782,659,1490.9714285714285,34,1,16,31.638288080994016,0.6629901960784313,41.30952380952381,1034.7619047619048,30.43417366946779,0
1784,4,0,0,35,0.0,0.0,1.0,35,700,400,300,0.5714285714285714,10,4,6,372.96457383815005,0.3099439775910364,-0.0016101207590566435,0.2341463515900877,133933.9303429705,2990.522250566892,136924.4525935374,1783,660,1491.9714285714285,34,1,16,31.568669733563347,0.6639093137254901,41.220238095238095,1035.1190476190475,30.444677871148457,0
1785,4,0,0,35,0.0,0.0,1.0,35,700,300,400,0.42857142857142855,11,3,8,373.9340918306161,0.309593837535014,-0.003495056334789526,0.23534578370062953,134026.36763038547,3023.405612244895,137049.77324263036,1784,661,1492.9714285714285,34,1,17,31.450956158503878,0.664828431372549,41.13095238095238,1035.4761904761904,30.45518207282913,0
1786,4,0,0,35,0.0,0.0,1.0,35,600,300,300,0.5,9,3,6,375.6171551632005,0.30920868347338937,-0.0036779847708441338,0.23688498390102056,134100.85419077933,3074.116271219138,137174.97046199845,1785,662,1493.9714285714285,35,0,17,31.33276064364733,0.6633928571428571,41.05902777777778,1035.763888888889,29.59325396825397,0
1787,4,0,0,35,0.0,0.0,1.0,35,650,400,250,0.6153846153846154,9,4,5,384.08136527464916,0.3091736694677871,0.0010616201246249624,0.23539244069802787,133042.01388888905,3220.5451871142172,136262.55907600326,1786,663,1494.9714285714285,34,1,19,32.17723478729133,0.6550245098039216,42.08333333333334,1031.666666666668,30.343137254902004,5
1788,4,0,0,35,0.0,0.0,1.0,35,650,500,150,0.7692307692307693,8,5,3,381.9741523108072,0.30875350140056024,-0.0015691704165223808,0.23429369979318942,133072.72002551024,3166.0678854875327,136238.78791099778,1787,664,1495.9714285714285,34,1,19,32.20068458905426,0.6553308823529411,42.05357142857143,1031.7857142857147,30.346638655462197,0
1789,4,0,0,35,0.0,0.0,1.0,35,700,500,200,0.7142857142857143,9,5,4,382.2979804770787,0.30903361344537816,0.001937939785442433,0.23487889388772473,133134.14292800458,3179.382794784584,136313.52572278917,1788,665,1496.9714285714285,34,1,20,32.13053216441727,0.6559436274509804,41.99404761904762,1032.0238095238099,30.353641456582643,0
1790,4,0,0,35,0.0,0.0,1.0,35,650,500,150,0.7692307692307693,8,5,3,363.70895928172337,0.3092436974789916,-0.029266033804121072,0.21787226007458574,132183.68055555562,2622.774943310667,134806.4554988663,1789,666,1497.9714285714285,34,1,17,33.566315505132366,0.6464460784313726,42.91666666666667,1028.333333333334,30.245098039215705,7
1791,4,0,0,35,0.0,0.0,1.0,35,650,500,150,0.7692307692307693,8,5,3,362.7390033875931,0.3087885154061625,-0.033217054904359444,0.2178198560300341,132275.51197562352,2596.2974773242545,134871.80945294778,1790,667,1498.9714285714285,34,1,17,33.49872699918991,0.6473651960784313,42.82738095238095,1028.6904761904757,30.255602240896344,0
1792,4,0,0,35,0.0,0.0,1.0,35,600,400,200,0.6666666666666666,8,4,4,364.3067516559702,0.30903361344537816,-0.0385535796919414,0.21929439842020937,132367.37528344675,2644.4657029478517,135011.84098639459,1791,668,1499.9714285714285,34,1,17,33.365870353231536,0.6482843137254901,42.73809523809524,1029.0476190476193,30.266106442577037,0
1793,4,0,0,35,0.0,0.0,1.0,35,1200,1100,100,0.9166666666666666,13,11,2,368.0792542428,0.3081932773109244,-0.03879793156999112,0.22210616269626626,132459.2704790251,2751.1018990929883,135210.37237811807,1792,669,1500.9714285714285,34,1,17,33.176246096912216,0.649203431372549,42.64880952380953,1029.404761904763,30.276610644257737,0
1794,4,0,0,35,0.0,0.0,1.0,35,850,600,250,0.7058823529411765,11,6,5,367.45995716098685,0.30780812324929974,-0.0381855424871147,0.22191296854247325,132489.90929705225,2736.9472789115825,135226.85657596384,1793,670,1501.9714285714285,34,1,17,33.16132824545175,0.6495098039215687,42.61904761904763,1029.5238095238103,30.28011204481795,0
1795,4,0,0,35,0.0,0.0,1.0,35,800,600,200,0.75,10,6,4,370.1226235423836,0.30773809523809526,-0.035805119735755286,0.22388536319172156,132551.19756235828,2812.039399092971,135363.23696145124,1794,671,1502.9714285714285,34,1,17,33.031069364161844,0.6501225490196079,42.55952380952381,1029.7619047619048,30.287114845938376,0
1796,4,0,0,35,0.0,0.0,1.0,35,750,400,350,0.5333333333333333,11,4,7,367.4955217342684,0.3073529411764706,-0.03188984827722818,0.22284083739079355,132643.15653344672,2749.153202947844,135392.30973639456,1795,672,1503.9714285714285,34,1,13,33.006134673908875,0.6510416666666667,42.470238095238095,1030.1190476190475,30.297619047619044,0
1797,4,0,0,35,0.0,0.0,1.0,35,1000,600,400,0.6,14,6,8,370.3442805477637,0.30738795518207285,-0.031212041193556805,0.22511938851274177,132735.1473922903,2831.540532879831,135566.68792517012,1796,673,1504.9714285714285,34,1,14,32.840178296364755,0.6519607843137255,42.38095238095239,1030.476190476191,30.308123249299737,0
1798,4,0,0,35,0.0,0.0,1.0,35,950,700,250,0.7368421052631579,12,7,5,369.83496594167053,0.3070378151260504,-0.02591523270585494,0.2253624890984464,132827.17013888885,2824.826388888884,135651.99652777772,1797,674,1505.9714285714285,34,1,14,32.76071139854487,0.6528799019607843,42.291666666666664,1030.833333333333,30.318627450980383,0
1799,4,0,0,35,0.0,0.0,1.0,35,850,600,250,0.7058823529411765,11,6,5,369.42833979593485,0.30738795518207285,-0.02853843615968321,0.22529925511498558,132857.85147392284,2816.2910997732383,135674.14257369607,1798,675,1506.9714285714285,34,1,14,32.740329099307154,0.6531862745098039,42.26190476190476,1030.9523809523805,30.322128851540604,0
1800,4,0,0,35,0.0,0.0,1.0,35,450,300,150,0.6666666666666666,6,3,3,372.5052526818386,0.3080532212885154,-0.03193587756044436,0.22754869525600022,132919.22477324257,2902.62188208616,135821.84665532873,1799,676,1507.9714285714285,34,1,14,32.59928422996999,0.6537990196078431,42.20238095238095,1031.1904761904757,30.32913165266105,0
1801,4,0,0,35,0.0,0.0,1.0,35,700,300,400,0.42857142857142855,11,3,8,369.8645052141169,0.30798319327731094,-0.03402852196851047,0.22649299912935136,133011.31129535142,2839.2325680272015,135850.5438633786,1800,677,1508.9714285714285,34,1,15,32.574773994999035,0.654718137254902,42.113095238095234,1031.5476190476186,30.339635854341722,0
1802,4,0,0,35,0.0,0.0,1.0,35,650,300,350,0.46153846153846156,10,3,7,367.9536343895771,0.3086484593837535,-0.033432757114842615,0.22606591470752976,133134.14292800456,2797.438350340139,135931.5812783447,1801,678,1509.9714285714285,34,1,16,32.500624831776065,0.6559436274509804,41.99404761904762,1032.0238095238096,30.353641456582636,0
1803,4,0,0,35,0.0,0.0,1.0,35,1200,800,400,0.6666666666666666,16,8,8,371.10429731597713,0.3093137254901961,-0.03606595180445027,0.2287553355096993,133257.03124999997,2890.4513888888873,136147.48263888885,1802,679,1510.9714285714285,34,1,16,32.295870325531354,0.6571691176470589,41.875,1032.4999999999998,30.367647058823522,0
1804,4,0,0,35,0.0,0.0,1.0,35,600,400,200,0.6666666666666666,8,4,4,369.36441628117495,0.3090686274509804,-0.034615067929189,0.22805952393161513,133318.49666950112,2848.621740362811,136167.11840986394,1803,680,1511.9714285714285,34,1,16,32.279058597502384,0.657781862745098,41.81547619047619,1032.7380952380952,30.374649859943975,0
1805,4,0,0,35,0.0,0.0,1.0,35,350,100,250,0.2857142857142857,6,1,5,368.480714778701,0.30927871148459385,-0.033083053415003394,0.2277021852863255,133349.23469387754,2827.3242630385457,136176.5589569161,1804,681,1512.9714285714285,34,1,16,32.271015829107114,0.6580882352941176,41.785714285714285,1032.8571428571427,30.378151260504197,0
1806,4,0,0,35,0.0,0.0,1.0,35,650,500,150,0.7692307692307693,8,5,3,369.6138099267533,0.3093137254901961,-0.029098212227965492,0.22878093028133833,133410.72137188204,2862.0890022675676,136272.81037414962,1805,682,1513.9714285714285,34,1,17,32.180033801951296,0.6587009803921569,41.726190476190474,1033.0952380952378,30.385154061624643,0
1807,4,0,0,35,0.0,0.0,1.0,35,1050,700,350,0.6666666666666666,14,7,7,368.10613943808556,0.30952380952380953,-0.03294930875576019,0.2282258064516129,133472.22222222213,2826.388888888883,136298.611111111,1806,683,1514.9714285714285,34,1,17,32.157258064516135,0.6593137254901961,41.666666666666664,1033.3333333333328,30.392156862745082,0
1808,4,0,0,35,0.0,0.0,1.0,35,950,700,250,0.7368421052631579,12,7,5,366.4265753809061,0.3088935574229692,-0.02908524356488107,0.21616910699575842,131602.82206632657,2644.554280045356,134247.37634637192,1807,684,1515.9714285714285,34,1,14,34.08264686545229,0.640625,43.48214285714286,1026.071428571429,30.178571428571438,4
1809,4,0,0,35,0.0,0.0,1.0,35,1000,800,200,0.8,12,8,4,366.94096864563755,0.3083683473389356,-0.029184407150312452,0.21716760278869846,131725.00177154213,2667.0599489796095,134392.06172052174,1808,685,1516.9714285714285,34,1,15,33.946035795740066,0.6418504901960784,43.36309523809525,1026.5476190476204,30.192577030812366,0
1810,4,0,0,35,0.0,0.0,1.0,35,650,400,250,0.6153846153846154,9,4,5,367.7183313228831,0.3089985994397759,-0.03430161306349511,0.21815256712456613,131816.67375283458,2694.281462585051,134510.95521541964,1809,686,1517.9714285714285,34,1,15,33.833516886930994,0.6427696078431373,43.27380952380953,1026.9047619047628,30.203081232493023,0
1811,4,0,0,35,0.0,0.0,1.0,35,800,500,300,0.625,11,5,6,366.10423625330145,0.3097689075630252,-0.02828998559674134,0.2177197418766187,131908.37762188207,2658.4431689342414,134566.8207908163,1810,687,1518.9714285714285,34,1,17,33.7824004326496,0.6436887254901961,43.18452380952381,1027.2619047619046,30.213585434173666,0
1812,4,0,0,35,0.0,0.0,1.0,35,550,400,150,0.7272727272727273,7,4,3,364.99908025172897,0.30938375350140057,-0.029995033934778648,0.2172373836256843,131938.9526643991,2631.519274376419,134570.47193877553,1811,688,1519.9714285714285,34,1,17,33.77993433758207,0.6439950980392157,43.154761904761905,1027.3809523809525,30.217086834733898,0
1813,4,0,0,35,0.0,0.0,1.0,35,1200,900,300,0.75,15,9,6,368.67984163072765,0.3100840336134454,-0.035257513570766785,0.21978207133677072,132000.11337868482,2733.1561791383206,134733.26955782314,1812,689,1520.9714285714285,34,1,17,33.62367740191535,0.6446078431372548,43.095238095238095,1027.6190476190477,30.224089635854344,0
1814,4,0,0,35,0.0,0.0,1.0,35,450,300,150,0.6666666666666666,6,3,3,368.67984163072765,0.3100840336134454,-0.035257513570766785,0.21978207133677072,132000.11337868482,2733.1561791383206,134733.26955782314,1813,690,1521.9714285714285,34,1,17,33.62367740191535,0.6446078431372548,43.095238095238095,1027.6190476190477,30.224089635854344,0
1815,4,0,0,35,0.0,0.0,1.0,35,550,300,250,0.5454545454545454,8,3,5,368.53204274128586,0.3101890756302521,-0.03858284655226607,0.21987125950141811,132030.6990504535,2731.5086451247157,134762.2076955782,1814,691,1522.9714285714285,34,1,18,33.59661569944785,0.6449142156862745,43.06547619047619,1027.7380952380952,30.227591036414566,0
1816,4,0,0,35,0.0,0.0,1.0,35,1200,1000,200,0.8333333333333334,14,10,4,367.29587428888135,0.3101890756302521,-0.06686646686646658,0.21009324009324004,130414.54081632645,2580.1445578231205,132994.68537414956,1815,692,1523.9714285714285,34,1,19,35.263694638694645,0.6286764705882353,44.64285714285714,1021.4285714285708,30.04201680672267,3
1817,4,0,0,35,0.0,0.0,1.0,35,1100,1000,100,0.9090909090909091,12,10,2,365.670778595897,0.3098389355742297,-0.0665612779765371,0.20998552737429962,130566.58340419516,2548.8768424036443,133115.4602465988,1816,693,1524.9714285714285,34,1,17,35.150941564744706,0.6302083333333333,44.49404761904763,1022.0238095238107,30.059523809523842,0
1818,4,0,0,35,0.0,0.0,1.0,35,700,500,200,0.7142857142857143,9,5,4,364.65220089432097,0.31004901960784315,-0.06570829589697513,0.20956518051396528,130597.00255102053,2524.4968820861845,133121.4994331067,1817,694,1525.9714285714285,34,1,17,35.1461196521469,0.6305147058823529,44.46428571428572,1022.1428571428581,30.063025210084064,0
1819,4,0,0,35,0.0,0.0,1.0,35,800,600,200,0.75,10,6,4,364.2480848158706,0.3106792717086835,-0.06516734313660244,0.20966236946371952,130657.85147392291,2518.374433106576,133176.2259070295,1818,695,1526.9714285714285,34,1,17,35.094754308337215,0.6311274509803921,44.404761904761905,1022.3809523809524,30.07002801120448,0
1820,4,0,0,35,0.0,0.0,1.0,35,850,500,350,0.5882352941176471,12,5,7,366.1902228386169,0.3107843137254902,-0.06897194085458114,0.2109461987901328,130688.28125,2571.354166666668,133259.63541666666,1819,696,1527.9714285714285,34,1,17,35.01426242868785,0.6314338235294117,44.375,1022.5,30.073529411764707,0
1821,4,0,0,35,0.0,0.0,1.0,35,1100,900,200,0.8181818181818182,13,9,4,367.1161867805982,0.31211484593837535,-0.064709598058446,0.21231470452169993,130840.48327664394,2606.7318594104263,133447.21513605435,1820,697,1528.9714285714285,34,1,18,34.83631991311768,0.6329656862745099,44.226190476190474,1023.0952380952377,30.091036414565817,0
1822,4,0,0,35,0.0,0.0,1.0,35,1550,1200,350,0.7741935483870968,19,12,7,369.2707062630156,0.31211484593837535,-0.06595553783271846,0.21423681055664015,130962.30867346934,2672.108843537409,133634.41751700675,1821,698,1529.9714285714285,34,1,18,34.65776924866247,0.6341911764705883,44.107142857142854,1023.5714285714282,30.105042016806713,0
1823,4,0,0,35,0.0,0.0,1.0,35,950,500,450,0.5263157894736842,14,5,9,365.96767506904996,0.3123949579831933,-0.05999269272926533,0.2129941773304443,131084.1907596371,2594.5153061224432,133678.70606575956,1822,699,1530.9714285714285,34,1,18,34.61888708052392,0.6354166666666667,43.988095238095234,1024.0476190476184,30.1190476190476,0
1824,4,0,0,35,0.0,0.0,1.0,35,1100,800,300,0.7272727272727273,14,8,6,367.2508788384906,0.3107843137254902,-0.05365068299888831,0.21459119580196115,131236.62308673462,2639.3530328798065,133875.9761196144,1823,700,1531.9714285714285,34,1,18,34.43176096975329,0.6369485294117647,43.83928571428571,1024.6428571428567,30.136554621848724,0
1825,4,0,0,35,0.0,0.0,1.0,35,800,600,200,0.75,10,6,4,365.3618554020816,0.3102591036414566,-0.05349840679766327,0.21365725891991266,131267.12018140565,2591.999716553259,133859.1198979589,1824,701,1532.9714285714285,34,1,18,34.44930103779429,0.6372549019607843,43.809523809523796,1024.7619047619028,30.140056022408906,0
1826,4,0,0,35,0.0,0.0,1.0,35,1050,900,150,0.8571428571428571,12,9,3,363.79455294544715,0.31039915966386555,-0.05334616597248709,0.2129100820059382,131297.62081916086,2553.0718537414828,133850.69267290234,1825,702,1533.9714285714285,34,1,18,34.4586092074186,0.6375612745098039,43.7797619047619,1024.8809523809514,30.14355742296916,0
1827,4,0,0,35,0.0,0.0,1.0,35,1250,1100,150,0.88,14,11,3,363.7104229632765,0.3095588235294118,-0.052273141928314226,0.21354041397291745,131419.65880102038,2559.7399376417206,133979.3987386621,1826,703,1534.9714285714285,34,1,20,34.33738728278957,0.6387867647058824,43.660714285714285,1025.3571428571427,30.157563025210077,0
1828,4,0,0,35,0.0,0.0,1.0,35,1000,900,100,0.9,11,9,2,359.1214248894291,0.30850840336134455,-0.023678270754732278,0.2210036817044881,133195.58000283435,2566.677295918355,135762.2572987527,1827,704,1535.9714285714285,34,1,18,32.666839657094535,0.6565563725490196,41.9345238095238,1032.261904761904,30.360644257703058,3
1829,4,0,0,35,0.0,0.0,1.0,35,750,500,250,0.6666666666666666,10,5,5,360.3559589113823,0.3080182072829132,-0.025227718205926175,0.22212986720955347,133257.03124999988,2603.9930555555416,135861.02430555542,1828,705,1536.9714285714285,34,1,18,32.573311810599954,0.6571691176470589,41.87499999999999,1032.499999999999,30.367647058823504,0
1830,4,0,0,35,0.0,0.0,1.0,35,550,300,250,0.5454545454545454,8,3,5,359.493085673574,0.3081932773109244,-0.026232748114232596,0.22178115399235993,133287.7621882086,2583.2057823129253,135870.96797052154,1829,706,1537.9714285714285,34,1,18,32.56475290139113,0.6574754901960784,41.845238095238095,1032.6190476190475,30.37114845938375,0
1831,4,0,0,35,0.0,0.0,1.0,35,1000,800,200,0.8,12,8,4,356.84941687530693,0.30969887955182074,-0.028093975863942244,0.22069724805609675,133379.9762613378,2519.3133503401327,135899.28961167793,1830,707,1538.9714285714285,34,1,19,32.540528600514776,0.6583946078431373,41.75595238095238,1032.9761904761901,30.381652661064415,0
1832,4,0,0,35,0.0,0.0,1.0,35,1000,900,100,0.9,11,9,2,354.4484911550468,0.3104341736694678,-0.030645161290322465,0.2197580645161292,133472.22222222228,2461.8374433106683,135934.05966553296,1831,708,1539.9714285714285,33,2,19,32.510080645161295,0.6616161616161615,41.66666666666667,1033.333333333334,31.313131313131333,0
1833,4,1,0,36,0.027777777777777776,0.0,1.0,36,1050,700,350,0.6666666666666666,14,7,7,348.5664506262435,0.3181878306878307,-0.00716804661146897,0.21901256175186504,133964.73922902497,2139.1227324263027,136103.86196145127,1832,0,1498.1666666666667,34,2,17,32.16924448022078,0.6642156862745099,41.19047619047619,1035.2380952380954,30.44817927170869,0
1834,4,0,0,36,0.0,0.0,1.0,36,850,600,250,0.7058823529411765,11,6,5,347.8156010574022,0.3181051587301587,-0.006525238588018567,0.21872395389705204,133995.5516581634,2121.1486678004667,136116.70032596387,1833,1,1499.1666666666667,34,2,17,32.15788011191598,0.6645220588235294,41.16071428571429,1035.3571428571438,30.451680672268935,0
1835,4,0,0,36,0.0,0.0,1.0,36,750,500,250,0.6666666666666666,10,5,5,348.74488043334645,0.3173611111111111,-0.0023627075351215776,0.21986090288189233,134088.01020408163,2152.5014172335573,136240.51162131518,1834,2,1500.1666666666667,34,2,17,32.041427203065126,0.6654411764705883,41.07142857142857,1035.7142857142856,30.462184873949575,0
1836,4,0,0,36,0.0,0.0,1.0,36,900,600,300,0.6666666666666666,12,6,6,352.0046880913438,0.3180555555555556,-0.0076146343954248685,0.22266343060661772,134211.3378684809,2248.6040249433336,136459.94189342426,1835,3,1501.1666666666667,34,2,18,31.833783318014707,0.6666666666666667,40.95238095238096,1036.1904761904777,30.47619047619052,0
1837,4,0,0,36,0.0,0.0,1.0,36,1250,1000,250,0.8,15,10,5,352.148292968746,0.31807208994708996,-0.005408768906758343,0.22294188293039546,134242.17864229044,2254.6308106576184,136496.80945294807,1836,4,1502.1666666666667,34,2,18,31.799253302699615,0.6669730392156863,40.92261904761906,1036.3095238095252,30.479691876750742,0
1838,4,0,0,36,0.0,0.0,1.0,36,550,400,150,0.7272727272727273,7,4,3,352.148292968746,0.31807208994708996,-0.005408768906758343,0.22294188293039546,134242.17864229044,2254.6308106576184,136496.80945294807,1837,5,1503.1666666666667,34,2,18,31.799253302699615,0.6669730392156863,40.92261904761906,1036.3095238095252,30.479691876750742,0
1839,4,0,0,36,0.0,0.0,1.0,36,550,400,150,0.7272727272727273,7,4,3,352.28232320377697,0.31765873015873014,-0.008787043418331919,0.22321469474614872,134273.02295918373,2260.402494331072,136533.4254535148,1838,6,1504.1666666666667,34,2,18,31.764970518416426,0.6672794117647058,40.892857142857146,1036.428571428572,30.483193277310942,0
1840,4,0,0,36,0.0,0.0,1.0,36,650,500,150,0.7692307692307693,8,5,3,353.37629082229586,0.3177083333333333,-0.006804869645113509,0.22409667619735849,134303.8708191611,2291.960742630392,136595.83156179148,1839,7,1505.1666666666667,34,2,18,31.705811416101984,0.6675857843137255,40.86309523809524,1036.5476190476197,30.486694677871167,0
1841,4,0,0,36,0.0,0.0,1.0,36,1200,1000,200,0.8333333333333334,14,10,4,354.01461297240724,0.31765873015873014,-0.007335119275417634,0.22507060430581516,134396.43565759642,2315.6604308390065,136712.0960884354,1840,8,1506.1666666666667,34,2,18,31.596823574435515,0.6685049019607843,40.773809523809526,1036.9047619047622,30.497198879551828,0
1842,4,0,0,36,0.0,0.0,1.0,36,850,500,350,0.5882352941176471,12,5,7,355.96200061289323,0.31658399470899473,-0.007474341811691154,0.22726804654515495,134550.78125000003,2378.9930555555557,136929.7743055556,1841,9,1507.1666666666667,34,2,18,31.392235609103068,0.6700367647058824,40.625,1037.5000000000002,30.51470588235295,0
1843,4,0,0,36,0.0,0.0,1.0,36,900,600,300,0.6666666666666666,12,6,6,357.31816648702636,0.3158564814814815,-0.0037379067722076442,0.22852109004162924,134612.5442885486,2419.901502267558,137032.44579081616,1842,10,1508.1666666666667,34,2,19,31.29540935337081,0.6706495098039216,40.56547619047618,1037.7380952380943,30.52170868347336,0
1844,4,0,0,36,0.0,0.0,1.0,36,850,600,250,0.7058823529411765,11,6,5,357.0235565188116,0.3159391534391534,-0.012519113149846772,0.22891510388559091,134705.2154195011,2418.5870181405867,137123.8024376417,1843,11,1509.1666666666667,34,2,19,31.210579128440372,0.6715686274509804,40.476190476190474,1038.0952380952378,30.532212885154053,0
1845,4,0,0,36,0.0,0.0,1.0,36,700,500,200,0.7142857142857143,9,5,4,357.9608841390361,0.3155753968253968,-0.017701087925807046,0.22990683589548408,134767.01388888888,2448.263888888884,137215.27777777775,1844,12,1510.1666666666667,34,2,19,31.12459871589084,0.6721813725490196,40.416666666666664,1038.3333333333333,30.539215686274506,0
1846,4,0,0,36,0.0,0.0,1.0,36,800,600,200,0.75,10,6,4,357.2880738203993,0.3160548941798942,-0.018842268842268695,0.22967014502102742,134797.91843820858,2432.337726757365,137230.25616496595,1845,13,1511.1666666666667,34,2,17,31.11123848828767,0.6724877450980392,40.38690476190476,1038.4523809523807,30.542717086834728,0
1847,4,0,0,36,0.0,0.0,1.0,36,800,600,200,0.75,10,6,4,360.99519225128853,0.3156084656084656,-0.012571717853526287,0.21696323623540914,132308.6811583718,2352.5595582561664,134661.24071662797,1846,14,1512.1666666666667,35,1,19,33.51016706041175,0.6455357142857143,42.795138888888886,1028.8194444444437,29.394841269841248,7
1848,4,0,0,36,0.0,0.0,1.0,36,450,300,150,0.6666666666666666,6,3,3,360.99519225128853,0.3158564814814815,-0.012571717853526287,0.21696323623540914,132308.6811583718,2352.5595582561664,134661.24071662797,1847,15,1513.1666666666667,35,1,19,33.51016706041175,0.6455357142857143,42.795138888888886,1028.8194444444437,29.394841269841248,0
1849,4,0,0,36,0.0,0.0,1.0,36,1000,700,300,0.7,13,7,6,362.7867663898593,0.3154100529100529,-0.008717660292463458,0.2182120671993131,132338.45191400888,2402.127807784632,134740.5797217935,1848,16,1514.1666666666667,35,1,19,33.434101987251594,0.6458333333333333,42.7662037037037,1028.935185185185,29.39814814814814,0
1850,4,0,0,36,0.0,0.0,1.0,36,500,400,100,0.8,6,4,2,360.56228244970805,0.31519510582010585,-0.010204655346901959,0.21738850019154296,132427.78427479873,2349.6928315758105,134777.47710637454,1849,17,1515.1666666666667,35,1,19,33.40138779564452,0.6467261904761905,42.67939814814816,1029.282407407409,29.408068783068828,0
1851,4,0,0,36,0.0,0.0,1.0,36,850,700,150,0.8235294117647058,10,7,3,358.1605521414818,0.3154596560846561,-0.010595840359752584,0.2162822886149683,132487.3559268906,2290.3489101080404,134777.70483699863,1850,18,1516.1666666666667,35,1,19,33.40324620573355,0.6473214285714286,42.621527777777786,1029.51388888889,29.414682539682573,0
1852,4,0,0,36,0.0,0.0,1.0,36,800,600,200,0.75,10,6,4,356.37845476680263,0.31499669312169315,-0.007614926379678311,0.21554718640790266,132546.9409749016,2247.37480174042,134794.31577664203,1851,19,1517.1666666666667,35,1,19,33.389180810010885,0.6479166666666667,42.56365740740742,1029.7453703703718,29.421296296296337,0
1853,4,0,0,36,0.0,0.0,1.0,36,1000,700,300,0.7,13,7,6,360.1828052013633,0.3147156084656085,-0.017415730337078772,0.21836695955668506,132636.3436642663,2354.6660665295108,134991.0097307958,1852,20,1518.1666666666667,35,1,19,33.20131086142323,0.6488095238095238,42.47685185185186,1030.092592592594,29.43121693121697,0
1854,4,0,0,36,0.0,0.0,1.0,36,600,500,100,0.8333333333333334,7,5,2,359.9737932038727,0.3146660052910053,-0.014629900033696241,0.21876086559003985,132725.77649444898,2355.5602441272595,135081.33673857624,1853,21,1519.1666666666667,35,1,19,33.11676307611667,0.649702380952381,42.39004629629631,1030.4398148148168,29.441137566137623,0
1855,4,1,0,37,0.02702702702702703,0.0,1.0,37,850,800,50,0.9411764705882353,9,8,1,349.0603726092175,0.3230105105105105,-0.01570872182225891,0.2137294794853236,133007.16256797378,1885.5059451343695,134892.66851310816,1854,0,1479.081081081081,36,1,20,33.115447598253276,0.650462962962963,42.11711711711714,1031.5315315315347,28.65365365365374,0
1856,4,0,0,37,0.0,0.0,1.0,37,800,700,100,0.875,9,7,2,347.41649270181495,0.32310435435435436,-0.010631456603951595,0.21305421058460738,133065.25063915298,1845.8125355085162,134911.06317466148,1855,1,1480.081081081081,36,1,20,33.099577966965015,0.6510416666666667,42.06081081081083,1031.7567567567592,28.659909909909977,0
1857,4,0,0,37,0.0,0.0,1.0,37,600,400,200,0.6666666666666666,8,4,4,345.7003490293871,0.3230105105105105,-0.00934813700771131,0.2124979006609215,133152.4065239229,1806.1666818846227,134958.5732058075,1856,2,1481.081081081081,36,1,20,33.05646481178396,0.6519097222222222,41.97635135135137,1032.094594594597,28.669294294294364,0
1858,4,0,0,37,0.0,0.0,1.0,37,700,600,100,0.8571428571428571,8,6,2,341.3795252182862,0.3236361361361361,-0.006347859144719026,0.21082771890753593,133326.8038942662,1703.0082024592502,135029.81209672545,1857,3,1482.081081081081,36,1,20,32.99326681932178,0.6536458333333333,41.80743243243245,1032.7702702702727,28.68806306306313,0
1859,4,0,0,37,0.0,0.0,1.0,37,750,500,250,0.6666666666666666,10,5,5,341.7039244518525,0.3229166666666667,-0.0007070510667632757,0.21152441315258455,133414.04537983963,1717.6205766577725,135131.6659564974,1858,4,1483.081081081081,36,1,20,32.89754559988373,0.6545138888888888,41.72297297297299,1033.1081081081106,28.697447447447516,0
1860,4,0,0,37,0.0,0.0,1.0,37,1000,700,300,0.7,13,7,6,342.7677989769748,0.3221346346346346,0.0009246553155901616,0.21284999046080377,133530.41174620594,1753.9850661472567,135284.3968123532,1859,5,1484.081081081081,36,1,20,32.75359555458705,0.6556712962962963,41.610360360360374,1033.5585585585607,28.709959959960017,0
1861,4,0,0,37,0.0,0.0,1.0,37,950,700,250,0.7368421052631579,12,7,5,344.706926585691,0.3221659159159159,-0.0022905258199374945,0.21439089336427136,133588.6139517898,1809.7841084327742,135398.39806022256,1860,6,1485.081081081081,36,1,20,32.645243282498186,0.65625,41.55405405405406,1033.783783783785,28.716216216216253,0
1862,4,0,0,37,0.0,0.0,1.0,37,900,500,400,0.5555555555555556,13,5,8,349.77035504862283,0.3215402902902903,-0.004796826443167701,0.2182262867368581,133705.05640775908,1953.2130103076033,135658.2694180667,1861,7,1486.081081081081,36,1,18,32.39782955865273,0.6574074074074074,41.44144144144144,1034.234234234234,28.728728728728722,0
1863,4,0,0,37,0.0,0.0,1.0,37,800,700,100,0.875,9,7,2,357.6756412527707,0.3211649149149149,0.014578035365781394,0.21564349347297687,132426.97934420937,2073.180951221521,134500.1602954309,1862,8,1487.081081081081,36,1,19,33.476477024070014,0.6446759259259259,42.680180180180194,1029.2792792792816,28.591091091091155,3
1864,4,0,0,37,0.0,0.0,1.0,37,700,400,300,0.5714285714285714,10,4,6,359.1653555847945,0.3215402902902903,0.02438728786754596,0.21704222380117535,132513.92598257065,2118.882269093446,134632.8082516641,1863,9,1488.081081081081,36,1,19,33.35065077108171,0.6455439814814814,42.595720720720735,1029.617117117119,28.60047547547553,0
1865,4,0,0,37,0.0,0.0,1.0,37,700,400,300,0.5714285714285714,10,4,6,358.988372297732,0.3220095095095095,0.02561419687403954,0.21710249181815247,132542.91453615797,2116.2730297865664,134659.18756594454,1864,10,1489.081081081081,36,1,20,33.32604257801109,0.6458333333333333,42.56756756756758,1029.7297297297314,28.60360360360365,0
1866,4,0,0,37,0.0,0.0,1.0,37,850,700,150,0.8235294117647058,10,7,3,361.789244697649,0.3221659159159159,0.02811425330008621,0.21947267974098805,132658.90045450884,2198.9126795714974,134857.81313408032,1865,11,1490.081081081081,36,1,17,33.13725222270806,0.6469907407407407,42.45495495495497,1030.1801801801826,28.61611611611618,0
1867,4,0,0,37,0.0,0.0,1.0,37,650,400,250,0.6153846153846154,9,4,5,360.2585751965663,0.3225725725725726,0.02899654817058961,0.21939100058377747,132803.95418645014,2168.7526631361325,134972.70684958628,1866,12,1491.081081081081,36,1,17,33.03083688408172,0.6484375,42.3141891891892,1030.7432432432447,28.631756756756797,0
1868,4,0,0,37,0.0,0.0,1.0,37,950,700,250,0.7368421052631579,12,7,5,360.1139688256913,0.3218531031031031,0.024503481312480035,0.21998423032267234,132920.05423920558,2173.273653721307,135093.3278929269,1867,13,1492.081081081081,36,1,18,32.91789523497507,0.6495949074074074,42.201576576576585,1031.193693693695,28.644269269269305,0
1869,4,0,0,37,0.0,0.0,1.0,37,850,600,250,0.7058823529411765,11,6,5,359.4977646253667,0.321727977977978,0.02935526420623069,0.21994923354734378,132978.123287984,2161.067613221338,135139.19090120532,1868,14,1493.081081081081,36,1,19,32.875450376678685,0.6501736111111112,42.145270270270274,1031.4189189189194,28.650525525525538,0
1870,4,0,0,37,0.0,0.0,1.0,37,1400,1000,400,0.7142857142857143,18,10,8,334.3525458956811,0.32166541541541543,0.005875568900779005,0.20520243657348466,133094.29943034254,1500.083571747424,134594.38300208995,1869,15,1494.081081081081,36,1,18,33.40745389064718,0.6513310185185186,42.03265765765766,1031.8693693693695,28.66303803803804,7
1871,4,0,0,37,0.0,0.0,1.0,37,550,500,50,0.9090909090909091,6,5,1,334.9786832158403,0.321727977977978,0.00470112189885219,0.20574696065616357,133123.35139193246,1518.6969909098243,134642.04838284227,1870,16,1495.081081081081,36,1,18,33.362205368834566,0.6516203703703703,42.0045045045045,1031.9819819819818,28.66616616616616,0
1872,4,0,0,37,0.0,0.0,1.0,37,700,500,200,0.7142857142857143,9,5,4,336.85476056362694,0.3225725725725726,0.008026136544574403,0.20722219700175873,133181.46482631282,1572.562089116144,134754.02691542896,1871,17,1496.081081081081,36,1,18,33.255600407302346,0.6521990740740741,41.9481981981982,1032.2072072072074,28.67242242242243,0
1873,4,0,0,37,0.0,0.0,1.0,37,700,400,300,0.5714285714285714,10,4,6,338.12415746701305,0.3230730730730731,0.004774155902713462,0.20881728270235522,133326.8038942658,1616.2026469036507,134943.00654116945,1872,18,1497.081081081081,36,1,18,33.077317995129576,0.6536458333333333,41.80743243243243,1032.7702702702695,28.68806306306304,0
1874,4,0,0,37,0.0,0.0,1.0,37,950,700,250,0.7368421052631579,12,7,5,337.1493898287638,0.3229166666666667,0.002999074941521185,0.20870502714501193,133414.04537983923,1596.0927988799515,135010.13817871918,1873,19,1498.081081081081,36,1,18,33.01517876607805,0.6545138888888888,41.72297297297297,1033.1081081081074,28.69744744744743,0
1875,4,0,0,37,0.0,0.0,1.0,37,850,700,150,0.8235294117647058,10,7,3,366.1850431603407,0.3225412912912913,0.003585518750258032,0.22526524198709263,133181.46482631267,2358.6342677136477,135540.09909402631,1874,20,1499.081081081081,36,1,19,32.49872718015856,0.6521990740740741,41.94819819819819,1032.2072072072062,28.672422422422397,8
1876,4,0,0,37,0.0,0.0,1.0,37,1200,1000,200,0.8333333333333334,14,10,4,367.2160187219064,0.32166541541541543,0.0019633057016232858,0.22628966179878734,133245.71021852875,2385.9918436441926,135631.70206217293,1875,21,1500.081081081081,37,0,19,32.40760407816481,0.6509009009009009,41.8859649122807,1032.456140350877,27.90422000948316,0
1877,4,0,0,37,0.0,0.0,1.0,37,1000,800,200,0.8,12,8,4,367.6759775797356,0.3220095095095095,-0.0069769376637014435,0.22743764837680133,133387.25767784292,2408.658072676184,135795.9157505191,1876,22,1501.081081081081,37,0,19,32.25363107242684,0.6523085585585586,41.74890350877192,1033.0043859649104,27.91903745851109,0
1878,4,0,0,37,0.0,0.0,1.0,37,850,600,250,0.7058823529411765,11,6,5,366.63537975790354,0.3223536036036036,-0.008284234138617341,0.22696705309323015,133415.57618690346,2382.974088180956,135798.55027508442,1877,23,1502.081081081081,37,0,19,32.25208731338002,0.6525900900900901,41.721491228070164,1033.1140350877176,27.922000948316693,0
1879,4,0,1,36,0.0,0.02702702702702703,0.972972972972973,37,950,700,250,0.7368421052631579,12,7,5,371.0772118823468,0.32329204204204204,-0.0025093634124846442,0.23025884748753767,133502.97796201808,2508.0186368176032,136010.99659883569,1878,24,1503.081081081081,34,3,19,32.04963905848021,0.6596200980392157,41.63690476190476,1033.4523809523805,30.395658263305307,0
1880,4,0,0,36,0.0,0.0,1.0,36,1200,900,300,0.75,15,9,6,371.43238998964245,0.3164021164021164,0.030122029543995232,0.2246776345042239,132551.19756235805,2646.761621315165,135197.95918367323,1879,47,1545.1666666666667,34,2,19,32.997350674373784,0.6501225490196079,42.559523809523796,1029.761904761903,30.287114845938323,1
1881,4,0,0,36,0.0,0.0,1.0,36,1150,800,350,0.6956521739130435,15,8,7,368.7093413989974,0.31769179894179894,0.030550421031012354,0.22412556595152533,132735.14739229015,2588.1377551020237,135323.28514739216,1880,48,1546.1666666666667,34,2,16,32.882297443006756,0.6519607843137255,42.38095238095237,1030.4761904761897,30.308123249299697,0
1882,4,0,0,36,0.0,0.0,1.0,36,750,500,250,0.6666666666666666,10,5,5,369.63919384282974,0.31787367724867727,0.027290054291325028,0.22487466627528993,132765.81809807243,2615.0899943310483,135380.90809240346,1881,49,1547.1666666666667,34,2,16,32.82748065149588,0.6522671568627452,42.35119047619047,1030.5952380952372,30.311624649859915,0
1883,4,0,0,36,0.0,0.0,1.0,36,700,500,200,0.7142857142857143,9,5,4,366.8433030636576,0.31767526455026457,0.02373646659681672,0.22382466737610013,132874.8981910151,2548.8533093278393,135423.75150034294,1882,50,1548.1666666666667,35,1,17,32.78981439904205,0.6511904761904762,42.24537037037037,1031.0185185185185,29.457671957671955,0
1884,4,0,0,36,0.0,0.0,1.0,36,1150,700,450,0.6086956521739131,16,7,9,373.1380229914641,0.31871693121693123,0.021102135457571336,0.2285758899603382,133024.10361207565,2727.270206404318,135751.37381847997,1883,51,1549.1666666666667,35,1,18,32.477490743857274,0.6526785714285714,42.10069444444444,1031.5972222222224,29.474206349206355,0
1885,4,0,0,36,0.0,0.0,1.0,36,900,700,200,0.7777777777777778,11,7,4,371.68981386363373,0.3193287037037037,0.015779571902021283,0.22860205241626766,133173.39275763018,2699.838713134417,135873.2314707646,1884,52,1550.1666666666667,35,1,18,32.36478657397025,0.6541666666666667,41.95601851851851,1032.175925925925,29.490740740740712,0
1886,4,0,0,36,0.0,0.0,1.0,36,950,900,50,0.9473684210526315,10,9,1,370.97130825184325,0.3191798941798942,0.015727559192417084,0.2287100926686035,133263.00643272026,2687.350367584003,135950.35680030426,1885,53,1551.1666666666667,35,1,18,32.293301386242184,0.6550595238095238,41.869212962962955,1032.5231481481474,29.500661375661352,0
1887,4,0,0,36,0.0,0.0,1.0,36,1150,1100,50,0.9565217391304348,12,11,1,370.1707106060189,0.31959325396825394,0.016009116042740912,0.22839993637807043,133292.88435570977,2668.2243441357896,135961.10869984556,1886,54,1552.1666666666667,35,1,18,32.283960995292546,0.6553571428571429,41.84027777777777,1032.638888888888,29.503968253968228,0
1888,4,0,0,36,0.0,0.0,1.0,36,500,200,300,0.4,8,2,6,372.63105563051374,0.31982473544973544,0.01669816692714976,0.23012790647726855,133326.8038942658,2736.3415357925405,136063.14543005833,1887,55,1553.1666666666667,36,0,18,32.1863755315669,0.6536458333333333,41.80743243243243,1032.7702702702695,28.68806306306304,0
1889,4,0,0,36,0.0,0.0,1.0,36,850,700,150,0.8235294117647058,10,7,3,375.01245072709366,0.3194775132275132,0.012541913025672313,0.23289399837000155,133533.7372448977,2815.521331797842,136349.25857669555,1888,56,1554.1666666666667,34,2,18,31.91708899639099,0.6599264705882353,41.60714285714284,1033.5714285714264,30.399159663865483,0
1890,4,0,0,36,0.0,0.0,1.0,36,600,500,100,0.8333333333333334,7,5,2,375.01245072709366,0.3194775132275132,0.012541913025672313,0.23289399837000155,133533.7372448977,2815.362811791349,136349.10005668906,1889,57,1555.1666666666667,34,2,18,31.91708899639099,0.6599264705882353,41.60714285714284,1033.5714285714264,30.399159663865483,0
1891,4,0,0,36,0.0,0.0,1.0,36,750,500,250,0.6666666666666666,10,5,5,373.427223432878,0.31894841269841273,0.012539024515072494,0.23229527280022266,133595.26643990912,2777.6218820861473,136372.88832199527,1890,58,1556.1666666666667,34,2,19,31.896303546752648,0.6605392156862745,41.54761904761904,1033.8095238095223,30.40616246498595,0
1892,4,0,0,36,0.0,0.0,1.0,36,800,500,300,0.625,11,5,6,373.39239746446475,0.319212962962963,0.017904644976468154,0.23304835841747634,133718.36734693882,2785.8843537415023,136504.25170068032,1891,59,1557.1666666666667,34,2,15,31.7737108655617,0.6617647058823529,41.42857142857143,1034.2857142857147,30.420168067226903,0
1893,4,0,0,36,0.0,0.0,1.0,36,1050,800,250,0.7619047619047619,13,8,5,370.45135553593303,0.31985780423280424,0.016232959276243353,0.23210971057090216,133861.20119866668,2717.8126875428534,136579.01388620952,1892,60,1558.1666666666667,35,1,16,31.706581105767448,0.6610119047619047,41.29050925925925,1034.8379629629617,29.566798941798904,0
1894,4,0,0,36,0.0,0.0,1.0,36,950,500,450,0.5263157894736842,14,5,9,369.09844118522415,0.3197089947089947,0.012249055853706947,0.23182699845229246,133951.04595336074,2688.224451303152,136639.2704046639,1893,61,1559.1666666666667,35,1,16,31.651572748956465,0.6619047619047619,41.2037037037037,1035.185185185185,29.576719576719572,0
1895,4,0,0,36,0.0,0.0,1.0,36,800,600,200,0.75,10,6,4,369.09844118522415,0.3197089947089947,0.012249055853706947,0.23182699845229246,133951.04595336074,2688.224451303152,136639.2704046639,1894,62,1560.1666666666667,35,1,16,31.651572748956465,0.6619047619047619,41.2037037037037,1035.185185185185,29.576719576719572,0
1896,4,0,0,36,0.0,0.0,1.0,36,800,400,400,0.5,12,4,8,369.54187598380474,0.31888227513227513,0.010890080961605264,0.23286343002134405,134070.88584533607,2708.961334019202,136779.84717935527,1895,63,1561.1666666666667,35,1,16,31.520078974817455,0.6630952380952381,41.08796296296296,1035.648148148148,29.58994708994709,0
1897,4,0,0,36,0.0,0.0,1.0,36,1000,600,400,0.6,14,6,8,367.3505078937388,0.31879960317460315,0.010486103352822074,0.23205041610140104,134160.80092860496,2656.807672110748,136817.6086007157,1896,64,1562.1666666666667,35,1,16,31.486821770379457,0.6639880952380952,41.0011574074074,1035.995370370369,29.59986772486769,0
1898,4,0,0,36,0.0,0.0,1.0,36,500,300,200,0.6,7,3,4,366.3721094224476,0.31832010582010584,0.00561511925148328,0.23200112219014113,134250.74615269207,2637.1458118998685,136887.89196459192,1897,65,1563.1666666666667,35,1,16,31.422176308539946,0.6648809523809525,40.914351851851855,1036.3425925925928,29.609788359788368,0
1899,4,0,0,36,0.0,0.0,1.0,36,1350,1100,250,0.8148148148148148,16,11,5,369.3548235144225,0.317989417989418,0.0018047183151004287,0.23465819213065234,134370.7200038581,2726.09471450618,137096.81471836427,1898,66,1564.1666666666667,35,1,16,31.224882786336245,0.6660714285714286,40.798611111111114,1036.8055555555559,29.623015873015884,0
1900,4,0,0,36,0.0,0.0,1.0,36,1200,900,300,0.75,15,9,6,370.3677517184243,0.31787367724867727,0.00039359341490352584,0.2362709009716896,134520.7626698603,2764.430485896787,137285.1931557571,1899,67,1565.1666666666667,35,1,17,31.048593290936825,0.6675595238095238,40.65393518518519,1037.3842592592598,29.63955026455028,0
1901,4,0,0,36,0.0,0.0,1.0,36,800,700,100,0.875,9,7,2,370.47977023829964,0.3175595238095238,0.027000777000776965,0.2306817580443198,133630.56163795167,2710.6534610901567,136341.21509904182,1900,68,1566.1666666666667,33,3,19,31.937077752755712,0.6631944444444444,41.51348039215686,1033.946078431372,31.33169934640521,4
1902,4,0,0,36,0.0,0.0,1.0,36,950,700,250,0.7368421052631579,12,7,5,369.9952711948083,0.3175595238095238,0.026869297310107898,0.23077532103569748,133693.92368620235,2693.2239102748817,136387.14759647724,1901,69,1567.1666666666667,33,3,19,31.886059762215105,0.6638257575757576,41.452205882352935,1034.1911764705876,31.339126559714774,0
1903,4,0,0,36,0.0,0.0,1.0,36,950,800,150,0.8421052631578947,11,8,3,374.17785189061516,0.31860119047619045,0.0235976888070768,0.2343194444260249,133841.52494331056,2816.106859410419,136657.63180272098,1902,70,1568.1666666666667,34,2,15,31.629899140972537,0.6629901960784313,41.3095238095238,1034.761904761904,30.43417366946776,0
1904,4,0,0,36,0.0,0.0,1.0,36,1150,900,250,0.782608695652174,14,9,5,373.93675716017964,0.31891534391534393,0.01640470257491522,0.23475668617384576,133933.93034297053,2816.5639172335596,136750.49426020408,1903,71,1569.1666666666667,34,2,16,31.54351159670308,0.6639093137254901,41.220238095238095,1035.1190476190477,30.44467787114846,0
1905,4,0,0,36,0.0,0.0,1.0,36,950,700,250,0.7368421052631579,12,7,5,375.5532798510461,0.3199239417989418,0.016593852993025404,0.23636486455458774,134026.3676303856,2866.8083900226884,136893.17602040828,1904,72,1570.1666666666667,34,2,16,31.409040392427375,0.664828431372549,41.13095238095239,1035.4761904761913,30.455182072829157,0
1906,4,0,0,36,0.0,0.0,1.0,36,500,400,100,0.8,6,4,2,344.9578961041321,0.3193287037037037,-0.013543100988674395,0.21897858790961808,134340.7215175969,2068.3785311642687,136409.10004876115,1905,73,1571.1666666666667,35,1,17,31.887187860518765,0.6657738095238095,40.8275462962963,1036.689814814815,29.619708994709,5
1907,4,0,0,36,0.0,0.0,1.0,36,650,400,250,0.6153846153846154,9,4,5,344.6454193896242,0.31939484126984125,-0.007630439905247144,0.21913969569280642,134400.72183909887,2064.1186289008874,136464.84046799975,1906,74,1572.1666666666667,35,1,17,31.835421550024186,0.6663690476190476,40.769675925925924,1036.9212962962958,29.62632275132274,0
1908,4,0,0,36,0.0,0.0,1.0,36,1100,900,200,0.8181818181818182,13,9,4,346.2330740428701,0.31962632275132274,-0.005514637503254871,0.22051134161323077,134460.73555652,2110.9507619598653,136571.68631847986,1907,75,1573.1666666666667,35,1,17,31.73439069300301,0.6669642857142857,40.71180555555555,1037.1527777777771,29.63293650793649,0
1909,4,0,0,36,0.0,0.0,1.0,36,500,500,0,1.0,5,5,0,346.2330740428701,0.31962632275132274,-0.005514637503254871,0.22051134161323077,134460.73555652,2110.9507619598653,136571.68631847986,1908,76,1574.1666666666667,35,1,17,31.73439069300301,0.6669642857142857,40.71180555555555,1037.1527777777771,29.63293650793649,0
1910,4,0,0,36,0.0,0.0,1.0,36,950,700,250,0.7368421052631579,12,7,5,350.4441007682793,0.3187334656084656,0.005510947548418299,0.2242992328043655,134640.85708429792,2236.818817515443,136877.67590181337,1909,77,1575.1666666666667,35,1,19,31.445508531281366,0.66875,40.53819444444445,1037.8472222222229,29.652777777777796,0
1911,4,0,0,36,0.0,0.0,1.0,36,650,500,150,0.7692307692307693,8,5,3,348.58802155906096,0.31832010582010584,0.0025522846664689514,0.22329552695297572,134670.88906035677,2188.9317558299185,136859.8208161867,1910,78,1576.1666666666667,35,1,19,31.46372286648827,0.6690476190476191,40.50925925925927,1037.9629629629637,29.656084656084676,0
1912,4,0,0,36,0.0,0.0,1.0,36,1250,900,350,0.72,16,9,7,365.198585324478,0.3183035714285714,-0.010405840138578926,0.23627401269551923,135031.53399348396,2662.6650377228807,137694.19903120684,1911,79,1577.1666666666667,35,1,18,30.672791388270234,0.6726190476190477,40.162037037037024,1039.3518518518497,29.695767195767132,1
1913,4,0,0,36,0.0,0.0,1.0,36,850,400,450,0.47058823529411764,13,4,9,364.7141621137526,0.3185846560846561,-0.00501255457840144,0.23655070890020483,135121.77057881077,2656.164667995526,137777.9352468063,1912,80,1578.1666666666667,35,1,18,30.595407065197215,0.6735119047619047,40.075231481481474,1039.6990740740732,29.705687830687808,0
1914,4,0,0,36,0.0,0.0,1.0,36,650,500,150,0.7692307692307693,8,5,3,368.6417960346758,0.31879960317460315,-0.006522491777332107,0.23969719096726438,135212.0373049552,2768.9616555212438,137980.99896047646,1913,81,1579.1666666666667,35,1,18,30.403312560278962,0.674404761904762,39.98842592592592,1040.0462962962947,29.71560846560842,0
1915,4,0,0,36,0.0,0.0,1.0,36,650,400,250,0.6153846153846154,9,4,5,368.219891672713,0.3190476190476191,-0.008138298529974941,0.2396228940233647,135242.13291162954,2759.7687060613566,138001.9016176909,1914,82,1580.1666666666667,35,1,18,30.38428192574459,0.6747023809523809,39.959490740740726,1040.162037037035,29.718915343915285,0
1916,4,0,0,36,0.0,0.0,1.0,36,600,300,300,0.5,9,3,6,367.49449895715946,0.3170138888888889,-0.009008765285142273,0.24000117772884164,135369.87314594997,2749.5367411330176,138119.409887083,1915,83,1581.1666666666667,36,0,18,30.27585398405656,0.673900462962963,39.83671171171171,1040.6531531531527,28.90703203203202,0
1917,4,0,0,36,0.0,0.0,1.0,36,1150,800,350,0.6956521739130435,15,8,7,366.45584226750873,0.31658399470899473,-0.0023345952767257483,0.24010519218732215,135487.08917955103,2730.007076333075,138217.0962558841,1916,84,1582.1666666666667,36,0,18,30.18613665044168,0.6750578703703703,39.72409909909909,1041.1036036036023,28.919544544544507,0
1918,4,0,0,36,0.0,0.0,1.0,36,850,400,450,0.47058823529411764,13,4,9,365.0532429408414,0.3166005291005291,-0.002667820318696723,0.23938172228588772,135516.40111395164,2694.1403396639694,138210.54145361562,1917,85,1583.1666666666667,36,0,18,30.193462037637893,0.6753472222222222,39.69594594594594,1041.2162162162151,28.922672672672643,0
1919,4,0,0,36,0.0,0.0,1.0,36,850,600,250,0.7058823529411765,11,6,5,364.14401018905437,0.3167328042328042,0.002222702806612631,0.23917640669235607,135575.03449395328,2673.7673484294965,138248.8018423828,1918,86,1584.1666666666667,36,0,18,30.15877306805075,0.6759259259259259,39.63963963963963,1041.4414414414405,28.9289289289289,0
1920,4,0,0,36,0.0,0.0,1.0,36,1000,700,300,0.7,13,7,6,366.3794593949987,0.3173941798941799,-0.0015552192919243701,0.24143466939619135,135692.33929875813,2742.977183264339,138435.31648202246,1919,87,1585.1666666666667,36,0,18,29.983832324542448,0.6770833333333333,39.527027027027025,1041.8918918918912,28.941441441441423,0
1921,4,0,0,36,0.0,0.0,1.0,36,750,400,350,0.5333333333333333,11,4,7,364.843627096017,0.31678240740740743,-0.008550933429377183,0.2410155438096814,135780.35119156312,2707.719163420171,138488.0703549833,1920,88,1586.1666666666667,36,0,18,29.936295696020178,0.6779513888888888,39.442567567567565,1042.2297297297291,28.95082582582581,0
1922,4,0,0,36,0.0,0.0,1.0,36,750,600,150,0.8,9,6,3,367.85845901226406,0.31607142857142856,-0.006659467242620565,0.24400926435913775,135927.10108757392,2800.386788815826,138727.48787638973,1921,89,1587.1666666666667,36,0,13,29.7117980561555,0.6793981481481481,39.301801801801794,1042.7927927927917,28.966466466466436,0
1923,4,0,0,36,0.0,0.0,1.0,36,650,500,150,0.7692307692307693,8,5,3,366.7024601745741,0.3159722222222222,-0.007545766453129987,0.24364405926376617,135985.8232387791,2773.267186104998,138759.09042488408,1922,90,1588.1666666666667,36,0,13,29.6835636651551,0.6799768518518519,39.24549549549548,1043.0180180180164,28.97272272272268,0
1924,4,0,0,36,0.0,0.0,1.0,36,800,600,200,0.75,10,6,4,366.17972518128903,0.3167162698412698,-0.00831984169814759,0.24390044240148367,136073.930243588,2765.5028761869703,138839.43311977497,1923,91,1589.1666666666667,36,0,13,29.609642021946378,0.6808449074074074,39.16103603603602,1043.3558558558543,28.982107107107066,0
1925,4,0,0,36,0.0,0.0,1.0,36,1250,800,450,0.64,17,8,9,367.1657407776104,0.31572420634920634,-0.010090384915068862,0.24536836707048781,136191.45063560162,2800.9669720395905,138992.4176076412,1924,92,1590.1666666666667,36,0,13,29.467175531341034,0.6820023148148149,39.048423423423415,1043.8063063063048,28.994619619619577,0
1926,4,0,0,36,0.0,0.0,1.0,36,650,400,250,0.6153846153846154,9,4,5,368.1067437500657,0.3158068783068783,-0.010643653362099714,0.24620126367699172,136220.83865960536,2828.761869978064,139049.60052958343,1925,93,1591.1666666666667,36,0,13,29.413430420711972,0.6822916666666667,39.02027027027026,1043.9189189189174,28.997747747747706,0
1927,4,0,0,36,0.0,0.0,1.0,36,800,600,200,0.75,10,6,4,365.411329644552,0.31669973544973545,-0.009309179785780941,0.24521162598578644,136338.42245962154,2763.9208465221695,139102.3433061437,1926,94,1592.1666666666667,36,0,15,29.367047660125078,0.6834490740740741,38.907657657657644,1044.3693693693674,29.010260260260207,0
1928,4,0,0,36,0.0,0.0,1.0,36,550,400,150,0.7272727272727273,7,4,3,368.9405934047172,0.3167328042328042,-0.01595171373140758,0.24840572029092645,136456.05698604006,2868.8357276195084,139324.89271365956,1927,95,1593.1666666666667,36,0,17,29.158133936911693,0.6846064814814814,38.79504504504504,1044.8198198198197,29.02277277277277,0
1929,4,0,0,36,0.0,0.0,1.0,36,1200,1000,200,0.8333333333333334,14,10,4,371.26893858659355,0.317146164021164,-0.012065458026685683,0.25143924834256176,136662.03946767718,2947.6740676487348,139609.71353532592,1928,96,1594.1666666666667,36,0,17,28.892927661102146,0.6866319444444444,38.597972972972975,1045.6081081081084,29.044669669669677,0
1930,4,0,0,36,0.0,0.0,1.0,36,600,300,300,0.5,9,3,6,367.5982772729262,0.31742724867724864,-0.004868886974830122,0.24957988299056574,136750.365230095,2853.839735005281,139604.20496510027,1929,97,1595.1666666666667,36,0,18,28.90131531725523,0.6875,38.513513513513516,1045.9459459459463,29.054054054054063,0
1931,4,0,0,36,0.0,0.0,1.0,36,750,600,150,0.8,9,6,3,366.2729812372759,0.3167328042328042,-0.010620739146035119,0.24909780349152968,136809.26492370758,2821.907464897339,139631.17238860493,1930,98,1596.1666666666667,36,0,18,28.87760136347326,0.6880787037037037,38.45720720720721,1046.1711711711719,29.060310310310328,0
1932,4,0,0,36,0.0,0.0,1.0,36,700,500,200,0.7142857142857143,9,5,4,364.6966775034539,0.31655092592592593,-0.01117029544340431,0.24865196067788703,136897.63824212734,2785.2227649947336,139682.8610071221,1931,99,1597.1666666666667,36,0,19,28.83128878367228,0.6889467592592593,38.37274774774775,1046.5090090090098,29.069694694694718,0
1933,4,0,0,36,0.0,0.0,1.0,36,700,400,300,0.5714285714285714,10,4,6,367.0889130731062,0.3160218253968254,-0.010946745562129934,0.2507047352692524,136956.5696397412,2855.0476574547642,139811.61729719597,1932,100,1598.1666666666667,36,0,15,28.710328133405056,0.689525462962963,38.31644144144145,1046.7342342342351,29.075950950950975,0
1934,4,0,0,36,0.0,0.0,1.0,36,750,500,250,0.6666666666666666,10,5,5,364.3755217335303,0.3156580687830688,-0.010944390663654602,0.24927146619254092,137015.51371895545,2785.019859386417,139800.53357834186,1933,101,1599.1666666666667,36,0,15,28.722975153275243,0.6901041666666667,38.26013513513514,1046.9594594594596,29.08220720720721,0
1935,4,0,0,36,0.0,0.0,1.0,36,1100,900,200,0.8181818181818182,13,9,4,362.68203351129324,0.31575727513227514,-0.012925937869504356,0.2493740545273883,137192.42204620174,2751.445322011219,139943.86736821296,1934,102,1600.1666666666667,36,0,16,28.592255186498985,0.6918402777777778,38.091216216216225,1047.6351351351364,29.10097597597601,0
1936,4,0,0,36,0.0,0.0,1.0,36,750,300,450,0.4,12,3,9,361.3798200926435,0.3146990740740741,-0.012478660028890864,0.2493226082729604,137310.42433903506,2724.2432888970166,140034.66762793207,1935,103,1601.1666666666667,36,0,17,28.509679094588307,0.6929976851851851,37.97860360360361,1048.0855855855864,29.11348848848851,0
1937,4,0,0,36,0.0,0.0,1.0,36,750,500,250,0.6666666666666666,10,5,5,365.14098338131487,0.31415343915343913,-0.01148355058969508,0.2521314742814006,137339.9328382437,2829.6876268160117,140169.6204650597,1936,104,1602.1666666666667,36,0,17,28.381947428735142,0.693287037037037,37.950450450450454,1048.1981981981985,29.116616616616625,0
1938,4,0,0,36,0.0,0.0,1.0,36,750,400,350,0.5333333333333333,11,4,7,363.15547192363283,0.3139219576719577,-0.011481083661534663,0.2511870314716956,137398.9593478615,2779.4367847577423,140178.39613261924,1937,105,1603.1666666666667,36,0,17,28.37562656641603,0.6938657407407407,37.89414414414415,1048.4234234234243,29.122872872872897,0
1939,4,0,0,36,0.0,0.0,1.0,36,650,600,50,0.9230769230769231,7,6,1,363.41347704435185,0.3138723544973545,-0.007837205694578575,0.25157939663642837,137428.4773582705,2788.6721603360174,140217.14951860651,1938,106,1604.1666666666667,36,0,17,28.339687824437043,0.6941550925925926,37.865990990990994,1048.5360360360366,29.12600100100102,0
1940,4,0,0,36,0.0,0.0,1.0,36,1100,800,300,0.7272727272727273,14,8,6,363.3468454405355,0.3138558201058201,-0.008608963344788334,0.2517474571980854,137457.99853907968,2788.986029948869,140246.98456902854,1939,107,1605.1666666666667,36,0,18,28.31225837628865,0.6944444444444444,37.83783783783784,1048.648648648649,29.12912912912914,0
1941,4,0,0,36,0.0,0.0,1.0,36,650,500,150,0.7692307692307693,8,5,3,363.3468454405355,0.3138558201058201,-0.008608963344788334,0.2517474571980854,137457.99853907968,2788.986029948869,140246.98456902854,1940,108,1606.1666666666667,36,0,18,28.31225837628865,0.6944444444444444,37.83783783783784,1048.648648648649,29.12912912912914,0
1942,4,0,0,36,0.0,0.0,1.0,36,650,500,150,0.7692307692307693,8,5,3,361.2936561265814,0.31322751322751324,-0.007945028988619152,0.2507517968079717,137517.05041189844,2736.8075846116453,140253.85799651008,1941,109,1607.1666666666667,36,0,18,28.30774461384297,0.6950231481481481,37.781531531531535,1048.8738738738743,29.135385385385398,0
1943,4,0,0,36,0.0,0.0,1.0,36,550,300,250,0.5454545454545454,8,3,5,359.41310793021466,0.312880291005291,-0.012244642409931839,0.2500860288712331,137605.65199912759,2691.4550107540035,140297.10700988158,1942,110,1608.1666666666667,36,0,18,28.2695610174949,0.6958912037037037,37.697072072072075,1049.2117117117123,29.144769769769784,0
1944,4,0,0,36,0.0,0.0,1.0,36,700,500,200,0.7142857142857143,9,5,4,357.942419221243,0.31340939153439157,-0.0047413844484973655,0.24991620146525884,137723.83183436815,2659.440310242675,140383.27214461082,1943,111,1609.1666666666667,36,0,18,28.191494117226334,0.6970486111111112,37.58445945945946,1049.6621621621623,29.157282282282285,0
1945,4,0,0,36,0.0,0.0,1.0,36,1200,900,300,0.75,15,9,6,357.7727387251195,0.31339285714285714,-0.0050705467372134105,0.2504409171075837,137812.50000000003,2661.1111111111113,140473.61111111115,1944,112,1610.1666666666667,36,0,18,28.1084656084656,0.6979166666666667,37.5,1050.0000000000002,29.16666666666667,0
1946,4,0,0,36,0.0,0.0,1.0,36,700,500,200,0.7142857142857143,9,5,4,357.7209426842481,0.313260582010582,-0.001542878928682212,0.2508350008626542,137871.62796242195,2663.9137448259125,140535.54170724784,1945,113,1611.1666666666667,36,0,18,28.051504753735077,0.6984953703703703,37.443693693693696,1050.2252252252258,29.17292292292294,0
1947,4,0,0,36,0.0,0.0,1.0,36,1350,900,450,0.6666666666666666,18,9,9,364.0230802659078,0.3123511904761905,-0.0038543043203922434,0.25679723417397726,138078.67569850257,2852.7649693612525,140931.44066786382,1946,114,1612.1666666666667,36,0,16,27.681792206864532,0.7005208333333333,37.24662162162162,1051.0135135135135,29.19481981981982,0
1948,4,0,0,36,0.0,0.0,1.0,36,800,400,400,0.5,12,4,8,363.49737455062683,0.3115244708994709,-0.0007706957090991562,0.25686964356018954,138137.86072812692,2842.549940142865,140980.4106682698,1947,115,1613.1666666666667,36,0,16,27.637252276379225,0.701099537037037,37.190315315315324,1051.2387387387398,29.201076076076106,0
1949,4,0,0,36,0.0,0.0,1.0,36,1250,800,450,0.64,17,8,9,361.08612252503644,0.3103670634920635,0.0018704873377821674,0.25649471258603573,138315.49190660272,2788.7609315396658,141104.2528381424,1948,116,1614.1666666666667,36,0,16,27.525603968169005,0.7028356481481481,37.021396396396405,1051.914414414416,29.219844844844886,0
1950,4,0,0,36,0.0,0.0,1.0,36,850,700,150,0.8235294117647058,10,7,3,361.364120867965,0.31040013227513225,0.003190148298785944,0.25713823162752475,138374.72766262892,2800.732362430004,141175.4600250589,1949,117,1615.1666666666667,36,0,16,27.45995219237219,0.7034143518518519,36.965090090090094,1052.1396396396403,29.226101101101122,0
1951,4,0,0,36,0.0,0.0,1.0,36,800,500,300,0.625,11,5,6,361.364120867965,0.31040013227513225,0.003190148298785944,0.25713823162752475,138374.72766262892,2800.732362430004,141175.4600250589,1950,118,1616.1666666666667,36,0,16,27.45995219237219,0.7034143518518519,36.965090090090094,1052.1396396396403,29.226101101101122,0
1952,4,0,0,36,0.0,0.0,1.0,36,700,600,100,0.8571428571428571,8,6,2,361.9205642110397,0.31000330687830685,0.006928838951311356,0.2579822786080983,138433.97610025576,2820.4205472364392,141254.3966474922,1951,119,1617.1666666666667,36,0,16,27.38697164258962,0.7039930555555556,36.90878378378379,1052.3648648648657,29.23235735735738,0
1953,4,0,0,36,0.0,0.0,1.0,36,250,200,50,0.8,3,2,1,361.9205642110397,0.31000330687830685,0.006928838951311356,0.2579822786080983,138433.97610025576,2820.4205472364392,141254.3966474922,1952,120,1618.1666666666667,36,0,16,27.38697164258962,0.7039930555555556,36.90878378378379,1052.3648648648657,29.23235735735738,0
1954,4,0,0,36,0.0,0.0,1.0,36,900,700,200,0.7777777777777778,11,7,4,366.1356287909206,0.30952380952380953,0.005497313745067345,0.26166940809919925,138522.87253469697,2943.6318074831715,141466.50434218015,1953,121,1619.1666666666667,36,0,16,27.188525174725445,0.7048611111111112,36.82432432432433,1052.7027027027036,29.241741741741766,0
1955,4,0,0,36,0.0,0.0,1.0,36,750,600,150,0.8,9,6,3,364.4938736703224,0.3097056878306878,0.008245088601276818,0.2607232765833087,138552.5110203109,2900.3082897086338,141452.81931001952,1954,122,1620.1666666666667,36,0,16,27.20255285770314,0.705150462962963,36.796171171171174,1052.8153153153157,29.24486986986988,0
1956,4,0,0,36,0.0,0.0,1.0,36,1000,700,300,0.7,13,7,6,363.36246016963537,0.3091931216931217,0.01340484166013356,0.2610516476518256,138700.75100438285,2879.729222465718,141580.48022684857,1955,123,1621.1666666666667,36,0,18,27.08645142897869,0.7065972222222222,36.65540540540541,1053.378378378379,29.260510510510528,0
1957,4,0,0,36,0.0,0.0,1.0,36,900,600,300,0.6666666666666666,12,6,6,362.47438959546264,0.3092592592592593,0.008788181084034008,0.26087002992731945,138760.0691908126,2859.394276032804,141619.4634668454,1956,124,1622.1666666666667,36,0,18,27.051491021804193,0.7071759259259259,36.59909909909911,1053.6036036036048,29.2667667667668,0
1958,4,0,0,36,0.0,0.0,1.0,36,550,200,350,0.36363636363636365,9,2,7,364.9915514249479,0.30932539682539684,0.002196575716558735,0.263142599247663,138819.40005884285,2933.581639071524,141752.98169791437,1957,125,1623.1666666666667,36,0,18,26.926827313528523,0.7077546296296297,36.5427927927928,1053.8288288288304,29.273023023023068,0
1959,4,0,0,36,0.0,0.0,1.0,36,1050,700,350,0.6666666666666666,14,7,7,365.5418202124419,0.3098544973544974,0.007465166512378829,0.2644669645153697,138938.0998397047,2957.5371824527383,141895.63702215743,1958,126,1624.1666666666667,36,0,18,26.79560101117996,0.708912037037037,36.43018018018019,1054.2792792792802,29.285535535535562,0
1960,4,0,0,36,0.0,0.0,1.0,36,1050,900,150,0.8571428571428571,12,9,3,361.80436922359456,0.3097718253968254,0.008889482114255332,0.26245529959558206,139027.15796455252,2860.126638462801,141887.28460301532,1959,127,1625.1666666666667,36,0,18,26.80659369994661,0.7097800925925926,36.34572072072073,1054.6171171171181,29.29491991991995,0
1961,4,0,0,36,0.0,0.0,1.0,36,900,700,200,0.7777777777777778,11,7,4,360.610226556974,0.30992063492063493,0.011407565516423857,0.26274633148047044,139175.65158063485,2837.632649541453,142013.2842301763,1960,128,1626.1666666666667,36,0,16,26.692235859124867,0.7112268518518519,36.204954954954964,1055.1801801801814,29.310560560560596,0
1962,4,0,0,36,0.0,0.0,1.0,36,600,500,100,0.8333333333333334,7,5,2,360.6961027927286,0.3096230158730159,0.005921895006402167,0.26327444512254317,139235.07121986858,2844.309512214926,142079.38073208352,1961,129,1627.1666666666667,36,0,18,26.631633233745923,0.7118055555555556,36.14864864864865,1055.4054054054059,29.31681681681683,0
1963,4,0,0,36,0.0,0.0,1.0,36,950,700,250,0.7368421052631579,12,7,5,359.8252942222221,0.3095403439153439,-0.002521481481481347,0.26333818371064277,139324.22445672032,2826.4760114844657,142150.70046820477,1962,130,1628.1666666666667,36,0,18,26.567111111111107,0.7126736111111112,36.06418918918919,1055.7432432432438,29.326201201201215,0
1964,4,0,0,36,0.0,0.0,1.0,36,1000,700,300,0.7,13,7,6,356.98858830574545,0.3091765873015873,0.0036162348509081177,0.2621923233922933,139443.13982479103,2755.9219269945647,142199.0617517856,1963,131,1629.1666666666667,36,0,18,26.525349184348013,0.7138310185185186,35.95157657657658,1056.1936936936938,29.338713713713716,0
1965,4,0,0,36,0.0,0.0,1.0,36,700,500,200,0.7142857142857143,9,5,4,356.6091222564151,0.30924272486772486,0.007778725319499635,0.26238040595195555,139502.61653122725,2749.581126734851,142252.1976579621,1964,132,1630.1666666666667,36,0,18,26.477054685001598,0.7144097222222222,35.895270270270274,1056.4189189189194,29.344969969969984,0
1966,4,0,0,36,0.0,0.0,1.0,36,850,500,350,0.5882352941176471,12,5,7,357.4952531144397,0.3095899470899471,0.010954783391364131,0.26326691245837336,139532.3596400455,2776.4312454346273,142308.79088548012,1965,133,1631.1666666666667,36,0,18,26.424491934910808,0.7146990740740741,35.86711711711712,1056.531531531532,29.34809809809811,0
1967,4,0,0,36,0.0,0.0,1.0,36,650,200,450,0.3076923076923077,11,2,9,356.28774447655417,0.3086640211640212,0.005694059710680266,0.2633162810753493,139651.3637793198,2751.2138828017187,142402.5776621215,1966,134,1632.1666666666667,36,0,18,26.339761346686558,0.7158564814814814,35.7545045045045,1056.9819819819816,29.3606106106106,0
1968,4,0,0,36,0.0,0.0,1.0,36,1450,1200,250,0.8275862068965517,17,12,5,353.50693140647525,0.3080522486772487,0.009085691293593934,0.26196342375496423,139740.650172977,2679.8576870789675,142420.50786005598,1967,135,1633.1666666666667,36,0,18,26.325797919551242,0.716724537037037,35.67004504504504,1057.3198198198197,29.369994994994993,0
1969,4,0,0,36,0.0,0.0,1.0,36,700,500,200,0.7142857142857143,9,5,4,351.8936428552772,0.308234126984127,0.006565871663827494,0.2614703396911996,139829.96510023533,2641.0551598896154,142471.02026012496,1968,136,1634.1666666666667,36,0,19,26.28101043441227,0.7175925925925926,35.585585585585584,1057.6576576576574,29.379379379379372,0
1970,4,0,0,36,0.0,0.0,1.0,36,1050,700,350,0.6666666666666666,14,7,7,353.927233043518,0.3085482804232804,0.004266453787475699,0.263691225570488,139919.30856109498,2704.2507456781213,142623.5593067731,1969,137,1635.1666666666667,36,0,19,26.139790668795456,0.7184606481481481,35.50112612612613,1057.9954954954962,29.388763763763784,0
1971,4,0,0,36,0.0,0.0,1.0,36,350,100,250,0.2857142857142857,6,1,5,353.927233043518,0.3085482804232804,0.004266453787475699,0.263691225570488,139919.30856109498,2704.2507456781213,142623.5593067731,1970,138,1636.1666666666667,36,0,19,26.139790668795456,0.7184606481481481,35.50112612612613,1057.9954954954962,29.388763763763784,0
1972,4,0,0,36,0.0,0.0,1.0,36,800,600,200,0.75,10,6,4,355.1350885330178,0.30861441798941797,0.004046799806084911,0.26506786552381023,139978.88672033534,2742.282865635922,142721.16958597128,1971,139,1637.1666666666667,36,0,19,26.04953708630414,0.7190393518518519,35.44481981981983,1058.2207207207218,29.395020020020052,0
1973,4,0,0,36,0.0,0.0,1.0,36,550,300,250,0.5454545454545454,8,3,5,353.51806004991926,0.30904431216931216,0.006232932581480055,0.2643370124430543,140038.47756117609,2701.22618395423,142739.7037451303,1972,140,1638.1666666666667,36,0,19,26.034019576550698,0.7196180555555556,35.388513513513516,1058.4459459459465,29.401276276276292,0
1974,4,0,0,36,0.0,0.0,1.0,36,1100,800,300,0.7272727272727273,14,8,6,354.2106081236568,0.30940806878306876,-0.004044217566497865,0.26581343560947723,140157.69728765945,2729.0686378946657,142886.76592555412,1973,141,1639.1666666666667,36,0,19,25.899092488212975,0.720775462962963,35.27590090090091,1058.8963963963977,29.413788788788825,0
1975,4,0,0,36,0.0,0.0,1.0,36,1000,800,200,0.8,12,8,4,355.02580701719546,0.30873015873015874,-0.006119025681007306,0.2671498192642994,140247.1453717232,2758.2711934907998,143005.416565214,1974,142,1640.1666666666667,36,0,16,25.79005422071018,0.7216435185185186,35.19144144144145,1059.2342342342351,29.423173173173197,0
1976,4,0,0,36,0.0,0.0,1.0,36,650,500,150,0.7692307692307693,8,5,3,354.4550288581467,0.30821759259259257,-0.0027314175023325227,0.2669622463145387,140276.96774054467,2744.3753297216213,143021.3430702663,1975,143,1641.1666666666667,36,0,16,25.776017859041154,0.7219328703703703,35.16328828828829,1059.3468468468475,29.42630130130132,0
1977,4,0,0,36,0.0,0.0,1.0,36,550,100,450,0.18181818181818182,10,1,9,353.94859922382085,0.3069775132275132,-0.0074255088067241015,0.26779455111692957,140426.12714065428,2740.726199172159,143166.85333982643,1976,144,1642.1666666666667,36,0,17,25.64368182462105,0.7233796296296297,35.02252252252253,1059.9099099099108,29.441941941941966,0
1978,4,0,0,36,0.0,0.0,1.0,36,700,600,100,0.8571428571428571,8,6,2,353.3272646470406,0.30696097883597884,-0.007752281124213667,0.26756794385539806,140455.9685318767,2725.384632943778,143181.35316482047,1977,145,1643.1666666666667,36,0,17,25.63099791069088,0.7236689814814814,34.99436936936938,1060.0225225225242,29.445070070070116,0
1979,4,0,0,36,0.0,0.0,1.0,36,750,500,250,0.6666666666666666,10,5,5,355.76622766407314,0.3064318783068783,-0.014737121614444737,0.2699064491101732,140515.66082552157,2798.1453159240446,143313.80614144562,1978,146,1644.1666666666667,36,0,17,25.50805452292441,0.7242476851851851,34.93806306306307,1060.2477477477485,29.451326326326345,0
1980,4,0,0,36,0.0,0.0,1.0,36,600,400,200,0.6666666666666666,8,4,4,353.5375422041854,0.30577050264550265,-0.00993180182412412,0.2687056525372732,140575.36580076703,2739.733863931501,143315.09966469853,1979,147,1645.1666666666667,36,0,17,25.508831545785988,0.7248263888888888,34.88175675675676,1060.4729729729734,29.457582582582592,0
1981,4,0,0,36,0.0,0.0,1.0,36,750,400,350,0.5333333333333333,11,4,7,353.373587389166,0.3061507936507936,-0.014183769757018183,0.2693187049519372,140664.94704163627,2741.4553912020137,143406.40243283828,1980,148,1646.1666666666667,36,0,18,25.425734253361647,0.7256944444444444,34.7972972972973,1060.810810810811,29.466966966966975,0
1982,4,0,0,36,0.0,0.0,1.0,36,800,500,300,0.625,11,5,6,354.4552484484095,0.3052910052910053,-0.014835255548479864,0.270638359066525,140724.68372088324,2776.1205462219204,143500.80426710515,1981,149,1647.1666666666667,36,0,18,25.33874619684427,0.7262731481481481,34.740990990991,1061.0360360360376,29.473223223223265,0
1983,4,0,0,36,0.0,0.0,1.0,36,700,600,100,0.8571428571428571,8,6,2,354.0578101663928,0.30520833333333336,-0.015160894737462627,0.2705828666016156,140754.55681610666,2767.0500314503706,143521.60684755704,1982,150,1648.1666666666667,36,0,18,25.320138667798645,0.7265625,34.71283783783784,1061.1486486486488,29.476351351351354,0
1984,4,0,0,36,0.0,0.0,1.0,36,800,500,300,0.625,11,5,6,357.1293993900426,0.3041005291005291,-0.01330244948959125,0.2736830665569546,140844.19512417822,2859.9205624543483,143704.11568663258,1983,151,1649.1666666666667,36,0,18,25.151177593889244,0.7274305555555556,34.62837837837838,1061.4864864864865,29.485735735735734,0
1985,4,0,0,36,0.0,0.0,1.0,36,750,600,150,0.8,9,6,3,358.84402806721056,0.3041005291005291,-0.04884581088378992,0.2574771383869111,138657.54145408177,2758.251508541096,141415.79296262286,1984,152,1650.1666666666667,34,2,22,27.24793715383745,0.7104779411764706,36.69642857142858,1053.2142857142867,30.97689075630255,7
1986,4,0,0,36,0.0,0.0,1.0,36,750,600,150,0.8,9,6,3,350.86428410556704,0.30363756613756615,-0.023001508295626305,0.25013227995912996,138438.20861677994,2514.831349206335,140953.03996598627,1985,153,1651.1666666666667,34,2,18,27.673689668174948,0.7083333333333333,36.9047619047619,1052.3809523809516,30.95238095238093,1
1987,4,0,0,36,0.0,0.0,1.0,36,950,600,350,0.631578947368421,13,6,7,350.6276687721293,0.3032738095238095,-0.02316647191124166,0.2506548484197201,138532.18714569148,2514.6435657596207,141046.8307114511,1986,154,1652.1666666666667,34,2,18,27.587498586452554,0.7092524509803921,36.81547619047618,1052.7380952380943,30.962885154061595,0
1988,4,0,0,36,0.0,0.0,1.0,36,800,600,200,0.75,10,6,4,350.0794288608976,0.3025462962962963,-0.019137058387652228,0.25118837851843956,138657.5414540815,2508.2305839002074,141165.77203798172,1987,155,1653.1666666666667,34,2,18,27.47871218115368,0.7104779411764706,36.69642857142856,1053.2142857142846,30.97689075630249,0
1989,4,0,0,36,0.0,0.0,1.0,36,1000,600,400,0.6,14,6,8,351.8401481055893,0.30241402116402116,-0.019522912743251464,0.2531532772954848,138751.5943877549,2563.676303854855,141315.27069160977,1988,156,1654.1666666666667,34,2,18,27.339924670433156,0.7113970588235294,36.60714285714285,1053.571428571427,30.98739495798315,0
1990,4,0,0,36,0.0,0.0,1.0,36,850,600,250,0.7058823529411765,11,6,5,353.17509258542725,0.30244708994708996,-0.02410001506250925,0.2545851726031108,138814.31405895684,2605.1516439909224,141419.46570294775,1989,157,1655.1666666666667,34,2,18,27.243137144148218,0.7120098039215687,36.547619047619044,1053.8095238095232,30.994397759103624,0
1991,4,0,0,36,0.0,0.0,1.0,36,700,300,400,0.42857142857142855,11,3,8,351.6593174856898,0.30266203703703703,-0.023184750144316313,0.2539634255316719,138877.04790249423,2567.48157596371,141444.52947845793,1990,158,1656.1666666666667,34,2,18,27.221453580302683,0.7126225490196079,36.488095238095234,1054.0476190476184,31.00140056022407,0
1992,4,0,0,36,0.0,0.0,1.0,36,800,400,400,0.5,12,4,8,346.8348839253938,0.30261243386243386,-0.013841385207353563,0.2496143980004604,138760.06919081244,2425.3664982550117,141185.43568906747,1991,159,1657.1666666666667,36,0,22,27.46343701011829,0.7071759259259259,36.5990990990991,1053.6036036036037,29.266766766766768,5
1993,4,0,0,36,0.0,0.0,1.0,36,650,400,250,0.6153846153846154,9,4,5,345.44327317134014,0.30272817460317464,-0.011093892866897104,0.2488308473490554,138789.73303962743,2388.795932757077,141178.52897238452,1992,160,1658.1666666666667,36,0,22,27.47096647785972,0.7074652777777778,36.570945945945944,1053.716216216216,29.26989489489489,0
1994,4,0,0,36,0.0,0.0,1.0,36,1250,1100,150,0.88,14,11,3,347.3617197681762,0.3025132275132275,-0.005083494956148238,0.25131992894108945,138938.9243210948,2452.4634653852677,141391.38778648005,1993,161,1659.1666666666667,35,1,22,27.273964394188887,0.7110119047619048,36.429398148148145,1054.2824074074072,30.12235449735449,0
1995,4,0,0,36,0.0,0.0,1.0,36,750,400,350,0.5333333333333333,11,4,7,345.01098802840636,0.3027943121693122,-0.007487074431762775,0.25029778048685003,139030.45696159115,2393.407064471869,141423.864026063,1994,162,1660.1666666666667,35,1,22,27.24612232952882,0.7119047619047619,36.34259259259259,1054.629629629629,30.13227513227512,0
1996,4,0,0,36,0.0,0.0,1.0,36,600,300,300,0.5,9,3,6,345.66678927629334,0.3031084656084656,-0.010921516271017007,0.25100091240437117,139060.97453971606,2413.752116555191,141474.72665627126,1995,163,1661.1666666666667,35,1,22,27.198896265408393,0.712202380952381,36.3136574074074,1054.745370370369,30.135582010581974,0
1997,4,0,0,36,0.0,0.0,1.0,36,400,300,100,0.75,5,3,2,344.76694904416627,0.30317460317460315,-0.012302675687206666,0.25080213412111524,139122.01974290542,2392.9348583247465,141514.95460123016,1996,164,1662.1666666666667,35,1,22,27.162758273907464,0.7127976190476191,36.25578703703703,1054.976851851851,30.142195767195744,0
1998,4,0,0,36,0.0,0.0,1.0,36,1000,700,300,0.7,13,7,6,343.05656457152895,0.30269510582010584,-0.014172087017954027,0.25115264703222184,139335.78344693058,2360.011038237296,141695.7944851679,1997,165,1663.1666666666667,35,1,19,26.998373894613767,0.7148809523809524,36.05324074074073,1055.787037037036,30.165343915343886,0
1999,4,0,0,36,0.0,0.0,1.0,36,1000,700,300,0.7,13,7,6,342.0652161336448,0.30277777777777776,-0.011244473674595357,0.25065549934034054,139366.33451485328,2334.47506751542,141700.8095823687,1998,166,1664.1666666666667,35,1,19,26.99461525813877,0.7151785714285714,36.02430555555555,1055.902777777777,30.16865079365077,0
2000,4,0,0,36,0.0,0.0,1.0,36,950,800,150,0.8421052631578947,11,8,3,342.2361869018581,0.30224867724867727,-0.013719939117198932,0.2512393568366412,139427.44669763785,2343.423541452313,141770.87023909015,1999,167,1665.1666666666667,35,1,19,26.930251141552517,0.7157738095238095,35.966435185185176,1056.1342592592578,30.175264550264508,0
2001,4,0,0,36,0.0,0.0,1.0,36,850,400,450,0.47058823529411764,13,4,9,344.5495372633275,0.30162037037037037,-0.018823880306295004,0.253400775713327,139488.57227634164,2412.144606267135,141900.71688260877,2000,168,1666.1666666666667,35,1,19,26.809306635988463,0.7163690476190476,35.90856481481481,1056.36574074074,30.181878306878286,0
2002,4,0,0,36,0.0,0.0,1.0,36,950,700,250,0.7368421052631579,12,7,5,342.7820475258289,0.30092592592592593,-0.013409646912768691,0.2525631405862222,139549.7112509645,2367.0271508487617,141916.73840181326,2001,169,1667.1666666666667,35,1,19,26.796130463358516,0.7169642857142857,35.85069444444444,1056.5972222222222,30.188492063492063,0
2003,4,0,0,36,0.0,0.0,1.0,36,850,600,250,0.7058823529411765,11,6,5,343.77852655660837,0.3007936507936508,-0.013911704936784286,0.25376246774360467,139610.86362150626,2399.0433974193993,142009.90701892565,2002,170,1668.1666666666667,35,1,19,26.709948709524323,0.7175595238095238,35.79282407407407,1056.828703703703,30.195105820105802,0
2004,4,0,0,36,0.0,0.0,1.0,36,800,500,300,0.625,11,5,6,343.9368054937876,0.30021494708994706,-0.009364662385678235,0.2550492414765617,139763.8031550067,2413.9831961591003,142177.7863511658,2003,171,1669.1666666666667,35,1,20,26.55611500291885,0.719047619047619,35.64814814814814,1057.4074074074063,30.21164021164018,0
2005,4,0,0,36,0.0,0.0,1.0,36,850,500,350,0.5882352941176471,12,5,7,342.9446236714439,0.2997519841269841,-0.014244546582037998,0.25478276187883364,139825.00241126542,2390.446566358026,142215.44897762345,2004,172,1670.1666666666667,35,1,20,26.522488509520684,0.7196428571428571,35.59027777777778,1057.6388888888887,30.21825396825396,0
2006,4,0,0,36,0.0,0.0,1.0,36,550,300,250,0.5454545454545454,8,3,5,340.46088363585943,0.29953703703703705,-0.00701053859898626,0.25363919619522346,139916.82641300155,2327.241271219134,142244.06768422067,2005,173,1671.1666666666667,35,1,20,26.49840006563833,0.7205357142857143,35.50347222222222,1057.986111111111,30.2281746031746,0
2007,4,0,0,36,0.0,0.0,1.0,36,600,100,500,0.16666666666666666,11,1,10,341.1666512954577,0.2990244708994709,-0.009777826393446709,0.2544001244814905,139947.44111153972,2349.0799682784505,142296.52107981817,2006,174,1672.1666666666667,35,1,20,26.449810398891557,0.7208333333333333,35.47453703703703,1058.1018518518513,30.231481481481467,0
2008,4,0,0,36,0.0,0.0,1.0,36,700,500,200,0.7142857142857143,9,5,4,341.182091436376,0.2988921957671958,-0.006453005096189068,0.2546535435446882,139978.88672033523,2351.6578656359065,142330.54458597113,2007,175,1673.1666666666667,36,0,20,26.4186708523997,0.7190393518518519,35.44481981981982,1058.220720720721,29.395020020020027,0
2009,4,0,0,36,0.0,0.0,1.0,36,700,400,300,0.5714285714285714,10,4,6,341.182091436376,0.2988921957671958,-0.006453005096189068,0.2546535435446882,139978.88672033523,2351.6578656359065,142330.54458597113,2008,176,1674.1666666666667,36,0,20,26.4186708523997,0.7190393518518519,35.44481981981982,1058.220720720721,29.395020020020027,0
2010,4,0,0,36,0.0,0.0,1.0,36,750,500,250,0.6666666666666666,10,5,5,340.7994394120328,0.2982804232804233,-0.0020348907840705976,0.2550696949969274,140069.93339549046,2347.1541263329173,142417.08752182339,2009,177,1675.1666666666667,35,1,20,26.33983890954151,0.7220238095238095,35.3587962962963,1058.5648148148152,30.244708994709008,0
2011,4,0,0,36,0.0,0.0,1.0,36,800,700,100,0.875,9,7,2,342.4584789035206,0.2976851851851852,0.007231329690346566,0.2572656060728419,140192.4792631173,2402.020640432102,142594.4999035494,2010,178,1676.1666666666667,35,1,22,26.176229508196727,0.7232142857142857,35.24305555555556,1059.0277777777778,30.25793650793651,0
2012,4,0,0,36,0.0,0.0,1.0,36,1100,800,300,0.7272727272727273,14,8,6,342.75719842326487,0.29680886243386245,0.013137769037474545,0.25821042281219275,140284.42382812497,2416.6992187500005,142701.12304687497,2011,179,1677.1666666666667,35,1,18,26.078539823008853,0.7241071428571428,35.15625,1059.3749999999998,30.267857142857135,0
2013,4,0,0,36,0.0,0.0,1.0,36,850,600,250,0.7058823529411765,11,6,5,344.87056313069337,0.2975033068783069,0.012194307907033908,0.26028771685585306,140345.73694969568,2480.222666966743,142825.9596166624,2012,180,1678.1666666666667,35,1,18,25.962702530493367,0.7247023809523809,35.09837962962963,1059.6064814814818,30.274470899470906,0
2014,4,0,0,36,0.0,0.0,1.0,36,500,300,200,0.6,7,3,4,344.87056313069337,0.2975033068783069,0.012194307907033908,0.26028771685585306,140345.73694969568,2480.222666966743,142825.9596166624,2013,181,1679.1666666666667,35,1,18,25.962702530493367,0.7247023809523809,35.09837962962963,1059.6064814814818,30.274470899470906,0
2015,4,0,0,36,0.0,0.0,1.0,36,1450,1300,150,0.896551724137931,16,13,3,344.89426212314805,0.29689153439153443,0.016496846191169645,0.26152578154371176,140499.07836076824,2491.465192043908,142990.54355281216,2014,182,1680.1666666666667,35,1,19,25.812409024745286,0.7261904761904762,34.95370370370371,1060.1851851851857,30.291005291005305,0
2016,4,0,0,36,0.0,0.0,1.0,36,850,800,50,0.9411764705882353,9,8,1,346.7498110355255,0.2974702380952381,0.039462081128748494,0.24272486772486776,137812.49999999997,2369.1336591220856,140181.63365912205,2015,183,1681.1666666666667,34,2,22,28.39781746031746,0.7022058823529411,37.5,1049.9999999999998,30.882352941176464,7
2017,4,0,0,36,0.0,0.0,1.0,36,1200,900,300,0.75,15,9,6,347.3907692710251,0.29713955026455025,0.041199032611570985,0.24339427924858717,137843.75177154195,2377.1293934240357,140220.88116496598,2016,184,1682.1666666666667,34,2,22,28.350196500774665,0.7025122549019608,37.470238095238095,1050.1190476190475,30.88585434173669,0
2018,4,0,0,36,0.0,0.0,1.0,36,1450,1300,150,0.896551724137931,16,13,3,345.48050154157966,0.29661044973544975,0.04376322151707446,0.24271655617857502,137937.52834467133,2330.945294784594,140268.47363945591,2017,185,1683.1666666666667,34,2,22,28.30797635237231,0.7034313725490196,37.38095238095239,1050.4761904761915,30.896358543417396,0
2019,4,0,0,36,0.0,0.0,1.0,36,1250,800,450,0.64,17,8,9,347.14636550815163,0.29639550264550263,0.03988434577969091,0.24500042054927806,138093.8934948979,2387.7586451247116,140481.6521400226,2018,186,1684.1666666666667,34,2,17,28.11025219919206,0.7049632352941176,37.232142857142854,1051.071428571428,30.91386554621847,0
2020,4,0,0,36,0.0,0.0,1.0,36,1150,900,250,0.782608695652174,14,9,5,347.2165815020479,0.2956679894179894,0.04310713566827706,0.24572250383221855,138187.75510204077,2396.2159863945503,140583.97108843533,2019,187,1685.1666666666667,34,2,17,28.016021286231876,0.7058823529411764,37.14285714285714,1051.4285714285709,30.924369747899142,0
2021,4,0,0,36,0.0,0.0,1.0,36,800,600,200,0.75,10,6,4,347.3218120308117,0.29583333333333334,0.04701531959852101,0.24624726223757565,138250.34722222225,2403.4722222222276,140653.81944444447,2020,188,1686.1666666666667,34,2,17,27.95166402535659,0.7064950980392157,37.083333333333336,1051.6666666666667,30.93137254901961,0
2022,4,0,0,36,0.0,0.0,1.0,36,1050,900,150,0.8571428571428571,12,9,3,345.05728707682806,0.2951223544973545,0.04693334842141028,0.2453154662830193,138344.2619756236,2347.3391439909337,140691.60111961456,2021,189,1687.1666666666667,34,2,17,27.918835577684742,0.7074142156862745,36.99404761904762,1052.0238095238096,30.941876750700285,0
2023,4,0,0,36,0.0,0.0,1.0,36,950,600,350,0.631578947368421,13,6,7,345.416097123855,0.2961309523809524,0.046398113530288665,0.2465631073190217,138481.71323088132,2366.7625814471844,140848.4758123285,2022,190,1688.1666666666667,35,1,18,27.774265083205034,0.706547619047619,36.863425925925924,1052.546296296296,30.072751322751316,0
2024,4,0,0,36,0.0,0.0,1.0,36,550,200,350,0.36363636363636365,9,2,7,355.5889943514541,0.2958829365079365,0.05105929388460084,0.22450673706513563,134142.16739966313,2339.8956811541248,136482.06308081726,2023,191,1689.1666666666667,36,0,18,31.81006993513786,0.6617476851851851,41.01914414414414,1035.9234234234232,28.775650650650643,8
2025,4,0,0,36,0.0,0.0,1.0,36,1050,1000,50,0.9523809523809523,11,10,1,355.59530177639454,0.2955191798941799,0.059065121612650096,0.2255861304515308,134317.21153163293,2352.513873670965,136669.7254053039,2024,192,1690.1666666666667,36,0,18,31.63498098859316,0.6634837962962963,40.85022522522522,1036.5990990990988,28.794419419419413,0
2026,4,0,0,36,0.0,0.0,1.0,36,800,700,100,0.875,9,7,2,354.218826673647,0.29603174603174603,0.05760735752045765,0.2248923116108684,134346.39665002836,2317.604597841076,136664.00124786943,2025,193,1691.1666666666667,36,0,18,31.641501919038298,0.6637731481481481,40.82207207207207,1036.7117117117111,28.79754754754753,0
2027,4,0,0,36,0.0,0.0,1.0,36,1150,800,350,0.6956521739130435,15,8,7,355.31684972822995,0.29654431216931215,0.06414547077197708,0.22685614251879313,134550.78125000015,2361.631944444459,136912.4131944446,2026,194,1692.1666666666667,36,0,20,31.40896921017403,0.6657986111111112,40.62500000000001,1037.5000000000011,28.819444444444475,0
2028,4,0,0,36,0.0,0.0,1.0,36,1150,900,250,0.782608695652174,14,9,5,350.3836176604432,0.2963128306878307,0.06187402827493926,0.22478681776002973,134726.09169558084,2241.163080310054,136967.25477589088,2027,195,1693.1666666666667,36,0,22,31.36208735582311,0.6675347222222222,40.45608108108109,1038.1756756756768,28.838213213213244,0
2029,4,0,0,36,0.0,0.0,1.0,36,850,600,250,0.7058823529411765,11,6,5,349.5313404322393,0.29623015873015873,0.059749337189684226,0.22442054030537967,134755.32119957817,2220.24160985312,136975.56280943129,2028,196,1694.1666666666667,36,0,22,31.355070498915403,0.6678240740740741,40.42792792792794,1038.28828828829,28.84134134134139,0
2030,4,0,0,36,0.0,0.0,1.0,36,700,400,300,0.5714285714285714,10,4,6,349.49808043331836,0.2950892857142857,0.05961846591251363,0.2249421350897765,134843.0287339705,2225.4759404675033,137068.504674438,2029,197,1695.1666666666667,36,0,17,31.268522534244113,0.6686921296296297,40.34346846846847,1038.6261261261266,28.850725725725738,0
2031,4,0,0,36,0.0,0.0,1.0,36,800,600,200,0.75,10,6,4,351.3144339113831,0.29421296296296295,0.06349808512175747,0.22665922848016934,134930.7648019642,2280.6250507264103,137211.3898526906,2030,198,1696.1666666666667,36,0,18,31.133933087650842,0.6695601851851851,40.25900900900901,1038.9639639639645,28.860110110110124,0
2032,4,0,0,36,0.0,0.0,1.0,36,1100,700,400,0.6363636363636364,15,7,8,351.11929880467324,0.29366732804232804,0.057575155608529105,0.22708339233835534,135018.529403559,2281.52227396316,137300.05167752216,2031,199,1697.1666666666667,36,0,18,31.051576552172502,0.6704282407407407,40.17454954954955,1039.3018018018022,28.869494494494504,0
2033,4,0,0,36,0.0,0.0,1.0,36,1150,900,250,0.782608695652174,14,9,5,352.1263634980401,0.29290674603174605,0.051316533689543364,0.22847383796046433,135135.59325795408,2316.96100661474,137452.5542645688,2032,200,1698.1666666666667,36,0,18,30.90883244882487,0.6715856481481481,40.061936936936945,1039.7522522522536,28.882007007007044,0
2034,4,0,0,36,0.0,0.0,1.0,36,450,400,50,0.8888888888888888,5,4,1,353.0780507235433,0.293287037037037,0.05342574543354295,0.22927726584959215,135164.86714755304,2344.749563752954,137509.616711306,2033,201,1699.1666666666667,36,0,18,30.854947296224104,0.671875,40.03378378378379,1039.8648648648657,28.885135135135158,0
2035,4,0,0,36,0.0,0.0,1.0,36,700,500,200,0.7142857142857143,9,5,4,353.05728512764045,0.29373346560846564,0.057092582566323546,0.22944996679477572,135194.14420755222,2346.255503814633,137540.39971136686,2034,202,1700.1666666666667,36,0,19,30.82634001082837,0.6721643518518519,40.005630630630634,1039.9774774774783,28.888263263263283,0
2036,4,0,0,36,0.0,0.0,1.0,36,1250,900,350,0.72,16,9,7,354.0283072240752,0.29373346560846564,0.05349649508831433,0.23120675526909387,135369.87314595006,2384.9534077996973,137754.82655374976,2035,203,1701.1666666666667,36,0,19,30.626194856256546,0.673900462962963,39.836711711711715,1040.6531531531534,28.90703203203204,0
2037,4,0,0,36,0.0,0.0,1.0,36,700,500,200,0.7142857142857143,9,5,4,356.956017736182,0.29302248677248677,0.05247848454252613,0.23368990282955154,135457.78041555072,2470.493973703439,137928.27438925416,2036,204,1702.1666666666667,36,0,19,30.462552286167593,0.6747685185185186,39.752252252252255,1040.9909909909913,28.916416416416425,0
2038,4,0,0,36,0.0,0.0,1.0,36,1000,700,300,0.7,13,7,6,359.0239189353996,0.2925595238095238,0.021919961310603142,0.2250634253080711,133879.81520371733,2413.2111841571436,136293.02638787447,2037,205,1703.1666666666667,36,0,16,31.983587232499097,0.6591435185185186,41.27252252252253,1034.9099099099108,28.74749749749752,3
2039,4,0,0,36,0.0,0.0,1.0,36,950,700,250,0.7368421052631579,12,7,5,356.9018089702879,0.2928902116402116,0.02235757619703671,0.22444290230320332,133996.38447569212,2364.710402970561,136361.09487866267,2038,206,1704.1666666666667,36,0,18,31.921860271191363,0.6603009259259259,41.15990990990992,1035.360360360362,28.760010010010053,0
2040,4,0,0,36,0.0,0.0,1.0,36,700,600,100,0.8571428571428571,8,6,2,357.24512671791564,0.2929232804232804,0.021458605190662672,0.22501549214369568,134054.68813408026,2378.076809918053,136432.7649439983,2039,207,1705.1666666666667,36,0,18,31.854656009859376,0.6608796296296297,41.10360360360362,1035.5855855855875,28.76626626626632,0
2041,4,0,0,36,0.0,0.0,1.0,36,1200,900,300,0.75,15,9,6,360.2627629149599,0.292609126984127,0.025351032875753354,0.22818294611881496,134258.8508060428,2473.692907434497,136732.54371347732,2040,208,1706.1666666666667,36,0,18,31.57235865116449,0.6629050925925926,40.90653153153155,1036.3738738738762,28.788163163163226,0
2042,4,0,0,36,0.0,0.0,1.0,36,850,500,350,0.5882352941176471,12,5,7,356.887847304487,0.29171626984126986,0.022442513126923913,0.22640610850708537,134317.2115316332,2387.236095893216,136704.44762752642,2041,209,1707.1666666666667,36,0,18,31.601484700344017,0.6634837962962963,40.85022522522524,1036.5990990991008,28.79441941941947,0
2043,4,0,0,36,0.0,0.0,1.0,36,650,600,50,0.9230769230769231,7,6,1,355.4179436835336,0.2924107142857143,0.02132133762958155,0.22583388595543824,134375.58493882423,2351.8988160458066,136727.48375487005,2042,210,1708.1666666666667,36,0,18,31.58126968610839,0.6640625,40.79391891891893,1036.8243243243267,28.80067567567574,0
2044,4,0,0,36,0.0,0.0,1.0,36,950,700,250,0.7368421052631579,12,7,5,357.34443395214316,0.2920634920634921,0.019863674749668547,0.22760319755873035,134463.16882761152,2409.9329904228703,136873.1018180344,2043,211,1709.1666666666667,36,0,18,31.443856315598996,0.6649305555555556,40.70945945945947,1037.1621621621632,28.81006006006009,0
2045,4,0,0,36,0.0,0.0,1.0,36,550,400,150,0.7272727272727273,7,4,3,359.1513976818298,0.2923776455026455,0.019973099796137594,0.22893726810016163,134492.36979800757,2460.624518099192,136952.99431610675,2044,212,1710.1666666666667,36,0,18,31.367839177794668,0.6652199074074074,40.68130630630631,1037.2747747747756,28.81318818818821,0
2046,4,0,0,36,0.0,0.0,1.0,36,500,400,100,0.8,6,4,2,362.09093401719355,0.29274140211640215,0.02175368139223588,0.2311811347955926,134550.78124999985,2543.9489743121358,137094.730224312,2045,213,1711.1666666666667,34,2,18,31.23326639892906,0.6700367647058824,40.62499999999999,1037.4999999999989,30.514705882352906,0
2047,4,0,0,36,0.0,0.0,1.0,36,900,700,200,0.7777777777777778,11,7,4,364.1062748616762,0.29345238095238096,0.02113124824755941,0.23306009575947803,134643.43112244888,2604.9036281178965,137248.33475056678,2046,214,1712.1666666666667,34,2,19,31.088456832606866,0.6709558823529411,40.53571428571428,1037.857142857142,30.52521008403359,0
2048,4,0,0,36,0.0,0.0,1.0,36,650,500,150,0.7692307692307693,8,5,3,367.32208378315096,0.29333664021164024,0.01939443743709357,0.23571860873236644,134736.11288265302,2698.3099489795873,137434.4228316326,2047,215,1713.1666666666667,34,2,20,30.91245270037841,0.671875,40.44642857142857,1038.2142857142853,30.535714285714274,0
2049,4,0,0,36,0.0,0.0,1.0,36,500,300,200,0.6,7,3,4,367.32208378315096,0.29333664021164024,0.01939443743709357,0.23571860873236644,134736.11288265302,2698.3099489795873,137434.4228316326,2048,216,1714.1666666666667,34,2,20,30.91245270037841,0.671875,40.44642857142857,1038.2142857142853,30.535714285714274,0
2050,4,0,0,36,0.0,0.0,1.0,36,600,400,200,0.6666666666666666,8,4,4,367.9135469972958,0.29293981481481485,0.01868304737157178,0.23650035891358956,134797.91843820858,2718.796060090698,137516.7144982993,2049,217,1715.1666666666667,34,2,18,30.83538729030532,0.6724877450980392,40.38690476190476,1038.4523809523807,30.542717086834728,0
2051,4,0,0,36,0.0,0.0,1.0,36,750,600,150,0.8,9,6,3,363.83426380875056,0.2936342592592593,0.014810358657041167,0.23467713379593239,134921.5720663265,2617.818168934233,137539.39023526074,2050,218,1716.1666666666667,34,2,18,30.817911844467346,0.6737132352941176,40.26785714285714,1038.928571428571,30.55672268907562,0
2052,4,0,0,36,0.0,0.0,1.0,36,550,200,350,0.36363636363636365,9,2,7,363.83426380875056,0.2936342592592593,0.014810358657041167,0.23467713379593239,134921.5720663265,2617.818168934233,137539.39023526074,2051,219,1717.1666666666667,34,2,18,30.817911844467346,0.6737132352941176,40.26785714285714,1038.928571428571,30.55672268907562,0
2053,4,0,0,36,0.0,0.0,1.0,36,600,300,300,0.5,9,3,6,366.2350659911179,0.29358465608465606,0.007356671740233578,0.24304690743046903,135943.87755102038,2757.4829931972777,138701.36054421766,2052,220,1718.1666666666667,34,2,18,29.737442922374427,0.6838235294117647,39.285714285714285,1042.8571428571427,30.67226890756302,1
2054,4,0,0,36,0.0,0.0,1.0,36,750,400,350,0.5333333333333333,11,4,7,366.87849912024086,0.2931712962962963,0.012485052455095902,0.24403512269894687,136025.79417706188,2780.98784186385,138806.78201892573,2053,221,1719.1666666666667,35,1,18,29.639247938163393,0.6824404761904762,39.207175925925924,1043.171296296296,29.804894179894173,0
2055,4,0,0,36,0.0,0.0,1.0,36,1000,900,100,0.9,11,9,2,366.87849912024086,0.2931712962962963,0.012485052455095902,0.24403512269894687,136025.79417706188,2780.98784186385,138806.78201892573,2054,222,1720.1666666666667,35,1,18,29.639247938163393,0.6824404761904762,39.207175925925924,1043.171296296296,29.804894179894173,0
2056,4,0,0,36,0.0,0.0,1.0,36,550,300,250,0.5454545454545454,8,3,5,364.90153681745073,0.293369708994709,0.014078387872064946,0.24313284215885564,136086.16958429772,2731.610484182087,138817.7800684798,2055,223,1721.1666666666667,35,1,18,29.63082362728785,0.6830357142857143,39.14930555555555,1043.402777777777,29.811507936507912,0
2057,4,0,0,36,0.0,0.0,1.0,36,800,400,400,0.5,12,4,8,362.6747164468219,0.29318783068783066,0.015730475486573026,0.24267996604972783,136237.16670953343,2681.955161179675,138919.1218707131,2056,224,1722.1666666666667,35,1,18,29.53898743532889,0.6845238095238095,39.00462962962962,1043.9814814814802,29.82804232804229,0
2058,4,0,0,36,0.0,0.0,1.0,36,1100,800,300,0.7272727272727273,14,8,6,364.3624588516051,0.2927744708994709,0.018267159125884946,0.2448526575678133,136388.2475592634,2738.9514478309143,139127.1990070943,2057,225,1723.1666666666667,35,1,18,29.344990766389646,0.6860119047619048,38.859953703703695,1044.560185185184,29.84457671957669,0
2059,4,0,0,36,0.0,0.0,1.0,36,800,500,300,0.625,11,5,6,363.6941098721198,0.2927248677248677,0.01728474917349465,0.24446569298360735,136397.2333820306,2721.3740767794725,139118.60745881006,2058,226,1724.1666666666667,36,0,18,29.35352881989364,0.6840277777777778,38.85135135135135,1044.594594594594,29.016516516516496,0
2060,4,0,0,36,0.0,0.0,1.0,36,900,700,200,0.7777777777777778,11,7,4,366.619840796222,0.2919808201058201,0.012516315215959972,0.2470490561182383,136485.47354364488,2807.656516313601,139293.1300599585,2059,227,1725.1666666666667,36,0,19,29.189567841362223,0.6848958333333333,38.76689189189189,1044.9324324324316,29.02590090090088,0
2061,4,0,0,36,0.0,0.0,1.0,36,350,200,150,0.5714285714285714,5,2,3,366.80477099612244,0.2919808201058201,-0.04148679206496053,0.22151729466302142,132489.9092970521,2547.323998536582,135037.2332955887,2060,228,1726.1666666666667,34,2,21,33.1781914893617,0.6495098039215687,42.61904761904761,1029.523809523809,30.280112044817912,8
2062,4,0,0,36,0.0,0.0,1.0,36,700,600,100,0.8571428571428571,8,6,2,364.2286745297205,0.29227843915343915,-0.039980732177263834,0.22032014228546018,132551.19756235817,2455.789399092959,135006.98696145113,2061,229,1727.1666666666667,34,2,21,33.182803468208085,0.6501225490196079,42.5595238095238,1029.761904761904,30.28711484593835,0
2063,4,0,0,36,0.0,0.0,1.0,36,700,500,200,0.7142857142857143,9,5,4,364.3796944095542,0.29227843915343915,-0.036130776242024876,0.2207362083424521,132606.53941883138,2463.826062028452,135070.36548085982,2062,230,1728.1666666666667,35,1,21,33.12322077386972,0.6485119047619048,42.50578703703703,1029.9768518518513,29.427910052910036,0
2064,4,0,0,36,0.0,0.0,1.0,36,850,500,350,0.5882352941176471,12,5,7,364.5519460309865,0.29211309523809526,-0.03021141437967234,0.2215430700009468,132725.77649444863,2477.088021904995,135202.8645163536,2063,231,1729.1666666666667,35,1,16,32.99882530233254,0.649702380952381,42.39004629629629,1030.439814814814,29.441137566137545,0
2065,4,0,0,36,0.0,0.0,1.0,36,700,400,300,0.5714285714285714,10,4,6,366.54309431925566,0.2925760582010582,-0.03230706843845521,0.22310774127908195,132785.41512613583,2534.3153881601324,135319.73051429598,2064,232,1730.1666666666667,35,1,17,32.88753977166386,0.6502976190476191,42.33217592592592,1030.6712962962952,29.44775132275129,0
2066,4,0,0,36,0.0,0.0,1.0,36,700,500,200,0.7142857142857143,9,5,4,368.1498787485664,0.29169973544973543,-0.03129521528713253,0.22462185752686514,132874.89819101518,2583.5755315500755,135458.47372256525,2065,233,1731.1666666666667,35,1,17,32.756136805867385,0.6511904761904762,42.245370370370374,1031.0185185185192,29.457671957671977,0
2067,4,0,0,36,0.0,0.0,1.0,36,1050,800,250,0.7619047619047619,13,8,5,370.26710803258055,0.2927248677248677,-0.03256533014163143,0.2266360210704915,132994.2558299039,2648.6796982167293,135642.93552812064,2066,234,1732.1666666666667,35,1,17,32.5815380011969,0.6523809523809524,42.129629629629626,1031.4814814814808,29.470899470899454,0
2068,4,0,0,36,0.0,0.0,1.0,36,950,700,250,0.7368421052631579,12,7,5,371.1052623656996,0.2933201058201058,-0.03533143868571276,0.22751253842694935,133053.9547432269,2675.4045567558164,135729.35929998272,2067,235,1733.1666666666667,35,1,18,32.49990651409768,0.6529761904761905,42.07175925925925,1031.712962962962,29.477513227513196,0
2069,4,0,0,36,0.0,0.0,1.0,36,800,600,200,0.75,10,6,4,369.1943579109547,0.2941633597883598,-0.04082401903978661,0.2268853266362495,133143.5282305597,2631.1678830161018,135774.6961135758,2068,236,1734.1666666666667,35,1,18,32.45918376883107,0.6538690476190476,41.984953703703695,1032.060185185184,29.487433862433832,0
2070,4,0,0,36,0.0,0.0,1.0,36,900,800,100,0.8888888888888888,10,8,2,371.36390208141484,0.2941468253968254,-0.04108419924746454,0.22840160543186558,133173.3927576301,2691.1581575788464,135864.55091520894,2069,237,1735.1666666666667,35,1,18,32.373196531359795,0.6541666666666667,41.956018518518505,1032.175925925924,29.490740740740687,0
2071,4,0,0,36,0.0,0.0,1.0,36,950,800,150,0.8421052631578947,11,8,3,370.0122616286183,0.29426256613756613,-0.03678072895264395,0.22848577235378262,133322.76562767907,2666.2116072959448,135988.977234975,2070,238,1736.1666666666667,35,1,18,32.25804568717547,0.6556547619047619,41.81134259259259,1032.7546296296289,29.50727513227511,0
2072,4,0,0,36,0.0,0.0,1.0,36,950,400,550,0.42105263157894735,15,4,11,369.66767883624044,0.2939649470899471,-0.0346125116713355,0.2286406121700238,133382.53821855696,2661.4426601080086,136043.98087866497,2071,239,1737.1666666666667,35,1,18,32.20693277310924,0.65625,41.753472222222214,1032.9861111111102,29.51388888888886,0
2073,4,0,0,36,0.0,0.0,1.0,36,1150,800,350,0.6956521739130435,15,8,7,366.15504682622293,0.29404761904761906,-0.03942652329749097,0.22701612903225793,133472.22222222204,2574.3055555555356,136046.52777777758,2072,240,1738.1666666666667,35,1,18,32.20766129032259,0.6571428571428571,41.66666666666666,1033.333333333332,29.523809523809483,0
2074,4,0,0,36,0.0,0.0,1.0,36,500,200,300,0.4,8,2,6,362.4123883010075,0.29389880952380953,0.041832754312183695,0.21436657491003802,131703.53366457685,2346.198436612296,134049.73210118915,2073,241,1739.1666666666667,36,0,16,34.08392759188151,0.6374421296296297,43.38400900900901,1026.4639639639647,28.51288788788791,8
2075,4,0,0,36,0.0,0.0,1.0,36,1100,800,300,0.7272727272727273,14,8,6,360.76520277797175,0.2944279100529101,0.04901692065928476,0.21436738856924306,131876.97991488114,2315.325080147722,134192.30499502886,2074,242,1740.1666666666667,36,0,16,33.95118408069292,0.6391782407407407,43.215090090090094,1027.1396396396399,28.531656656656665,0
2076,4,0,0,36,0.0,0.0,1.0,36,450,200,250,0.4444444444444444,7,2,5,359.14292173605537,0.2947420634920635,0.04642013203732098,0.21356595385112764,131905.89871966565,2274.613972080191,134180.51269174585,2075,243,1741.1666666666667,36,0,16,33.9636775560915,0.6394675925925926,43.18693693693694,1027.2522522522527,28.534784784784797,0
2077,4,0,0,36,0.0,0.0,1.0,36,1000,800,200,0.8,12,8,4,359.473423162966,0.29500661375661374,0.049327927533055815,0.21441532416896933,132021.60564280505,2291.6517023780643,134313.2573451831,2076,244,1742.1666666666667,36,0,16,33.83852911096502,0.640625,43.07432432432433,1027.7027027027034,28.547297297297316,0
2078,4,0,0,36,0.0,0.0,1.0,36,700,600,100,0.8571428571428571,8,6,2,356.4618713231082,0.2943121693121693,0.04301173434608985,0.21294397653385705,132079.47812677562,2216.2595872900088,134295.73771406562,2077,245,1743.1666666666667,36,0,16,33.85759019865614,0.6412037037037037,43.018018018018026,1027.9279279279294,28.553553553553595,0
2079,4,0,0,36,0.0,0.0,1.0,36,1050,800,250,0.7619047619047619,13,8,5,356.3726578123707,0.29424603174603176,0.04750517220396766,0.21321640667280112,132137.36329234645,2218.0286705624603,134355.3919629089,2078,246,1744.1666666666667,36,0,16,33.80156991602775,0.6417824074074074,42.961711711711715,1028.1531531531534,28.559809809809817,0
2080,4,0,0,36,0.0,0.0,1.0,36,750,300,450,0.4,12,3,9,357.155338264401,0.2944279100529101,0.043100721437522305,0.21417594907214543,132224.21481870385,2244.9168340638003,134469.13165276765,2079,247,1745.1666666666667,36,0,17,33.693976057520366,0.642650462962963,42.877252252252255,1028.4909909909911,28.569194194194196,0
2081,4,0,0,36,0.0,0.0,1.0,36,600,400,200,0.6666666666666666,8,4,4,358.7256736615035,0.29426256613756613,0.041957000231050756,0.2157785701280551,132340.06123944893,2294.755524105186,134634.81676355412,2080,248,1746.1666666666667,36,0,17,33.53694684615665,0.6438078703703703,42.76463963963964,1028.9414414414416,28.58170670670671,0
2082,4,0,0,36,0.0,0.0,1.0,36,700,500,200,0.7142857142857143,9,5,4,360.4386238096018,0.29452711640211643,0.03947368421052655,0.21714229288041875,132398.00347222228,2344.2708333333385,134742.27430555562,2081,249,1747.1666666666667,36,0,18,33.43454790823212,0.6443865740740741,42.708333333333336,1029.166666666667,28.587962962962973,0
2083,4,0,0,36,0.0,0.0,1.0,36,850,700,150,0.8235294117647058,10,7,3,359.1645652191683,0.29409722222222223,0.044861977172447,0.21670780796491215,132455.95838659612,2314.6973409220122,134770.65572751814,2082,250,1748.1666666666667,36,0,18,33.40899974473982,0.6449652777777778,42.65202702702703,1029.3918918918923,28.59421921921923,0
2084,4,0,0,36,0.0,0.0,1.0,36,900,800,100,0.8888888888888888,10,8,2,360.1119321447994,0.2944940476190476,0.04124597533564178,0.2179499417249628,132571.90626014516,2348.145062292013,134920.05132243718,2083,251,1749.1666666666667,36,0,19,33.26795152177875,0.6461226851851851,42.53941441441441,1029.8423423423415,28.606731731731706,0
2085,4,0,0,36,0.0,0.0,1.0,36,850,700,150,0.8235294117647058,10,7,3,361.4978975897352,0.29537037037037034,0.04739097707847684,0.21997531640566878,132774.93709926156,2399.572122798488,135174.50922206003,2084,252,1750.1666666666667,36,0,16,33.02807218822845,0.6481481481481481,42.34234234234235,1030.6306306306317,28.628628628628658,0
2086,4,0,0,36,0.0,0.0,1.0,36,700,500,200,0.7142857142857143,9,5,4,361.89266727024193,0.29558531746031746,0.04907012879808681,0.22038613330169857,132803.95418645017,2412.155440913909,135216.1096273641,2085,253,1751.1666666666667,36,0,16,32.988728649987245,0.6484375,42.3141891891892,1030.743243243245,28.631756756756804,0
2087,4,0,0,36,0.0,0.0,1.0,36,700,400,300,0.5714285714285714,10,4,6,361.42010063631096,0.2950562169312169,0.04747733974008961,0.22078211217656457,132920.05423920555,2407.995875943529,135328.0501151491,2086,254,1752.1666666666667,36,0,17,32.88422336281899,0.6495949074074074,42.201576576576585,1031.1936936936947,28.644269269269298,0
2088,4,0,0,36,0.0,0.0,1.0,36,650,600,50,0.9230769230769231,7,6,1,360.8078602620086,0.29540343915343914,0.04286147501213011,0.2209224598930482,133007.16256797352,2398.0059451343404,135405.16851310787,2087,255,1753.1666666666667,36,0,17,32.812499999999986,0.650462962962963,42.117117117117125,1031.5315315315327,28.653653653653684,0
2089,4,0,0,36,0.0,0.0,1.0,36,800,500,300,0.625,11,5,6,363.017632429938,0.2951058201058201,0.04306707405790777,0.22296873884637763,133123.35139193258,2465.224768687617,135588.5761606202,2088,256,1754.1666666666667,36,0,17,32.638813109268156,0.6516203703703703,42.00450450450451,1031.9819819819827,28.666166166166185,0
2090,4,0,0,36,0.0,0.0,1.0,36,1050,700,350,0.6666666666666666,14,7,7,360.5182416113103,0.29497354497354494,0.04775668993600912,0.22212575531535594,133239.59094229384,2407.060607905222,135646.65155019905,2089,257,1755.1666666666667,36,0,18,32.58662376381617,0.6527777777777778,41.8918918918919,1032.4324324324339,28.67867867867872,0
2091,4,0,0,36,0.0,0.0,1.0,36,850,700,150,0.8235294117647058,10,7,3,360.35552849424823,0.29503968253968255,0.045056343147946265,0.22237282613003095,133297.7297398751,2406.9147694992403,135704.64450937434,2090,258,1756.1666666666667,36,0,18,32.53248818611415,0.6533564814814814,41.83558558558559,1032.6576576576583,28.684934934934954,0
2092,4,0,0,36,0.0,0.0,1.0,36,600,400,200,0.6666666666666666,8,4,4,360.6947091809794,0.2955191798941799,0.04313686301585573,0.22310536529447933,133384.96171424826,2422.249994927384,135807.21170917564,2091,259,1757.1666666666667,36,0,18,32.436225880300896,0.654224537037037,41.75112612612614,1032.9954954954972,28.694319319319366,0
2093,4,0,0,36,0.0,0.0,1.0,36,1050,800,250,0.7619047619047619,13,8,5,358.6758584807492,0.29563492063492064,0.041890681003584396,0.22237903225806457,133472.22222222228,2374.6527777777883,135846.87500000006,2092,260,1758.1666666666667,36,0,18,32.40087365591398,0.6550925925925926,41.66666666666667,1033.333333333334,28.70370370370372,0
2094,4,0,0,36,0.0,0.0,1.0,36,550,300,250,0.5454545454545454,8,3,5,358.3697379367156,0.2959325396825397,0.0365063799907992,0.22253839342240717,133530.4117462058,2370.65173281391,135901.0634790197,2093,261,1759.1666666666667,36,0,18,32.35045761603836,0.6556712962962963,41.61036036036037,1033.5585585585595,28.70995995995999,0
2095,4,0,0,36,0.0,0.0,1.0,36,950,700,250,0.7368421052631579,12,7,5,357.0163774988742,0.29541997354497357,0.03770942962559687,0.22292287065446406,133734.17494775204,2349.0581375294446,136083.23308528148,2094,262,1760.1666666666667,36,0,17,32.18131917982217,0.6576967592592593,41.4132882882883,1034.3468468468486,28.731856856856908,0
2096,4,0,0,36,0.0,0.0,1.0,36,800,500,300,0.625,11,5,6,356.2249386023042,0.2951223544973545,0.03009385242431928,0.2227800211667374,133792.4215389378,2332.0394296323625,136124.46096857017,2095,263,1761.1666666666667,36,0,17,32.14347266064367,0.658275462962963,41.356981981981995,1034.572072072074,28.738113113113165,0
2097,4,0,0,36,0.0,0.0,1.0,36,1100,900,200,0.8181818181818182,13,9,4,355.6537942299103,0.2951058201058201,0.0328870991147876,0.22259857366378855,133821.54959013071,2318.8283722912183,136140.37796242195,2096,264,1762.1666666666667,36,0,17,32.12909048033667,0.6585648148148149,41.32882882882883,1034.684684684685,28.741241241241248,0
2098,4,0,0,36,0.0,0.0,1.0,36,650,500,150,0.7692307692307693,8,5,3,354.1610375094275,0.2951058201058201,0.02706444202635705,0.22201500236777935,133879.81520371747,2283.0028508238233,136162.8180545413,2097,265,1763.1666666666667,36,0,17,32.10940333696047,0.6591435185185186,41.272522522522536,1034.909909909912,28.74749749749755,0
2099,4,0,0,36,0.0,0.0,1.0,36,700,300,400,0.42857142857142855,11,3,8,363.6217565817824,0.2947255291005291,0.07152990579956908,0.20577208074772518,129996.88042534703,2255.6159437520055,132252.49636909904,2098,266,1764.1666666666667,35,1,16,35.78162240381341,0.6223214285714286,45.05208333333332,1019.791666666665,29.136904761904717,7
2100,4,0,0,36,0.0,0.0,1.0,36,850,600,250,0.7058823529411765,11,6,5,367.15365219844904,0.2954530423280423,0.06929161152076668,0.20840047933865574,130114.93866008637,2354.4349869255593,132469.37364701193,2099,267,1765.1666666666667,35,1,17,35.57158725657023,0.6235119047619048,44.93634259259258,1020.2546296296279,29.150132275132226,0
2101,4,0,0,36,0.0,0.0,1.0,36,1000,900,100,0.9,11,9,2,368.52713697185163,0.29641203703703706,0.07000352773683116,0.2098154177504682,130233.05047850193,2398.8826463905666,132631.9331248925,2100,268,1766.1666666666667,35,1,17,35.416548550478126,0.624702380952381,44.82060185185183,1020.7175925925902,29.16335978835972,0
2102,4,0,0,36,0.0,0.0,1.0,36,1200,900,300,0.75,15,9,6,372.5398698955037,0.2964451058201058,0.07387114323463151,0.21275945432514162,130353.74858276626,2512.397056462738,132866.14563922898,2101,269,1767.1666666666667,34,2,17,35.19152677391778,0.6280637254901961,44.70238095238094,1021.1904761904747,30.035014005602196,0
2103,4,0,0,36,0.0,0.0,1.0,36,550,400,150,0.7272727272727273,7,4,3,370.2911307806416,0.29720568783068785,0.07187257187257257,0.21180652680652673,130414.54081632632,2458.269557823106,132872.8103741494,2102,270,1768.1666666666667,34,2,17,35.187208624708624,0.6286764705882353,44.64285714285713,1021.4285714285697,30.04201680672264,0
2104,4,0,0,36,0.0,0.0,1.0,36,1100,900,200,0.8181818181818182,13,9,4,370.0012507684242,0.2978670634920635,0.06896864237810396,0.21197267917854573,130475.34722222218,2455.2083333333226,132930.5555555555,2103,271,1769.1666666666667,34,2,17,35.13288471995649,0.6292892156862745,44.58333333333333,1021.6666666666662,30.04901960784312,0
2105,4,0,0,36,0.0,0.0,1.0,36,750,400,350,0.5333333333333333,11,4,7,373.3164093757008,0.29755291005291007,0.0678994370025241,0.21437601167159798,130566.58340419491,2548.529620181394,133115.1130243763,2104,272,1770.1666666666667,34,2,15,34.955591147350034,0.6302083333333333,44.49404761904761,1022.0238095238087,30.059523809523785,0
2106,4,0,0,36,0.0,0.0,1.0,36,350,200,150,0.5714285714285714,5,2,3,371.7208404663468,0.2978339947089947,0.0696441827400951,0.2135762356641708,130587.70743580656,2508.4344725222686,133096.14190832883,2105,273,1771.1666666666667,35,1,15,34.974922621069716,0.6282738095238095,44.47337962962962,1022.1064814814799,29.203042328042283,0
2107,4,0,0,36,0.0,0.0,1.0,36,1250,1000,250,0.8,15,10,5,369.8117550723685,0.2979001322751323,0.06573057724466613,0.21345698756201922,130765.21675936616,2471.7028624399577,133236.91962180613,2106,274,1772.1666666666667,35,1,15,34.84367338086078,0.6300595238095238,44.299768518518505,1022.8009259259238,29.222883597883538,0
2108,4,0,0,36,0.0,0.0,1.0,36,850,600,250,0.7058823529411765,11,6,5,371.1200799731212,0.2980820105820106,0.06590857660104099,0.21437642266682624,130794.81336805539,2508.11631944442,133302.9296874998,2107,275,1773.1666666666667,35,1,15,34.780210454854036,0.6303571428571428,44.27083333333332,1022.9166666666653,29.226190476190435,0
2109,4,0,0,36,0.0,0.0,1.0,36,550,400,150,0.7272727272727273,7,4,3,350.21042546164455,0.29796626984126984,0.07559774964838262,0.20385933187398858,131090.96364883377,1981.8844307269942,133072.84807956076,2108,276,1774.1666666666667,35,1,18,35.01544605183846,0.6333333333333333,43.98148148148147,1024.074074074072,29.259259259259203,5
2110,4,0,0,36,0.0,0.0,1.0,36,750,400,350,0.5333333333333333,11,4,7,365.01457725947535,0.29796626984126984,0.07698412698412715,0.2079734219269102,130262.58680555539,2361.096107681736,132623.68291323713,2109,277,1775.1666666666667,34,2,18,35.47619047619047,0.6271446078431373,44.79166666666666,1020.833333333332,30.02450980392153,7
2111,4,0,0,36,0.0,0.0,1.0,36,900,600,300,0.6666666666666666,12,6,6,362.2180638428238,0.29854497354497356,0.0779189658299011,0.2068646172865339,130353.74858276625,2243.2964852607493,132597.045068027,2110,278,1776.1666666666667,34,2,19,35.45504002486983,0.6280637254901961,44.70238095238094,1021.1904761904746,30.035014005602193,0
2112,4,0,0,36,0.0,0.0,1.0,36,850,600,250,0.7058823529411765,11,6,5,362.2180638428238,0.29854497354497356,0.0779189658299011,0.2068646172865339,130353.74858276625,2243.2964852607493,132597.045068027,2111,279,1777.1666666666667,34,2,19,35.45504002486983,0.6280637254901961,44.70238095238094,1021.1904761904746,30.035014005602193,0
2113,4,0,0,36,0.0,0.0,1.0,36,700,600,100,0.8571428571428571,8,6,2,362.01762252873453,0.2988095238095238,0.07599238716693857,0.20739888094403194,130475.34722222215,2246.8749999999895,132722.22222222213,2112,280,1778.1666666666667,34,2,21,35.33679989124524,0.6292892156862745,44.58333333333333,1021.666666666666,30.049019607843118,0
2114,4,0,0,36,0.0,0.0,1.0,36,850,700,150,0.8235294117647058,10,7,3,361.0276146088565,0.2988095238095238,0.07095241793517659,0.20715648688518853,130536.1678004533,2225.4322562358016,132761.60005668912,2113,281,1779.1666666666667,34,2,16,35.300413560111835,0.6299019607843137,44.52380952380951,1021.9047619047602,30.056022408963535,0
2115,4,0,0,36,0.0,0.0,1.0,36,500,300,200,0.6,7,3,4,361.01691638210394,0.298859126984127,0.06764058758817071,0.207313058671596,130566.58340419493,2227.3490646258383,132793.93246882077,2114,282,1780.1666666666667,34,2,17,35.26985051446321,0.6302083333333333,44.49404761904761,1022.0238095238088,30.05952380952379,0
2116,4,0,0,36,0.0,0.0,1.0,36,850,800,50,0.9411764705882353,9,8,1,360.30168422943615,0.2990906084656085,0.06939753891541511,0.2072277670782426,130627.42524092944,2213.056264172307,132840.48150510175,2115,283,1781.1666666666667,34,2,17,35.22645665929119,0.6308210784313726,44.434523809523796,1022.2619047619027,30.066526610644196,0
2117,4,0,0,36,0.0,0.0,1.0,36,1000,800,200,0.8,12,8,4,359.67317482114925,0.2984126984126984,0.06982593627146705,0.20768225255801845,130779.5918367347,2207.582199546482,132987.17403628118,2116,284,1782.1666666666667,34,2,18,35.08835738671632,0.6323529411764706,44.285714285714285,1022.8571428571429,30.084033613445378,0
2118,4,0,0,36,0.0,0.0,1.0,36,1700,1200,500,0.7058823529411765,22,12,10,360.1283042096064,0.2993551587301587,0.07703914802321243,0.2087675678550226,130931.84700963712,2230.4528061224432,133162.29981575956,2117,285,1783.1666666666667,34,2,18,34.92255050211314,0.6338848039215687,44.13690476190476,1023.4523809523804,30.10154061624648,0
2119,4,0,0,36,0.0,0.0,1.0,36,750,500,250,0.6666666666666666,10,5,5,359.0251487290425,0.3000330687830688,0.08023255813953467,0.20862272155876802,131023.24263038559,2208.1278344671264,133231.37046485272,2118,286,1784.1666666666667,34,2,19,34.85828488372091,0.6348039215686274,44.04761904761905,1023.8095238095245,30.112044817927192,0
2120,4,0,0,36,0.0,0.0,1.0,36,850,700,150,0.8235294117647058,10,7,3,357.31005072403144,0.3001984126984127,0.08260369853814753,0.20828561493425252,131145.15306122453,2171.8962585034046,133317.04931972793,2119,287,1785.1666666666667,34,2,19,34.77888191538819,0.6360294117647058,43.92857142857143,1024.2857142857147,30.126050420168077,0
2121,4,0,0,36,0.0,0.0,1.0,36,700,500,200,0.7142857142857143,9,5,4,360.19949222850613,0.30052910052910053,0.08796834250006458,0.21030371981808163,131206.1295351474,2252.076247165535,133458.20578231293,2120,288,1786.1666666666667,34,2,19,34.64322371988537,0.6366421568627452,43.86904761904762,1024.5238095238094,30.133053221288513,0
2122,4,0,0,36,0.0,0.0,1.0,36,700,600,100,0.8571428571428571,8,6,2,361.5572741093265,0.2998346560846561,0.08220415537488712,0.2117692605497483,131328.125,2296.5277777777783,133624.65277777778,2121,289,1787.1666666666667,34,2,19,34.485094850948514,0.6378676470588236,43.75,1025.0,30.147058823529413,0
2123,4,0,0,36,0.0,0.0,1.0,36,650,400,250,0.6153846153846154,9,4,5,360.3025575918626,0.30001653439153436,0.08093330236519192,0.21120254073679567,131358.6327239229,2265.7702664399085,133624.4029903628,2122,290,1788.1666666666667,34,2,19,34.48641272790618,0.6381740196078431,43.720238095238095,1025.1190476190475,30.15056022408963,0
2124,4,0,0,36,0.0,0.0,1.0,36,800,600,200,0.75,10,6,4,357.1439930536781,0.2993551587301587,0.07734824445992317,0.20985254816946677,131450.17715419497,2189.3282312925144,133639.5053854875,2123,291,1789.1666666666667,34,2,20,34.47488584474886,0.639093137254902,43.63095238095238,1025.4761904761904,30.161064425770306,0
2125,4,0,0,36,0.0,0.0,1.0,36,1400,1100,300,0.7857142857142857,17,11,6,354.1766522620243,0.2998677248677249,0.07523295828016896,0.20927737622693024,131663.90483276648,2126.456207483001,133790.36104024947,2124,292,1790.1666666666667,34,2,17,34.33524726443183,0.6412377450980392,43.42261904761905,1026.309523809524,30.185574229691884,0
2126,4,0,0,36,0.0,0.0,1.0,36,900,600,300,0.6666666666666666,12,6,6,355.6126864104181,0.30104166666666665,0.07534621578099854,0.21080133472782517,131786.11288265308,2172.962726757375,133959.07560941044,2125,293,1791.1666666666667,34,2,17,34.175120772946855,0.6424632352941176,43.30357142857143,1026.7857142857144,30.199579831932777,0
2127,4,0,0,36,0.0,0.0,1.0,36,1250,1100,150,0.88,14,11,3,357.0945775586092,0.301140873015873,0.07641706271009596,0.2120202973570628,131847.23816609982,2216.3867630385525,134063.62492913837,2126,294,1792.1666666666667,34,2,17,34.075431783934164,0.6430759803921569,43.24404761904762,1027.0238095238099,30.20658263305323,0
2128,4,0,0,36,0.0,0.0,1.0,36,800,600,200,0.75,10,6,4,357.10401480190507,0.3011904761904762,0.0757692802883998,0.21253845846485786,131938.952664399,2223.1859410430707,134162.13860544207,2127,295,1793.1666666666667,34,2,17,33.982715334105826,0.6439950980392157,43.1547619047619,1027.3809523809516,30.21708683473387,0
2129,4,0,0,36,0.0,0.0,1.0,36,800,600,200,0.75,10,6,4,358.01260371023045,0.3019345238095238,0.07512194808036377,0.21359521823292452,132030.69905045335,2253.730867346923,134284.42991780027,2128,296,1794.1666666666667,34,2,18,33.86689640526661,0.6449142156862745,43.06547619047618,1027.738095238094,30.22759103641453,0
2130,4,0,0,36,0.0,0.0,1.0,36,800,600,200,0.75,10,6,4,359.33598633911015,0.3021660052910053,0.07799330888502864,0.21473122782271398,132091.8810232426,2293.0732709750537,134384.95429421766,2129,297,1795.1666666666667,34,2,18,33.77123142250531,0.6455269607843137,43.00595238095238,1027.9761904761904,30.234593837535012,0
2131,4,0,0,36,0.0,0.0,1.0,36,800,700,100,0.875,9,7,2,370.93270359794985,0.30281084656084656,0.06969205834683945,0.22219949332032557,132183.68055555574,2606.2500000000236,134789.93055555577,2130,298,1796.1666666666667,34,2,18,33.38060507833604,0.6464460784313726,42.91666666666668,1028.3333333333348,30.24509803921573,2
2132,4,0,0,36,0.0,0.0,1.0,36,800,600,200,0.75,10,6,4,372.1762637954689,0.3025462962962963,0.0650290503367783,0.2240314501565482,132367.37528344666,2652.7990362811697,135020.17431972784,2131,299,1797.1666666666667,34,2,18,33.1634177849761,0.6482843137254901,42.738095238095234,1029.0476190476186,30.266106442577016,0
2133,4,0,0,36,0.0,0.0,1.0,36,800,600,200,0.75,10,6,4,372.9498768991063,0.30252976190476194,0.0629513969208626,0.22486224795464946,132428.6352040817,2677.848639455787,135106.48384353748,2132,300,1798.1666666666667,34,2,18,33.08177191764978,0.6488970588235294,42.67857142857143,1029.2857142857147,30.27310924369749,0
2134,4,0,0,36,0.0,0.0,1.0,36,750,600,150,0.8,9,6,3,373.3816583154424,0.30264550264550266,0.06680605336519307,0.22567281361078007,132520.55165816328,2696.1486678004558,135216.70032596373,2133,301,1799.1666666666667,34,2,18,32.97804177746946,0.6498161764705883,42.589285714285715,1029.6428571428573,30.28361344537816,0
2135,4,0,0,36,0.0,0.0,1.0,36,1050,700,350,0.6666666666666666,14,7,7,372.00918904716315,0.3022321428571429,0.06350410066284717,0.22571600488812524,132666.15125868047,2670.6054687499955,135336.75672743047,2134,302,1800.1666666666667,35,1,16,32.86674250084261,0.6491071428571429,42.447916666666664,1030.2083333333328,29.434523809523796,0
2136,4,0,0,36,0.0,0.0,1.0,36,500,300,200,0.6,7,3,4,371.74618618787883,0.30229828042328044,0.063620876857988,0.22591510550380114,132725.77649444874,2668.060244127232,135393.83673857598,2135,303,1801.1666666666667,35,1,16,32.81349451495751,0.649702380952381,42.3900462962963,1030.439814814815,29.44113756613757,0
2137,4,0,0,36,0.0,0.0,1.0,36,1400,1100,300,0.7857142857142857,17,11,6,369.4564544334758,0.3029431216931217,0.06671905403382761,0.22541904767763,132874.8981910149,2618.2977537722686,135493.19594478715,2136,304,1802.1666666666667,35,1,16,32.722459212692705,0.6511904761904762,42.24537037037036,1031.0185185185169,29.45767195767191,0
2138,4,0,0,36,0.0,0.0,1.0,36,1000,700,300,0.7,13,7,6,366.4550441966237,0.30332341269841273,0.05938493176294668,0.22484148100570533,133083.8092233581,2553.846638160141,135637.65586151826,2137,305,1803.1666666666667,35,1,17,32.589853243596934,0.6532738095238095,42.04282407407407,1031.828703703703,29.480820105820086,0
2139,4,0,0,36,0.0,0.0,1.0,36,250,100,150,0.4,4,1,3,367.01452226161086,0.3034722222222222,0.05978017048003581,0.22536511573584858,133113.66705246907,2570.9297839506107,135684.5968364197,2138,306,1804.1666666666667,35,1,17,32.54542395693136,0.6535714285714286,42.013888888888886,1031.9444444444441,29.484126984126974,0
2140,4,0,0,36,0.0,0.0,1.0,36,700,500,200,0.7142857142857143,9,5,4,366.2604939433155,0.3029596560846561,0.05793241374154223,0.22508234489955486,133143.5282305597,2553.0428830161013,135696.5711135758,2139,307,1805.1666666666667,35,1,17,32.53488187357482,0.6538690476190476,41.984953703703695,1032.060185185184,29.487433862433832,0
2141,4,0,0,36,0.0,0.0,1.0,36,700,400,300,0.5714285714285714,10,4,6,364.72551653071423,0.30297619047619045,0.0526684605897525,0.22449874961611005,133203.26063368033,2516.5256076388646,135719.7862413192,2140,308,1806.1666666666667,35,1,17,32.514505549949554,0.6544642857142857,41.92708333333332,1032.291666666665,29.49404761904757,0
2142,4,0,0,36,0.0,0.0,1.0,36,800,400,400,0.5,12,4,8,364.72551653071423,0.30297619047619045,0.0526684605897525,0.22449874961611005,133203.26063368033,2516.5256076388646,135719.7862413192,2141,309,1807.1666666666667,35,1,17,32.514505549949554,0.6544642857142857,41.92708333333332,1032.291666666665,29.49404761904757,0
2143,4,0,0,36,0.0,0.0,1.0,36,800,800,0,1.0,8,8,0,365.28641637070723,0.3034226190476191,0.05116565792423278,0.22538626603453996,133292.88435570977,2538.016010802457,135830.9003665122,2142,310,1808.1666666666667,35,1,18,32.410053799596504,0.6553571428571429,41.84027777777777,1032.638888888888,29.503968253968228,0
2144,4,0,0,36,0.0,0.0,1.0,36,1100,800,300,0.7272727272727273,14,8,6,362.45587019887705,0.3038690476190476,0.040597811881557755,0.22454153735359977,133442.3242053539,2473.390748242433,135915.71495359635,2143,311,1809.1666666666667,35,1,20,32.33320731115341,0.6568452380952381,41.69560185185184,1033.2175925925912,29.520502645502606,0
2145,4,0,0,36,0.0,0.0,1.0,36,400,300,100,0.75,5,3,2,360.2888069534106,0.30277777777777776,0.03949725674616533,0.22392062177459332,133561.93636670505,2424.174141589483,135986.11050829454,2144,312,1810.1666666666667,35,1,20,32.26927275780988,0.6580357142857143,41.5798611111111,1033.6805555555538,29.53373015873011,0
2146,4,0,0,36,0.0,0.0,1.0,36,1000,700,300,0.7,13,7,6,360.2888069534106,0.30277777777777776,0.03949725674616533,0.22392062177459332,133561.93636670505,2424.174141589483,135986.11050829454,2145,313,1811.1666666666667,35,1,20,32.26927275780988,0.6580357142857143,41.5798611111111,1033.6805555555538,29.53373015873011,0
2147,4,0,0,36,0.0,0.0,1.0,36,1050,800,250,0.7619047619047619,13,8,5,363.17193534477224,0.3031084656084656,0.040412236523036826,0.22644391083779056,133681.60211173262,2509.8812317815423,136191.48334351415,2146,314,1812.1666666666667,35,1,21,32.07482279425481,0.6592261904761905,41.46412037037037,1034.143518518518,29.546957671957657,0
2148,4,0,0,36,0.0,0.0,1.0,36,900,400,500,0.4444444444444444,14,4,10,357.4354654317981,0.30213293650793654,0.0009578544061306093,0.20985628246517238,131419.6588010205,2197.6258740700628,133617.28467509057,2147,315,1813.1666666666667,34,2,20,34.49823909594024,0.6387867647058824,43.66071428571429,1025.3571428571436,30.157563025210106,8
2149,4,0,0,36,0.0,0.0,1.0,36,750,500,250,0.6666666666666666,10,5,5,357.53196763015524,0.3021494708994709,0.004264825345247969,0.21058461825489072,131541.7534722224,2206.076388888913,133747.8298611113,2148,316,1814.1666666666667,34,2,20,34.37246141348497,0.6400122549019608,43.54166666666668,1025.8333333333348,30.171568627451023,0
2150,4,0,0,36,0.0,0.0,1.0,36,950,600,350,0.631578947368421,13,6,7,356.5325372980667,0.30277777777777776,0.003097162599425607,0.21033223401588247,131602.82206632683,2184.1376133787226,133786.95967970556,2149,317,1815.1666666666667,34,2,16,34.33644661020227,0.640625,43.482142857142875,1026.071428571431,30.178571428571498,0
2151,4,0,0,36,0.0,0.0,1.0,36,950,700,250,0.7368421052631579,12,7,5,354.86458406231617,0.30252976190476194,0.0029646816189741187,0.20951593935734056,131633.36167800488,2142.4036281179506,133775.76530612283,2150,318,1816.1666666666667,34,2,16,34.348414539829854,0.6409313725490196,43.45238095238097,1026.1904761904789,30.18207282913173,0
2152,4,0,0,36,0.0,0.0,1.0,36,550,300,250,0.5454545454545454,8,3,5,353.10216323929365,0.30257936507936506,0.008430296236163981,0.20897734753688632,131725.00177154216,2102.4766156462792,133827.47838718843,2151,319,1817.1666666666667,34,2,17,34.3011906142487,0.6418504901960784,43.36309523809525,1026.5476190476206,30.192577030812373,0
2153,4,0,0,36,0.0,0.0,1.0,36,1100,900,200,0.8181818181818182,13,9,4,352.9013514644607,0.30252976190476194,0.011187108741015805,0.20936224606137827,131816.67375283458,2103.656462585052,133920.33021541964,2152,320,1818.1666666666667,34,2,17,34.21390756627251,0.6427696078431373,43.27380952380953,1026.9047619047628,30.203081232493023,0
2154,4,0,0,36,0.0,0.0,1.0,36,1150,1100,50,0.9565217391304348,12,11,1,355.8563046654429,0.303885582010582,0.010162444650396507,0.21213754294696846,132000.11337868482,2194.614512471654,134194.72789115648,2153,321,1819.1666666666667,34,2,17,33.95312017299968,0.6446078431372548,43.095238095238095,1027.6190476190477,30.224089635854344,0
2155,4,0,0,36,0.0,0.0,1.0,36,1000,700,300,0.7,13,7,6,357.03592488119983,0.3041005291005291,0.007061056424114254,0.21335676203108395,132091.8810232427,2232.3093820861795,134324.19040532887,2154,322,1820.1666666666667,34,2,17,33.830341632889414,0.6455269607843137,43.00595238095239,1027.976190476191,30.23459383753503,0
2156,4,0,0,36,0.0,0.0,1.0,36,700,400,300,0.5714285714285714,10,4,6,359.96264177820126,0.3045304232804233,0.0052197908224307366,0.21545373091048678,132153.0771683673,2314.034155328795,134467.1113236961,2155,323,1821.1666666666667,34,2,17,33.69346030643356,0.6461397058823529,42.94642857142857,1028.2142857142853,30.24159663865545,0
2157,4,0,0,36,0.0,0.0,1.0,36,1250,800,450,0.64,17,8,9,356.5046462835378,0.30479497354497354,0.007840527716699519,0.21407620907130287,132275.51197562352,2231.3669217687,134506.87889739222,2156,324,1822.1666666666667,34,2,17,33.659057593642714,0.6473651960784313,42.82738095238095,1028.6904761904757,30.255602240896344,0
2158,4,0,0,36,0.0,0.0,1.0,36,1000,800,200,0.8,12,8,4,372.2321907417864,0.30499338624338623,0.04024743559627253,0.20237451289754588,128415.8801020408,2360.104875283442,130775.98497732425,2157,325,1823.1666666666667,34,2,16,37.17504502388223,0.6084558823529411,46.607142857142854,1013.5714285714284,29.810924369747895,7
2159,4,0,0,36,0.0,0.0,1.0,36,1300,1000,300,0.7692307692307693,16,10,6,374.22458171943794,0.3053240740740741,0.03489995043176575,0.2040745830400876,128536.57171201795,2420.308956916079,130956.88066893403,2158,326,1824.1666666666667,34,2,17,37.00105658605306,0.6096813725490196,46.48809523809523,1014.0476190476176,29.82492997198875,0
2160,4,0,0,36,0.0,0.0,1.0,36,1350,1100,250,0.8148148148148148,16,11,5,374.3676856967411,0.3058862433862434,0.03982502803202159,0.2047728766051107,128657.3200113378,2433.0286281179033,131090.3486394557,2159,327,1825.1666666666667,34,2,17,36.873924352655855,0.610906862745098,46.36904761904761,1014.523809523809,29.838935574229676,0
2161,4,0,0,36,0.0,0.0,1.0,36,800,800,0,1.0,8,8,0,377.3851990261028,0.30631613756613757,0.03744754606823575,0.2070518794656725,128778.1249999999,2519.791666666653,131297.91666666654,2160,328,1826.1666666666667,34,2,19,36.67385057471263,0.6121323529411764,46.24999999999999,1014.9999999999992,29.852941176470566,0
2162,4,0,0,36,0.0,0.0,1.0,36,1050,900,150,0.8571428571428571,12,9,3,375.861211172484,0.305787037037037,0.04555816073987229,0.2068449116968573,128898.98667800454,2489.6258503401336,131388.61252834467,2161,329,1827.1666666666667,34,2,19,36.58899960922235,0.6133578431372548,46.13095238095238,1015.4761904761905,29.866946778711483,0
2163,4,0,0,36,0.0,0.0,1.0,36,900,700,200,0.7777777777777778,11,7,4,378.570446887923,0.30596891534391535,0.02045415663205552,0.1952516971945472,126283.03748582778,2361.405187074843,128644.44267290262,2162,330,1828.1666666666667,34,2,15,39.207528919420426,0.586703431372549,48.7202380952381,1005.1190476190486,29.562324929972018,7
2164,4,0,0,36,0.0,0.0,1.0,36,500,300,200,0.6,7,3,4,376.8879643095726,0.3055555555555555,0.016632454339702063,0.1945257928257967,126312.95351473936,2321.1663832199674,128634.11989795933,2163,331,1829.1666666666667,34,2,15,39.21892270645824,0.5870098039215687,48.6904761904762,1005.2380952380963,29.565826330532246,0
2165,4,0,0,36,0.0,0.0,1.0,36,600,300,300,0.5,9,3,6,379.6771836108977,0.3055886243386243,0.012675296655878965,0.1962517437440421,126372.79620181427,2396.1734693877806,128768.96967120205,2164,332,1830.1666666666667,34,2,15,39.08704317625701,0.5876225490196079,48.630952380952394,1005.4761904761923,29.572829131652714,0
2166,4,0,0,36,0.0,0.0,1.0,36,1000,700,300,0.7,13,7,6,383.09392394132806,0.3058366402116402,0.010425296879315038,0.19845251768119454,126462.58680555565,2489.409722222232,128951.99652777788,2165,333,1831.1666666666667,34,2,15,38.908450704225345,0.5885416666666667,48.54166666666667,1005.8333333333342,29.583333333333357,0
2167,4,0,0,36,0.0,0.0,1.0,36,950,900,50,0.9473684210526315,10,9,1,381.90041261827673,0.30659722222222224,0.010571526216858862,0.19841451677088492,126582.35721371903,2468.370890022697,129050.72810374173,2166,334,1832.1666666666667,34,2,15,38.81486848850506,0.5897671568627452,48.42261904761906,1006.3095238095256,29.59733893557428,0
2168,4,0,0,36,0.0,0.0,1.0,36,1050,800,250,0.7619047619047619,13,8,5,376.901827009752,0.3089451058201058,0.014123681548908973,0.19668183557529262,126762.11911848077,2355.374858276648,129117.49397675741,2167,335,1833.1666666666667,34,2,16,38.75531977775152,0.5916053921568627,48.24404761904762,1007.0238095238099,29.618347338935585,0
2169,4,0,0,36,0.0,0.0,1.0,36,550,300,250,0.5454545454545454,8,3,5,377.86456571653974,0.30873015873015874,0.007970272328580608,0.19761989833704316,126852.0479024943,2386.5787981859417,129238.62670068025,2168,336,1834.1666666666667,34,2,18,38.63842275269835,0.5925245098039216,48.154761904761905,1007.3809523809522,29.62885154061624,0
2170,4,0,0,36,0.0,0.0,1.0,36,900,600,300,0.6666666666666666,12,6,6,374.6324900593074,0.30864748677248677,0.013536129159283261,0.19636309773077631,126942.00857426302,2311.320153061223,129253.32872732425,2169,337,1835.1666666666667,34,2,19,38.627190391809414,0.5934436274509804,48.06547619047619,1007.7380952380952,29.639355742296917,0
2171,4,0,0,36,0.0,0.0,1.0,36,550,400,150,0.7272727272727273,7,4,3,373.7639235531919,0.3091931216931217,0.01661548153397918,0.1960523777448156,126972.00255102038,2291.510770975055,129263.51332199544,2170,338,1836.1666666666667,34,2,19,38.6181982833294,0.59375,48.035714285714285,1007.8571428571427,29.64285714285714,0
2172,4,0,0,36,0.0,0.0,1.0,36,950,700,250,0.7368421052631579,12,7,5,375.35005715967844,0.31043320105820105,0.010352952296080797,0.19761712222437597,127122.90833153122,2343.174871051371,129466.08320258258,2171,339,1837.1666666666667,33,3,19,38.42293008465995,0.5975378787878788,47.88602941176471,1008.4558823529417,30.559269162210352,0
2173,4,0,0,36,0.0,0.0,1.0,36,600,300,300,0.5,9,3,6,375.35005715967844,0.31043320105820105,0.010352952296080797,0.19761712222437597,127122.90833153122,2343.1181817089673,129466.02651324018,2172,340,1838.1666666666667,33,3,19,38.42293008465995,0.5975378787878788,47.88602941176471,1008.4558823529417,30.559269162210352,0
2174,4,0,0,36,0.0,0.0,1.0,36,1150,900,250,0.782608695652174,14,9,5,372.2965064432749,0.3100859788359788,0.01642916902814906,0.1967579867813814,127277.43686322555,2276.9890186466614,129554.42588187222,2173,341,1839.1666666666667,33,3,19,38.341025018217145,0.5991161616161615,47.732843137254896,1009.0686274509793,30.57783719548422,0
2175,4,0,0,36,0.0,0.0,1.0,36,600,200,400,0.3333333333333333,10,2,8,371.5501968283381,0.31015211640211643,0.01830716097350371,0.19666371600759594,127339.27455786237,2262.586505190311,129601.86106305268,2174,342,1840.1666666666667,33,3,16,38.29630079326532,0.5997474747474747,47.67156862745098,1009.3137254901962,30.585264408793826,0
2176,4,0,0,36,0.0,0.0,1.0,36,850,700,150,0.8235294117647058,10,7,3,373.6815439720992,0.31078042328042327,0.014724919093850986,0.1983979331398258,127462.9950019223,2326.113754325253,129789.10875624756,2175,343,1841.1666666666667,33,3,17,38.115392394821995,0.601010101010101,47.549019607843135,1009.8039215686272,30.600118835412946,0
2177,4,0,0,36,0.0,0.0,1.0,36,450,300,150,0.6666666666666666,6,3,3,374.1732513806304,0.3109457671957672,0.018435385154627948,0.19896360889542933,127524.87775134559,2343.2796280276757,129868.15737937327,2176,344,1842.1666666666667,33,3,17,38.03941195502709,0.6016414141414141,47.48774509803921,1010.0490196078428,30.607546048722508,0
2178,4,0,0,36,0.0,0.0,1.0,36,750,200,550,0.26666666666666666,13,2,11,374.6232391440022,0.310515873015873,0.02031106798210147,0.1995086552650615,127586.77551903107,2359.394223375616,129946.16974240668,2177,345,1843.1666666666667,33,3,17,37.96447921720847,0.6022727272727273,47.42647058823529,1010.2941176470583,30.61497326203207,0
2179,4,0,0,36,0.0,0.0,1.0,36,900,700,200,0.7777777777777778,11,7,4,370.8093000204374,0.3101190476190476,0.025683247801080222,0.1982375836596623,127741.5856431421,2273.5535911668585,130015.13923430895,2178,346,1844.1666666666667,33,3,17,37.90194265971631,0.6038510101010102,47.27328431372549,1010.9068627450984,30.63354129530601,0
2180,4,0,0,36,0.0,0.0,1.0,36,1100,700,400,0.6363636363636364,15,7,8,371.5934021135964,0.3099041005291005,0.02322669251898546,0.19911615287281792,127834.51677239519,2300.492599000383,130135.00937139557,2179,347,1845.1666666666667,33,3,17,37.786799159799656,0.6047979797979798,47.181372549019606,1011.2745098039212,30.64468211527034,0
2181,4,0,0,36,0.0,0.0,1.0,36,1050,800,250,0.7619047619047619,13,8,5,371.72079302491284,0.3105324074074074,0.026680533677988727,0.19933799251686848,127865.50132461071,2306.053110582465,130171.55443519317,2180,348,1846.1666666666667,33,3,17,37.751802374893956,0.6051136363636364,47.150735294117645,1011.3970588235293,30.64839572192513,0
2182,4,0,0,36,0.0,0.0,1.0,36,800,600,200,0.75,10,6,4,370.770510021488,0.3110945767195767,0.028134377565163904,0.19944313363175417,127989.47707912826,2290.94473880239,130280.42181793065,2181,349,1847.1666666666667,33,3,17,37.648737434903715,0.6063762626262627,47.02818627450981,1011.8872549019611,30.663250148544275,0
2183,4,0,0,36,0.0,0.0,1.0,36,900,800,100,0.8888888888888888,10,8,2,373.3843974633362,0.31165674603174603,0.030730070343918836,0.2014714897089889,128113.51290669452,2367.117364715494,130480.63027141002,2182,350,1848.1666666666667,33,3,17,37.45548864140743,0.6076388888888888,46.90563725490196,1012.377450980392,30.678104575163395,0
2184,4,1,0,37,0.02702702702702703,0.0,1.0,37,900,800,100,0.8888888888888888,10,8,2,365.0759677507563,0.32310435435435436,0.03531057762775114,0.19923652589805846,128566.75347222216,1987.326388888878,130554.07986111104,2183,0,1799.1891891891892,34,3,15,37.20213640098603,0.6099877450980392,46.45833333333333,1014.1666666666661,29.828431372549,0
2185,4,0,0,37,0.0,0.0,1.0,37,1050,900,150,0.8571428571428571,12,9,3,363.2350764791666,0.32344844844844844,0.031682703590706573,0.19868352514476623,128657.32001133786,1946.5702947845825,130603.89030612244,2184,1,1800.1891891891892,34,3,15,37.156281780489714,0.610906862745098,46.36904761904762,1014.5238095238094,29.838935574229687,0
2186,4,0,0,37,0.0,0.0,1.0,37,600,300,300,0.5,9,3,6,363.8388448569136,0.32360485485485485,0.034913477363318846,0.19916496305173248,128687.51594387757,1964.3034297052168,130651.8193735828,2185,2,1801.1891891891892,34,3,15,37.11012358715634,0.6112132352941176,46.339285714285715,1014.6428571428573,29.842436974789923,0
2187,4,0,0,37,0.0,0.0,1.0,37,1000,500,500,0.5,15,5,10,359.9672439798793,0.32382382382382385,0.03530500481719989,0.19779643406317082,128838.54875283447,1875.531462585031,130714.0802154195,2186,3,1802.1891891891892,34,3,16,37.054164712320194,0.6127450980392157,46.19047619047619,1015.2380952380953,29.859943977591037,0
2188,4,0,0,37,0.0,0.0,1.0,37,700,300,400,0.42857142857142855,11,3,8,359.54964443150584,0.3232294794794795,0.033676860543581766,0.1980192392927809,128929.21095521539,1871.2903911564576,130800.50134637185,2187,4,1803.1891891891892,34,3,17,36.97226780760366,0.6136642156862745,46.101190476190474,1015.5952380952378,29.8704481792717,0
2189,4,0,0,37,0.0,0.0,1.0,37,1150,900,250,0.782608695652174,14,9,5,356.625422999492,0.3235422922922923,0.03306792780476964,0.19688414862198364,129024.94454089504,1802.7150848765395,130827.65962577159,2188,5,1804.1891891891892,35,2,17,36.94890635680109,0.6125,46.00694444444444,1015.9722222222221,29.02777777777777,0
2190,4,0,0,37,0.0,0.0,1.0,37,500,300,200,0.6,7,3,4,355.36345286709803,0.32410535535535534,0.03748076094317554,0.19647928943155663,129083.74592764051,1774.3291323731025,130858.07506001361,2189,6,1805.1891891891892,35,2,18,36.92103264996204,0.6130952380952381,45.94907407407407,1016.203703703703,29.034391534391514,0
2191,4,0,0,37,0.0,0.0,1.0,37,700,300,400,0.42857142857142855,11,3,8,355.07246790227043,0.32401151151151153,0.038346248776674585,0.1966107448371841,129142.56071030522,1770.9935485253739,130913.5542588306,2190,7,1806.1891891891892,35,2,18,36.868499962043565,0.6136904761904762,45.8912037037037,1016.4351851851852,29.04100529100529,0
2192,4,0,0,37,0.0,0.0,1.0,37,1100,900,200,0.8181818181818182,13,9,4,355.2482503986392,0.3250125125125125,0.039012320679377765,0.1973036771719879,129261.91184807246,1784.027001361233,131045.93884943369,2191,8,1807.1891891891892,34,3,19,36.74246858659174,0.6170343137254901,45.77380952380952,1016.904761904761,29.908963585434147,0
2193,4,0,0,37,0.0,0.0,1.0,37,600,500,100,0.8333333333333334,7,5,2,355.04195510527563,0.3258571071071071,0.0365990990990992,0.19749208752730954,129322.44897959185,1782.9790249433122,131105.42800453515,2192,9,1808.1891891891892,34,3,19,36.686075998751555,0.6176470588235294,45.714285714285715,1017.1428571428572,29.915966386554626,0
2194,4,0,0,37,0.0,0.0,1.0,37,850,800,50,0.9411764705882353,9,8,1,355.09184330640693,0.32563813813813813,0.0393781727895246,0.1976716482770845,129352.72285997734,1786.4193594104318,131139.14221938778,2193,10,1809.1891891891892,34,3,19,36.65398868734153,0.617953431372549,45.68452380952381,1017.2619047619048,29.919467787114847,0
2195,4,0,0,37,0.0,0.0,1.0,37,750,400,350,0.5333333333333333,11,4,7,355.5277749656186,0.32529404404404405,0.04738976899463476,0.1985242944599003,129473.85381235828,1806.3102324263032,131280.1640447846,2194,11,1810.1891891891892,34,3,17,36.51962217803251,0.6191789215686274,45.56547619047619,1017.7380952380953,29.933473389355743,0
2196,4,0,0,37,0.0,0.0,1.0,37,900,600,300,0.6666666666666666,12,6,6,353.8434242823618,0.3251063563563564,0.05272024451067869,0.19788849712481849,129534.44054705213,1766.982001133784,131301.42254818592,2195,12,1811.1891891891892,34,3,18,36.500847854052154,0.6197916666666667,45.50595238095238,1017.9761904761903,29.940476190476183,0
2197,4,0,0,37,0.0,0.0,1.0,37,850,500,350,0.5882352941176471,12,5,7,355.433032324355,0.32545045045045046,0.05296081219271764,0.19962770373239638,129701.96926708258,1820.0728470078989,131522.04211409047,2196,13,1812.1891891891892,35,2,18,36.2900285952354,0.6193452380952381,45.34143518518519,1018.63425925926,29.103835978836003,0
2198,4,0,0,37,0.0,0.0,1.0,37,850,500,350,0.5882352941176471,12,5,7,357.0833262735383,0.32579454454454454,0.0478522371059007,0.20085651892562048,129760.92470689744,1867.0925229338322,131628.01722983128,2197,14,1813.1891891891892,35,2,19,36.1880656215684,0.6199404761904762,45.283564814814824,1018.865740740742,29.110449735449773,0
2199,4,0,0,37,0.0,0.0,1.0,37,1100,900,200,0.8181818181818182,13,9,4,331.64731567654275,0.32629504504504503,-0.020815123014346737,0.1844340827467392,129312.88954293627,1177.2545398584161,130490.1440827947,2198,15,1814.1891891891892,37,0,19,37.290678453356335,0.6114864864864865,45.723684210526315,1017.1052631578946,27.489331436699853,5
2200,4,0,0,37,0.0,0.0,1.0,37,950,800,150,0.8421052631578947,11,8,3,330.5792954815696,0.3270145145145145,-0.020584808946877864,0.18436153017241375,129424.43828870416,1157.0079255155347,130581.44621421969,2199,16,1815.1891891891892,37,0,19,37.20456178160918,0.6126126126126126,45.614035087719294,1017.5438596491223,27.501185395922224,0
2201,4,0,0,37,0.0,0.0,1.0,37,650,600,50,0.9230769230769231,7,6,1,326.6876936707927,0.3273898898898899,-0.0318595200111792,0.1827089486770864,129536.03512619245,1063.5657125269038,130599.60083871936,2200,17,1816.1891891891892,37,0,16,37.19032744506676,0.6137387387387387,45.50438596491227,1017.9824561403491,27.51303935514457,1
2202,4,0,0,37,0.0,0.0,1.0,37,750,500,250,0.6666666666666666,10,5,5,328.03927774571105,0.32742117117117114,-0.03185265817184868,0.18372573782549276,129591.85157933191,1102.2434787626717,130694.09505809458,2201,18,1817.1891891891892,37,0,16,37.099307200804084,0.6143018018018018,45.44956140350876,1018.2017543859633,27.518966334755767,0
2203,4,0,0,37,0.0,0.0,1.0,37,1050,900,150,0.8571428571428571,12,9,3,328.28799558769526,0.32710835835835833,-0.032281150903325395,0.184389085792605,129703.52055440121,1116.0217566943513,130819.54231109556,2202,19,1818.1891891891892,37,0,18,36.97972730534624,0.615427927927928,45.339912280701746,1018.6403508771918,27.53082029397816,0
2204,4,0,0,37,0.0,0.0,1.0,37,800,500,300,0.625,11,5,6,329.5286480865048,0.32698323323323325,-0.030726809461204763,0.1853498909212955,129759.37307633106,1151.886157279151,130911.25923361021,2203,20,1819.1891891891892,37,0,18,36.891501650165026,0.615990990990991,45.28508771929824,1018.8596491228061,27.536747273589356,0
2205,4,0,0,37,0.0,0.0,1.0,37,1100,700,400,0.6363636363636364,15,7,8,332.6346169258054,0.325513013013013,-0.035570904883586274,0.18776587939035908,129899.05698147517,1241.7846116112767,131140.84159308643,2204,21,1820.1891891891892,37,0,18,36.670767451866176,0.6173986486486487,45.14802631578948,1019.4078947368429,27.551564722617375,0
2206,4,0,0,37,0.0,0.0,1.0,37,950,600,350,0.631578947368421,13,6,7,329.143341481155,0.3258571071071071,-0.035776449495404594,0.18632758485187004,130010.85820877583,1158.441659933832,131169.29986870967,2205,22,1821.1891891891892,37,0,18,36.64648514496649,0.6185247747747749,45.03837719298246,1019.8464912280706,27.563418681839746,0
2207,4,0,0,37,0.0,0.0,1.0,37,1300,1000,300,0.7692307692307693,16,10,6,329.50370591151386,0.3263576076076076,-0.029797689372157876,0.18720155599588217,130150.67737188369,1177.0261041859048,131327.7034760696,2206,23,1822.1891891891892,37,0,20,36.49571960742172,0.6199324324324325,44.901315789473685,1020.3947368421057,27.57823613086772,0
2208,4,0,0,37,0.0,0.0,1.0,37,650,500,150,0.7692307692307693,8,5,3,331.7443533813311,0.3270457957957958,-0.027581561580916847,0.18888123459491218,130234.60493853899,1240.918960641759,131475.52389918076,2207,24,1823.1891891891892,37,0,20,36.35359598238264,0.620777027027027,44.81907894736843,1020.7236842105281,27.58712660028454,0
2209,4,0,0,37,0.0,0.0,1.0,37,650,400,250,0.6153846153846154,9,4,5,331.56972933715906,0.3270145145145145,-0.025366861707067923,0.18918978673943812,130318.55955678686,1241.9379039704666,131560.49746075732,2208,25,1824.1891891891892,37,0,21,36.27308848797251,0.6216216216216216,44.736842105263165,1021.0526315789486,27.596017069701315,0
2210,4,0,0,37,0.0,0.0,1.0,37,900,600,300,0.6666666666666666,12,6,6,331.8461760309991,0.3270145145145145,-0.03702984022760836,0.1903061239651003,130514.55886667049,1262.1514552554618,131776.71032192596,2209,26,1825.1891891891892,37,0,16,36.06777819508531,0.6235923423423424,44.54495614035088,1021.8201754385963,27.61676149834044,0
2211,4,0,0,37,0.0,0.0,1.0,37,1300,800,500,0.6153846153846154,18,8,10,330.22958369018613,0.32676426426426425,-0.037021894762480634,0.18965310841504768,130570.58572108718,1223.6540329716718,131794.23975405886,2210,27,1826.1891891891892,37,0,16,36.05243983120551,0.6241554054054055,44.49013157894736,1022.03947368421,27.62268847795162,0
2212,4,0,0,37,0.0,0.0,1.0,37,900,700,200,0.7777777777777778,11,7,4,326.83265555985565,0.32713963963963966,-0.03677785215257112,0.18851998629602815,130738.73842191833,1145.9378125961837,131884.6762345145,2211,28,1827.1891891891892,37,0,17,35.9693854758586,0.6258445945945945,44.32565789473684,1022.697368421053,27.64046941678522,0
2213,4,0,0,37,0.0,0.0,1.0,37,950,700,250,0.7368421052631579,12,7,5,326.9365728528908,0.3286411411411411,-0.04138486359041449,0.18912865228086315,130850.90033712289,1155.98898218682,132006.8893193097,2212,29,1828.1891891891892,37,0,17,35.85349462365592,0.6269707207207207,44.21600877192982,1023.1359649122801,27.65232337600757,0
2214,4,0,0,37,0.0,0.0,1.0,37,1250,1000,250,0.8,15,10,5,325.290827666572,0.3290790790790791,-0.029481924083466948,0.1888628835258155,130991.17036011073,1122.0452446906625,132113.2156048014,2213,30,1829.1891891891892,37,0,18,35.754070265638376,0.6283783783783784,44.07894736842105,1023.6842105263152,27.667140825035546,0
2215,4,0,0,37,0.0,0.0,1.0,37,950,800,150,0.8421052631578947,11,8,3,345.5619651070272,0.32882882882882886,-0.04382069293963564,0.19909280730785558,130694.03863322764,1640.0920949070805,132334.1307281347,2214,31,1830.1891891891892,36,1,18,35.53574706314244,0.6273148148148149,44.36936936936936,1022.5225225225211,28.403403403403363,2
2216,4,0,0,37,0.0,0.0,1.0,37,1300,1100,200,0.8461538461538461,15,11,4,346.08414946898324,0.3288913913913914,-0.04142577014976023,0.19983994466794475,130780.41459956561,1652.2057107783223,132432.62031034395,2215,32,1831.1891891891892,36,1,19,35.43501596388857,0.6281828703703703,44.2849099099099,1022.8603603603591,28.412787787787753,0
2217,4,0,0,37,0.0,0.0,1.0,37,1050,800,250,0.7619047619047619,13,8,5,346.5463912016092,0.33054929929929927,-0.04126163791693516,0.20100575300774864,130953.25213304497,1676.2753885642167,132629.52752160918,2216,33,1832.1891891891892,36,1,19,35.24842300216379,0.6299189814814814,44.11599099099098,1023.5360360360341,28.431556556556504,0
2218,4,0,0,37,0.0,0.0,1.0,37,600,400,200,0.6666666666666666,8,4,4,347.84130213917314,0.3303303303303303,-0.04465360751797909,0.20205912317873603,131010.89000740592,1714.1997149176013,132725.08972232352,2217,34,1833.1891891891892,36,1,20,35.15702342976568,0.6304976851851851,44.059684684684676,1023.7612612612602,28.437812812812783,0
2219,4,0,0,37,0.0,0.0,1.0,37,800,300,500,0.375,13,3,10,346.6763540793667,0.33130005005005003,-0.046155446265396916,0.2019872799712903,131126.20380092927,1691.6708515948283,132817.8746525241,2218,35,1834.1891891891892,36,1,21,35.070322521531985,0.6316550925925926,43.94707207207207,1024.2117117117114,28.450325325325316,0
2220,4,0,0,37,0.0,0.0,1.0,37,750,500,250,0.6666666666666666,10,5,5,347.60342915091564,0.33145645645645644,-0.048729468254534614,0.202679537920303,131155.04017531034,1717.9883430727866,132873.02851838313,2219,36,1835.1891891891892,36,1,21,35.01745272647319,0.6319444444444444,43.91891891891891,1024.3243243243235,28.45345345345343,0
2221,4,0,0,37,0.0,0.0,1.0,37,950,800,150,0.8421052631578947,11,8,3,348.43644116305484,0.3315815815815816,-0.044203359217648286,0.2034707793133165,131212.72243527306,1743.858808132446,132956.5812434055,2220,37,1836.1891891891892,36,1,21,34.9378526416062,0.6325231481481481,43.86261261261261,1024.549549549549,28.459709709709696,0
2222,4,0,0,37,0.0,0.0,1.0,37,800,500,300,0.625,11,5,6,346.6892814664102,0.33164414414414417,-0.04765596456991117,0.20260281130782684,131241.56832085448,1700.0090039363529,132941.57732479082,2221,38,1837.1891891891892,36,1,21,34.95347474081401,0.6328125,43.83445945945945,1024.662162162161,28.462837837837803,0
2223,4,0,0,37,0.0,0.0,1.0,37,900,800,100,0.8888888888888888,10,8,2,344.9337036589785,0.33126876876876876,-0.044953964953964864,0.20172857990338705,131270.41737683627,1655.918249330406,132926.33562616666,2222,39,1838.1891891891892,36,1,21,34.969322344322336,0.6331018518518519,43.806306306306304,1024.7747747747744,28.465965965965957,0
2224,4,0,0,37,0.0,0.0,1.0,37,950,700,250,0.7368421052631579,12,7,5,343.78894248860445,0.33230105105105107,-0.04597680684637229,0.20227581965027183,131501.3239590942,1641.7402199496782,133143.0641790439,2223,40,1839.1891891891892,36,1,22,34.76568218416043,0.6354166666666667,43.58108108108108,1025.6756756756756,28.49099099099099,0
2225,4,0,0,37,0.0,0.0,1.0,37,1350,900,450,0.6666666666666666,18,9,9,343.62809098948645,0.3311436436436436,-0.04750114898222424,0.20325568133479371,131703.53366457685,1651.4067699456289,133354.9404345225,2224,41,1840.1891891891892,36,1,18,34.56596269884805,0.6374421296296297,43.38400900900901,1026.4639639639647,28.51288788788791,0
2226,4,0,0,37,0.0,0.0,1.0,37,1100,700,400,0.6363636363636364,15,7,8,344.03921875929575,0.33095595595595595,-0.04765603690570752,0.20365334533829496,131732.43344696064,1664.2246976706606,133396.6581446313,2225,42,1841.1891891891892,36,1,18,34.5262907708059,0.6377314814814814,43.355855855855864,1026.5765765765777,28.51601601601605,0
2227,4,0,0,37,0.0,0.0,1.0,37,750,400,350,0.5333333333333333,11,4,7,344.88737400948565,0.33095595595595595,-0.05119100897146711,0.20462120778090434,131819.15181651246,1692.5522228309417,133511.7040393434,2226,43,1842.1891891891892,36,1,18,34.41715100339948,0.638599537037037,43.2713963963964,1026.9144144144145,28.525400400400404,0
2228,4,0,0,37,0.0,0.0,1.0,37,750,600,150,0.8,9,6,3,347.314099610486,0.33192567567567566,-0.05312382425174267,0.206689271412033,131934.82069485035,1764.5646913805806,133699.38538623092,2227,44,1843.1891891891892,36,1,19,34.23832620848404,0.6397569444444444,43.15878378378379,1027.3648648648657,28.537912912912937,0
2229,4,0,0,37,0.0,0.0,1.0,37,700,300,400,0.42857142857142855,11,3,8,347.30948401104655,0.33133133133133136,-0.0520520520520521,0.20715989222776568,132021.6056428052,1770.471146822523,133792.07678962772,2228,45,1844.1891891891892,36,1,19,34.15105193951348,0.640625,43.07432432432434,1027.7027027027045,28.547297297297348,0
2230,4,0,0,37,0.0,0.0,1.0,37,1300,1100,200,0.8461538461538461,15,11,4,349.74649104425697,0.33176926926926925,-0.04625170565374248,0.20941214490000756,132166.31063073233,1844.9406754727995,134011.25130620514,2229,46,1845.1891891891892,36,1,20,33.94274997262074,0.6420717592592593,42.93355855855857,1028.2657657657678,28.562937937937996,0
2231,4,0,0,37,0.0,0.0,1.0,37,850,600,250,0.7058823529411765,11,6,5,348.7720679499171,0.33145645645645644,-0.04161600023668999,0.2094696147746547,132282.13168827636,1827.2625243486978,134109.39421262505,2230,47,1846.1891891891892,36,1,20,33.85125889436234,0.6432291666666667,42.82094594594596,1028.716216216218,28.575450450450504,0
2232,4,0,0,37,0.0,0.0,1.0,37,600,100,500,0.16666666666666666,11,1,10,346.26304110633623,0.3308308308308308,-0.039956340273731294,0.208282120249414,132340.06123944916,1764.8944129941044,134104.95565244326,2231,48,1847.1891891891892,36,1,20,33.85752982379337,0.6438078703703703,42.764639639639654,1028.9414414414434,28.58170670670676,0
2233,4,0,0,37,0.0,0.0,1.0,37,900,600,300,0.6666666666666666,12,6,6,346.9142526609154,0.33130005005005003,-0.04583715714815306,0.209325329929863,132457.56842635456,1790.2963535826846,134247.86477993723,2232,49,1848.1891891891892,35,2,21,33.72264073157935,0.6470238095238094,42.65046296296296,1029.3981481481478,29.41137566137565,0
2234,4,0,0,37,0.0,0.0,1.0,37,850,700,150,0.8235294117647058,10,7,3,356.90236606232594,0.33101851851851855,-0.07903782115816527,0.20471125598290435,130521.37230135551,1954.3064558709189,132475.67875722644,2233,50,1849.1891891891892,36,1,15,35.420799353464105,0.6255787037037037,44.53828828828829,1021.8468468468477,28.384634634634658,7
2235,4,0,0,37,0.0,0.0,1.0,37,850,600,250,0.7058823529411765,11,6,5,357.10588559083817,0.33142517517517517,-0.08254272556508435,0.20559063635251837,130665.25298524857,1932.2661766496062,132597.51916189818,2234,51,1850.1891891891892,36,1,15,35.26980761464186,0.627025462962963,44.397522522522515,1022.4099099099084,28.400275275275234,0
2236,4,0,0,37,0.0,0.0,1.0,37,550,200,350,0.36363636363636365,9,2,7,358.97602023909883,0.33161286286286284,-0.08578893802412857,0.2071296198101332,130751.6194403863,1987.3391973054113,132738.9586376917,2235,52,1851.1891891891892,36,1,16,35.13451515818835,0.6278935185185186,44.31306306306306,1022.7477477477476,28.409659659659653,0
2237,4,0,0,37,0.0,0.0,1.0,37,550,400,150,0.7272727272727273,7,4,3,356.44825713488666,0.33252002002002,-0.08352942926415707,0.20613191700002834,130838.01442912506,1927.3964420501563,132765.4108711752,2236,53,1852.1891891891892,36,1,17,35.111676756558424,0.6287615740740741,44.2286036036036,1023.0855855855855,28.419044044044043,0
2238,4,0,0,37,0.0,0.0,1.0,37,800,600,200,0.75,10,6,4,354.5008837376812,0.3330205205205205,-0.07325754624687375,0.2056195617288948,130953.2521330451,1884.6087218975642,132837.86085494267,2237,54,1853.1891891891892,36,1,17,35.04488025818757,0.6299189814814814,44.11599099099099,1023.5360360360352,28.431556556556533,0
2239,4,0,0,37,0.0,0.0,1.0,37,900,700,200,0.7777777777777778,11,7,4,356.0523320920692,0.3330205205205205,-0.07355227216659088,0.20713908225932082,131068.54056336732,1933.4519062981772,133001.9924696655,2238,55,1854.1891891891892,36,1,17,34.88855896477143,0.6310763888888888,44.00337837837837,1023.9864864864858,28.444069069069048,0
2240,4,0,0,37,0.0,0.0,1.0,37,1050,700,350,0.6666666666666666,14,7,7,359.0214580967138,0.3325825825825826,-0.07639338613179025,0.20965194003619408,131212.7224352732,2021.6365859102405,133234.35902118345,2239,56,1855.1891891891892,36,1,17,34.66673078332233,0.6325231481481481,43.862612612612615,1024.5495495495502,28.459709709709728,0
2241,4,0,0,37,0.0,0.0,1.0,37,800,600,200,0.75,10,6,4,358.9769839344091,0.3332394894894895,-0.07010198387110778,0.21010381144864854,131300.02891514683,2026.7376740920122,133326.76658923883,2240,57,1856.1891891891892,37,0,17,34.57961110516742,0.6314752252252251,43.777412280701746,1024.8903508771918,27.69973921289708,0
2242,4,0,0,37,0.0,0.0,1.0,37,850,700,150,0.8235294117647058,10,7,3,371.3762176207064,0.3336461461461462,-0.018024375822540684,0.2000912929157949,128054.14540816314,2120.3992785652918,130174.54468672843,2241,58,1857.1891891891892,34,3,19,37.56714106484749,0.6047794117647058,46.96428571428571,1012.1428571428562,29.76890756302518,5
2243,4,0,0,37,0.0,0.0,1.0,37,550,400,150,0.7272727272727273,7,4,3,370.0121460248482,0.33361486486486486,-0.020284176241184726,0.19951456406493942,128085.94419795931,2078.671017661157,130164.61521562046,2242,59,1858.1891891891892,35,2,19,37.56907919810962,0.6029761904761906,46.93287037037036,1012.2685185185167,28.921957671957617,0
2244,4,0,0,37,0.0,0.0,1.0,37,600,400,200,0.6666666666666666,8,4,4,369.88447370088204,0.3338963963963964,-0.020114674692492285,0.19945360132556866,128087.5274556651,2075.5175361171937,130163.0449917823,2243,60,1859.1891891891892,36,1,19,37.570688248600135,0.6009837962962963,46.931306306306304,1012.2747747747746,28.11874374374374,0
2245,4,0,0,37,0.0,0.0,1.0,37,800,600,200,0.75,10,6,4,358.52316211695256,0.33408408408408413,0.00712015570721114,0.19763814514688313,128966.15655006874,1847.4835320806471,130813.64008214939,2244,61,1860.1891891891892,35,2,17,36.96065025828016,0.611904761904762,46.064814814814824,1015.740740740742,29.021164021164058,5
2246,4,0,0,37,0.0,0.0,1.0,37,750,400,350,0.5333333333333333,11,4,7,357.29820418815615,0.3347722722722723,0.004064214590530524,0.1972555746140654,129024.94454089526,1820.0761959876795,130845.02073688294,2245,62,1861.1891891891892,35,2,17,36.931818181818194,0.6125,46.00694444444446,1015.9722222222239,29.027777777777825,0
2247,4,0,0,37,0.0,0.0,1.0,37,700,400,300,0.5714285714285714,10,4,6,356.0359275844352,0.33458458458458457,0.008323585544542045,0.19685109850071444,129083.74592764078,1791.6902434842427,130875.43617112502,2246,63,1862.1891891891892,35,2,17,36.903948367501904,0.6130952380952381,45.94907407407408,1016.2037037037051,29.034391534391574,0
2248,4,0,0,37,0.0,0.0,1.0,37,600,200,400,0.3333333333333333,10,2,8,355.920694871186,0.3346784284284284,0.010942514870557307,0.19722722164376197,129171.97312510718,1794.9956865140612,130966.96881162123,2247,64,1863.1891891891892,35,2,18,36.816980720330946,0.6139880952380952,45.86226851851852,1016.5509259259261,29.044312169312175,0
2249,4,0,0,37,0.0,0.0,1.0,37,1000,700,300,0.7,13,7,6,355.24825039863896,0.3349286786786787,0.005378827668689468,0.19730367717198793,129261.91184807262,1784.0169544219457,131045.92880249456,2248,65,1864.1891891891892,34,3,18,36.74246858659174,0.6170343137254901,45.773809523809526,1016.9047619047623,29.908963585434183,0
2250,4,0,0,37,0.0,0.0,1.0,37,1550,1400,150,0.9032258064516129,17,14,3,353.84097597229015,0.3346784284284284,-0.001960313144216075,0.197430330457646,129443.56575963719,1760.48752834467,131204.05328798186,2249,66,1865.1891891891892,34,3,16,36.59335517080018,0.6188725490196079,45.595238095238095,1017.6190476190477,29.929971988795522,0
2251,4,0,0,37,0.0,0.0,1.0,37,1050,600,450,0.5714285714285714,15,6,9,353.3853015117769,0.3339902402402402,-0.003416009781092688,0.19803082055417928,129613.5612247086,1760.7054826817698,131374.26670739037,2250,67,1866.1891891891892,35,2,16,36.43204895051906,0.618452380952381,45.42824074074075,1018.2870370370379,29.093915343915366,0
2252,4,0,0,37,0.0,0.0,1.0,37,650,400,250,0.6153846153846154,9,4,5,353.7598588936416,0.33461586586586584,-0.006768272647150297,0.19868797180108125,129701.96926708258,1776.6700692301201,131478.63933631268,2251,68,1867.1891891891892,35,2,16,36.332637389690575,0.6193452380952381,45.34143518518519,1018.63425925926,29.103835978836003,0
2253,4,0,0,37,0.0,0.0,1.0,37,1150,1000,150,0.8695652173913043,13,10,3,353.01028241077984,0.3356794294294294,0.0015101984437588811,0.19886471763447958,129819.89354263117,1765.5514564043183,131585.44499903548,2252,69,1868.1891891891892,35,2,16,36.23189948892675,0.6205357142857143,45.22569444444444,1019.0972222222222,29.11706349206349,0
2254,4,0,0,37,0.0,0.0,1.0,37,700,400,300,0.5714285714285714,10,4,6,352.29783917176184,0.33555430430430433,0.004075845093332919,0.198612981545873,129849.3829839678,1749.131408607683,131598.51439257548,2253,70,1869.1891891891892,35,2,16,36.220096146566725,0.6208333333333333,45.19675925925926,1019.2129629629633,29.12037037037038,0
2255,4,0,0,37,0.0,0.0,1.0,37,700,500,200,0.7142857142857143,9,5,4,350.43732202549836,0.33564814814814814,0.0061566206064658235,0.19776550118296837,129889.23890106326,1703.6074080837611,131592.84630914702,2254,71,1870.1891891891892,36,1,16,36.22703085874207,0.619212962962963,45.15765765765766,1019.3693693693697,28.315815815815824,0
2256,4,0,0,37,0.0,0.0,1.0,37,1150,800,350,0.6956521739130435,15,8,7,351.0709599993414,0.3354291791791792,0.006399331413136089,0.19856012134878434,129975.3485537904,1726.1140786056485,131701.46263239605,2255,72,1871.1891891891892,36,1,16,36.12345849438617,0.6200810185185186,45.073198198198206,1019.7072072072083,28.32520020020023,0
2257,4,0,0,37,0.0,0.0,1.0,37,1000,900,100,0.9,11,9,2,352.15867729555134,0.3353978978978979,-0.007111121699045375,0.20229064273002662,130578.91506371218,1796.8996023049924,132375.81466601716,2256,73,1872.1891891891892,36,1,14,35.48369325694139,0.6261574074074074,44.481981981981974,1022.0720720720706,28.390890890890848,1
2258,4,0,0,37,0.0,0.0,1.0,37,1100,800,300,0.7272727272727273,14,8,6,349.286889431207,0.334740990990991,-0.003470269079783206,0.2013888408206214,130722.82745160678,1731.9539556448076,132454.78140725158,2257,74,1873.1891891891892,36,1,14,35.41139008185589,0.6276041666666667,44.3412162162162,1022.6351351351332,28.406531531531478,0
2259,4,0,0,37,0.0,0.0,1.0,37,750,700,50,0.9333333333333333,8,7,1,350.08462246485686,0.33405280280280275,-0.006580026666109573,0.19887879399085062,130147.65346004788,1712.5384252495744,131860.19188529745,2258,75,1874.1891891891892,36,1,19,35.97377037118788,0.6218171296296297,44.90427927927928,1020.3828828828828,28.343968968968966,1
2260,4,0,0,37,0.0,0.0,1.0,37,600,500,100,0.8333333333333334,7,5,2,349.4074562356599,0.33373998998999,0.00044130498529493245,0.19893785994481666,130234.60493853857,1700.988405086158,131935.59334362473,2259,76,1875.1891891891892,37,0,19,35.902867296881155,0.620777027027027,44.81907894736841,1020.7236842105247,27.58712660028445,0
2261,4,0,0,37,0.0,0.0,1.0,37,500,300,200,0.6,7,3,4,362.3655262433398,0.3342404904904905,0.015488956947361743,0.1978448041414571,128584.36113522376,1923.48266280116,130507.84379802493,2260,77,1876.1891891891892,35,2,18,37.252867168777826,0.6080357142857142,46.44097222222222,1014.2361111111111,28.9781746031746,8
2262,4,0,0,37,0.0,0.0,1.0,37,1250,800,450,0.64,17,8,9,362.69127459242554,0.33489739739739743,0.009843824514782273,0.1986754453101731,128715.26668137734,1936.7808264345454,130652.04750781189,2261,78,1877.1891891891892,36,1,18,37.11089224281433,0.607349537037037,46.31193693693694,1014.7522522522524,28.18756256256257,0
2263,4,0,0,37,0.0,0.0,1.0,37,950,800,150,0.8421052631578947,11,8,3,365.5022442602283,0.33445945945945943,0.010024221204345096,0.20093708745428188,128858.14868922999,2019.5885074263674,130877.73719665635,2262,79,1878.1891891891892,36,1,18,36.89367051168291,0.6087962962962963,46.17117117117118,1015.3153153153171,28.203203203203252,0
2264,4,0,0,37,0.0,0.0,1.0,37,650,600,50,0.9230769230769231,7,6,1,365.0879297545243,0.3352102102102102,0.014514292563073461,0.20128931090377838,128972.51136271429,2017.2614337310586,130989.77279644534,2263,80,1879.1891891891892,36,1,18,36.787463045085026,0.6099537037037037,46.05855855855857,1015.7657657657675,28.215715715715763,0
2265,4,0,0,37,0.0,0.0,1.0,37,950,600,350,0.631578947368421,13,6,7,370.57700348322453,0.33499124124124124,0.016340808894000025,0.20490728427895982,129086.92476260071,2167.3291534778264,131254.25391607854,2264,81,1880.1891891891892,36,1,18,36.53128693853426,0.6111111111111112,45.94594594594596,1016.2162162162184,28.22822822822829,0
2266,4,0,0,37,0.0,0.0,1.0,37,800,600,200,0.75,10,6,4,371.16805426600473,0.33483483483483484,0.017129594968930517,0.2053826909718391,129115.53603857248,2184.712457389842,131300.24849596233,2265,82,1881.1891891891892,36,1,18,36.48707294552172,0.611400462962963,45.9177927927928,1016.3288288288298,28.231356356356386,0
2267,4,0,0,37,0.0,0.0,1.0,37,1050,900,150,0.8571428571428571,12,9,3,371.875839828003,0.3353353353353354,0.015285777580859472,0.2062220566318927,129201.38888888905,2209.375000000018,131410.76388888908,2266,83,1882.1891891891892,36,1,18,36.38148907103825,0.6122685185185186,45.83333333333334,1016.666666666668,28.240740740740776,0
2268,4,0,0,37,0.0,0.0,1.0,37,750,700,50,0.9333333333333333,8,7,1,370.02230251436833,0.3361486486486487,0.01928151518411436,0.20550913576578256,129261.91184807269,2165.9580498866385,131427.86989795932,2267,84,1883.1891891891892,34,3,18,36.3668734878639,0.6170343137254901,45.77380952380953,1016.9047619047628,29.9089635854342,0
2269,4,0,0,37,0.0,0.0,1.0,37,900,800,100,0.8888888888888888,10,8,2,371.868752527236,0.33546046046046046,0.018629513070707038,0.2070109765697219,129352.72285997731,2220.447137188209,131573.1699971655,2268,85,1884.1891891891892,34,3,18,36.22732592159157,0.617953431372549,45.68452380952381,1017.2619047619046,29.91946778711484,0
2270,4,0,0,37,0.0,0.0,1.0,37,1150,800,350,0.6956521739130435,15,8,7,371.61201935109904,0.33611736736736736,0.018420619964840457,0.20734592306874644,129443.5657596372,2220.5569727891143,131664.12273242633,2269,86,1885.1891891891892,34,3,17,36.14125136484168,0.6188725490196079,45.595238095238095,1017.6190476190478,29.929971988795526,0
2271,4,0,1,36,0.0,0.02702702702702703,0.972972972972973,37,600,400,200,0.6666666666666666,8,4,4,368.28043848409277,0.33527277277277273,0.014715192791153742,0.20575973164098543,129495.73072059326,2138.1488983196136,131633.87961891288,2270,87,1886.1891891891892,35,2,17,36.17286407398985,0.6172619047619048,45.54398148148148,1017.8240740740739,29.080687830687825,0
2272,4,0,0,36,0.0,0.0,1.0,36,650,400,250,0.6153846153846154,9,4,5,373.6298853994108,0.33573082010582006,0.02907097646248391,0.2086323899594751,129473.8538123583,2475.0602324263023,131948.91404478461,2271,88,1927.4166666666667,34,2,17,36.059041993215565,0.6191789215686274,45.56547619047619,1017.7380952380954,29.933473389355747,0
2273,4,0,0,36,0.0,0.0,1.0,36,750,600,150,0.8,9,6,3,370.26173050369914,0.33523478835978837,0.02918112241583204,0.20707050736017868,129534.44054705222,2392.32922335602,131926.76977040822,2272,89,1928.4166666666667,34,2,17,36.08301173352045,0.6197916666666667,45.50595238095239,1017.9761904761909,29.940476190476204,0
2274,4,0,0,36,0.0,0.0,1.0,36,600,400,200,0.6666666666666666,8,4,4,366.85731565939386,0.3349041005291005,0.030655260662275863,0.20548334124654843,129595.0414540816,2308.5778061224446,131903.61926020405,2273,90,1929.4166666666667,34,2,17,36.10794458084882,0.6204044117647058,45.44642857142857,1018.2142857142853,29.947478991596626,0
2275,4,0,0,36,0.0,0.0,1.0,36,700,600,100,0.8571428571428571,8,6,2,375.92627452823115,0.33604497354497354,0.070396653569615,0.21146488812095493,129762.65889321423,2587.9421008599666,132350.6009940742,2274,91,1930.4166666666667,33,3,18,35.70633870579745,0.6243686868686869,45.281862745098046,1018.8725490196085,30.874925727866923,6
2276,4,0,0,36,0.0,0.0,1.0,36,950,800,150,0.8421052631578947,11,8,3,370.3614758632465,0.3363756613756614,0.06205844572896635,0.20668559782045712,129450.69204152259,2388.709871203394,131839.401912726,2275,92,1931.4166666666667,33,3,16,36.165803628773276,0.6212121212121212,45.58823529411765,1017.6470588235302,30.837789661319096,6
2277,4,0,0,36,0.0,0.0,1.0,36,1200,1000,200,0.8333333333333334,14,10,4,368.6759350337452,0.3366898148148148,0.059897191138919226,0.20689167427855878,129669.02941476837,2361.170132881586,132030.19954764997,2276,93,1932.4166666666667,33,3,17,35.98631833313279,0.6234217171717171,45.37377450980392,1018.5049019607844,30.86378490790256,0
2278,4,0,0,36,0.0,0.0,1.0,36,700,600,100,0.8571428571428571,8,6,2,367.7217810229966,0.3365575396825397,0.06538286753010714,0.20668500105775356,129731.4453125002,2341.015625000029,132072.46093750023,2277,94,1933.4166666666667,33,3,18,35.947085889570566,0.6240530303030303,45.312500000000014,1018.7500000000016,30.87121212121217,0
2279,4,0,0,36,0.0,0.0,1.0,36,900,700,200,0.7777777777777778,11,7,4,366.7280042551823,0.3366071428571429,0.0615520812454069,0.20645520347879773,129793.87622849391,2319.80983876395,132113.68606725786,2278,95,1934.4166666666667,33,3,18,35.9088745239527,0.6246843434343434,45.251225490196084,1018.9950980392163,30.878639334521704,0
2280,4,0,0,36,0.0,0.0,1.0,36,1150,900,250,0.782608695652174,14,9,5,365.6240410390112,0.3374338624338624,0.05616660656328887,0.20649194822834585,129918.78311526812,2300.286097895034,132219.06921316317,2279,96,1935.4166666666667,33,3,18,35.80996814520976,0.6259469696969697,45.12867647058823,1019.4852941176466,30.893493761140807,0
2281,4,0,0,36,0.0,0.0,1.0,36,650,400,250,0.6153846153846154,9,4,5,363.9400919063916,0.3374834656084656,0.05122299660872143,0.20603465611190405,130012.50270328722,2263.3524365628655,132275.8551398501,2280,97,1936.4166666666667,33,3,19,35.75763037731316,0.6268939393939394,45.036764705882355,1019.8529411764707,30.904634581105174,0
2282,4,0,0,36,0.0,0.0,1.0,36,850,800,50,0.9411764705882353,9,8,1,367.22683484887267,0.3374503968253968,0.051745536071742926,0.20856279856423723,130137.51471789711,2357.9975249904023,132495.51224288752,2281,98,1937.4166666666667,33,3,19,35.54678116742732,0.6281565656565656,44.91421568627452,1020.3431372549032,30.91948900772434,0
2283,4,0,0,36,0.0,0.0,1.0,36,500,300,200,0.6,7,3,4,363.9993408891029,0.3374007936507937,0.04680767332346192,0.2072283328957854,130231.31315179265,2280.822430074981,132512.13558186762,2282,99,1938.4166666666667,33,3,20,35.53385260335375,0.6291035353535354,44.82230392156863,1020.710784313726,30.930629827688666,0
2284,4,0,0,36,0.0,0.0,1.0,36,550,400,150,0.7272727272727273,7,4,3,364.353657482864,0.338260582010582,0.05047079849024416,0.20776388230593684,130293.864213884,2294.6091947808463,132588.47340866484,2283,100,1939.4166666666667,33,3,20,35.461304165166254,0.6297348484848485,44.7610294117647,1020.9558823529404,30.938057040998196,0
2285,4,0,0,36,0.0,0.0,1.0,36,900,700,200,0.7777777777777778,11,7,4,382.91722014249495,0.3386243386243386,-0.012896825396825351,0.20497333548804136,127793.20987654319,2586.8441358024684,130380.05401234566,2284,101,1940.4166666666667,35,1,20,37.542925824175825,0.6,47.22222222222222,1011.111111111111,28.888888888888886,8
2286,4,0,0,36,0.0,0.0,1.0,36,700,500,200,0.7142857142857143,9,5,4,382.0262377219492,0.33864087301587303,-0.016735324407826768,0.20494335736354283,127880.99500868046,2570.7790798611063,130451.77408854157,2285,102,1941.4166666666667,35,1,20,37.47532612427052,0.6008928571428571,47.135416666666664,1011.4583333333326,28.8988095238095,0
2287,4,0,0,36,0.0,0.0,1.0,36,1200,900,300,0.75,15,9,6,381.1944164576832,0.33978174603174605,-0.020269583555657222,0.20554416561892094,128085.94419795948,2565.1293509945062,130651.073548954,2286,103,1942.4166666666667,35,1,20,37.28609268999162,0.6029761904761906,46.93287037037037,1012.2685185185181,28.92195767195766,0
2288,4,0,0,36,0.0,0.0,1.0,36,900,700,200,0.7777777777777778,11,7,4,379.1766160307541,0.33958333333333335,-0.020233196159122002,0.20475537265660726,128144.53125000001,2517.8953403635123,130662.42659036352,2287,104,1943.4166666666667,34,2,20,37.27709190672154,0.6056985294117647,46.875,1012.5000000000001,29.779411764705884,0
2289,4,0,0,36,0.0,0.0,1.0,36,1000,700,300,0.7,13,7,6,380.1715288883905,0.3395998677248677,-0.022391324218800746,0.2059121285366848,128265.09530895713,2552.547477324291,130817.64278628142,2288,105,1944.4166666666667,34,2,20,37.12833470443061,0.6069240196078431,46.755952380952394,1012.9761904761923,29.793417366946834,0
2290,4,0,0,36,0.0,0.0,1.0,36,700,300,400,0.42857142857142855,11,3,8,378.95690116724063,0.33950066137566143,0.00869511027144787,0.19921700782032029,127062.00573979584,2430.2047902494305,129492.21053004527,2289,106,1945.4166666666667,34,2,18,38.39468453575787,0.5946691176470589,47.94642857142857,1008.2142857142851,29.653361344537796,4
2291,4,0,0,36,0.0,0.0,1.0,36,700,400,300,0.5714285714285714,10,4,6,378.4228707471499,0.3398313492063492,0.01092005238924676,0.1992349202417336,127122.9083315311,2421.246724792853,129544.15505632396,2290,107,1946.4166666666667,33,3,18,38.345460161218455,0.5975378787878788,47.8860294117647,1008.4558823529408,30.559269162210327,0
2292,4,0,0,36,0.0,0.0,1.0,36,1350,1100,250,0.8148148148148148,16,11,5,375.390403280568,0.3397982804232804,0.013834899038980941,0.1980906281926691,127215.61418685125,2351.104142637453,129566.7183294887,2291,108,1947.4166666666667,33,3,19,38.326550858438615,0.5984848484848485,47.794117647058826,1008.8235294117651,30.5704099821747,0
2293,4,0,0,36,0.0,0.0,1.0,36,550,300,250,0.5454545454545454,8,3,5,377.00369455600844,0.34036044973544977,0.013436943500081178,0.19955028459918273,127339.27455786223,2401.4753940791875,129740.74995194141,2292,109,1948.4166666666667,33,3,16,38.158693540553664,0.5997474747474747,47.671568627450974,1009.313725490195,30.585264408793787,0
2294,4,0,0,36,0.0,0.0,1.0,36,1100,800,300,0.7272727272727273,14,8,6,378.2717380648957,0.3398313492063492,0.012605427209387399,0.20108129233976005,127512.49999999978,2446.8749999999714,129959.37499999975,2293,110,1949.4166666666667,34,2,16,37.94863861386138,0.5992647058823529,47.499999999999986,1009.9999999999983,29.705882352941128,0
2295,4,0,0,36,0.0,0.0,1.0,36,750,600,150,0.8,9,6,3,381.25403091443053,0.33900462962962963,0.012831591903003758,0.2029687394190622,127572.6261337866,2527.5155895691314,130100.14172335573,2294,111,1950.4166666666667,34,2,16,37.81154254065518,0.5998774509803921,47.440476190476176,1010.2380952380933,29.712885154061567,0
2296,4,0,0,36,0.0,0.0,1.0,36,550,500,50,0.9090909090909091,6,5,1,382.49319769285637,0.3393683862433863,0.011454078961147474,0.20393230289051273,127632.7664399092,2563.7329931972627,130196.49943310647,2295,112,1951.4166666666667,34,2,17,37.718445648759015,0.6004901960784313,47.38095238095237,1010.4761904761897,29.71988795518205,0
2297,4,0,0,36,0.0,0.0,1.0,36,750,500,250,0.6666666666666666,10,5,5,384.0310987359897,0.34012896825396827,0.010993325480958438,0.2050581149854434,127692.92091836719,2607.6105442176695,130300.53146258486,2296,113,1952.4166666666667,34,2,18,37.61778563015313,0.6011029411764706,47.32142857142856,1010.7142857142844,29.72689075630248,0
2298,4,0,0,36,0.0,0.0,1.0,36,600,500,100,0.8333333333333334,7,5,2,380.25091013820753,0.34027777777777773,0.010898047446415982,0.20339814452279475,127763.95486379015,2516.472023962601,130280.42688775275,2297,114,1953.4166666666667,35,1,18,37.64035966418622,0.5997023809523809,47.2511574074074,1010.9953703703691,28.885582010581974,0
2299,4,0,0,36,0.0,0.0,1.0,36,700,700,0,1.0,7,7,0,381.2190556696054,0.34052579365079366,0.010683760683760868,0.2040643180349062,127793.20987654307,2543.4413580246755,130336.65123456775,2298,115,1954.4166666666667,35,1,18,37.585851648351635,0.6,47.222222222222214,1011.1111111111101,28.888888888888857,0
2300,4,0,0,36,0.0,0.0,1.0,36,550,500,50,0.9090909090909091,6,5,1,380.81883332176875,0.3410714285714285,0.008180407716862348,0.20399841488242104,127822.46823827563,2535.4406453617707,130357.9088836374,2299,116,1955.4166666666667,35,1,18,37.56593128839038,0.600297619047619,47.193287037037024,1011.2268518518497,28.892195767195705,0
2301,4,0,0,36,0.0,0.0,1.0,36,1050,800,250,0.7619047619047619,13,8,5,382.74507513252297,0.3416666666666666,0.012373217417830151,0.20577844076313098,127968.81028163558,2595.8863811728174,130564.6966628084,2300,117,1956.4166666666667,35,1,18,37.36702127659574,0.6017857142857144,47.0486111111111,1011.8055555555537,28.908730158730105,0
2302,4,0,0,36,0.0,0.0,1.0,36,550,300,250,0.5454545454545454,8,3,5,381.8192623942265,0.3422619047619047,0.016061807461625,0.2055805191117682,128027.3705418381,2576.663237311387,130604.03377914948,2301,118,1957.4166666666667,35,1,18,37.33035986581276,0.6023809523809525,46.99074074074074,1012.0370370370367,28.915343915343907,0
2303,4,0,0,36,0.0,0.0,1.0,36,900,600,300,0.6666666666666666,12,6,6,381.37585371346637,0.3429728835978836,0.016103934047228652,0.20579238694828433,128115.23604948986,2572.0115044152926,130687.24755390515,2302,119,1958.4166666666667,35,1,18,37.251462406158296,0.6032738095238095,46.90393518518518,1012.3842592592591,28.925264550264547,0
2304,4,0,0,36,0.0,0.0,1.0,36,750,700,50,0.9333333333333333,8,7,1,377.52137399635257,0.3427579365079365,0.005488337702493684,0.20433622502160143,128237.60880730968,2491.6571615899716,130729.26596889965,2303,120,1959.4166666666667,33,3,17,37.22360859044161,0.6089015151515151,46.783088235294116,1012.8676470588234,30.692959001782526,1
2305,4,0,0,36,0.0,0.0,1.0,36,1000,600,400,0.6,14,6,8,375.8279814581863,0.34289021164021166,0.0073116594855724415,0.20371312880313155,128295.24518140587,2443.3886054421737,130738.63378684805,2304,121,1960.4166666666667,34,2,17,37.207452017234615,0.6072303921568627,46.726190476190474,1013.095238095238,29.796918767506998,0
2306,4,0,0,36,0.0,0.0,1.0,36,1200,1100,100,0.9166666666666666,13,11,2,376.27252845886903,0.3425760582010582,0.007194878421238338,0.20441659443333443,128385.71605725618,2461.603599773236,130847.31965702942,2305,122,1961.4166666666667,34,2,17,37.10354751556443,0.6081495098039216,46.63690476190476,1013.4523809523805,29.807422969187662,0
2307,4,0,0,36,0.0,0.0,1.0,36,1100,900,200,0.8181818181818182,13,9,4,373.6715293613937,0.3428571428571428,0.011248747320216523,0.20341758394508666,128466.99948827577,2400.8920342506694,130867.89152252645,2306,123,1962.4166666666667,35,1,17,37.08625889561212,0.606845238095238,46.556712962962955,1013.7731481481472,28.964947089947064,0
2308,4,0,0,36,0.0,0.0,1.0,36,950,800,150,0.8421052631578947,11,8,3,375.8922962107187,0.34388227513227515,0.0003992699064563343,0.20568488567934853,128672.41753472232,2473.3940972222313,131145.81163194455,2307,124,1963.4166666666667,35,1,17,36.81981519507186,0.6089285714285715,46.35416666666667,1014.5833333333342,28.988095238095262,0
2309,4,0,0,36,0.0,0.0,1.0,36,750,400,350,0.5333333333333333,11,4,7,372.1520525867118,0.34368386243386245,0.000658961881589315,0.2039393248175183,128731.13854595351,2381.5114883402084,131112.6500342937,2308,125,1964.4166666666667,35,1,17,36.85466088807786,0.6095238095238096,46.296296296296305,1014.814814814816,28.99470899470903,0
2310,4,0,0,36,0.0,0.0,1.0,36,850,600,250,0.7058823529411765,11,6,5,373.4317650225124,0.34338624338624335,-0.0006778157861391243,0.20494346553488335,128789.87295310364,2418.8459147805306,131208.71886788416,2309,126,1965.4166666666667,35,1,17,36.76216267578868,0.6101190476190477,46.23842592592593,1015.0462962962969,29.001322751322768,0
2311,4,0,0,36,0.0,0.0,1.0,36,850,600,250,0.7058823529411765,11,6,5,376.8823163158613,0.34388227513227515,6.965022921279207e-05,0.20745078063709974,128907.38195516127,2516.582540294936,131423.9644954562,2310,127,1966.4166666666667,35,1,17,36.554498138439314,0.6113095238095239,46.12268518518519,1015.50925925926,29.014550264550287,0
2312,4,0,0,36,0.0,0.0,1.0,36,1000,900,100,0.9,11,9,2,375.46329628208935,0.3447255291005291,-0.0064745196324140775,0.20728407640026325,129024.94454089527,2488.8261959876795,131513.77073688296,2311,128,1967.4166666666667,35,1,17,36.47043745727957,0.6125,46.00694444444446,1015.972222222224,29.02777777777783,0
2313,4,0,0,36,0.0,0.0,1.0,36,600,400,200,0.6666666666666666,8,4,4,375.5376943872229,0.34535383597883595,-0.0032523411794478374,0.2076335615062859,129083.74592764075,2495.162465706466,131578.9083933472,2312,129,1968.4166666666667,35,1,17,36.40850417615795,0.6130952380952381,45.94907407407408,1016.2037037037048,29.034391534391567,0
2314,4,0,0,36,0.0,0.0,1.0,36,1000,800,200,0.8,12,8,4,376.2429454447727,0.3451223544973545,-0.004781420765027411,0.20864381520119238,129201.38888888904,2522.275805898509,131723.66469478756,2313,130,1969.4166666666667,34,2,17,36.27049180327868,0.616421568627451,45.83333333333334,1016.6666666666679,29.90196078431376,0
2315,4,0,0,36,0.0,0.0,1.0,36,1200,900,300,0.75,15,9,6,375.0926432358531,0.34550264550264553,-0.004667020563960289,0.20909571507205996,129407.3930067945,2507.952219435887,131915.3452262304,2314,131,1970.4166666666667,35,1,17,36.08958499222692,0.6163690476190475,45.630787037037045,1017.4768518518526,29.070767195767218,0
2316,4,0,0,36,0.0,0.0,1.0,36,1000,700,300,0.7,13,7,6,375.2752002535215,0.3466765873015873,-0.012696465885345676,0.21150302760832143,129837.58680555574,2547.7817697616792,132385.3685753174,2315,132,1971.4166666666667,34,2,16,35.64663396020714,0.6228553921568627,45.20833333333334,1019.1666666666681,29.975490196078475,1
2317,4,0,0,36,0.0,0.0,1.0,36,1000,800,200,0.8,12,8,4,376.39778773562574,0.34618055555555555,-0.02232924693520122,0.21279518494756658,129958.94451530612,2583.251842403631,132542.19635770976,2316,133,1972.4166666666667,34,2,16,35.49450282156062,0.6240808823529411,45.089285714285715,1019.6428571428572,29.98949579831933,0
2318,4,0,0,36,0.0,0.0,1.0,36,1100,800,300,0.7272727272727273,14,8,6,376.39778773562574,0.34618055555555555,-0.02232924693520122,0.21279518494756658,129958.94451530612,2583.251842403631,132542.19635770976,2317,134,1973.4166666666667,34,2,16,35.49450282156062,0.6240808823529411,45.089285714285715,1019.6428571428572,29.98949579831933,0
2319,4,0,0,36,0.0,0.0,1.0,36,1150,600,550,0.5217391304347826,17,6,11,372.644025468021,0.34652777777777777,-0.022012462893451934,0.21122713283412625,130061.48674011865,2493.3271954386983,132554.81393555735,2318,135,1974.4166666666667,36,0,16,35.485896445131374,0.6209490740740741,44.988738738738746,1020.0450450450462,28.33458458458462,0
2320,4,0,0,36,0.0,0.0,1.0,36,900,600,300,0.6666666666666666,12,6,6,339.05094229736056,0.3477347883597883,0.0024145131819368615,0.17651580507839884,126666.55411746216,1389.2829062170395,128055.8370236792,2319,136,1975.4166666666667,36,0,18,39.806372823209166,0.5865162037037037,48.33896396396397,1006.644144144145,27.96233733733736,7
2321,4,0,0,36,0.0,0.0,1.0,36,1000,800,200,0.8,12,8,4,340.9078709372627,0.3481646825396825,-0.0017234954350662246,0.17822448308204675,126836.65242522952,1447.9226270189363,128284.57505224846,2320,137,1976.4166666666667,36,0,19,39.58496366685299,0.5882523148148149,48.17004504504506,1007.3198198198218,27.98110610610616,0
2322,4,0,0,36,0.0,0.0,1.0,36,800,500,300,0.625,11,5,6,338.79950896942125,0.34781746031746036,-0.008270004470272374,0.1774928575092731,126921.74437951483,1400.2049346644183,128321.94931417925,2321,138,1977.4166666666667,36,0,19,39.55073759499331,0.5891203703703703,48.0855855855856,1007.6576576576591,27.99049049049053,0
2323,4,0,0,36,0.0,0.0,1.0,36,550,400,150,0.7272727272727273,7,4,3,338.5931401792583,0.34735449735449736,-0.008036689504517414,0.1778806215307935,127035.24470416374,1402.652483564665,128437.8971877284,2322,139,1978.4166666666667,36,0,19,39.439510723860614,0.5902777777777778,47.97297297297298,1008.108108108109,28.00300300300303,0
2324,4,0,0,36,0.0,0.0,1.0,36,950,600,350,0.631578947368421,13,6,7,336.39988181283604,0.3468584656084656,-0.004430928518603494,0.17723026421505764,127150.37321030522,1354.6867856814545,128505.05999598667,2323,140,1979.4166666666667,35,1,19,39.37676918368908,0.593452380952381,47.8587962962963,1008.5648148148149,28.81613756613757,0
2325,4,0,0,36,0.0,0.0,1.0,36,1150,700,450,0.6086956521739131,16,7,9,335.63233199555333,0.34682539682539687,-0.00250439703295835,0.1773359194143777,127267.13204089495,1342.9928626543094,128610.12490354927,2324,141,1980.4166666666667,35,1,19,39.27649690295937,0.5946428571428571,47.74305555555555,1009.0277777777769,28.829365079365054,0
2326,4,0,0,36,0.0,0.0,1.0,36,800,600,200,0.75,10,6,4,336.6593500688525,0.3471064814814815,-0.004557963536291565,0.17826388536432694,127354.736328125,1375.0325520833335,128729.76888020833,2325,142,1981.4166666666667,35,1,17,39.16086171310629,0.5955357142857143,47.65625,1009.375,28.839285714285715,0
2327,4,0,0,36,0.0,0.0,1.0,36,900,400,500,0.4444444444444444,14,4,10,338.9596408144116,0.3468915343915344,-0.007527128228641322,0.17987128384823134,127442.37075617266,1439.5640432098585,128881.93479938252,2326,143,1982.4166666666667,35,1,17,39.01306740027512,0.5964285714285714,47.569444444444436,1009.7222222222208,28.84920634920631,0
2328,4,0,0,36,0.0,0.0,1.0,36,800,500,300,0.625,11,5,6,336.98232362624316,0.34657738095238094,-0.01111429481056958,0.17895135566883552,127471.58893014805,1391.1344468020975,128862.72337695015,2327,144,1983.4166666666667,35,1,17,39.03307067812799,0.5967261904761905,47.540509259259245,1009.8379629629608,28.852513227513164,0
2329,4,0,0,36,0.0,0.0,1.0,36,1250,900,350,0.72,16,9,7,335.4723932842992,0.3471891534391534,-0.005051661831322551,0.1790553140683676,127676.20991940987,1366.36874142658,129042.57866083644,2328,145,1984.4166666666667,35,1,18,38.861849137272884,0.5988095238095238,47.33796296296295,1010.6481481481458,28.87566137566131,0
2330,4,0,0,36,0.0,0.0,1.0,36,1100,900,200,0.8181818181818182,13,9,4,335.4091026599203,0.3476686507936508,-0.0018348915601344995,0.1794120337865524,127763.95486379012,1370.6386906292673,129134.59355441938,2329,146,1985.4166666666667,35,1,18,38.773731158175934,0.5997023809523809,47.2511574074074,1010.9953703703688,28.885582010581967,0
2331,4,0,0,36,0.0,0.0,1.0,36,750,600,150,0.8,9,6,3,335.02898200700383,0.34814814814814815,0.001907814407813957,0.1793390433096314,127793.2098765431,1362.8858024691185,129156.09567901221,2330,147,1986.4166666666667,35,1,18,38.75343406593404,0.6,47.222222222222214,1011.1111111111103,28.888888888888864,0
2332,4,0,0,36,0.0,0.0,1.0,36,550,400,150,0.7272727272727273,7,4,3,336.20727142752617,0.3488260582010582,0.0014589769996569135,0.18036312737907603,127880.99500868036,1398.9040798610904,129279.89908854145,2331,148,1987.4166666666667,35,1,19,38.63392550635084,0.6008928571428571,47.13541666666666,1011.4583333333318,28.89880952380948,0
2333,4,0,0,36,0.0,0.0,1.0,36,500,300,200,0.6,7,3,4,334.43124276715076,0.3486441798941799,-0.002123061276379179,0.17954109716123437,127910.26341735241,1355.437671467748,129265.70108882016,2332,149,1988.4166666666667,35,1,19,38.64893211289091,0.6011904761904762,47.106481481481474,1011.574074074073,28.90211640211637,0
2334,4,0,0,36,0.0,0.0,1.0,36,1250,900,350,0.72,16,9,7,334.90816119380173,0.34938822751322757,0.004221459881837308,0.1804542125471222,128056.65569540884,1377.4438175154216,129434.09951292427,2333,150,1989.4166666666667,35,1,19,38.48734991423671,0.6026785714285714,46.96180555555555,1012.1527777777769,28.91865079365077,0
2335,4,0,0,36,0.0,0.0,1.0,36,1000,700,300,0.7,13,7,6,338.0269078577711,0.35057870370370375,0.007508794655897155,0.18266815422159596,128173.8297994898,1465.240671081951,129639.07047057175,2334,151,1990.4166666666667,35,1,19,38.28878062254734,0.6038690476190476,46.84606481481481,1012.6157407407401,28.93187830687829,0
2336,4,0,0,36,0.0,0.0,1.0,36,1100,900,200,0.8181818181818182,13,9,4,338.4841365065892,0.35082671957671957,0.013000203128173737,0.18331764620703378,128261.74554183801,1482.9132373113716,129744.65877914938,2335,152,1991.4166666666667,35,1,21,38.187461913467395,0.6047619047619048,46.75925925925925,1012.9629629629619,28.94179894179891,0
2337,4,0,0,36,0.0,0.0,1.0,36,1100,800,300,0.7272727272727273,14,8,6,338.53496583247863,0.35110780423280424,0.005553018482576277,0.184290103525586,128466.99948827579,1498.1142564728923,129965.11374474868,2336,153,1992.4166666666667,35,1,18,37.976771511207495,0.606845238095238,46.556712962962955,1013.7731481481474,28.964947089947067,0
2338,4,0,0,36,0.0,0.0,1.0,36,1100,800,300,0.7272727272727273,14,8,6,338.82589303231777,0.3518022486772487,0.014549961132138689,0.17915239304722747,127296.33012099199,1426.2585465963723,128722.58866758837,2337,154,1993.4166666666667,35,1,20,39.16602152387506,0.5949404761904762,47.714120370370374,1009.1435185185189,28.83267195767197,8
2339,4,0,0,36,0.0,0.0,1.0,36,600,400,200,0.6666666666666666,8,4,4,338.25856409393106,0.3516865079365079,0.011646279306829488,0.1789814732341675,127325.53155006863,1413.790294924551,128739.32184499317,2338,155,1994.4166666666667,35,1,16,39.15042048929663,0.5952380952380952,47.68518518518518,1009.2592592592596,28.835978835978846,0
2340,4,0,0,36,0.0,0.0,1.0,36,700,500,200,0.7142857142857143,9,5,4,337.77692573387554,0.35201719576719576,0.019140615047517517,0.17898483270053836,127383.94445516117,1405.471429183818,128789.41588434498,2339,156,1995.4166666666667,35,1,17,39.10274784070933,0.5958333333333333,47.62731481481482,1009.4907407407406,28.84259259259259,0
2341,4,0,0,36,0.0,0.0,1.0,36,800,600,200,0.75,10,6,4,334.0597724402893,0.35241402116402115,0.020521438028312522,0.17778498133285636,127559.26354595335,1322.4837105624115,128881.74725651577,2340,157,1996.4166666666667,35,1,17,39.01714787656583,0.5976190476190476,47.4537037037037,1010.1851851851851,28.86243386243386,0
2342,4,0,0,36,0.0,0.0,1.0,36,1000,600,400,0.6,14,6,8,336.4805973527484,0.3524636243386243,0.02228138478567865,0.1797238566777708,127705.45488522381,1394.0815489969152,129099.53643422072,2341,158,1997.4166666666667,35,1,17,38.806466849879754,0.5991071428571428,47.30902777777778,1010.7638888888891,28.87896825396826,0
2343,4,0,0,36,0.0,0.0,1.0,36,700,600,100,0.8571428571428571,8,6,2,343.65903430296123,0.35256283068783073,0.025078922934075765,0.18348244097971925,127688.85598013566,1576.285787476673,129265.14176761234,2342,159,1998.4166666666667,36,0,16,38.642061281337035,0.5969328703703703,47.325450450450454,1010.6981981981992,28.07494994994998,3
2344,4,0,0,36,0.0,0.0,1.0,36,1350,1200,150,0.8888888888888888,15,12,3,347.8396098142705,0.35176917989417994,0.027344861281185517,0.18676887118718447,127916.59216226386,1698.8915012986215,129615.48366356248,2343,160,1999.4166666666667,36,0,17,38.30336932724776,0.5992476851851851,47.10022522522524,1011.5990990991011,28.09997497497503,0
2345,4,0,0,36,0.0,0.0,1.0,36,950,700,250,0.7368421052631579,12,7,5,348.5367667514569,0.3525297619047619,0.027783958171098577,0.18794223133346424,128087.52745566519,1728.6425361172082,129816.1699917824,2344,161,2000.4166666666667,36,0,18,38.110931879704836,0.6009837962962963,46.93130630630631,1012.2747747747753,28.11874374374376,0
2346,4,0,0,36,0.0,0.0,1.0,36,1100,700,400,0.6363636363636364,15,7,8,350.24102638131933,0.35229828042328043,0.03289774434126169,0.18941515647971305,128204.80619331075,1780.5419448337057,129985.34813814446,2345,162,2001.4166666666667,34,2,18,37.947915442184865,0.6063112745098039,46.8154761904762,1012.7380952380961,29.786414565826355,0
2347,4,0,0,36,0.0,0.0,1.0,36,800,500,300,0.625,11,5,6,350.73217395265243,0.3523974867724868,0.038472336480327884,0.18996690440249034,128265.09530895714,1797.3391439909562,130062.4344529481,2346,163,2002.4166666666667,34,2,18,37.87386884475261,0.6069240196078431,46.755952380952394,1012.9761904761924,29.793417366946837,0
2348,4,0,0,36,0.0,0.0,1.0,36,950,700,250,0.7368421052631579,12,7,5,350.88621018005523,0.35254629629629625,0.045001827485380064,0.1904810855263159,128355.55555555577,1807.638888888913,130163.19444444469,2347,164,2003.4166666666667,34,2,18,37.77754934210527,0.607843137254902,46.66666666666668,1013.3333333333351,29.8039215686275,0
2349,4,0,0,36,0.0,0.0,1.0,36,1000,800,200,0.8,12,8,4,351.2814965693966,0.35272817460317457,0.049786048817397566,0.1914180746181417,128506.39349489816,1828.3836451247366,130334.7771400229,2348,165,2004.4166666666667,34,2,14,37.613498493209654,0.609375,46.51785714285715,1013.9285714285732,29.821428571428623,0
2350,4,0,0,36,0.0,0.0,1.0,36,950,800,150,0.8421052631578947,11,8,3,349.4612900625431,0.3536871693121693,0.050414661815905815,0.19100446777568533,128627.12762188223,1790.0403911564795,130417.16801303871,2349,166,2005.4166666666667,34,2,14,37.5364296052889,0.6106004901960784,46.39880952380953,1014.4047619047631,29.8354341736695,0
2351,4,0,0,36,0.0,0.0,1.0,36,1150,800,350,0.6956521739130435,15,8,7,349.5958962917188,0.3531746031746032,0.05533395901767535,0.1915138444724045,128717.7154195013,1799.8370181406056,130517.5524376419,2350,167,2006.4166666666667,34,2,15,37.440608869075525,0.6115196078431373,46.30952380952382,1014.7619047619062,29.845938375350183,0
2352,4,0,0,36,0.0,0.0,1.0,36,1050,800,250,0.7619047619047619,13,8,5,349.74830201601054,0.35314153439153434,0.06066411238825076,0.19188893326824386,128778.1250000002,1807.986111111139,130586.11111111134,2351,168,2007.4166666666667,34,2,15,37.37513683634374,0.6121323529411764,46.250000000000014,1015.0000000000016,29.852941176470637,0
2353,4,0,0,36,0.0,0.0,1.0,36,950,700,250,0.7368421052631579,12,7,5,349.0085801917893,0.35363756613756614,0.06289182719708175,0.19196565981332725,128877.99968117719,1795.9055373371111,130673.9052185143,2352,169,2008.4166666666667,35,1,15,37.292094114518015,0.6110119047619047,46.151620370370374,1015.393518518519,29.0112433862434,0
2354,4,0,0,36,0.0,0.0,1.0,36,1050,800,250,0.7619047619047619,13,8,5,353.70951055710793,0.3541997354497355,0.06206562606813271,0.1951293761256905,128995.54887099199,1925.390491040816,130920.9393620328,2353,170,2009.4166666666667,35,1,15,37.05292715810263,0.6122023809523809,46.03587962962963,1015.8564814814819,29.02447089947091,0
2355,4,0,0,36,0.0,0.0,1.0,36,650,400,250,0.6153846153846154,9,4,5,352.8696049842373,0.3544973544973545,0.0587347682496302,0.19524562075403834,129113.15164448306,1912.0213638117357,131025.1730082948,2354,171,2010.4166666666667,35,1,15,36.95443286641613,0.6133928571428571,45.92013888888889,1016.3194444444447,29.03769841269842,0
2356,4,0,0,36,0.0,0.0,1.0,36,850,500,350,0.5882352941176471,12,5,7,354.74334856221446,0.3547453703703704,0.058743169398907114,0.19672131147540983,129201.38888888892,1966.6968074845715,131168.08569637348,2355,172,2011.4166666666667,34,2,16,36.81693989071039,0.616421568627451,45.833333333333336,1016.666666666667,29.901960784313733,0
2357,4,0,0,36,0.0,0.0,1.0,36,650,400,250,0.6153846153846154,9,4,5,355.31786379016245,0.3559193121693122,0.053861511048681976,0.19749385233307487,129292.1786422904,1987.9641439909472,131280.14278628136,2356,173,2012.4166666666667,34,2,17,36.70987943345429,0.6173406862745099,45.74404761904763,1017.0238095238107,29.912464985994433,0
2358,4,0,0,36,0.0,0.0,1.0,36,1050,900,150,0.8571428571428571,12,9,3,351.8291597407269,0.356630291005291,0.04565720376436344,0.19630781053940827,129443.56575963719,1908.4041950113376,131351.96995464852,2357,174,2013.4166666666667,34,2,14,36.64453673373888,0.6188725490196079,45.595238095238095,1017.6190476190477,29.929971988795522,0
2359,4,0,0,36,0.0,0.0,1.0,36,600,400,200,0.6666666666666666,8,4,4,352.16808691283745,0.35595238095238096,0.05260918151223404,0.1969515573048838,129534.44054705215,1923.5792233560069,131458.01977040817,2358,175,2014.4166666666667,34,2,15,36.54348419288192,0.6197916666666667,45.50595238095238,1017.9761904761904,29.940476190476186,0
2360,4,0,0,36,0.0,0.0,1.0,36,1050,600,450,0.5714285714285714,15,6,9,349.2998086910185,0.35629960317460313,0.04759493013349925,0.19610296346196546,129685.96938775509,1859.856859410425,131545.8262471655,2359,176,2015.4166666666667,34,2,16,36.462472728689406,0.6213235294117647,45.357142857142854,1018.5714285714284,29.957983193277308,0
2361,4,0,0,36,0.0,0.0,1.0,36,900,600,300,0.6666666666666666,12,6,6,351.1630712686146,0.35629960317460313,0.04222819454181925,0.19745424204446815,129746.60572562364,1912.4433106576037,131659.04903628124,2360,177,2016.4166666666667,34,2,16,36.35341201215238,0.6219362745098039,45.29761904761905,1018.8095238095242,29.96498599439777,0
2362,4,0,0,36,0.0,0.0,1.0,36,850,600,250,0.7058823529411765,11,6,5,350.8723839679511,0.3560515873015873,0.03872535659125975,0.19774973529622328,129837.58680555565,1911.2847222222279,131748.87152777787,2361,178,2017.4166666666667,34,2,16,36.268397383483226,0.6228553921568627,45.208333333333336,1019.1666666666674,29.975490196078454,0
2363,4,0,0,36,0.0,0.0,1.0,36,500,300,200,0.6,7,3,4,351.2979323591669,0.3561177248677249,0.0392677799836505,0.198296914620405,129898.25857426296,1926.597930838992,131824.85650510195,2362,179,2018.4166666666667,34,2,17,36.19593989645373,0.623468137254902,45.14880952380952,1019.4047619047612,29.98249299719886,0
2364,4,0,0,36,0.0,0.0,1.0,36,700,500,200,0.7142857142857143,9,5,4,352.0177591843428,0.3564484126984127,0.04026399429201599,0.19901202029134615,129958.9445153061,1949.571286848076,131908.51580215417,2363,180,2019.4166666666667,34,2,17,36.115975870792,0.6240808823529411,45.089285714285715,1019.642857142857,29.989495798319325,0
2365,4,0,0,36,0.0,0.0,1.0,36,1200,1200,0,1.0,12,12,0,350.6947326076841,0.3562169312169312,0.04579912584464929,0.19857249003635366,130019.64462868481,1919.440901360546,131939.08553004535,2364,181,2020.4166666666667,34,2,17,36.088089957589204,0.6246936274509804,45.029761904761905,1019.8809523809524,29.996498599439775,0
2366,4,0,0,36,0.0,0.0,1.0,36,1050,800,250,0.7619047619047619,13,8,5,352.05562435206133,0.35674603174603176,0.040798206045522756,0.20012074349773676,130171.45691609976,1965.5187074829917,132136.97562358275,2365,182,2021.4166666666667,34,2,18,35.899342821589684,0.6262254901960784,44.88095238095238,1020.4761904761904,30.014005602240893,0
2367,4,0,0,36,0.0,0.0,1.0,36,550,400,150,0.7272727272727273,7,4,3,352.49801388039435,0.3564649470899471,0.04469782391746757,0.2005285648969221,130201.83000283428,1979.1772959183509,132181.00729875264,2366,183,2022.4166666666667,34,2,18,35.857245616081514,0.626531862745098,44.85119047619047,1020.5952380952366,30.017507002801075,0
2368,4,0,0,36,0.0,0.0,1.0,36,550,500,50,0.9090909090909091,6,5,1,352.49801388039435,0.3564649470899471,0.04469782391746757,0.2005285648969221,130201.83000283428,1979.1772959183509,132181.00729875264,2367,184,2023.4166666666667,34,2,18,35.857245616081514,0.626531862745098,44.85119047619047,1020.5952380952366,30.017507002801075,0
2369,4,0,0,36,0.0,0.0,1.0,36,700,500,200,0.7142857142857143,9,5,4,355.09761709177997,0.35687830687830685,0.046415060116086204,0.20248119442680207,130292.97052154191,2053.3446712018094,132346.31519274373,2368,185,2024.4166666666667,34,2,18,35.69846082089553,0.6274509803921569,44.76190476190476,1020.9523809523806,30.028011204481782,0
2370,4,0,0,36,0.0,0.0,1.0,36,1000,600,400,0.6,14,6,8,355.275267037061,0.3575066137566138,0.049717656810558175,0.20305839546375384,130384.14292800447,2064.4522392290187,132448.5951672335,2369,186,2025.4166666666667,34,2,18,35.601468702645995,0.6283700980392157,44.672619047619044,1021.3095238095233,30.03851540616245,0
2371,4,0,0,36,0.0,0.0,1.0,36,950,600,350,0.631578947368421,13,6,7,358.02514781609364,0.3573082010582011,0.05155956772147796,0.205595043077001,130566.58340419506,2149.2240646258538,132715.80746882092,2370,187,2026.4166666666667,34,2,17,35.34629198213938,0.6302083333333333,44.49404761904762,1022.0238095238099,30.05952380952382,0
2372,4,0,0,36,0.0,0.0,1.0,36,700,400,300,0.5714285714285714,10,4,6,355.89483829271956,0.3576388888888889,0.048107398351897146,0.20501547727003142,130688.28125000003,2102.2569444444457,132790.53819444447,2371,188,2027.4166666666667,34,2,17,35.27743819614235,0.6314338235294117,44.375,1022.5000000000002,30.073529411764714,0
2373,4,0,0,36,0.0,0.0,1.0,36,900,600,300,0.6666666666666666,12,6,6,352.47845048217675,0.3576058201058201,0.051231774761186344,0.20392077894387714,130854.01663237312,2024.6442043895736,132878.6608367627,2372,189,2028.4166666666667,35,1,17,35.19702111613876,0.6309523809523809,44.21296296296296,1023.1481481481483,29.232804232804238,0
2374,4,0,0,36,0.0,0.0,1.0,36,1150,700,450,0.6086956521739131,16,7,9,352.6377719295162,0.3577876984126984,0.05626200972080975,0.2051141596489433,131061.33355034716,2043.4353298611065,133104.76888020826,2373,190,2029.4166666666667,35,1,17,34.98325703628348,0.6330357142857144,44.010416666666664,1023.9583333333328,29.255952380952365,0
2375,4,0,0,36,0.0,0.0,1.0,36,1250,1000,250,0.8,15,10,5,349.49552912175955,0.35869708994709,0.05948794235428534,0.20391462941705304,131179.8740381731,1969.3558974194214,133149.2299355925,2374,191,2030.4166666666667,35,1,18,34.943909351109106,0.6342261904761906,43.89467592592593,1024.421296296297,29.269179894179914,0
2376,4,0,0,36,0.0,0.0,1.0,36,750,600,150,0.8,9,6,3,349.1926933543829,0.35892857142857143,0.06505327760834412,0.2040529976413433,131239.16437596452,1965.5514564043253,133204.71583236885,2375,192,2031.4166666666667,35,1,18,34.89177397492375,0.6348214285714286,43.83680555555556,1024.6527777777778,29.275793650793652,0
2377,4,0,0,36,0.0,0.0,1.0,36,1150,900,250,0.782608695652174,14,9,5,348.33762971776036,0.3593419312169312,0.07046070460704601,0.20402632597754553,131328.12500000015,1949.305555555571,133277.4305555557,2376,193,2032.4166666666667,35,1,18,34.82384823848238,0.6357142857142857,43.75000000000001,1025.0000000000011,29.285714285714317,0
2378,4,0,0,36,0.0,0.0,1.0,36,1100,900,200,0.8181818181818182,13,9,4,349.7962030123248,0.3592923280423281,0.07436992711351964,0.20503937591529875,131357.78523930488,1989.6909025634627,133347.47614186833,2377,194,2033.4166666666667,35,1,18,34.75652497083286,0.6360119047619048,43.721064814814824,1025.1157407407422,29.289021164021207,0
2379,4,0,0,36,0.0,0.0,1.0,36,850,600,250,0.7058823529411765,11,6,5,351.8982773240568,0.3592923280423281,0.07306988175400297,0.2069124509202701,131476.45968632132,2053.267934456466,133529.7276207778,2378,195,2034.4166666666667,35,1,18,34.58283959673476,0.637202380952381,43.60532407407408,1025.578703703705,29.302248677248716,0
2380,4,0,0,36,0.0,0.0,1.0,36,600,400,200,0.6666666666666666,8,4,4,354.77541086160346,0.3585482804232804,0.06809065383072577,0.20909104001843468,131565.50068587123,2135.2409122085205,133700.74159807974,2379,196,2035.4166666666667,35,1,15,34.41918622141997,0.638095238095238,43.518518518518526,1025.9259259259272,29.31216931216935,0
2381,4,0,0,36,0.0,0.0,1.0,36,600,300,300,0.5,9,3,6,354.1755778298847,0.3588955026455027,0.07086858432036092,0.2088999665643334,131595.18771701402,2121.5603298611304,133716.74804687515,2380,197,2036.4166666666667,35,1,15,34.40461082910323,0.6383928571428572,43.48958333333334,1026.0416666666679,29.315476190476225,0
2382,4,0,0,36,0.0,0.0,1.0,36,1000,900,100,0.9,11,9,2,338.6775618079841,0.35866402116402113,0.1098325567299323,0.1899314127691808,129643.02722318647,1581.4368730709602,131224.46409625743,2381,198,2037.4166666666667,35,1,19,36.776551312649175,0.61875,45.39930555555554,1018.4027777777757,29.09722222222216,8
2383,4,1,0,37,0.02702702702702703,0.0,1.0,37,1150,800,350,0.6956521739130435,15,8,7,336.882324494022,0.3652715215215215,0.12716038701246757,0.1910968677264461,130090.2058096948,1365.0181854151397,131455.22399510993,2382,0,1983.3243243243244,36,1,20,36.36875850903337,0.6212384259259259,44.960585585585584,1020.1576576576574,28.337712712712705,0
2384,4,0,0,37,0.0,0.0,1.0,37,800,500,300,0.625,11,5,6,337.4854416716618,0.3653966466466467,0.12622755205536684,0.19158008155045447,130118.92804967117,1382.648780537284,131501.57683020845,2383,1,1984.3243243243244,36,1,20,36.324273362766746,0.6215277777777778,44.93243243243243,1020.2702702702693,28.340840840840812,0
2385,4,0,0,37,0.0,0.0,1.0,37,700,500,200,0.7142857142857143,9,5,4,335.90421501656584,0.36533408408408413,0.12298892735834177,0.19110482741337936,130205.11379200134,1347.2893078889597,131552.4030998903,2384,2,1985.3243243243244,36,1,20,36.277308838133074,0.6223958333333333,44.84797297297297,1020.6081081081072,28.350225225225202,0
2386,4,0,0,37,0.0,0.0,1.0,37,750,600,150,0.8,9,6,3,332.36151603498575,0.36498998998999,0.12134583563155044,0.18936877076411968,130262.58680555546,1258.854166666661,131521.44097222213,2385,3,1986.3243243243244,36,1,20,36.30952380952382,0.622974537037037,44.791666666666664,1020.8333333333326,28.35648148148146,0
2387,4,0,0,37,0.0,0.0,1.0,37,750,500,250,0.6666666666666666,10,5,5,331.31260958471137,0.36520895895895894,0.1154639421070831,0.18919034910038784,130348.82010388758,1237.2415489814075,131586.061652869,2386,4,1987.3243243243244,36,1,20,36.24903506837232,0.6238425925925926,44.707207207207205,1021.1711711711705,28.365865865865846,0
2388,4,0,0,37,0.0,0.0,1.0,37,650,500,150,0.7692307692307693,8,5,3,329.34751029904635,0.36570945945945943,0.10809022914866362,0.18834690532234225,130406.3248214429,1189.7996814381784,131596.12450288108,2387,5,1988.3243243243244,36,1,20,36.24104189636162,0.6244212962962963,44.65090090090089,1021.3963963963951,28.372122122122086,0
2389,4,0,0,37,0.0,0.0,1.0,37,550,500,50,0.9090909090909091,6,5,1,348.5989037458291,0.36567817817817816,0.08870224008603511,0.18905029156125513,128315.6187226077,1546.1368040337638,129861.75552664147,2388,6,1989.3243243243244,36,1,18,37.87628283501909,0.6032986111111112,46.70608108108108,1013.1756756756754,28.143768768768762,8
2390,4,0,0,37,0.0,0.0,1.0,37,700,400,300,0.5714285714285714,10,4,6,349.77703703703713,0.3653653653653654,0.08834234234234262,0.19009621578099842,128401.20525931336,1582.3586255174098,129983.56388483077,2389,7,1990.3243243243244,36,1,16,37.759027777777774,0.6041666666666667,46.62162162162162,1013.5135135135134,28.153153153153152,0
2391,4,0,0,37,0.0,0.0,1.0,37,900,800,100,0.8888888888888888,10,8,2,349.77703703703713,0.3653653653653654,0.08834234234234262,0.19009621578099842,128401.20525931336,1582.3586255174098,129983.56388483077,2390,8,1991.3243243243244,36,1,16,37.759027777777774,0.6041666666666667,46.62162162162162,1013.5135135135134,28.153153153153152,0
2392,4,0,0,37,0.0,0.0,1.0,37,700,500,200,0.7142857142857143,9,5,4,348.9114721554288,0.3658033033033033,0.08962968078621891,0.18976145987136034,128429.74044568212,1562.1219614885117,129991.86240717063,2391,9,1992.3243243243244,36,1,16,37.7518238714217,0.6044560185185186,46.593468468468465,1013.6261261261258,28.15628128128127,0
2393,4,0,0,37,0.0,0.0,1.0,37,350,100,250,0.2857142857142857,6,1,5,350.40202624008947,0.3656468968968969,0.08869500471366698,0.19070852721966663,128458.27880245114,1602.4082359386462,130060.68703838979,2392,10,1993.3243243243244,36,1,16,37.68491261201215,0.6047453703703703,46.56531531531532,1013.7387387387391,28.15940940940942,0
2394,4,0,0,37,0.0,0.0,1.0,37,1100,1000,100,0.9090909090909091,12,10,2,352.30422721560143,0.36517767767767767,0.09446106481745442,0.1924320299897465,128601.01814229765,1661.336463152336,130262.35460544997,2393,11,1994.3243243243244,36,1,17,37.49097923837017,0.6061921296296297,46.424549549549546,1014.3018018018013,28.175050050050036,0
2395,4,0,0,37,0.0,0.0,1.0,37,850,700,150,0.8235294117647058,10,7,3,353.5334398454795,0.3656468968968969,0.08988211296757376,0.19351982339050838,128686.69979100717,1699.0103278954566,130385.71011890263,2394,12,1995.3243243243244,36,1,17,37.372364039955585,0.6070601851851851,46.34009009009009,1014.6396396396392,28.184434434434422,0
2396,4,0,0,37,0.0,0.0,1.0,37,600,300,300,0.5,9,3,6,352.6799447980459,0.36595970970970976,0.0834857488951124,0.1936088320590491,128800.98637488841,1685.1049529259017,130486.09132781431,2395,13,1996.3243243243244,36,1,17,37.277429554027066,0.6082175925925926,46.22747747747748,1015.0900900900901,28.196946946946948,0
2397,4,0,0,37,0.0,0.0,1.0,37,850,600,250,0.7058823529411765,11,6,5,354.3840255702731,0.3658033033033033,0.07824859349756785,0.1949652689790819,128886.73460200062,1735.0799701728777,130621.8145721735,2396,14,1997.3243243243244,36,1,17,37.14673209862852,0.6090856481481481,46.14301801801802,1015.4279279279277,28.206331331331327,0
2398,4,0,0,37,0.0,0.0,1.0,37,700,600,100,0.8571428571428571,8,6,2,350.5154639175258,0.3660222722722723,0.06664809139035954,0.18681318681318684,127617.73003472226,1546.397569444449,129164.12760416672,2397,15,1998.3243243243244,37,0,17,38.541666666666664,0.5943130630630631,47.395833333333336,1010.416666666667,27.308558558558566,2
2399,4,0,0,37,0.0,0.0,1.0,37,950,600,350,0.631578947368421,13,6,7,348.69307033187283,0.36605355355355357,0.06572081843231525,0.18648202485266072,127756.25673284102,1509.5442828562777,129265.8010156973,2398,16,1999.3243243243244,37,0,18,38.44586044830079,0.5957207207207207,47.25877192982457,1010.964912280703,27.323376007586567,0
2400,4,0,0,37,0.0,0.0,1.0,37,600,500,100,0.8333333333333334,7,5,2,348.69307033187283,0.36605355355355357,0.06572081843231525,0.18648202485266072,127756.25673284102,1509.5442828562777,129265.8010156973,2399,17,2000.3243243243244,37,0,18,38.44586044830079,0.5957207207207207,47.25877192982457,1010.964912280703,27.323376007586567,0
2401,4,0,0,37,0.0,0.0,1.0,37,1250,900,350,0.72,16,9,7,352.0286082010878,0.366554054054054,0.06079323035090578,0.18878557453760658,127867.13219452134,1602.5777162203692,129469.70991074172,2400,18,2001.3243243243244,37,0,18,38.24804856895057,0.5968468468468469,47.14912280701754,1011.4035087719294,27.335229966808903,0
2402,4,0,0,37,0.0,0.0,1.0,37,500,200,300,0.4,8,2,6,355.12935422037145,0.366554054054054,0.061454625357064696,0.19057988904496373,127894.85857427283,1683.8437067174473,129578.70228099028,2401,19,2002.3243243243244,37,0,18,38.14126016260162,0.5971283783783784,47.12171052631579,1011.5131578947367,27.338193456614505,0
2403,4,0,0,37,0.0,0.0,1.0,37,800,600,200,0.75,10,6,4,366.02271908713476,0.36686686686686687,0.04538964090282116,0.18742633777494574,125987.30223043989,1823.0864509028283,127810.38868134272,2402,20,2003.3243243243244,36,1,16,39.828005234623284,0.5795717592592593,49.01463963963964,1003.9414414414414,27.88726226226226,8
2404,4,0,0,37,0.0,0.0,1.0,37,650,500,150,0.7692307692307693,8,5,3,366.12114835016445,0.36689814814814814,0.04728365952855773,0.1878635443605736,126072.1088487137,1831.5330533236083,127903.64190203731,2403,21,2004.3243243243244,36,1,16,39.737983105330045,0.5804398148148149,48.93018018018019,1004.2792792792802,27.896646646646673,0
2405,4,0,0,37,0.0,0.0,1.0,37,700,500,200,0.7142857142857143,9,5,4,371.8136530848579,0.36727352352352355,0.015547625650229824,0.18453359200949115,124690.50712452327,1889.2216540865293,126579.7287786098,2404,22,2005.3243243243244,36,1,18,41.02585785695492,0.5662615740740741,50.30968468468469,998.7612612612621,27.743368368368394,6
2406,4,0,0,37,0.0,0.0,1.0,37,850,600,250,0.7058823529411765,11,6,5,372.8881226652124,0.36742992992992995,0.01234842415953663,0.18556569334876227,124803.00560273115,1907.5116924356844,126710.51729516684,2405,23,2006.3243243243244,36,1,18,40.882217588940236,0.5674189814814814,50.197072072072075,999.211711711712,27.75588088088089,0
2407,4,0,0,37,0.0,0.0,1.0,37,1100,700,400,0.6363636363636364,15,7,8,372.9335363245299,0.367992992992993,0.017796695576911103,0.18622168588209537,124945.1814500615,1919.2496729762959,126864.4311230378,2406,24,2007.3243243243244,37,0,18,40.73353074504642,0.5670045045045045,50.05482456140351,999.7807017543855,27.021100047415825,0
2408,4,0,0,37,0.0,0.0,1.0,37,1050,700,350,0.6666666666666666,14,7,7,376.3386555536659,0.36742992992992995,0.025852732516397747,0.1886790415315331,125112.63797581359,2016.9564166481691,127129.59439246176,2407,25,2008.3243243243244,36,1,19,40.474682950622835,0.5706018518518519,49.887387387387385,1000.4504504504499,27.790290290290276,0
2409,4,0,0,37,0.0,0.0,1.0,37,800,400,400,0.5,12,4,8,372.72374047952144,0.36821196196196193,0.02475035008718862,0.18747080037672442,125246.8322584833,1936.4935605186104,127183.3258190019,2408,26,2009.3243243243244,37,0,12,40.42600047467776,0.5701013513513513,49.753289473684205,1000.9868421052626,27.053698435277365,0
2410,4,0,0,37,0.0,0.0,1.0,37,800,600,200,0.75,10,6,4,370.99040327208525,0.3688063063063063,0.01731955345621561,0.18696933568877938,125329.16378116341,1899.1834025854064,127228.34718374882,2409,27,2010.3243243243244,37,0,13,40.38408891809023,0.5709459459459459,49.671052631578945,1001.315789473684,27.062588904694163,0
2411,4,1,0,38,0.02631578947368421,0.0,1.0,38,600,500,100,0.8333333333333334,7,5,2,362.10904710207376,0.37234767662399243,0.029423313158736475,0.18375712217191753,125615.07100819987,1497.2707328877075,127112.34174108757,2410,0,1958.3947368421052,38,0,14,40.31071263632811,0.5720942982456141,49.385683760683754,1002.4572649572638,26.380454340980624,0
2412,4,0,0,38,0.0,0.0,1.0,38,900,500,400,0.5555555555555556,13,5,8,357.07982596818647,0.37271811284969175,0.031710161831171035,0.18155748897819046,125695.40895061717,1376.6589506172725,127072.06790123445,2411,1,1959.3947368421052,38,0,14,40.35376269621423,0.5729166666666667,49.30555555555555,1002.7777777777768,26.388888888888864,0
2413,4,0,0,38,0.0,0.0,1.0,38,1150,600,550,0.5217391304347826,17,6,11,360.5899689176912,0.372006875296349,0.03780933381153062,0.18405766239537816,125856.16188180298,1476.4939002118545,127332.65578201483,2412,2,1960.3947368421052,38,0,16,40.099730266893815,0.5745614035087719,49.14529914529915,1003.4188034188039,26.405757984705367,0
2414,4,0,0,38,0.0,0.0,1.0,38,800,600,200,0.75,10,6,4,363.3737099012567,0.37234767662399243,0.04270399847655737,0.18608298375706317,125990.20113092629,1556.3053592300375,127546.50649015633,2413,3,1961.3947368421052,38,0,18,39.89149905998367,0.5759320175438596,49.011752136752136,1003.9529914529915,26.419815564552408,0
2415,4,0,0,38,0.0,0.0,1.0,38,850,800,50,0.9411764705882353,9,8,1,366.2594381654942,0.37258475580844,0.039410700989256586,0.18805051765121827,126097.4838944589,1636.8787210533817,127734.36261551228,2414,4,1962.3947368421052,38,0,18,39.7083200368755,0.5770285087719298,48.90491452991452,1004.3803418803406,26.431061628430015,0
2416,4,0,0,38,0.0,0.0,1.0,38,650,400,250,0.6153846153846154,9,4,5,366.6055386804282,0.37334044570886676,0.031431193892856646,0.18859729134303838,126177.97592957833,1651.5089670538212,127829.48489663214,2415,5,1963.3947368421052,38,0,18,39.616563873529,0.5778508771929824,48.82478632478632,1004.7008547008534,26.439496176338245,0
2417,4,1,0,39,0.02564102564102564,0.0,1.0,39,1000,800,200,0.8,12,8,4,361.55507805764387,0.38011695906432746,0.03759338611274843,0.1875348519807045,126514.97938368034,1348.4266493055316,127863.40603298588,2416,0,1914.025641025641,39,0,14,39.396096500310605,0.579594017094017,48.48958333333332,1006.0416666666649,25.795940170940128,0
2418,4,0,0,39,0.0,0.0,1.0,39,650,400,250,0.6153846153846154,9,4,5,360.7113923073957,0.38039811066126855,0.035462122418644215,0.18733720697255052,126567.38281249987,1330.8593749999854,127898.24218749985,2417,1,1915.025641025641,39,0,14,39.363354037267065,0.5801282051282051,48.43749999999999,1006.249999999999,25.801282051282026,0
2419,4,0,0,39,0.0,0.0,1.0,39,1350,1100,250,0.8148148148148148,16,11,5,363.99343402715056,0.3799763832658569,0.03437547246381456,0.18989339054184864,126750.88026258642,1427.297634548572,128178.17789713498,2418,2,1916.025641025641,39,0,15,39.09186321161339,0.5819978632478633,48.255208333333314,1006.9791666666636,25.819978632478552,0
2420,4,0,0,39,0.0,0.0,1.0,39,1200,1100,100,0.9166666666666666,13,11,2,358.493223604678,0.38039811066126855,0.036474776472708914,0.18774796707785837,126908.26958550325,1299.1509331596972,128207.42051866296,2419,3,1917.025641025641,39,0,15,39.06847668768736,0.5836004273504274,48.09895833333332,1007.6041666666648,25.836004273504226,0
2421,4,0,0,39,0.0,0.0,1.0,39,1000,600,400,0.6,14,6,8,364.45463771757096,0.3796671165092218,0.02967649965686525,0.1913634036458454,127013.25005425328,1458.1136067708135,128471.3636610241,2420,4,1918.025641025641,39,0,16,38.81034497606007,0.5846688034188035,47.99479166666666,1008.0208333333318,25.846688034187995,0
2422,4,0,0,39,0.0,0.0,1.0,39,1050,800,250,0.7619047619047619,13,8,5,332.75972919446747,0.3802294197031039,0.02949332392966464,0.16617210618150366,124947.92209201399,515.5273437500055,125463.44943576399,2421,5,1919.025641025641,39,0,15,41.73482322706117,0.5635683760683761,50.052083333333336,999.7916666666675,25.635683760683783,7
2423,4,0,0,39,0.0,0.0,1.0,39,650,300,350,0.46153846153846156,10,3,7,339.2922034089375,0.3805668016194332,0.031180341435417258,0.17017762996046185,125130.24224175341,691.1431206597184,125821.38536241313,2422,6,1920.025641025641,39,0,15,41.38306871421135,0.5654380341880342,49.869791666666664,1000.5208333333328,25.65438034188033,0
2424,4,0,0,39,0.0,0.0,1.0,39,600,400,200,0.6666666666666666,8,4,4,338.30571834029223,0.38051057130004495,0.03139063726196745,0.16978917086608397,125156.29882812501,668.218315972223,125824.51714409723,2423,7,1921.025641025641,39,0,15,41.38082101464362,0.5657051282051282,49.84375,1000.6250000000001,25.657051282051285,0
2425,4,0,0,39,0.0,0.0,1.0,39,1250,1000,250,0.8,15,10,5,337.4033159058103,0.38036999550157446,0.042045839569510246,0.169868164964418,125286.62245008664,654.424370659704,125941.04682074634,2424,8,1922.025641025641,39,0,13,41.26879356986785,0.5670405982905983,49.71354166666666,1001.145833333332,25.670405982905947,0
2426,4,0,0,39,0.0,0.0,1.0,39,900,700,200,0.7777777777777778,11,7,4,341.77360435035905,0.38076360773729195,0.06577085902507518,0.17152963654072878,125156.298828125,755.023871527778,125911.32269965278,2425,9,1923.025641025641,39,0,18,41.294069678673075,0.5657051282051282,49.84375,1000.625,25.65705128205128,3
2427,4,0,0,39,0.0,0.0,1.0,39,600,500,100,0.8333333333333334,7,5,2,340.0844833040824,0.3810166441745389,0.06234770052819383,0.17078889864622693,125182.3581271702,714.5155164930604,125896.87364366326,2426,10,1924.025641025641,39,0,18,41.309396794004364,0.5659722222222222,49.817708333333336,1000.7291666666672,25.659722222222236,0
2428,4,0,0,39,0.0,0.0,1.0,39,950,800,150,0.8421052631578947,11,8,3,342.2442274474247,0.3805386864597391,0.05846783335600558,0.1725219590168903,125338.770887587,779.2941623264084,126118.0650499134,2427,11,1925.025641025641,39,0,14,41.093766254030996,0.5675747863247863,49.66145833333334,1001.3541666666682,25.675747863247903,0
2429,4,0,0,39,0.0,0.0,1.0,39,350,200,150,0.5714285714285714,5,2,3,331.35295617750364,0.3804262258209627,0.06424200666043256,0.16760668948396057,125481.23150887572,527.892592892212,126009.12410176793,2428,12,1926.025641025641,38,1,16,41.219476434207714,0.5707236842105263,49.51923076923077,1001.9230769230768,26.3663967611336,4
2430,4,0,0,39,0.0,0.0,1.0,39,650,400,250,0.6153846153846154,9,4,5,331.23375978127666,0.3805386864597391,0.06441559293675758,0.16765469147267079,125507.99370160338,514.496927277366,126022.49062888074,2429,13,1927.025641025641,38,1,16,41.194867967445,0.5709978070175439,49.49252136752136,1002.0299145299138,26.369208277102995,0
2431,4,0,0,39,0.0,0.0,1.0,39,1100,600,500,0.5454545454545454,16,6,10,327.2835216731318,0.3810166441745389,0.05775557775557738,0.16623239557276492,125651.88937717021,424.7585720486154,126076.64794921882,2430,14,1928.025641025641,39,0,16,41.14556277056276,0.5707799145299146,49.348958333333336,1002.6041666666673,25.707799145299163,0
2432,4,0,0,39,0.0,0.0,1.0,39,900,800,100,0.8888888888888888,10,8,2,325.02110358912154,0.3810728744939271,0.06646588430782008,0.165501227205693,125756.34901258691,374.6934678819536,126131.04248046887,2431,15,1929.025641025641,39,0,17,41.09471821234465,0.5718482905982907,49.24479166666667,1003.0208333333343,25.71848290598293,0
2433,4,0,1,38,0.0,0.02564102564102564,0.9743589743589743,39,1150,800,350,0.6956521739130435,15,8,7,327.40163879904014,0.3812696806117859,0.07302436363152554,0.16734826471240055,125913.11984592005,444.83235677082826,126357.95220269088,2432,16,1930.025641025641,39,0,18,40.87365940148764,0.5734508547008548,49.088541666666664,1003.6458333333326,25.734508547008527,0
2434,4,0,0,38,0.0,0.0,1.0,38,1000,600,400,0.6,14,6,8,335.1684216958186,0.37557788051209107,0.07812368673200099,0.171192875747081,125882.96402449034,838.3988740959767,126721.36289858632,2433,23,1981.3947368421052,38,0,19,40.709837112743536,0.5748355263157895,49.11858974358974,1003.52564102564,26.408569500674737,0
2435,4,0,0,38,0.0,0.0,1.0,38,900,600,300,0.6666666666666666,12,6,6,336.5556037174894,0.37550379326695116,0.08627255519091426,0.17246180827355312,126017.0175414566,882.3466834684729,126899.36422492507,2434,24,1982.3947368421052,38,0,19,40.536993686599985,0.5762061403508771,48.98504273504273,1004.0598290598286,26.422627080521806,0
2436,4,0,0,38,0.0,0.0,1.0,38,1050,900,150,0.8571428571428571,12,9,3,338.1069273125105,0.3759186818397345,0.08605834678368929,0.17395136299632388,126181.50686990205,932.5711678575434,127114.0780377596,2435,25,1983.3947368421052,37,1,20,40.328745134417396,0.5796734234234234,48.82127192982455,1004.7149122806999,27.154457088667563,0
2437,4,0,0,38,0.0,0.0,1.0,38,1100,700,400,0.6363636363636364,15,7,8,336.9399550271781,0.3763928402086297,0.08354997733129044,0.17428518485923547,126401.9352709485,917.9724771083147,127319.90774805681,2436,26,1984.3947368421052,37,1,14,40.131369716134195,0.5819256756756757,48.60197368421051,1005.5921052631559,27.17816500711232,0
2438,4,0,0,38,0.0,0.0,1.0,38,950,800,150,0.8421052631578947,11,8,3,339.6042816427073,0.3764965623518255,0.08686138730068294,0.17620129588040623,126527.07151955947,993.8270463510853,127520.89856591055,2437,27,1985.3947368421052,38,0,14,39.93575448656686,0.5814144736842105,48.4775641025641,1006.0897435897433,26.476045883940614,0
2439,4,0,0,38,0.0,0.0,1.0,38,1000,700,300,0.7,13,7,6,330.2723319428468,0.3766743717401612,0.06927286674375743,0.17351564685043025,127036.73846760523,801.6168180332005,127838.35528563843,2438,28,1986.3947368421052,37,1,16,39.64768689725183,0.5884009009009009,47.971491228070164,1008.1140350877178,27.24632527264102,6
2440,4,0,0,38,0.0,0.0,1.0,38,900,800,100,0.8888888888888888,10,8,2,332.19325737191434,0.37680772878141294,0.0667225013958681,0.1748848100979126,127120.40323685168,845.7201888663299,127966.123425718,2439,29,1987.3947368421052,36,2,17,39.51353992183137,0.5911458333333333,47.88851351351351,1008.4459459459456,28.012387387387378,0
2441,4,0,0,38,0.0,0.0,1.0,38,1000,600,400,0.6,14,6,8,329.469852140731,0.3769114509246088,0.06984641778592482,0.1738157205816649,127205.59030314101,782.0814057300595,127987.67170887107,2440,30,1988.3947368421052,36,2,18,39.4949579519238,0.5920138888888888,47.804054054054056,1008.7837837837841,28.021771771771782,0
2442,4,0,0,38,0.0,0.0,1.0,38,900,700,200,0.7777777777777778,11,7,4,330.25702361743487,0.3767040066382172,0.0687933849352238,0.17472039230575276,127319.21744379513,809.6131604577546,128128.83060425289,2441,31,1989.3947368421052,36,2,14,39.35877408316596,0.5931712962962963,47.69144144144144,1009.2342342342341,28.034284284284283,0
2443,4,0,0,38,0.0,0.0,1.0,38,600,600,0,1.0,6,6,0,330.4299255786078,0.37701517306780463,0.07092021585817698,0.1749346380957508,127347.63215495896,815.8937231150013,128163.52587807397,2442,32,1990.3947368421052,36,2,15,39.32532820112313,0.5934606481481481,47.663288288288285,1009.3468468468465,28.0374124124124,0
2444,4,0,0,38,0.0,0.0,1.0,38,550,300,250,0.5454545454545454,8,3,5,334.80668597266686,0.37720779990516834,-0.0024907948884556053,0.1807956104252401,128144.53124999999,1046.6988525687852,129191.23010256878,2443,33,1991.3947368421052,35,3,19,38.40020576131689,0.6035714285714286,46.875,1012.4999999999999,28.928571428571427,4
2445,4,0,0,38,0.0,0.0,1.0,38,1050,800,250,0.7619047619047619,13,8,5,334.3423759911088,0.3775930535798957,-0.003455135894210315,0.18106018495123563,128258.57688347137,976.4554672916254,129235.032350763,2444,34,1992.3947368421052,36,2,19,38.29558087826571,0.6027199074074074,46.76238738738739,1012.9504504504508,28.137512512512522,0
2446,4,0,0,38,0.0,0.0,1.0,38,600,400,200,0.6666666666666666,8,4,4,333.5578610959014,0.37737079184447603,-0.004989412851978514,0.18102253523165998,128344.14439777621,962.039657901154,129306.18405567737,2445,35,1993.3947368421052,36,2,19,38.22817107505371,0.603587962962963,46.67792792792793,1013.2882882882888,28.14689689689691,0
2447,4,0,0,38,0.0,0.0,1.0,38,950,400,550,0.42105263157894735,15,4,11,332.87580246913586,0.377993124703651,-0.009690058479531638,0.180910762211487,128401.20525931347,948.3308477396463,129349.53610705312,2446,36,1994.3947368421052,36,2,16,38.187268518518536,0.6041666666666667,46.62162162162163,1013.5135135135143,28.153153153153177,0
2448,4,0,0,38,0.0,0.0,1.0,38,550,400,150,0.7272727272727273,7,4,3,332.87580246913586,0.377993124703651,-0.009690058479531638,0.180910762211487,128401.20525931347,948.3308477396463,129349.53610705312,2447,37,1995.3947368421052,36,2,16,38.187268518518536,0.6041666666666667,46.62162162162163,1013.5135135135143,28.153153153153177,0
2449,4,0,0,38,0.0,0.0,1.0,38,900,700,200,0.7777777777777778,11,7,4,331.81892828772743,0.37811166429587484,-0.005302915141664588,0.18059455818900397,128458.27880245126,924.9776803831048,129383.25648283436,2448,38,1996.3947368421052,36,2,16,38.155872769014294,0.6047453703703703,46.565315315315324,1013.73873873874,28.159409409409445,0
2450,4,0,0,38,0.0,0.0,1.0,38,750,500,250,0.6666666666666666,10,5,5,331.27676633490154,0.3780672119487909,-0.0017041103257977586,0.18042859814356446,128486.82032962024,912.9396710900228,129399.76000071026,2449,39,1997.3947368421052,36,2,16,38.14052723166353,0.6050347222222222,46.53716216216217,1013.851351351352,28.162537537537556,0
2451,4,0,0,38,0.0,0.0,1.0,38,950,700,250,0.7368421052631579,12,7,5,327.66676459246753,0.37864509246088196,-0.005045783104369539,0.17897480586321143,128601.0181422978,827.655907596794,129428.6740498946,2450,40,1998.3947368421052,36,2,16,38.11572480663188,0.6061921296296297,46.42454954954955,1014.3018018018026,28.175050050050075,0
2452,4,0,0,38,0.0,0.0,1.0,38,850,700,150,0.8235294117647058,10,7,3,330.2614803381618,0.3789562588904694,-0.0013902681231376945,0.18078104118146057,128686.69979100738,900.0519945621526,129586.75178556953,2451,41,1999.3947368421052,36,2,17,37.96268035516094,0.6070601851851851,46.3400900900901,1014.6396396396409,28.18443443443447,0
2453,4,0,0,38,0.0,0.0,1.0,38,1150,1000,150,0.8695652173913043,13,10,3,331.450487812046,0.37877844950213374,-0.007537981852790754,0.18195461005711244,128800.98637488857,938.2299529259159,129739.21632781449,2452,42,2000.3947368421052,36,2,17,37.81617483913911,0.6082175925925926,46.227477477477485,1015.0900900900915,28.196946946946987,0
2454,4,0,0,38,0.0,0.0,1.0,38,700,600,100,0.8571428571428571,8,6,2,330.80916387233094,0.378600640113798,-0.0066139728202494474,0.18186435496786202,128858.14868922984,925.4912852041302,129783.63997443397,2453,43,2001.3947368421052,36,2,17,37.77428090801537,0.6087962962962963,46.171171171171174,1015.315315315316,28.20320320320322,0
2455,4,0,0,38,0.0,0.0,1.0,38,950,600,350,0.631578947368421,13,6,7,345.1940266953762,0.378630275011854,-0.034034230114783015,0.1877396637030258,128429.740445682,1274.2479810891778,129703.98842677117,2454,44,2002.3947368421052,36,2,18,37.84602636744065,0.6044560185185186,46.59346846846846,1013.6261261261247,28.15628128128124,4
2456,4,0,0,38,0.0,0.0,1.0,38,850,600,250,0.7058823529411765,11,6,5,345.92306178743627,0.37900071123755336,-0.03461619397226978,0.18854063246574276,128515.36502718905,1291.285711387028,129806.65073857608,2455,45,2003.3947368421052,36,2,18,37.7401710350955,0.6053240740740741,46.50900900900899,1013.9639639639615,28.1656656656656,0
2457,4,0,0,38,0.0,0.0,1.0,38,1000,500,500,0.5,15,5,10,345.0368651833856,0.3791637031768611,-0.03414421835474457,0.18873327980796087,128658.13607103698,1278.3599900575937,129936.49606109457,2456,46,2004.3947368421052,36,2,18,37.61701261701263,0.6067708333333333,46.36824324324323,1014.5270270270248,28.181306306306244,0
2458,4,0,0,38,0.0,0.0,1.0,38,800,600,200,0.75,10,6,4,344.4270209078333,0.3791785206258891,-0.034049886091477743,0.18853508252609807,128686.69979100706,1264.6353278954412,129951.3351189025,2457,47,2005.3947368421052,36,2,18,37.60335738068811,0.6070601851851851,46.34009009009008,1014.6396396396384,28.1844344344344,0
2459,4,0,0,38,0.0,0.0,1.0,38,1000,600,400,0.6,14,6,8,340.90455637350595,0.37978603603603606,-0.034226581428613234,0.18727937694741928,128829.56594685877,1183.717205381025,130013.28315223979,2458,48,2006.3947368421052,36,2,19,37.547143649473085,0.6085069444444444,46.19932432432431,1015.2027027027007,28.20007507507502,0
2460,4,0,0,38,0.0,0.0,1.0,38,950,700,250,0.7368421052631579,12,7,5,343.94473470557733,0.37957859174964437,-0.031014516439707873,0.18922206667725375,128886.73460200043,1265.982747950626,130152.71734995105,2459,49,2007.3947368421052,36,2,19,37.41174078592287,0.6090856481481481,46.143018018018005,1015.4279279279262,28.206331331331285,0
2461,4,0,0,38,0.0,0.0,1.0,38,900,600,300,0.6666666666666666,12,6,6,342.5405971455401,0.37932669511616884,-0.023608355700782457,0.1888579575949125,128972.51136271385,1235.6642115087775,130208.17557422262,2460,50,2008.3947368421052,36,2,19,37.3600332594235,0.6099537037037037,46.058558558558545,1015.7657657657641,28.215715715715667,0
2462,4,0,0,38,0.0,0.0,1.0,38,650,400,250,0.6153846153846154,9,4,5,343.17578042567857,0.379193338074917,-0.02243595353531802,0.18934487554862625,129001.10995708517,1254.0113170602708,130255.12127414544,2461,51,2009.3947368421052,36,2,19,37.3147840224661,0.6102430555555556,46.03040540540539,1015.8783783783759,28.218843843843775,0
2463,4,0,0,38,0.0,0.0,1.0,38,850,700,150,0.8235294117647058,10,7,3,344.275688492262,0.3789858937885254,-0.026164163872284263,0.19050202873345537,129115.53603857197,1290.2680129453388,130405.8040515173,2462,52,2010.3947368421052,36,2,19,37.17036011080333,0.611400462962963,45.917792792792774,1016.3288288288256,28.23135635635627,0
2464,4,0,0,38,0.0,0.0,1.0,38,350,100,250,0.2857142857142857,6,1,5,343.0888727905623,0.378630275011854,-0.02123162675715551,0.19012051901046043,129172.7681017163,1263.5478806508868,130436.31598236719,2463,53,2011.3947368421052,36,2,19,37.14227687308446,0.6119791666666667,45.86148648648647,1016.5540540540517,28.237612612612548,0
2465,4,0,0,38,0.0,0.0,1.0,38,750,400,350,0.5333333333333333,11,4,7,343.20921175943823,0.378630275011854,-0.018889426467930903,0.19046318211284335,129230.01284646108,1270.5861689391786,130500.59901540025,2464,54,2012.3947368421052,36,2,19,37.0809798058109,0.6125578703703703,45.805180180180166,1016.7792792792773,28.243868868868812,0
2466,4,0,0,38,0.0,0.0,1.0,38,400,300,100,0.75,5,3,2,346.34943692589104,0.3789858937885254,0.0037887458693572906,0.183878946176108,127461.32270361567,1229.2314696453104,128690.55417326099,2465,55,2013.3947368421052,36,2,15,38.807107542470554,0.5946180555555556,47.55067567567567,1009.7972972972965,28.049924924924902,4
2467,4,0,0,38,0.0,0.0,1.0,38,750,400,350,0.5333333333333333,11,4,7,364.0647352282635,0.37867472735893787,0.0698428535794462,0.17984067355590125,124493.75684806416,1466.583475367248,125960.34032343142,2466,56,2014.3947368421052,36,2,13,41.42358760249756,0.5642361111111112,50.50675675675675,997.972972972972,27.721471471471446,5
2468,4,0,0,38,0.0,0.0,1.0,38,600,300,300,0.5,9,3,6,363.54180581983354,0.37891180654338547,0.07232091962758891,0.1798233575215962,124549.95536076611,1455.8231373265094,126005.77849809262,2467,57,2015.3947368421052,36,2,13,41.37828106197353,0.5648148148148149,50.45045045045045,998.1981981981976,27.72772772772771,0
2469,4,0,0,38,0.0,0.0,1.0,38,950,600,350,0.631578947368421,13,6,7,360.292305998935,0.37947486960644855,0.07068584858628246,0.1786953114988006,124662.39043097144,1382.9800239428491,126045.37045491429,2468,58,2016.3947368421052,36,2,14,41.34270222522927,0.5659722222222222,50.33783783783783,998.6486486486481,27.740240240240226,0
2470,4,0,0,38,0.0,0.0,1.0,38,1150,900,250,0.782608695652174,14,9,5,358.9079503269826,0.3804528212422949,0.063470980289841,0.1789700543315897,124887.41275058837,1364.617066390705,126252.02981697908,2469,59,2017.3947368421052,36,2,16,41.14395561063541,0.568287037037037,50.11261261261261,999.549549549549,27.765265265265253,0
2471,4,0,0,38,0.0,0.0,1.0,38,1000,800,200,0.8,12,8,4,385.10044100830544,0.38107515410146986,0.05456858211368232,0.19082489974604533,124624.12558138282,2017.8498587230513,126641.97544010587,2470,60,2018.3947368421052,35,3,13,40.7631322205479,0.5675595238095238,50.376157407407405,998.4953703703698,28.528439153439137,3
2472,4,0,0,38,0.0,0.0,1.0,38,800,600,200,0.75,10,6,4,389.58151339981634,0.38183084400189665,0.0865198519325805,0.19520891217046235,125089.30165816315,2155.668745603936,127244.97040376709,2471,61,2019.3947368421052,34,4,19,40.16769804434922,0.5744485294117647,49.91071428571428,1000.3571428571419,29.422268907562994,2
2473,4,0,0,38,0.0,0.0,1.0,38,950,800,150,0.8421052631578947,11,8,3,420.7780162144158,0.38273470839260315,0.09775127240825432,0.210234405039401,124969.36462238082,2920.500384590112,127889.86500697093,2472,62,2020.3947368421052,33,5,17,39.512475997875555,0.5754419191919191,50.03063725490196,999.8774509803922,30.29931669637552,3
2474,4,0,0,38,0.0,0.0,1.0,38,750,400,350,0.5333333333333333,11,4,7,418.6809598636874,0.3829569701280227,0.09908909602681781,0.20967858030320072,125067.2133339115,2872.663448920389,127939.87678283188,2473,63,2021.3947368421052,30,8,17,39.462957986204415,0.5840277777777778,49.932795698924735,1000.2688172043016,33.342293906810056,0
2475,4,0,0,38,0.0,0.0,1.0,38,1100,900,200,0.8181818181818182,13,9,4,418.6642046149034,0.38301623992413464,0.09947686543423662,0.21017902922170995,125168.06720791428,2880.6778601572505,128048.74506807153,2474,64,2022.3947368421052,30,8,19,39.35835012312513,0.5850694444444444,49.83198924731183,1000.6720430107533,33.35573476702511,0
2476,4,1,0,39,0.02564102564102564,0.0,1.0,39,1050,800,250,0.7619047619047619,13,8,5,407.0409045656437,0.3874831309041835,0.10994530713938389,0.20641639547736013,125586.62414550787,2423.778618706611,128010.40276421448,2475,0,1971.5128205128206,31,8,16,39.21418983285704,0.5866935483870968,49.41406250000001,1002.3437500000005,32.333669354838726,0
2477,4,0,0,39,0.0,0.0,1.0,39,650,300,350,0.46153846153846156,10,3,7,403.8877591280873,0.3875674763832659,0.10959780037086775,0.20501138153210505,125625.78124999999,2347.743055555555,127973.52430555555,2476,1,1972.5128205128206,34,5,16,39.25256303685231,0.5799632352941176,49.375,1002.4999999999999,29.485294117647054,0
2478,4,0,0,39,0.0,0.0,1.0,39,850,600,250,0.7058823529411765,11,6,5,404.4941841523655,0.38765182186234814,0.11720307387963147,0.20591320250656683,125745.15483276651,2372.6367630385603,128117.79159580507,2477,2,1973.5128205128206,34,5,17,39.11350148367953,0.5811887254901961,49.25595238095239,1002.976190476191,29.499299719887972,0
2479,4,0,0,39,0.0,0.0,1.0,39,650,400,250,0.6153846153846154,9,4,5,405.13538839447955,0.3878486279802069,0.11896583859200693,0.2064261264676633,125782.47070312499,2391.786024305555,128174.25672743055,2478,3,1974.5128205128206,35,4,17,39.05871408791971,0.5794642857142858,49.21875,1003.1249999999999,28.66071428571428,0
2480,4,0,1,38,0.0,0.02564102564102564,0.9743589743589743,39,1150,900,250,0.782608695652174,14,9,5,402.35593105392826,0.38790485829959515,0.11988088795838814,0.20558799517787907,125898.59992551855,2331.2096782835924,128229.80960380213,2479,4,1975.5128205128206,35,4,17,39.00802002844732,0.580654761904762,49.10300925925925,1003.5879629629617,28.67394179894176,0
2481,4,0,0,38,0.0,0.0,1.0,38,1050,700,350,0.6666666666666666,14,7,7,398.3236754896046,0.38873577524893316,0.12264114599050968,0.20470590394910892,126136.14843149259,2448.686575561053,128584.83500705364,2480,5,1971.342105263158,33,5,18,38.863176568663334,0.5874368686868687,48.866421568627445,1004.5343137254894,30.440433749257252,0
2482,4,0,0,38,0.0,0.0,1.0,38,950,500,450,0.5263157894736842,14,5,9,401.0090020924359,0.38932847321005215,0.11692270178005382,0.20686011541900343,126290.0762326988,2528.6914888504234,128818.76772154923,2481,6,1972.342105263158,33,5,15,38.6364098187434,0.5890151515151515,48.71323529411764,1005.147058823528,30.459001782531153,0
2483,4,0,0,38,0.0,0.0,1.0,38,500,200,300,0.4,8,2,6,391.7548393604404,0.38913584637268844,0.10624827237386092,0.20537867940460375,126950.1147050769,2346.664358615393,129296.7790636923,2482,7,1973.342105263158,36,2,19,38.187460423883486,0.5894097222222222,48.05743243243244,1007.770270270272,27.99361861861867,6
2484,4,0,0,38,0.0,0.0,1.0,38,1050,700,350,0.6666666666666666,14,7,7,399.11394382510196,0.3896248221906116,0.10101995097910033,0.2102982970497963,127155.67926742163,2550.2379664490563,129705.91723387068,2483,8,1974.342105263158,32,6,19,37.790018360874654,0.6002604166666667,47.85353535353535,1008.585858585858,31.518308080808062,0
2485,4,0,0,38,0.0,0.0,1.0,38,1050,1000,50,0.9523809523809523,11,10,1,396.0373639559826,0.3896544570886676,0.1008447122419378,0.2097851940132107,127370.19903702891,2488.6715746347404,129858.87061166366,2484,9,1975.342105263158,33,5,18,37.646569341588766,0.6000631313131313,47.64093137254901,1009.436274509803,30.588978015448575,0
2486,4,0,0,38,0.0,0.0,1.0,38,850,500,350,0.5882352941176471,12,5,7,397.1769252521443,0.38978781412991936,0.09980838017373506,0.21087228505655087,127462.9950019223,2525.072087658588,129988.06708958089,2485,10,1976.342105263158,33,5,18,37.5222491909385,0.601010101010101,47.549019607843135,1009.8039215686272,30.600118835412946,0
2487,4,0,0,38,0.0,0.0,1.0,38,800,500,300,0.625,11,5,6,394.5584015304497,0.38944701280227595,0.0983722192078138,0.21028662059589884,127617.73003472213,2470.5295138888782,130088.25954861101,2486,11,1977.342105263158,33,5,21,37.42912371134021,0.6025883838383839,47.39583333333333,1010.4166666666658,30.618686868686844,0
2488,4,0,0,38,0.0,0.0,1.0,38,750,400,350,0.5333333333333333,11,4,7,393.07063006074566,0.3891062114746325,0.09907345959467051,0.20997710859721674,127710.61610918865,2439.8584678969482,130150.4745770856,2487,12,1978.342105263158,33,5,21,37.37118089233752,0.6035353535353536,47.303921568627445,1010.7843137254893,30.62982768865119,0
2489,4,0,0,38,0.0,0.0,1.0,38,800,500,300,0.625,11,5,6,392.4266864599459,0.3897433617828355,0.10284298532591007,0.2104416792302749,127865.50132461058,2435.566999471337,130301.06832408192,2488,13,1979.342105263158,33,5,21,37.22825538188134,0.6051136363636364,47.15073529411764,1011.3970588235281,30.648395721925095,0
2490,4,0,0,38,0.0,0.0,1.0,38,1100,900,200,0.8181818181818182,13,9,4,390.1632027329056,0.3895062825983879,0.10047441113080735,0.20938927668123528,127896.48963139163,2380.100802575911,130276.59043396753,2489,14,1980.342105263158,33,5,21,37.2536547936354,0.6054292929292929,47.12009803921568,1011.5196078431361,30.652109328579883,0
2491,4,0,0,38,0.0,0.0,1.0,38,600,500,100,0.8333333333333334,7,5,2,389.59689876075737,0.3892840208629682,0.10023042188264575,0.2091222267068952,127903.5732001132,2366.167091836709,130269.74029194991,2490,15,1981.342105263158,34,4,21,37.26069985485073,0.6032475490196079,47.11309523809523,1011.5476190476177,29.75140056022405,0
2492,4,0,0,38,0.0,0.0,1.0,38,1000,800,200,0.8,12,8,4,391.0347855107752,0.38920993361782835,0.09634884671099075,0.21068300040637558,128054.14540816314,2414.725056689329,130468.87046485247,2491,16,1982.342105263158,34,4,21,37.06970908805771,0.6047794117647058,46.96428571428571,1012.1428571428562,29.76890756302518,0
2493,4,0,0,38,0.0,0.0,1.0,38,750,500,250,0.6666666666666666,10,5,5,389.3269767724728,0.3892692034139402,0.09676002262688499,0.2099293303854528,128085.94419795947,2373.462684327838,130459.40688228731,2492,17,1983.342105263158,35,3,21,37.08028432045125,0.6029761904761906,46.93287037037037,1012.268518518518,28.921957671957657,0
2494,4,0,0,38,0.0,0.0,1.0,38,650,400,250,0.6153846153846154,9,4,5,390.01507222814934,0.38849869606448556,0.10277236300628112,0.21060813900320074,128144.53125,2400.5090449245536,130545.04029492455,2493,18,1984.342105263158,33,5,21,37.002743484224965,0.6079545454545454,46.875,1012.5,30.681818181818183,1
2495,4,0,0,38,0.0,0.0,1.0,38,750,300,450,0.4,12,3,9,391.36556626649934,0.38747629208155526,0.10850687260063818,0.21215863189017375,128299.67928501058,2442.4153270376864,130742.09461204827,2494,19,1985.342105263158,33,5,22,36.80937764606267,0.6095328282828283,46.7218137254902,1013.1127450980393,30.700386215092102,0
2496,4,0,0,38,0.0,0.0,1.0,38,1350,1200,150,0.8888888888888888,15,12,3,389.80983784272115,0.3877281887150308,0.11167598973946924,0.21209142295404274,128446.04768990923,2413.906604308382,130859.95429421762,2495,20,1986.342105263158,34,4,18,36.698717948717956,0.6087622549019608,46.57738095238095,1013.6904761904757,29.81442577030811,0
2497,4,0,0,38,0.0,0.0,1.0,38,950,700,250,0.7368421052631579,12,7,5,392.1210231102668,0.3878911806543386,0.11008267322450282,0.21383398686640528,128536.57171201806,2480.3784013605346,131016.9501133786,2496,21,1987.342105263158,34,4,19,36.547360491508186,0.6096813725490196,46.488095238095234,1014.0476190476185,29.82492997198878,0
2498,4,0,0,38,0.0,0.0,1.0,38,1000,700,300,0.7,13,7,6,387.36482711244923,0.38756519677572304,0.10749992494070293,0.211806157806651,128643.06205257622,2366.359498242447,131009.42155081866,2497,22,1988.342105263158,35,3,19,36.55887526145655,0.6086309523809523,46.38310185185185,1014.4675925925919,28.98478835978834,0
2499,4,0,0,38,0.0,0.0,1.0,38,900,600,300,0.6666666666666666,12,6,6,384.62691139645165,0.38738738738738737,0.10214175950825966,0.21077554744525542,128731.13854595336,2302.6920438957504,131033.83058984911,2498,23,1989.342105263158,35,3,19,36.5381690997567,0.6095238095238096,46.2962962962963,1014.8148148148149,28.994708994708997,0
2500,4,0,0,38,0.0,0.0,1.0,38,900,700,200,0.7777777777777778,11,7,4,384.9318036233679,0.38710585585585583,0.10222914453427401,0.21109862326287143,128760.50407503855,2312.80261381172,131073.30668885028,2499,24,1990.342105263158,35,3,19,36.50038487854943,0.6098214285714285,46.26736111111111,1014.9305555555553,28.998015873015866,0
2501,4,0,0,38,0.0,0.0,1.0,38,1300,900,400,0.6923076923076923,17,9,8,386.4615868298773,0.3874466571834993,0.10270717834257326,0.21240858644559407,128848.62075617274,2359.008487654309,131207.62924382705,2500,25,1991.342105263158,35,3,19,36.37140902872777,0.6107142857142858,46.18055555555555,1015.2777777777769,29.007936507936485,0
2502,4,0,0,38,0.0,0.0,1.0,38,900,500,400,0.5555555555555556,13,5,8,387.9026955950035,0.3872540303461356,0.1018893387314439,0.21367521367521358,128936.76757812488,2402.983940972207,131339.7515190971,2501,26,1992.342105263158,35,3,19,36.24465811965812,0.6116071428571428,46.09374999999999,1015.6249999999991,29.017857142857117,0
2503,4,0,0,38,0.0,0.0,1.0,38,850,600,250,0.7058823529411765,11,6,5,391.9034144030105,0.38722439544807963,0.1116685528940955,0.2163863283197039,129029.711721857,2513.436916646382,131543.1486385034,2502,27,1993.342105263158,36,2,19,36.047993792950564,0.6105324074074074,46.002252252252255,1015.9909909909911,28.221971971971975,0
2504,4,0,0,38,0.0,0.0,1.0,38,1050,800,250,0.7619047619047619,13,8,5,391.67348316848364,0.3871503082029398,0.11051465228167334,0.21672919592860632,129115.53603857254,2514.226346278731,131629.76238485126,2503,28,1994.342105263158,36,2,19,35.96606648199445,0.611400462962963,45.9177927927928,1016.3288288288303,28.231356356356397,0
2505,4,0,0,38,0.0,0.0,1.0,38,1000,700,300,0.7,13,7,6,391.5515268214696,0.387609649122807,0.11813678721263043,0.21748662048414566,129265.58036169758,2522.94120562187,131788.52156731943,2504,29,1995.342105263158,32,6,20,35.81579546395166,0.6217447916666667,45.77020202020201,1016.9191919191902,31.778724747474694,0
2506,4,0,0,38,0.0,0.0,1.0,38,750,600,150,0.8,9,6,3,385.2837814957401,0.38737256993835945,0.08153067031568728,0.20315636165864426,127184.70848051233,2216.7659511707343,129401.47443168306,2505,30,1996.342105263158,33,5,18,38.10885169886204,0.5981691919191919,47.82475490196079,1008.700980392157,30.56669637551991,8
2507,4,0,0,38,0.0,0.0,1.0,38,1150,900,250,0.782608695652174,14,9,5,384.2017776981498,0.3871503082029398,0.07656983990029742,0.20320498647040872,127308.35383326125,2182.419171712805,129490.77300497406,2506,31,1997.342105263158,33,5,18,38.00887978142079,0.5994318181818181,47.70220588235294,1009.1911764705882,30.581550802139034,0
2508,4,0,0,38,0.0,0.0,1.0,38,850,500,350,0.5882352941176471,12,5,7,381.59431692355264,0.3872688477951636,0.07422017235101408,0.20244401655718905,127432.05925905885,2125.469921424435,129557.52918048328,2507,32,1998.342105263158,33,5,16,37.94744002103816,0.6006944444444444,47.57965686274509,1009.6813725490182,30.596405228758126,0
2509,4,0,0,38,0.0,0.0,1.0,38,1000,700,300,0.7,13,7,6,383.36263482222864,0.38663169748696063,0.07202518550683967,0.20384998943256796,127524.87775134544,2177.654628027661,129702.53237937311,2508,33,1999.342105263158,33,5,16,37.80736876162744,0.6016414141414141,47.487745098039206,1010.0490196078415,30.60754604872247,0
2510,4,0,0,38,0.0,0.0,1.0,38,850,500,350,0.5882352941176471,12,5,7,385.0356042087364,0.38615753911806544,0.07482365708084648,0.20521128356179888,127617.73003472206,2227.4739583333085,129845.20399305537,2509,34,2000.342105263158,33,5,16,37.669673539518904,0.6025883838383839,47.39583333333332,1010.4166666666653,30.618686868686826,0
2511,4,0,0,38,0.0,0.0,1.0,38,1050,700,350,0.6666666666666666,14,7,7,374.3055316158282,0.385816737790422,0.0646805814243745,0.19617045165563762,126937.59799416081,1903.7740892925674,128841.37208345337,2510,35,2001.342105263158,33,5,18,38.63996817868579,0.5956439393939394,48.069852941176464,1007.7205882352933,30.536987522281617,2
2512,4,0,1,37,0.0,0.02631578947368421,0.9736842105263158,38,1200,800,400,0.6666666666666666,16,8,8,372.5386423039497,0.3861723565670934,0.061565576759450735,0.19583868436003782,127061.12320081206,1867.0356653690717,128928.15886618113,2511,36,2002.342105263158,33,5,18,38.55736700295775,0.5969065656565656,47.94730392156862,1008.2107843137244,30.55184194890074,0
2513,4,0,0,37,0.0,0.0,1.0,37,950,800,150,0.8421052631578947,11,8,3,382.21440403021023,0.38166291291291293,0.0653483246493396,0.20060602152354826,126996.54571280995,2307.981806703406,129304.52751951336,2512,102,2056.4864864864867,32,5,18,38.37999498935239,0.5986328125,48.01136363636364,1007.9545454545457,31.498579545454554,0
2514,4,0,0,37,0.0,0.0,1.0,37,750,400,350,0.5333333333333333,11,4,7,384.41044243959203,0.38175675675675674,0.07146022717359046,0.20239693247414287,127124.83935885965,2373.6590186645444,129498.4983775242,2513,103,2057.4864864864867,31,6,18,38.19251667742629,0.602486559139785,47.884114583333336,1008.4635416666672,32.531081989247326,0
2515,4,0,0,37,0.0,0.0,1.0,37,1100,900,200,0.8181818181818182,13,9,4,385.5018504587764,0.38150650650650647,0.07318119513241461,0.20363011855521876,127256.18362426758,2411.4988538953994,129667.68247816298,2514,104,2058.4864864864867,31,6,18,38.029772658837715,0.6038306451612903,47.75390625,1008.984375,32.54788306451613,0
2516,4,0,0,37,0.0,0.0,1.0,37,550,400,150,0.7272727272727273,7,4,3,384.1058226953988,0.38109984984984985,0.0735946887411214,0.20322213185747698,127321.88118828673,2381.0151841905436,129702.89637247728,2515,105,2059.4864864864867,31,6,16,37.99738205822904,0.604502688172043,47.688802083333336,1009.2447916666672,32.55628360215056,0
2517,4,0,0,37,0.0,0.0,1.0,37,900,800,100,0.8888888888888888,10,8,2,384.59162595958344,0.38088088088088085,0.08200463519612455,0.20414155094569275,127453.3271789552,2403.496466742636,129856.82364569783,2516,106,2060.4864864864867,31,6,17,37.84990866107887,0.6058467741935484,47.55859375000001,1009.7656250000009,32.57308467741938,0
2518,4,0,0,37,0.0,0.0,1.0,37,750,600,150,0.8,9,6,3,385.8608708747687,0.38063063063063063,0.0817290608473904,0.20531609302101894,127551.95617675781,2443.4617784288193,129995.41795518663,2517,107,2061.4864864864867,31,6,17,37.71644324138523,0.6068548387096775,47.4609375,1010.15625,32.58568548387097,0
2519,4,0,0,37,0.0,0.0,1.0,37,1050,700,350,0.6666666666666666,14,7,7,376.34041390615363,0.3810372872872873,0.07438016528925595,0.19798778296802014,127092.01388888898,2165.9722222222313,129257.98611111121,2518,108,2062.4864864864867,32,5,19,38.42975206611568,0.599609375,47.91666666666667,1008.3333333333342,31.510416666666693,3
2520,4,0,0,37,0.0,0.0,1.0,37,800,600,200,0.75,10,6,4,375.9563340760525,0.38135010010010006,0.07629289487308788,0.19794088597662696,127123.84458537394,2158.602916794205,129282.44750216814,2519,109,2063.4864864864867,32,5,20,38.40668169108134,0.5999348958333333,47.88510101010101,1008.459595959596,31.514362373737374,0
2521,4,0,0,37,0.0,0.0,1.0,37,550,400,150,0.7272727272727273,7,4,3,375.9563340760525,0.38166291291291293,0.07629289487308788,0.19794088597662696,127123.84458537394,2158.602916794205,129282.44750216814,2520,110,2064.4864864864867,32,5,20,38.40668169108134,0.5999348958333333,47.88510101010101,1008.459595959596,31.514362373737374,0
2522,4,0,0,37,0.0,0.0,1.0,37,1100,700,400,0.6363636363636364,15,7,8,373.97425000134285,0.38178803803803807,0.07590295839576244,0.19751673706283737,127251.20722694109,2117.734956892147,129368.94218383323,2521,111,2065.4864864864867,32,5,20,38.32566846035123,0.6012369791666667,47.75883838383838,1008.9646464646462,31.530145202020194,0
2523,4,0,0,37,0.0,0.0,1.0,37,600,200,400,0.3333333333333333,10,2,8,375.24292310328366,0.3816941941941942,0.07513594675756852,0.19834268792602133,127283.05785123963,2152.4133379247005,129435.47118916434,2522,112,2066.4864864864867,32,5,20,38.26091716716717,0.6015625,47.72727272727273,1009.0909090909088,31.5340909090909,0
2524,4,0,0,37,0.0,0.0,1.0,37,700,500,200,0.7142857142857143,9,5,4,375.24292310328366,0.3811936936936937,0.07513594675756852,0.19834268792602133,127283.05785123963,2152.4133379247005,129435.47118916434,2523,113,2067.4864864864867,32,5,20,38.26091716716717,0.6015625,47.72727272727273,1009.0909090909088,31.5340909090909,0
2525,4,0,0,37,0.0,0.0,1.0,37,950,600,350,0.631578947368421,13,6,7,372.91357126025537,0.3811311311311311,0.07345470774319662,0.19738535815549263,127339.2745578624,2097.308727412534,129436.58328527493,2524,114,2068.4864864864867,33,4,16,38.2618989800874,0.5997474747474747,47.67156862745098,1009.3137254901965,30.585264408793833,0
2526,4,0,0,37,0.0,0.0,1.0,37,850,600,250,0.7058823529411765,11,6,5,371.0358584089969,0.3808495995995996,0.07330330694816656,0.19684252655709777,127432.05925905913,2056.3726992022403,129488.43195826137,2525,115,2069.4864864864867,33,4,16,38.21395699316259,0.6006944444444444,47.579656862745104,1009.6813725490206,30.5964052287582,0
2527,4,0,0,37,0.0,0.0,1.0,37,750,400,350,0.5333333333333333,11,4,7,370.7697760318903,0.38078703703703703,0.07761170537195738,0.19715383832611874,127524.87775134572,2056.474072472134,129581.35182381785,2526,116,2070.4864864864867,33,4,17,38.125353878508434,0.6016414141414141,47.48774509803922,1010.0490196078438,30.60754604872254,0
2528,4,0,0,37,0.0,0.0,1.0,37,650,600,50,0.9230769230769231,7,6,1,368.210684530181,0.38141266266266266,0.07350918307562981,0.1963173549178504,127632.76643990938,1999.149659863956,129631.91609977333,2527,117,2071.4864864864867,34,3,17,38.079249136035195,0.6004901960784313,47.38095238095239,1010.476190476191,29.719887955182088,0
2529,4,0,0,37,0.0,0.0,1.0,37,850,700,150,0.8235294117647058,10,7,3,368.0558156828308,0.38175675675675674,0.07086238181644555,0.19652791667592662,127692.92091836728,1999.624433106572,129692.54535147385,2528,118,2072.4864864864867,34,3,17,38.021446800157065,0.6011029411764706,47.32142857142857,1010.7142857142851,29.726890756302502,0
2530,4,0,0,37,0.0,0.0,1.0,37,600,400,200,0.6666666666666666,8,4,4,367.28705962280094,0.3820382882882883,0.07047263887386324,0.19670468376015574,127813.27239229021,1988.832199546478,129802.10459183669,2529,119,2073.4864864864867,34,3,18,37.91745153441645,0.602328431372549,47.20238095238095,1011.1904761904759,29.74089635854341,0
2531,4,0,0,37,0.0,0.0,1.0,37,1200,1000,200,0.8333333333333334,14,10,4,366.2315337379198,0.382007007007007,0.07274818577873132,0.19675659719748947,127939.53517500422,1971.098438571661,129910.63361357588,2530,120,2074.4864864864867,35,2,19,37.81472848262973,0.6014880952380952,47.07754629629629,1011.6898148148143,28.905423280423268,0
2532,4,0,0,37,0.0,0.0,1.0,37,1100,800,300,0.7272727272727273,14,8,6,366.2847225472356,0.38228853853853856,0.08059282699117998,0.197504696880279,128085.94419795962,1983.1849065500746,130069.12910450969,2531,121,2075.4864864864867,35,2,21,37.663408034148944,0.6029761904761906,46.932870370370374,1012.2685185185192,28.92195767195769,0
2533,4,0,0,37,0.0,0.0,1.0,37,850,600,250,0.7058823529411765,11,6,5,366.59411322068877,0.382007007007007,0.08665498416121808,0.1981189210262753,128176.49347005412,1997.7897796355865,130174.2832496897,2532,122,2076.4864864864867,32,5,22,37.56286367414796,0.6106770833333333,46.843434343434346,1012.626262626263,31.64457070707072,0
2534,4,0,0,37,0.0,0.0,1.0,37,800,500,300,0.625,11,5,6,364.6873769633604,0.3819444444444444,0.0874714924322304,0.19756156822262277,128272.40404359266,1955.865313488441,130228.2693570811,2533,123,2077.4864864864867,32,5,22,37.5129835057543,0.6116536458333333,46.748737373737384,1013.0050505050518,31.65640782828287,0
2535,4,0,0,37,0.0,0.0,1.0,37,1050,700,350,0.6666666666666666,14,7,7,362.68838212018255,0.382007007007007,0.08095311858082832,0.19695107949232651,128368.35048719526,1911.5418707274853,130279.89235792274,2534,124,2078.4864864864867,32,5,18,37.46547678378602,0.6126302083333333,46.65404040404041,1013.383838383839,31.66824494949497,0
2536,4,0,0,37,0.0,0.0,1.0,37,900,700,200,0.7777777777777778,11,7,4,363.0335821130869,0.38181931931931934,0.08706386425091117,0.1981837681773026,128579.18228565934,1935.712226066896,130514.89451172623,2535,125,2079.4864864864867,33,4,19,37.2412195907846,0.6123737373737373,46.44607843137255,1014.2156862745096,30.73380867498514,0
2537,4,0,0,37,0.0,0.0,1.0,37,800,500,300,0.625,11,5,6,367.22677308688657,0.382007007007007,0.09003786395090763,0.20110037573805697,128703.50346020766,2052.6744521338032,130756.17791234146,2536,126,2080.4864864864867,33,4,19,37.00785024154589,0.6136363636363636,46.32352941176471,1014.7058823529416,30.74866310160429,0
2538,4,0,0,37,0.0,0.0,1.0,37,850,700,150,0.8235294117647058,10,7,3,367.57369613190065,0.38191316316316315,0.08874994289145421,0.20160565240823874,128765.68657487525,2066.175869857768,130831.86244473301,2537,127,2081.4864864864867,33,4,20,36.935522820574725,0.6142676767676767,46.262254901960794,1014.9509803921585,30.756090314913894,0
2539,4,0,0,37,0.0,0.0,1.0,37,950,600,350,0.631578947368421,13,6,7,363.7664104452169,0.3822572572572573,0.08484516377347595,0.2001439891732451,128890.09785899671,1977.1776480200083,130867.27550701672,2538,128,2082.4864864864867,33,4,20,36.905121087778575,0.615530303030303,46.13970588235295,1015.4411764705897,30.770944741533018,0
2540,4,0,0,37,0.0,0.0,1.0,37,1150,900,250,0.782608695652174,14,9,5,364.76254178927496,0.38216341341341337,0.08202991264880488,0.20116544969336675,128983.44574502605,2009.665903738959,130993.11164876501,2539,129,2083.4864864864867,33,4,20,36.78456890658301,0.6164772727272727,46.047794117647065,1015.8088235294126,30.782085561497354,0
2541,4,0,0,37,0.0,0.0,1.0,37,1150,800,350,0.6956521739130435,15,8,7,365.4316131969274,0.382225975975976,0.07948435534642417,0.20232909211317204,129139.10064638607,2038.3019752018517,131177.4026215879,2540,130,2084.4864864864867,33,4,20,36.60879350534524,0.6180555555555556,45.89460784313726,1016.4215686274515,30.80065359477126,0
2542,4,0,0,37,0.0,0.0,1.0,37,450,300,150,0.6666666666666666,6,3,3,365.4316131969274,0.382225975975976,0.07948435534642417,0.20232909211317204,129139.10064638607,2038.3019752018517,131177.4026215879,2541,131,2085.4864864864867,33,4,20,36.60879350534524,0.6180555555555556,45.89460784313726,1016.4215686274515,30.80065359477126,0
2543,4,0,0,37,0.0,0.0,1.0,37,1050,800,250,0.7619047619047619,13,8,5,365.17814564846753,0.38144394394394393,0.07027417873404818,0.20282786161920918,129263.69214965405,2040.8550797770106,131304.54722943105,2542,132,2086.4864864864867,33,4,20,36.48821001044426,0.6193181818181819,45.77205882352941,1016.9117647058829,30.81550802139039,0
2544,4,0,0,37,0.0,0.0,1.0,37,1150,700,450,0.6086956521739131,16,7,9,367.1106177826553,0.3813813813813814,0.0661644540228008,0.20454713750547696,129388.34372597079,2099.966959823141,131488.31068579393,2543,133,2087.4864864864867,33,4,20,36.31203324500121,0.6205808080808081,45.64950980392157,1017.4019607843138,30.83036244800951,0
2545,4,0,0,37,0.0,0.0,1.0,37,1000,900,100,0.9,11,9,2,364.91228070175447,0.3813813813813814,0.07279911490437829,0.20392156862745103,129504.14540816324,2051.5306122448947,131555.67602040814,2544,134,2088.4864864864867,34,3,19,36.25000000000001,0.6194852941176471,45.535714285714285,1017.8571428571427,29.93697478991596,0
2546,4,1,0,38,0.02631578947368421,0.0,1.0,38,450,300,150,0.6666666666666666,6,3,3,357.08332627353866,0.3867650545282124,0.07776954028829897,0.20085651892562031,129760.92470689717,1667.0925229338013,131428.01722983096,2545,0,2034.5,35,3,20,36.18806562156842,0.6199404761904762,45.28356481481481,1018.8657407407399,29.11044973544971,0
2547,4,0,0,38,0.0,0.0,1.0,38,700,500,200,0.7142857142857143,9,5,4,355.9746418225265,0.38716512565196776,0.07950918632033166,0.20068583200314752,129849.38298396753,1644.6175197187638,131494.0005036863,2546,1,2035.5,35,3,20,36.12641002346883,0.6208333333333333,45.196759259259245,1019.212962962961,29.120370370370313,0
2548,4,0,0,38,0.0,0.0,1.0,38,700,500,200,0.7142857142857143,9,5,4,333.17178719496064,0.38729848269321954,0.06856492027334848,0.18420959014935456,129083.7459276404,1001.4124657064231,130085.15839334682,2547,2,2036.5,35,3,20,37.48481397114653,0.6130952380952381,45.94907407407406,1016.2037037037021,29.03439153439149,7
2549,4,0,0,38,0.0,0.0,1.0,38,950,600,350,0.631578947368421,13,6,7,333.74418657740256,0.3876689189189189,0.0776470094740438,0.18493849783655025,129171.97312510693,1022.0790198473658,130194.0521449543,2548,3,2037.5,35,3,20,37.38056947132718,0.6139880952380952,45.862268518518505,1016.550925925924,29.044312169312114,0
2550,4,0,0,38,0.0,0.0,1.0,38,1300,1000,300,0.7692307692307693,16,10,6,333.02906467051525,0.387609649122807,0.07465274658137311,0.1850933833813925,129289.65627411254,1011.4426601080115,130301.09893422054,2549,4,2038.5,35,3,21,37.27914817343803,0.6151785714285714,45.74652777777777,1017.013888888888,29.05753968253966,0
2551,4,0,0,38,0.0,0.0,1.0,38,1200,900,300,0.75,15,9,6,354.72768989252523,0.38701695116168805,0.14459224985540753,0.18988364576599864,127793.20987654307,1466.3580246913427,129259.56790123442,2550,5,2039.5,35,3,16,38.255494505494504,0.6,47.222222222222214,1011.1111111111101,28.888888888888857,5
2552,4,0,0,38,0.0,0.0,1.0,38,750,500,250,0.6666666666666666,10,5,5,353.6443271610758,0.3866613323850166,0.14249208768022514,0.18948246168892957,127831.16731596457,1441.3534311338337,129272.5207470984,2551,6,2040.5,36,2,16,38.24401447661471,0.5983796296296297,47.18468468468468,1011.2612612612609,28.09059059059058,0
2553,4,0,0,38,0.0,0.0,1.0,38,1100,700,400,0.6363636363636364,15,7,8,351.501435800532,0.3859500948316738,0.13819816653486816,0.18900301619795198,127973.55791179683,1396.577870099816,129370.13578189665,2552,7,2041.5,36,2,17,38.15247634947134,0.5998263888888888,47.04391891891891,1011.8243243243235,28.106231231231206,0
2554,4,0,0,38,0.0,0.0,1.0,38,1350,1000,350,0.7407407407407407,17,10,7,348.7892244627265,0.38566856330014226,0.13824132076576312,0.1882121925522155,128116.02776763242,1337.0979932635246,129453.12576089594,2553,8,2042.5,36,2,18,38.075407860585834,0.6012731481481481,46.90315315315315,1012.3873873873868,28.121871871871853,0
2555,4,0,0,38,0.0,0.0,1.0,38,550,400,150,0.7272727272727273,7,4,3,349.0321597317482,0.3854759364627786,0.1393762183235867,0.18847736625514394,128144.5312499999,1345.3188408002457,129489.85009080014,2554,9,2043.5,34,4,18,38.04012345679012,0.6056985294117647,46.87499999999999,1012.4999999999992,29.77941176470586,0
2556,4,0,0,38,0.0,0.0,1.0,38,750,500,250,0.6666666666666666,10,5,5,349.2253988303754,0.38535739687055476,0.1383102460512391,0.18886589115384644,128204.80619331068,1354.4749149659847,129559.28110827667,2555,10,2044.5,34,4,19,37.973629559970185,0.6063112745098039,46.81547619047619,1012.7380952380955,29.786414565826338,0
2557,4,0,0,38,0.0,0.0,1.0,38,1150,1000,150,0.8695652173913043,13,10,3,342.82088700944234,0.38443871503082033,0.152605505270607,0.18142543570949154,127332.20663265322,1134.2864229025126,128466.49305555574,2556,11,2045.5,34,4,16,39.02846583313675,0.5974264705882353,47.67857142857144,1009.2857142857156,29.68487394957987,2
2558,4,0,0,38,0.0,0.0,1.0,38,750,300,450,0.4,12,3,9,342.7706504872702,0.38403864390706494,0.15546674709696862,0.1820251932745851,127471.58893014844,1138.7038912465853,128610.29282139502,2557,12,2046.5,35,3,16,38.88693887297039,0.5967261904761905,47.54050925925927,1009.837962962964,28.852513227513256,0
2559,4,0,0,38,0.0,0.0,1.0,38,1350,1100,250,0.8148148148148148,16,11,5,344.26744609046114,0.38423127074442864,0.16088571566404575,0.1832174554559479,127559.26354595342,1182.9003772290926,128742.16392318251,2558,13,2047.5,35,3,16,38.75935685915064,0.5976190476190476,47.45370370370371,1010.1851851851857,28.862433862433875,0
2560,4,0,0,38,0.0,0.0,1.0,38,1450,1300,150,0.896551724137931,16,13,3,337.34678895441965,0.3852833096254149,0.15441917711874287,0.1807502484970581,127831.16731596482,1024.6867644671947,128855.85408043201,2559,14,2048.5,36,2,18,38.656041202672604,0.5983796296296297,47.1846846846847,1011.2612612612629,28.090590590590637,0
2561,4,0,0,38,0.0,0.0,1.0,38,600,500,100,0.8333333333333334,7,5,2,343.77204674653103,0.385194404931247,0.16194163713523269,0.17449695031058063,125625.78124999974,1038.0936257202868,126663.87487572002,2560,15,2049.5,34,4,19,40.759213078415065,0.5799632352941176,49.374999999999986,1002.499999999998,29.485294117646998,4
2562,4,0,0,38,0.0,0.0,1.0,38,1400,1100,300,0.7857142857142857,17,11,6,342.7097183210212,0.38560929350403034,0.15603623301577452,0.17446098953804212,125745.15483276614,1018.817318594073,126763.97215136021,2561,16,2050.5,34,4,19,40.66271018793277,0.5811887254901961,49.255952380952365,1002.976190476188,29.499299719887883,0
2563,4,0,0,38,0.0,0.0,1.0,38,600,300,300,0.5,9,3,6,344.9354782350721,0.3845572546230441,0.15822255246611006,0.17610303731335056,125864.58510487502,1083.0321712017808,126947.6172760768,2562,17,2051.5,34,4,21,40.48374658915648,0.5824142156862745,49.136904761904745,1003.4523809523788,29.513305322128787,0
2564,4,0,0,38,0.0,0.0,1.0,38,950,500,450,0.5263157894736842,14,5,9,345.61683179876616,0.38440908013276437,0.1691444013805412,0.17696337234723686,125984.07206632638,1108.4431689342186,127092.5152352606,2563,18,2052.5,34,4,21,40.343491837622025,0.5836397058823529,49.01785714285713,1003.9285714285702,29.52731092436971,0
2565,4,1,0,39,0.02564102564102564,0.0,1.0,39,900,800,100,0.8888888888888888,10,8,2,338.47789339160266,0.39046333783175885,0.17530119933340016,0.17508406402197582,126402.72285997719,756.9196428571256,127159.64250283432,2564,0,2000.8461538461538,34,5,16,40.0918965313129,0.5879289215686274,48.60119047619047,1005.595238095237,29.576330532212854,0
2566,4,0,0,39,0.0,0.0,1.0,39,1250,800,450,0.64,17,8,9,336.9273949408449,0.3906601439496176,0.16687594402285666,0.17517737987883764,126612.30867346923,731.8310657596151,127344.13973922885,2565,1,2001.8461538461538,34,5,17,39.915523223720506,0.5900735294117647,48.39285714285713,1006.4285714285702,29.600840336134418,0
2567,4,0,0,39,0.0,0.0,1.0,39,900,700,200,0.7777777777777778,11,7,4,336.1763900512016,0.3909131803868646,0.16452106931113453,0.17491516171587115,126642.26367630369,714.8278061224257,127357.09148242611,2566,2,2002.8461538461538,34,5,17,39.90365661344373,0.5903799019607843,48.36309523809523,1006.5476190476177,29.604341736694636,0
2568,4,0,0,39,0.0,0.0,1.0,39,1400,1200,200,0.8571428571428571,16,12,4,338.3110820238905,0.3919815564552407,0.17373832880274231,0.17680358647338715,126822.06809807256,781.0622165532905,127603.13031462584,2567,3,2003.8461538461538,34,5,18,39.66532718748769,0.592218137254902,48.18452380952381,1007.2619047619047,29.62535014005602,0
2569,4,0,0,39,0.0,0.0,1.0,39,1000,600,400,0.6,14,6,8,342.65743788371753,0.39220647773279355,0.1802080115333129,0.1797359274549909,126972.00255102038,901.5802154194994,127873.58276643988,2568,4,2004.8461538461538,34,5,18,39.40197062760848,0.59375,48.035714285714285,1007.8571428571427,29.64285714285714,0
2570,4,0,0,39,0.0,0.0,1.0,39,1150,1000,150,0.8695652173913043,13,10,3,344.01104682065346,0.3913911381016644,0.1864581725282939,0.18111358468724395,127122.02558106571,946.2762188208562,128068.30179988657,2569,5,2005.8461538461538,34,5,18,39.21393578089954,0.595281862745098,47.88690476190476,1008.4523809523805,29.66036414565825,0
2571,4,0,0,39,0.0,0.0,1.0,39,750,700,50,0.9333333333333333,8,7,1,342.50198933083243,0.3908569500674764,0.18154197193498534,0.18058614533915007,127182.05959467113,912.0216836734631,128094.08127834459,2570,6,2006.8461538461538,34,5,18,39.19041858452341,0.5958946078431373,47.82738095238095,1008.6904761904756,29.667366946778692,0
2572,4,0,0,39,0.0,0.0,1.0,39,1050,800,250,0.7619047619047619,13,8,5,344.14099763999275,0.39158794421952314,0.1837853860975247,0.18198897298778677,127302.17013888905,961.9791666666866,128264.14930555574,2571,7,2007.8461538461538,34,5,19,39.02594274704101,0.5971200980392157,47.70833333333334,1009.166666666668,29.681372549019645,0
2573,4,0,0,39,0.0,0.0,1.0,39,900,700,200,0.7777777777777778,11,7,4,346.2623245422346,0.3913630229419703,0.18861077594418796,0.18338277637686506,127362.24666950128,1020.1495181406071,128382.39618764189,2572,8,2008.8461538461538,34,5,14,38.910838542280935,0.5977328431372548,47.64880952380953,1009.4047619047631,29.68837535014009,0
2574,4,0,0,39,0.0,0.0,1.0,39,850,500,350,0.5882352941176471,12,5,7,346.2850992346031,0.39164417453891137,0.18922351233672008,0.18353110259433983,127392.29024943322,1022.8103741496776,128415.1006235829,2573,9,2009.8461538461538,34,5,15,38.87947130503146,0.5980392156862745,47.61904761904763,1009.5238095238104,29.691876750700306,0
2575,4,0,0,39,0.0,0.0,1.0,39,1150,1000,150,0.8695652173913043,13,10,3,346.9741905262425,0.3908007197480882,0.19381145397884714,0.18430695417871737,127482.44224773254,1046.6234410430998,128529.06568877565,2574,10,2010.8461538461538,34,5,16,38.769696255255624,0.5989583333333333,47.52976190476191,1009.8809523809534,29.702380952380985,0
2576,4,0,0,39,0.0,0.0,1.0,39,1400,1100,300,0.7857142857142857,17,11,6,345.56805677043155,0.39144736842105265,0.19461190940271655,0.18383353991831436,127542.5612953516,1014.9270124716697,128557.48830782327,2575,11,2011.8461538461538,34,5,16,38.74361618542525,0.5995710784313726,47.4702380952381,1010.1190476190486,29.70938375350143,0
2577,4,0,0,39,0.0,0.0,1.0,39,800,400,400,0.5,12,4,8,344.85047505008725,0.3913067926225821,0.19120482000519679,0.18358852768350334,127572.6261337871,998.6961451247444,128571.32227891184,2576,12,2012.8461538461538,34,5,16,38.730949014062375,0.5998774509803921,47.440476190476204,1010.2380952380972,29.712885154061684,0
2578,4,0,0,39,0.0,0.0,1.0,39,1400,1000,400,0.7142857142857143,18,10,8,345.35959107294275,0.39144736842105265,0.19684599375964673,0.18427137452031508,127662.84190759649,1017.9173752834599,128680.75928287995,2577,13,2013.8461538461538,34,5,17,38.6257215219696,0.600796568627451,47.35119047619048,1010.5952380952391,29.723389355742327,0
2579,4,0,0,39,0.0,0.0,1.0,39,1350,1100,250,0.8148148148148148,16,11,5,348.37798180898596,0.3923751686909582,0.19798402824823969,0.18743807353575162,127998.08873724708,1118.3431659379248,129116.431903185,2578,14,2014.8461538461538,35,4,17,38.20639845209501,0.6020833333333333,47.019675925925924,1011.9212962962962,28.912037037037035,0
2580,4,0,0,39,0.0,0.0,1.0,39,1200,800,400,0.6666666666666666,16,8,8,349.86938767710734,0.39243139901034635,0.20108286210949955,0.18879133460898578,128115.2360494899,1164.7198377486257,129279.95588723852,2579,15,2015.8461538461538,35,4,19,38.048878663160686,0.6032738095238095,46.90393518518518,1012.3842592592595,28.925264550264558,0
2581,4,0,0,39,0.0,0.0,1.0,39,1200,700,500,0.5833333333333334,17,7,10,350.1064445330109,0.39220647773279355,0.19777560612406364,0.18949769247317177,128237.60880730957,1179.369352947982,129416.97816025755,2580,16,2016.8461538461538,33,6,21,37.91780096793706,0.6089015151515151,46.78308823529411,1012.8676470588226,30.692959001782505,0
2582,4,0,0,39,0.0,0.0,1.0,39,750,500,250,0.6666666666666666,10,5,5,350.5795525390239,0.3923470535312641,0.1948995051309157,0.19045843846615895,128385.71605725624,1201.8813775510162,129587.59743480726,2581,17,2017.8461538461538,34,5,17,37.75451270605738,0.6081495098039216,46.63690476190476,1013.452380952381,29.807422969187677,0
2583,4,0,0,39,0.0,0.0,1.0,39,950,600,350,0.631578947368421,13,6,7,350.94374856638035,0.3926282051282051,0.1874742219934189,0.19123403112859005,128506.393494898,1219.7030895691678,129726.09658446717,2582,18,2018.8461538461538,34,5,17,37.62205980196472,0.609375,46.517857142857146,1013.9285714285718,29.821428571428584,0
2584,4,0,0,39,0.0,0.0,1.0,39,1000,700,300,0.7,13,7,6,350.2378199184621,0.3924595141700405,0.18462474692506636,0.19136435497290544,128613.7099194102,1209.077074759948,129822.78699417015,2583,19,2019.8461538461538,35,4,18,37.53042750646585,0.6083333333333334,46.41203703703704,1014.3518518518523,28.981481481481495,0
2585,4,0,0,39,0.0,0.0,1.0,39,1150,900,250,0.782608695652174,14,9,5,352.25971016037073,0.3920096716149348,0.18751169754819386,0.1930383211678832,128731.1385459534,1269.3587105624176,130000.49725651582,2584,20,2020.8461538461538,35,4,18,37.359336982968365,0.6095238095238096,46.2962962962963,1014.8148148148152,28.994708994709008,0
2586,4,0,0,39,0.0,0.0,1.0,39,750,600,150,0.8,9,6,3,350.1348705384389,0.3916160593792173,0.18657054570861487,0.19230012207217578,128819.2451801483,1220.8219468021261,130040.06712695042,2585,21,2021.8461538461538,35,4,18,37.323400030403235,0.6104166666666666,46.20949074074074,1015.1620370370368,29.004629629629623,0
2587,4,0,0,39,0.0,0.0,1.0,39,900,700,200,0.7777777777777778,11,7,4,350.5378040762655,0.3920096716149348,0.18882314266929634,0.19309285817760402,128936.76757812513,1239.4422743055707,130176.20985243071,2586,22,2022.8461538461538,35,4,18,37.193376068376075,0.6116071428571428,46.09375000000001,1015.625000000001,29.01785714285717,0
2588,4,0,0,39,0.0,0.0,1.0,39,1100,900,200,0.8181818181818182,13,9,4,347.7594074781146,0.39231893837156995,0.18749872218376562,0.19213214841097354,129054.343559778,1175.9724097650903,130230.3159695431,2587,23,2023.8461538461538,35,4,18,37.14415556061812,0.612797619047619,45.97800925925926,1016.0879629629634,29.03108465608467,0
2589,4,1,0,40,0.025,0.0,1.0,40,1100,800,300,0.7272727272727273,14,8,6,338.1464625629721,0.3978098290598291,0.17538742528226692,0.18833632199715714,129373.1801903254,749.416646376095,130122.59683670149,2588,0,1974.225,36,4,19,37.064146557449625,0.6140046296296297,45.66441441441441,1017.3423423423418,28.259509509509495,0
2590,4,0,0,40,0.0,0.0,1.0,40,650,200,450,0.3076923076923077,11,2,9,337.4676984355137,0.3978365384615385,0.17974767596281538,0.18823198290514218,129430.4693206721,735.7205178151211,130166.18983848722,2589,1,1975.225,36,4,15,37.02320348236682,0.6145833333333333,45.60810810810811,1017.5675675675682,28.26576576576578,0
2591,4,0,1,39,0.0,0.025,0.975,40,850,700,150,0.8235294117647058,10,7,3,339.43379190054924,0.3979433760683761,0.18410599690196894,0.1896046113224454,129487.77113261927,790.5050320590993,130278.27616467836,2590,2,1976.225,36,4,15,36.91497012613409,0.615162037037037,45.55180180180181,1017.7927927927941,28.272022022022057,0
2592,4,0,0,39,0.0,0.0,1.0,39,600,300,300,0.5,9,3,6,346.5871551992216,0.3925157444894287,0.18426058844811677,0.1927726531576431,129319.08543381348,1164.0667866941067,130483.15222050759,2591,27,2027.8461538461538,35,4,18,36.90449097253832,0.6154761904761905,45.717592592592595,1017.12962962963,29.06084656084657,0
2593,4,0,0,39,0.0,0.0,1.0,39,750,500,250,0.6666666666666666,10,5,5,348.1601416440492,0.39220647773279355,0.18349523059420636,0.19393711312111503,129377.95380015446,1208.849344135816,130586.80314429027,2592,28,2028.8461538461538,35,4,19,36.804607508532406,0.6160714285714286,45.65972222222223,1017.3611111111122,29.06746031746035,0
2594,4,0,0,39,0.0,0.0,1.0,39,850,600,250,0.7058823529411765,11,6,5,351.3699690594725,0.39271255060728744,0.1827302209467816,0.1960180690336855,129436.83556241433,1296.0433813443149,130732.87894375864,2593,29,2029.8461538461538,35,4,15,36.66306490749166,0.6166666666666667,45.601851851851855,1017.5925925925931,29.074074074074087,0
2595,4,0,0,39,0.0,0.0,1.0,39,1050,700,350,0.6666666666666666,14,7,7,355.2696907417745,0.39243139901034635,0.18662118628008373,0.19863934711213635,129525.18332315232,1403.274364497588,130928.4576876499,2594,30,2030.8461538461538,35,4,15,36.47396721622135,0.6175595238095238,45.51504629629629,1017.939814814814,29.083994708994684,0
2596,4,0,0,39,0.0,0.0,1.0,39,1100,800,300,0.7272727272727273,14,8,6,356.7022296927649,0.3920377867746289,0.18942355056939597,0.19973962537283582,129584.09857520991,1444.5873789008733,131028.68595411078,2595,31,2031.8461538461538,35,4,15,36.37757663597437,0.6181547619047619,45.45717592592592,1018.1712962962952,29.090608465608433,0
2597,4,0,0,39,0.0,0.0,1.0,39,1000,800,200,0.8,12,8,4,356.77157106892616,0.39164417453891137,0.19187796258583711,0.2003794892774483,129701.96926708231,1454.795069230092,131156.7643363124,2596,32,2032.8461538461538,35,4,15,36.25594155967125,0.6193452380952381,45.341435185185176,1018.6342592592579,29.10383597883594,0
2598,4,0,0,39,0.0,0.0,1.0,39,900,600,300,0.6666666666666666,12,6,6,355.719933176465,0.3917285200179937,0.186325562972542,0.2002402999798975,129790.40745027429,1433.807013031544,131224.21446330583,2597,33,2033.8461538461538,35,4,15,36.192829017113425,0.6202380952380953,45.254629629629626,1018.981481481481,29.1137566137566,0
2599,4,0,0,39,0.0,0.0,1.0,39,1100,800,300,0.7272727272727273,14,8,6,354.58377974857655,0.39231893837156995,0.18434054496277752,0.20005248867685535,129878.87577428407,1410.5885363082903,131289.46431059236,2598,34,2034.8461538461538,35,4,16,36.131888459937166,0.6211309523809524,45.16782407407407,1019.3287037037032,29.123677248677236,0
2600,4,0,0,39,0.0,0.0,1.0,39,850,700,150,0.8235294117647058,10,7,3,357.27812144931215,0.393387314439946,0.18469919593515138,0.20218224329414822,129996.88042534713,1489.008246527769,131485.8886718749,2599,35,2035.8461538461538,35,4,16,35.9433520599251,0.6223214285714286,45.05208333333333,1019.7916666666658,29.136904761904738,0
2601,4,0,0,39,0.0,0.0,1.0,39,1050,600,450,0.5714285714285714,15,6,9,358.1774450677892,0.3929655870445344,0.18201287288895118,0.20284445025304348,130026.38996056237,1514.504029492451,131540.8939900548,2600,36,2036.8461538461538,35,4,16,35.89045241337569,0.6226190476190476,45.023148148148145,1019.9074074074072,29.140211640211632,0
2602,4,0,0,39,0.0,0.0,1.0,39,1300,900,400,0.6923076923076923,17,9,8,362.0313940623626,0.39319050832208724,0.18516903071223734,0.2059608279252846,130203.5175004286,1627.552190500673,131831.06969092926,2601,37,2037.8461538461538,35,4,16,35.61228925682316,0.6244047619047619,44.84953703703703,1020.6018518518513,29.160052910052894,0
2603,4,0,0,39,0.0,0.0,1.0,39,900,800,100,0.8888888888888888,10,8,2,359.4953766956634,0.393387314439946,0.18130393960798696,0.20498440322123102,130292.12648158852,1567.8834179955265,131860.00989958405,2602,38,2038.8461538461538,35,4,16,35.587069682197786,0.625297619047619,44.762731481481474,1020.949074074073,29.169973544973516,0
2604,4,0,0,39,0.0,0.0,1.0,39,500,400,100,0.8,6,4,2,358.9648125723494,0.3933591992802519,0.1807137168733186,0.20483748877834806,130321.66950660125,1556.1787337105363,131877.84824031178,2603,39,2039.8461538461538,35,4,16,35.570637799440796,0.6255952380952381,44.73379629629628,1021.0648148148127,29.173280423280364,0
2605,4,1,0,40,0.025,0.0,1.0,40,850,800,50,0.9411764705882353,9,8,1,350.2730224947155,0.39580662393162397,0.1774016745620799,0.20135707569249728,130607.69120049098,1149.6701515704829,131757.36135206147,2604,0,1989.825,36,4,14,35.50273585252102,0.6264467592592593,44.453828828828826,1022.1846846846843,28.39401901901901,0
2606,4,0,0,40,0.0,0.0,1.0,40,900,300,600,0.3333333333333333,15,3,12,351.87176153234105,0.3951255341880342,0.17637114537444964,0.2027281468726939,130694.03863322777,1197.5083191299339,131891.5469523577,2605,1,1990.825,36,4,14,35.374449339207054,0.6273148148148149,44.369369369369366,1022.5225225225221,28.40340340340339,0
2607,4,0,0,40,0.0,0.0,1.0,40,1250,1000,250,0.8,15,10,5,353.99679574113014,0.3951255341880342,0.1741907068927553,0.20425660094796336,130751.61944038629,1257.1308639720783,132008.75030435837,2606,2,1991.825,36,4,14,35.26182742420906,0.6278935185185186,44.31306306306306,1022.7477477477474,28.409659659659653,0
2608,4,0,0,40,0.0,0.0,1.0,40,350,100,250,0.2857142857142857,6,1,5,354.75587602456346,0.394778311965812,0.18097203874944956,0.2050001512599957,130809.21292914526,1281.067384952509,132090.28031409776,2607,3,1992.825,36,4,14,35.184114927344794,0.6284722222222222,44.25675675675675,1022.9729729729721,28.415915915915892,0
2609,4,0,0,40,0.0,0.0,1.0,40,950,500,450,0.5263157894736842,14,5,9,342.7245965455449,0.3947516025641025,0.05744750988944114,0.20342695950286166,131835.7760959203,1036.6726345486304,132872.44873046892,2608,4,1993.825,39,1,16,34.455932819420504,0.6332799145299146,43.25520833333334,1026.979166666668,26.332799145299184,6
2610,4,0,0,40,0.0,0.0,1.0,40,1050,800,250,0.7619047619047619,13,8,5,344.18784354112466,0.3948317307692308,0.05525848960973123,0.20516091096877337,131996.290418837,1086.30371093752,133082.59412977452,2609,5,1994.825,39,1,17,34.25673677986146,0.6348824786324787,43.09895833333334,1027.6041666666683,26.34882478632483,0
2611,4,0,1,39,0.0,0.025,0.975,40,1550,1200,350,0.7741935483870968,19,12,7,341.2857522668036,0.39408386752136754,0.05468591691995983,0.20415093181050642,132130.12695312526,1018.8259548611416,133148.95290798642,2610,6,1995.825,39,1,17,34.196639648767324,0.6362179487179487,42.968750000000014,1028.125000000002,26.36217948717954,0
2612,4,0,0,39,0.0,0.0,1.0,39,750,500,250,0.6666666666666666,10,5,5,349.21368315665075,0.39119433198380565,0.05908549407146224,0.20855275267846932,132068.34781804748,1424.0148339908103,133492.36265203828,2611,47,2047.8461538461538,38,1,17,34.055061843883166,0.6373355263157895,43.02884615384616,1027.8846153846166,27.049595141700436,0
2613,4,0,0,39,0.0,0.0,1.0,39,1500,1300,200,0.8666666666666667,17,13,4,350.61965625333596,0.3906320287899235,0.047000559150091936,0.2107657484219492,132315.551035503,1478.486604207762,133794.03763971076,2612,48,2048.846153846154,38,1,18,33.77011941848391,0.6398026315789473,42.78846153846154,1028.8461538461543,27.074898785425113,0
2614,4,0,0,39,0.0,0.0,1.0,39,1100,800,300,0.7272727272727273,14,8,6,347.81549445584005,0.3906320287899235,0.045885090623054126,0.2098516620791406,132454.4330947985,1413.9665100640984,133868.39960486258,2613,49,2049.846153846154,37,2,18,33.702599062633155,0.6430180180180181,42.65350877192983,1029.3859649122815,27.821242294926527,0
2615,4,0,0,39,0.0,0.0,1.0,39,1000,900,100,0.9,11,9,2,350.4798759199971,0.39023841655420605,0.054662788429738374,0.20058062804228952,130435.08193582077,1401.032996105317,131836.11493192607,2614,50,2050.846153846154,36,3,16,35.67228897953186,0.6247106481481481,44.62274774774774,1021.5090090090074,28.375250250250204,5
2616,4,0,0,39,0.0,0.0,1.0,39,750,600,150,0.8,9,6,3,366.6446510525156,0.38995726495726496,0.06457739791073114,0.1979881115683586,128144.53125000012,1596.7013888889028,129741.23263888902,2615,51,2051.846153846154,36,3,19,37.5943072702332,0.6015625,46.87500000000001,1012.5000000000009,28.125000000000025,7
2617,4,0,0,39,0.0,0.0,1.0,39,1250,700,550,0.56,18,7,11,365.0348524457023,0.3886920827710301,0.06258268216534701,0.1934285530395758,127383.9444551613,1499.9158736282775,128883.86032878958,2616,52,2052.846153846154,35,4,13,38.41483222502484,0.5958333333333333,47.627314814814824,1009.4907407407418,28.842592592592624,1
2618,4,0,0,39,0.0,0.0,1.0,39,1000,600,400,0.6,14,6,8,360.2279338159534,0.38801731893837155,0.0635692942327526,0.19157277138402357,127530.03532503864,1387.9762249228484,128918.01154996149,2617,53,2053.846153846154,35,4,14,38.386258164317645,0.5973214285714286,47.48263888888889,1010.0694444444449,28.859126984127,0
2619,4,0,0,39,0.0,0.0,1.0,39,800,600,200,0.75,10,6,4,357.90002186613765,0.38827035537561855,0.0663746838566408,0.1906106949889883,127588.49511584801,1332.7850383659286,128921.28015421394,2618,54,2054.846153846154,35,4,14,38.38510043151182,0.5979166666666667,47.424768518518526,1010.3009259259268,28.865740740740765,0
2620,4,0,0,39,0.0,0.0,1.0,39,950,500,450,0.5263157894736842,14,5,9,357.2288174414001,0.3879610886189833,0.067303287642271,0.1906676059840041,127676.20991941023,1321.92429698218,128998.13421639241,2619,55,2055.846153846154,35,4,15,38.31214689265537,0.5988095238095238,47.33796296296297,1010.6481481481488,28.875661375661394,0
2621,4,0,0,39,0.0,0.0,1.0,39,1050,800,250,0.7619047619047619,13,8,5,357.1863607025422,0.3879329734592893,0.07074034278064545,0.1909220118957162,127734.70320001716,1325.0187542866997,129059.72195430387,2620,56,2056.846153846154,35,4,15,38.25328219219908,0.5994047619047619,47.280092592592595,1010.8796296296298,28.882275132275137,0
2622,4,0,0,39,0.0,0.0,1.0,39,950,600,350,0.631578947368421,13,6,7,359.82218331119424,0.38745501574448943,0.07248520710059192,0.19261069812540427,127793.20987654342,1396.5663580247194,129189.77623456814,2621,57,2057.846153846154,35,4,15,38.12671703296704,0.6,47.222222222222236,1011.1111111111128,28.888888888888935,0
2623,4,0,0,39,0.0,0.0,1.0,39,1050,600,450,0.5714285714285714,15,6,9,363.3592514538506,0.387089518668466,0.08164989833372971,0.19492918959209343,127880.99500868062,1493.3485243055661,129374.34353298618,2622,58,2058.846153846154,35,4,15,37.947348094747696,0.6008928571428571,47.13541666666667,1011.4583333333339,28.89880952380954,0
2624,4,0,0,39,0.0,0.0,1.0,39,1500,1200,300,0.8,18,12,6,360.54638174060204,0.3872300944669366,0.08018419768725771,0.19414202113258205,128030.53634293095,1432.1893261504947,129462.72566908144,2623,59,2059.846153846154,36,3,15,37.8653425318052,0.6004050925925926,46.98761261261262,1012.049549549551,28.112487487487527,0
2625,4,0,0,39,0.0,0.0,1.0,39,1050,700,350,0.6666666666666666,14,7,7,358.95253779690887,0.38689271255060725,0.07618151222155634,0.1936964774786444,128116.02776763272,1397.5146599302202,129513.54242756295,2624,60,2060.846153846154,36,3,15,37.818177604746,0.6012731481481481,46.90315315315316,1012.3873873873893,28.121871871871924,0
2626,4,0,0,39,0.0,0.0,1.0,39,1250,900,350,0.72,16,9,7,355.74214010942177,0.3860773729194782,0.07439178737167751,0.19266430756421157,128261.74554183817,1325.62474104485,129587.37028288303,2625,61,2061.846153846154,35,4,16,37.75041895185861,0.6047619047619048,46.75925925925926,1012.9629629629633,28.94179894179895,0
2627,4,0,0,39,0.0,0.0,1.0,39,1150,700,450,0.6086956521739131,16,7,9,355.2010594732939,0.38638663967611336,0.07325274562438389,0.1927683433739867,128344.14439777621,1317.5952134567092,129661.73961123292,2626,62,2062.846153846154,36,3,17,37.67990108913092,0.603587962962963,46.67792792792793,1013.2882882882888,28.14689689689691,0
2628,4,0,0,39,0.0,0.0,1.0,39,1000,900,100,0.9,11,9,2,350.18937799848516,0.386808367071525,0.07127734650670448,0.18529437962055734,127325.53155006832,1120.4630994858398,128445.99464955417,2627,63,2063.846153846154,35,4,14,38.849388379204896,0.5952380952380952,47.68518518518517,1009.2592592592571,28.835978835978775,4
2629,4,0,0,39,0.0,0.0,1.0,39,1250,900,350,0.72,16,9,7,351.9012201790255,0.3868364822312191,0.07237329383134061,0.18673882267894237,127442.37075617259,1169.4251543209562,128611.79591049354,2628,64,2064.846153846154,35,4,14,38.686382393397516,0.5964285714285714,47.56944444444443,1009.7222222222201,28.849206349206288,0
2630,4,0,0,39,0.0,0.0,1.0,39,950,800,150,0.8421052631578947,11,8,3,352.43358501059845,0.3866115609536662,0.07262215328209876,0.18756343475442094,127559.26354595333,1191.233710562413,128750.49725651575,2629,65,2065.846153846154,35,4,14,38.553124045218446,0.5976190476190476,47.4537037037037,1010.185185185185,28.862433862433857,0
2631,4,0,0,39,0.0,0.0,1.0,39,1100,800,300,0.7272727272727273,14,8,6,345.77842807668156,0.3861898335582546,0.06858376309450365,0.1846689194676042,127700.83703639575,1031.2389389042742,128732.07597530003,2630,66,2066.846153846154,37,2,18,38.57624575106677,0.5951576576576576,47.31359649122807,1010.7456140350871,27.31744902797533,3
2632,4,0,0,39,0.0,0.0,1.0,39,900,800,100,0.8888888888888888,10,8,2,341.16663870938135,0.38675213675213677,0.06766072897902897,0.1829605276427519,127867.13219452134,924.7999384425908,128791.93213296394,2631,67,2067.846153846154,37,2,20,38.522694420352714,0.5968468468468469,47.14912280701754,1011.4035087719294,27.335229966808903,0
2633,4,0,0,39,0.0,0.0,1.0,39,1400,1200,200,0.8571428571428571,16,12,4,343.74696830487596,0.3869770580296896,0.06715609840609837,0.1849983683968059,128009.35057345306,1000.565234860099,129009.91580831316,2632,68,2068.846153846154,38,1,20,38.31204251126126,0.5964912280701755,47.008547008547005,1011.9658119658113,26.630679262258194,0
2634,4,0,0,39,0.0,0.0,1.0,39,1150,900,250,0.782608695652174,14,9,5,343.6129316330507,0.3864991003148898,0.06668777039147389,0.18555098308184725,128144.53124999987,1006.637628752999,129151.16887875287,2633,69,2069.846153846154,35,4,20,38.177297668038406,0.6035714285714286,46.87499999999999,1012.499999999999,28.9285714285714,0
2635,4,0,0,39,0.0,0.0,1.0,39,900,500,400,0.5555555555555556,13,5,8,346.18150864314566,0.38666779127305445,0.06723959157132531,0.18776164353544572,128320.37278163565,1084.4280478394853,129404.80082947513,2634,70,2070.846153846154,35,4,20,37.93265935572308,0.6053571428571429,46.70138888888888,1013.1944444444433,28.948412698412668,0
2636,4,0,0,39,0.0,0.0,1.0,39,1750,1300,450,0.7428571428571429,22,13,9,343.7735812022373,0.3864991003148898,0.07104665265891108,0.1876378710489302,128572.46393352801,1039.9632740848788,129612.42720761288,2635,71,2071.846153846154,36,3,18,37.73641646309866,0.6059027777777778,46.452702702702695,1014.1891891891883,28.171921921921896,0
2637,4,0,0,39,0.0,0.0,1.0,39,600,400,200,0.6666666666666666,8,4,4,344.8792384798628,0.3869208277103014,0.07337313143908064,0.188376428198188,128601.01814229759,1070.3642409301124,129671.3823832277,2636,72,2072.846153846154,36,3,18,37.67925872469562,0.6061921296296297,46.424549549549546,1014.3018018018008,28.17505005005002,0
2638,4,0,0,39,0.0,0.0,1.0,39,850,500,350,0.5882352941176471,12,5,7,343.04104571465757,0.3869208277103014,0.07202983602378454,0.1878403453871856,128700.2310807169,1029.8923707294234,129730.12345144633,2637,73,2073.846153846154,37,2,18,37.62472084143791,0.6052927927927928,46.3267543859649,1014.6929824561383,27.424134660976712,0
2639,4,0,0,39,0.0,0.0,1.0,39,700,500,200,0.7142857142857143,9,5,4,342.00104142684245,0.387089518668466,0.07130293637801466,0.1876647089797437,128783.68975309691,1008.8312028700881,129792.520955967,2638,74,2074.846153846154,37,2,18,37.56605361708256,0.6061373873873874,46.24451754385964,1015.0219298245598,27.43302513039351,0
2640,4,0,0,39,0.0,0.0,1.0,39,1000,800,200,0.8,12,8,4,338.9664938167724,0.387342555105713,0.06469223571361327,0.1866532500434566,128922.84765504744,940.105128501047,129862.95278354849,2639,75,2075.846153846154,37,2,18,37.501349600518246,0.607545045045045,46.10745614035086,1015.5701754385943,27.44784257942147,0
2641,4,0,0,39,0.0,0.0,1.0,39,1000,800,200,0.8,12,8,4,335.70619218927334,0.38666779127305445,0.057988335933955026,0.1856399158239967,129089.93632656202,867.2581948291747,129957.1945213912,2640,76,2076.846153846154,37,2,18,37.41413106027909,0.6092342342342343,45.94298245614035,1016.2280701754386,27.465623518255097,0
2642,4,0,0,39,0.0,0.0,1.0,39,850,700,150,0.8235294117647058,10,7,3,334.9967241882912,0.3869489428699955,0.057367300085747086,0.18550893866340848,129145.65659626026,852.6743805786256,129998.33097683889,2641,77,2077.846153846154,37,2,19,37.37549442646531,0.6097972972972974,45.888157894736835,1016.4473684210516,27.471550497866257,0
2643,4,0,0,39,0.0,0.0,1.0,39,1000,800,200,0.8,12,8,4,335.5795492859274,0.38641475483580745,0.058940673969575696,0.18596618587394262,129174.23575726841,869.6463629556376,130043.88212022405,2642,78,2078.846153846154,38,1,19,37.33162550359081,0.6082785087719298,45.860042735042725,1016.5598290598275,26.75157444894283,0
2644,4,0,0,39,0.0,0.0,1.0,39,600,400,200,0.6666666666666666,8,4,4,338.17135985238747,0.386808367071525,0.06065924329297867,0.18766743749890674,129230.01284646161,940.3835427430223,130170.39638920463,2643,79,2079.846153846154,36,3,19,37.20903939159007,0.6125578703703703,45.805180180180194,1016.7792792792816,28.243868868868933,0
2645,4,0,0,39,0.0,0.0,1.0,39,1000,700,300,0.7,13,7,6,340.1593733245649,0.38739878542510126,0.05983662857694272,0.18945744627707317,129373.1801903258,1001.4999797094723,130374.68017003528,2644,80,2080.846153846154,36,3,20,37.01295107372149,0.6140046296296297,45.66441441441443,1017.3423423423451,28.259509509509584,0
2646,4,0,0,39,0.0,0.0,1.0,39,500,300,200,0.6,7,3,4,341.8270746633259,0.3869489428699955,0.05568608755859783,0.19066354608998864,129430.4693206722,1048.5677400373584,130479.03706070955,2645,81,2081.846153846154,36,3,17,36.91230448576067,0.6145833333333333,45.60810810810812,1017.5675675675691,28.265765765765806,0
2647,4,0,0,39,0.0,0.0,1.0,39,1050,700,350,0.6666666666666666,14,7,7,343.37115279191784,0.3869489428699955,0.05872475606988892,0.19208386270042957,129545.08562616695,1096.4090779969483,130641.4947041639,2646,82,2082.846153846154,36,3,18,36.75654498525074,0.6157407407407407,45.49549549549551,1018.01801801802,28.278278278278336,0
2648,4,0,0,39,0.0,0.0,1.0,39,850,700,150,0.8235294117647058,10,7,3,342.44079621851347,0.38666779127305445,0.05951059494027411,0.19179163049970566,129591.85157933226,1075.5073676516035,130667.35894698386,2647,83,2083.846153846154,37,2,18,36.73271591643334,0.6143018018018018,45.44956140350878,1018.2017543859661,27.518966334755838,0
2649,4,0,0,39,0.0,0.0,1.0,39,1150,700,450,0.6086956521739131,16,7,9,342.34248430839324,0.3869489428699955,0.06278601197869249,0.19228305194830567,129703.52055440145,1080.6050900277132,130784.12564442916,2648,84,2084.846153846154,37,2,19,36.62181557229997,0.615427927927928,45.33991228070176,1018.6403508771937,27.530820293978206,0
2650,4,0,0,39,0.0,0.0,1.0,39,1050,800,250,0.7619047619047619,13,8,5,344.5235527496462,0.3870051731893837,0.06346946938662934,0.19419929792649868,129843.17440221997,1146.8063490689517,130989.98075128892,2649,85,2085.846153846154,37,2,20,36.424488972565904,0.6168355855855856,45.202850877192986,1019.1885964912285,27.545637743006175,0
2651,4,0,0,39,0.0,0.0,1.0,39,800,600,200,0.75,10,6,4,348.7743884246769,0.3867240215924426,0.057938405287583095,0.19715823938973084,129954.95158366048,1264.9917522699445,131219.94333593044,2650,86,2086.846153846154,37,2,20,36.202705488045325,0.6179617117117118,45.09320175438597,1019.6271929824571,27.55749170222857,0
2652,4,0,0,39,0.0,0.0,1.0,39,1000,800,200,0.8,12,8,4,348.5321851506727,0.3857118758434548,0.05874155167274919,0.19775007938227984,130099.0430843194,1268.7407544378607,131367.78383875726,2651,87,2087.846153846154,38,1,20,36.06267672007543,0.6175986842105263,44.95192307692307,1020.1923076923067,26.84716599190281,0
2653,4,0,0,39,0.0,0.0,1.0,39,400,100,300,0.25,7,1,6,348.24659411748564,0.3856837606837607,0.05718351456571291,0.19772621723079586,130126.29323727073,1263.2076850025437,131389.50092227326,2652,88,2088.846153846154,38,1,20,36.04232111692842,0.6178728070175439,44.92521367521367,1020.2991452991448,26.849977507872232,0
2654,4,0,0,39,0.0,0.0,1.0,39,650,300,350,0.46153846153846156,10,3,7,349.95318707462735,0.3857118758434548,0.06002324900869582,0.19883419927125312,130153.5462437906,1309.5296634158788,131463.07590720648,2653,89,2089.846153846154,38,1,20,35.97114612780513,0.6181469298245614,44.89850427350427,1020.4059829059826,26.85278902384165,0
2655,4,0,0,39,0.0,0.0,1.0,39,850,500,350,0.5882352941176471,12,5,7,353.34972645818874,0.38590868196131356,0.05807206539884002,0.20118613150068762,130235.32238476159,1403.7231079699163,131639.0454927315,2654,90,2090.846153846154,38,1,20,35.8015403670365,0.6189692982456141,44.818376068376075,1020.7264957264965,26.861223571749907,0
2656,4,0,0,39,0.0,0.0,1.0,39,1050,1000,50,0.9523809523809523,11,10,1,355.0952941569559,0.38652721547458385,0.057855779039049926,0.20278354565351572,130351.21588059395,1457.429230072937,131808.6451106669,2655,91,2091.846153846154,35,4,21,35.63945086705203,0.6258928571428571,44.7048611111111,1021.1805555555541,29.176587301587258,0
2657,4,0,0,39,0.0,0.0,1.0,39,850,600,250,0.7058823529411765,11,6,5,355.4189055480509,0.3864709851551957,0.06337917690738903,0.2034323774557131,130439.87509645055,1472.1595293209766,131912.0346257715,2656,92,2092.846153846154,35,4,21,35.54129843643779,0.6267857142857143,44.61805555555555,1021.5277777777771,29.18650793650792,0
2658,4,0,0,39,0.0,0.0,1.0,39,950,700,250,0.7368421052631579,12,7,5,356.654103813434,0.38602114260008996,0.07161713583731943,0.2046068279771804,130528.56445312488,1510.7096354166529,132039.27408854154,2657,93,2093.846153846154,35,4,18,35.4198521916412,0.6276785714285714,44.53124999999999,1021.8749999999991,29.196428571428545,0
2659,4,0,0,39,0.0,0.0,1.0,39,550,200,350,0.36363636363636365,9,2,7,356.47300330812897,0.38621794871794873,0.07504180602006727,0.20497197690217386,130617.28395061711,1512.307098765415,132129.59104938252,2658,94,2094.846153846154,35,4,18,35.33457880434783,0.6285714285714286,44.444444444444436,1022.2222222222208,29.206349206349167,0
2660,4,0,0,39,0.0,0.0,1.0,39,1250,1000,250,0.8,15,10,5,355.12134070414896,0.3863304093567252,0.06878060482903625,0.2053645690832077,130838.01442912508,1492.6742198279348,132330.68864895302,2659,95,2095.846153846154,36,3,18,35.14561548339754,0.6287615740740741,44.2286036036036,1023.0855855855856,28.419044044044043,0
2661,4,0,0,39,0.0,0.0,1.0,39,850,600,250,0.7058823529411765,11,6,5,352.83990207568735,0.38604925775978405,0.0696909927679159,0.20435029892681766,130895.6269402848,1437.0400383491492,132332.66697863393,2660,96,2096.846153846154,36,3,18,35.145675140310345,0.6293402777777778,44.17229729729729,1023.3108108108102,28.425300300300282,0
2662,4,0,0,39,0.0,0.0,1.0,39,1000,800,200,0.8,12,8,4,353.1751349816688,0.38616171839856045,0.0701834564745778,0.2048505936087038,130953.25213304527,1449.8864996753591,132403.13863272063,2661,97,2097.846153846154,36,3,18,35.07880404885026,0.6299189814814814,44.115990990990994,1023.5360360360366,28.431556556556572,0
2663,4,0,0,39,0.0,0.0,1.0,39,950,800,150,0.8421052631578947,11,8,3,354.203773293321,0.3862460638776428,0.07210953156899125,0.2058420108835595,131027.14913662433,1482.0621256118109,132509.21126223615,2662,98,2098.846153846154,38,1,18,34.977738356116745,0.6269188596491229,44.04380341880342,1023.8247863247865,26.942757534862803,0
2664,4,0,0,39,0.0,0.0,1.0,39,1250,900,350,0.72,16,9,7,354.58881938411287,0.38554318488529016,0.07166653298040204,0.20709541887293784,131218.6392815398,1505.7324768061835,132724.37175834598,2663,99,2099.846153846154,38,1,18,34.77428745220716,0.6288377192982456,43.8568376068376,1024.5726495726485,26.962438146648644,0
2665,4,0,0,39,0.0,0.0,1.0,39,250,100,150,0.4,4,1,3,352.62472862960266,0.3853744939271255,0.07240762573887394,0.2060952938626763,131246.0064308021,1456.117480276133,132702.12391107823,2664,100,2100.846153846154,38,1,18,34.796945052653534,0.6291118421052632,43.830128205128204,1024.679487179487,26.96524966261808,0
2666,4,0,0,39,0.0,0.0,1.0,39,800,500,300,0.625,11,5,6,350.24987071214446,0.38548695456590193,0.06401891330760723,0.20529693048826564,131356.22409058549,1401.5257831096287,132757.7498736951,2665,101,2101.846153846154,37,2,19,34.74647466752236,0.6320382882882882,43.72258771929824,1025.1096491228063,27.70566619250828,0
2667,4,0,0,39,0.0,0.0,1.0,39,1050,800,250,0.7619047619047619,13,8,5,348.64894743562667,0.385768106162843,0.05518507859501964,0.205261856718709,131524.88175448205,1371.20231705908,132896.08407154112,2666,102,2102.846153846154,37,2,19,34.61729467308033,0.6337274774774775,43.55811403508771,1025.7675438596484,27.72344713134185,0
2668,4,0,0,39,0.0,0.0,1.0,39,1150,900,250,0.782608695652174,14,9,5,342.62272627657273,0.3858243364822312,0.061538461538461764,0.2024588837088836,131665.51246537376,1222.3193674976724,132887.83183287142,2667,103,2103.846153846154,37,2,17,34.63007478632478,0.6351351351351351,43.42105263157894,1026.3157894736826,27.738264580369798,0
2669,4,0,0,39,0.0,0.0,1.0,39,850,500,350,0.5882352941176471,12,5,7,343.43565706342866,0.38529014844804316,0.06468189076884778,0.20308914629000321,131693.64762474972,1245.6588806170953,132939.3065053668,2668,104,2104.846153846154,37,2,17,34.58086297760213,0.6354166666666667,43.393640350877185,1026.4254385964896,27.741228070175396,0
2670,4,0,0,39,0.0,0.0,1.0,39,1300,1100,200,0.8461538461538461,15,11,4,341.65550924723726,0.38529014844804316,0.06039399290867564,0.20263482229894694,131806.21831957888,1206.464128385633,133012.68244796453,2669,105,2105.846153846154,37,2,17,34.513147357181,0.6365427927927928,43.283991228070164,1026.8640350877174,27.753082029397767,0
2671,4,0,0,39,0.0,0.0,1.0,39,650,400,250,0.6153846153846154,9,4,5,343.0817251726582,0.3850933423301844,0.06270361427312121,0.20363139657586243,131834.36850761744,1245.9925169282492,133080.36102454568,2670,106,2106.846153846154,37,2,17,34.44818136522172,0.6368243243243243,43.2565789473684,1026.973684210524,27.75604551920335,0
2672,4,0,0,39,0.0,0.0,1.0,39,1150,900,250,0.782608695652174,14,9,5,341.29382005278404,0.38469973009446695,0.06430363263821093,0.2036248870372211,132031.50398439897,1212.3072724299705,133243.81125682892,2671,107,2107.846153846154,37,2,17,34.295649738610905,0.638795045045045,43.06469298245614,1027.7412280701747,27.77678994784256,0
2673,4,0,0,39,0.0,0.0,1.0,39,1000,800,200,0.8,12,8,4,340.08208863886523,0.38573999100314893,0.058172154141444166,0.20365835423086062,132172.40521121884,1189.8935249307501,133362.2987361496,2672,108,2108.846153846154,37,2,17,34.18506078055023,0.6402027027027026,42.92763157894737,1028.2894736842106,27.791607396870557,0
2674,4,0,0,39,0.0,0.0,1.0,39,750,400,350,0.5333333333333333,11,4,7,341.3172381917029,0.3854588394062078,0.06344937660222216,0.20500885587161075,132285.18029586028,1230.2424784549053,133515.42277431517,2673,109,2109.846153846154,37,2,17,34.03991686207631,0.6413288288288288,42.81798245614035,1028.7280701754387,27.80346135609294,0
2675,4,0,0,39,0.0,0.0,1.0,39,950,800,150,0.8421052631578947,11,8,3,342.8049327742469,0.3851214574898785,0.06392634181659207,0.20636461155139882,132369.793169533,1275.4036097645449,133645.19677929755,2674,110,2110.846153846154,37,2,17,33.91660007103535,0.6421734234234234,42.73574561403509,1029.05701754386,27.81235182550973,0
2676,4,0,0,39,0.0,0.0,1.0,39,1100,900,200,0.8181818181818182,13,9,4,340.03686672699854,0.3849527665317139,0.06708131540346329,0.20500488554697094,132426.2167806441,1205.9591653201046,133632.1759459642,2675,111,2111.846153846154,37,2,17,33.931123717197536,0.6427364864864865,42.68092105263158,1029.2763157894742,27.818278805120926,0
2677,4,0,0,39,0.0,0.0,1.0,39,1300,1000,300,0.7692307692307693,16,10,6,336.8054066989443,0.38419365721997306,0.06299117992408743,0.20351369169260547,132510.87474030483,1126.0758117882547,133636.9505520931,2676,112,2112.846153846154,37,2,17,33.9292687255946,0.6435810810810811,42.59868421052632,1029.6052631578957,27.82716927453772,0
2678,4,0,0,39,0.0,0.0,1.0,39,850,700,150,0.8235294117647058,10,7,3,335.6519857460462,0.3840249662618083,0.058509796214714305,0.20342675832892654,132623.79410010795,1103.0879693752133,133726.88206948317,2677,113,2113.846153846154,37,2,18,33.84562841530053,0.6447072072072072,42.48903508771931,1030.0438596491244,27.83902323376012,0
2679,4,0,0,39,0.0,0.0,1.0,39,750,500,250,0.6666666666666666,10,5,5,362.7527366500516,0.3833783175888439,0.018199225600921576,0.20884160406124405,130665.25298524878,1716.3131911156097,132381.5661763644,2678,114,2114.846153846154,36,3,19,35.12547270257368,0.627025462962963,44.39752252252252,1022.4099099099101,28.40027527527528,5
2680,4,0,0,39,0.0,0.0,1.0,39,650,500,150,0.7692307692307693,8,5,3,362.9593998374738,0.38320962663067926,0.017972998153575004,0.2094280348998689,130751.61944038632,1691.5058639720773,132443.1253043584,2679,115,2115.846153846154,36,3,19,35.03266534537179,0.6278935185185186,44.31306306306306,1022.7477477477477,28.409659659659656,0
2681,4,0,0,39,0.0,0.0,1.0,39,900,700,200,0.7777777777777778,11,7,4,360.7607355347844,0.38419365721997306,0.02213284788958969,0.20862579772969544,130838.01442912506,1640.2436642723774,132478.25809339745,2680,116,2116.846153846154,36,3,19,35.00137589433132,0.6287615740740741,44.2286036036036,1023.0855855855855,28.419044044044043,0
2682,4,0,0,39,0.0,0.0,1.0,39,950,600,350,0.631578947368421,13,6,7,359.12770594991315,0.38340643274853803,0.025093791430425005,0.20845918563759303,130982.06948502544,1607.8580269458507,132589.9275119713,2681,117,2117.846153846154,36,3,19,34.89732306563991,0.6302083333333333,44.08783783783783,1023.6486486486476,28.434684684684655,0
2683,4,0,0,39,0.0,0.0,1.0,39,950,600,350,0.631578947368421,13,6,7,356.8552288285978,0.3836313540260909,0.017020809312030094,0.2077947529463279,131103.4404816865,1556.9896506617247,132660.43013234824,2682,118,2118.846153846154,37,2,19,34.83270877944325,0.6295045045045045,43.96929824561403,1024.1228070175425,27.678994784257906,0
2684,4,0,0,39,0.0,0.0,1.0,39,1100,1000,100,0.9090909090909091,12,10,2,354.40285582281285,0.38236617183985605,0.01936931746475934,0.20727466148435594,131271.93583602645,1504.6297899353603,132776.5656259618,2683,119,2119.846153846154,37,2,20,34.72519437905698,0.6311936936936937,43.80482456140351,1024.7807017543857,27.696775723091505,0
2685,4,0,0,39,0.0,0.0,1.0,39,950,700,250,0.7368421052631579,12,7,5,356.9303985722785,0.3829847053531264,0.01667708984782168,0.20905923344947727,131328.125,1575.0120229301326,132903.13702293014,2684,120,2120.846153846154,36,3,21,34.60365853658537,0.6336805555555556,43.75,1025.0,28.47222222222222,0
2686,4,0,0,39,0.0,0.0,1.0,39,900,600,300,0.6666666666666666,12,6,6,355.8485383364033,0.38287224471435,0.017760359036300244,0.20921321101546966,131472.44953991158,1556.8558000568178,133029.3053399684,2685,121,2121.846153846154,36,3,23,34.485606310164336,0.6351273148148149,43.609234234234236,1025.5630630630635,28.487862862862876,0
2687,4,0,0,39,0.0,0.0,1.0,39,750,400,350,0.5333333333333333,11,4,7,352.18444223429793,0.3829284750337382,0.01219419509023223,0.20737220971636847,131530.20154867708,1464.5781338771285,132994.77968255422,2686,122,2122.846153846154,36,3,23,34.521261023895796,0.6357060185185186,43.55292792792793,1025.7882882882886,28.49411911911913,0
2688,4,0,0,39,0.0,0.0,1.0,39,950,600,350,0.631578947368421,13,6,7,352.3467225677419,0.38273166891587945,0.006395491094405514,0.20872937424627064,131761.33639974444,1485.1350083191423,133246.47140806357,2687,123,2123.846153846154,36,3,18,34.283938430039136,0.6380208333333333,43.32770270270271,1026.68918918919,28.519144144144168,0
2689,4,0,0,39,0.0,0.0,1.0,39,850,600,250,0.7058823529411765,11,6,5,352.3467225677419,0.38273166891587945,0.006395491094405514,0.20872937424627064,131761.33639974444,1485.1350083191423,133246.47140806357,2688,124,2124.846153846154,36,3,18,34.283938430039136,0.6380208333333333,43.32770270270271,1026.68918918919,28.519144144144168,0
2690,4,0,0,39,0.0,0.0,1.0,39,1000,600,400,0.6,14,6,8,354.2224982313588,0.38160706252811516,0.006160816420599735,0.21080051215686127,131934.82069485018,1546.8563580472337,133481.6770528974,2689,125,2125.846153846154,36,3,20,34.060890058094934,0.6397569444444444,43.15878378378378,1027.3648648648643,28.537912912912898,0
2691,4,0,0,39,0.0,0.0,1.0,39,950,700,250,0.7368421052631579,12,7,5,355.179406574334,0.38110098965362127,0.000448499168635319,0.21238278801281593,132116.03570329322,1584.9790320098339,133701.01473530306,2690,126,2126.846153846154,37,2,20,33.85372226962457,0.6396396396396397,42.98245614035087,1028.0701754385957,27.785680417259343,0
2692,4,0,0,39,0.0,0.0,1.0,39,800,500,300,0.625,11,5,6,352.2060728947403,0.38084795321637427,0.0033021704663493967,0.21123356545733143,132228.78674207447,1514.356340412428,133743.1430824869,2691,127,2127.846153846154,37,2,20,33.816631130063946,0.6407657657657657,42.872807017543856,1028.5087719298244,27.797534376481742,0
2693,4,0,0,39,0.0,0.0,1.0,39,700,400,300,0.5714285714285714,10,4,6,348.8635399517055,0.38132591093117413,0.006909029292316404,0.20954146810671584,132285.18029586028,1429.8952562326845,133715.07555209295,2692,128,2128.846153846154,37,2,20,33.845839550913084,0.6413288288288288,42.81798245614035,1028.7280701754387,27.80346135609294,0
2694,4,0,0,39,0.0,0.0,1.0,39,1150,900,250,0.782608695652174,14,9,5,346.85201066520546,0.38121345029239767,0.0066350218753505885,0.20848894401483792,132313.38158135177,1378.6324878808714,133692.01406923265,2693,129,2129.846153846154,37,2,20,33.86920938576859,0.6416103603603603,42.79057017543859,1028.837719298244,27.80642484589849,0
2695,4,0,0,39,0.0,0.0,1.0,39,800,600,200,0.75,10,6,4,346.0145224475074,0.38073549257759787,0.00934288383681059,0.20845265132813273,132398.00347222234,1362.3534404816926,133760.35691270404,2694,130,2130.846153846154,36,3,21,33.80566801619432,0.6443865740740741,42.708333333333336,1029.1666666666674,28.587962962962983,0
2696,4,0,0,39,0.0,0.0,1.0,39,1150,900,250,0.782608695652174,14,9,5,345.93705710501615,0.37989203778677466,0.015101261987241044,0.2095026935775252,132595.5597515581,1373.9435451292616,133969.50329668736,2695,131,2131.846153846154,37,2,22,33.60913712338974,0.6444256756756757,42.51644736842105,1029.9342105263152,27.836059743954465,0
2697,4,0,0,39,0.0,0.0,1.0,39,1200,1000,200,0.8333333333333334,14,10,4,348.2680985326433,0.3793297345928925,0.020846805991001416,0.21154979456439874,132708.51518015156,1443.6284481763614,134152.14362832793,2696,132,2132.846153846154,37,2,16,33.4356487886205,0.6455518018018018,42.406798245614034,1030.3728070175437,27.847913703176857,0
2698,4,0,0,39,0.0,0.0,1.0,39,800,400,400,0.5,12,4,8,344.7732005432322,0.3788236617183986,0.02458265139116178,0.20990078271414386,132793.26331178818,1356.711680517073,134149.97499230524,2697,133,2133.846153846154,37,2,16,33.44060283687942,0.6463963963963963,42.32456140350877,1030.7017543859645,27.856804172593634,0
2699,4,0,0,39,0.0,0.0,1.0,39,1250,900,350,0.72,16,9,7,343.48974747436307,0.37840193432298697,0.027279891578519955,0.20959338711884717,132878.03849501768,1328.4487775084617,134206.48727252614,2698,134,2134.846153846154,37,2,16,33.38861267680529,0.647240990990991,42.24232456140351,1031.0307017543857,27.865694642010425,0
2700,4,0,0,39,0.0,0.0,1.0,39,1200,1000,200,0.8333333333333334,14,10,4,344.22325477810193,0.3766587944219523,0.029423949066806454,0.21083674355158719,133019.39058171725,1357.673514927648,134377.0640966449,2699,135,2135.846153846154,37,2,18,33.2279265873016,0.6486486486486487,42.105263157894726,1031.5789473684194,27.880512091038362,0
2701,4,0,0,39,0.0,0.0,1.0,39,1300,900,400,0.6923076923076923,17,9,8,344.22325477810193,0.3766587944219523,0.029423949066806454,0.21083674355158719,133019.39058171725,1357.673514927648,134377.0640966449,2700,136,2136.846153846154,37,2,18,33.2279265873016,0.6486486486486487,42.105263157894726,1031.5789473684194,27.880512091038362,0
2702,4,0,0,39,0.0,0.0,1.0,39,900,700,200,0.7777777777777778,11,7,4,346.9698353858325,0.37693994601889336,0.03439510229436937,0.2130028128386212,133104.2379025274,1436.6311028393052,134540.86900536672,2701,137,2137.846153846154,37,2,18,33.072003506534905,0.6494932432432432,42.02302631578946,1031.9078947368398,27.88940256045513,0
2703,4,0,0,39,0.0,0.0,1.0,39,1150,900,250,0.782608695652174,14,9,5,342.4448354913933,0.37730544309491676,0.03129092775476994,0.2111855282136508,133274.0136989264,1327.7995392812988,134601.8132382077,2702,138,2138.846153846154,37,2,19,33.01863208382003,0.6511824324324325,41.85855263157894,1032.5657894736828,27.907183499288724,0
2704,4,0,0,39,0.0,0.0,1.0,39,950,700,250,0.7368421052631579,12,7,5,341.97022798912826,0.37755847953216376,0.03163690500491301,0.21153654089859317,133387.25767784304,1322.894183787309,134710.15186163035,2703,139,2139.846153846154,37,2,19,32.91748487421718,0.6523085585585586,41.748903508771924,1033.0043859649113,27.919037458511117,0
2705,4,0,0,39,0.0,0.0,1.0,39,1100,700,400,0.6363636363636364,15,7,8,341.13642744548144,0.37705240665766987,0.029244184967481823,0.21134723829758179,133444.62393390675,1304.564454123749,134749.1883880305,2704,140,2140.846153846154,38,1,19,32.8815961810223,0.6510416666666667,41.69337606837607,1033.2264957264956,27.190170940170937,0
2706,4,0,0,39,0.0,0.0,1.0,39,1550,1200,350,0.7741935483870968,19,12,7,339.1836473151351,0.3765182186234817,0.03664041115021521,0.21095568308624263,133588.61395178968,1262.2203711254342,134850.83432291512,2705,141,2141.846153846154,36,3,19,32.787990196078425,0.65625,41.554054054054056,1033.7837837837842,28.716216216216228,0
2707,4,0,0,39,0.0,0.0,1.0,39,850,600,250,0.7058823529411765,11,6,5,336.4387750592198,0.37601214574898784,0.036225323469518234,0.20971276190241248,133670.5780264119,1194.3931065327738,134864.9711329447,2706,142,2142.846153846154,37,2,20,32.77698989149259,0.6551238738738738,41.47478070175438,1034.1008771929821,27.948672356567084,0
2708,4,0,0,39,0.0,0.0,1.0,39,800,600,200,0.75,10,6,4,336.54855685323315,0.376040260908682,0.03426924930746478,0.21022342757761334,133748.36205164745,1202.563645993143,134950.9256976406,2707,143,2143.846153846154,38,1,15,32.69641258693106,0.6540570175438596,41.399572649572654,1034.4017094017104,27.221097615834484,0
2709,4,0,0,39,0.0,0.0,1.0,39,800,500,300,0.625,11,5,6,336.7596557650205,0.37553418803418803,0.03273513983004861,0.21051283065027082,133775.9917292169,1210.0713848710698,134986.06311408797,2708,144,2144.846153846154,38,1,16,32.663344693449005,0.6543311403508771,41.37286324786325,1034.5085470085473,27.22390913180388,0
2710,4,0,0,39,0.0,0.0,1.0,39,1250,900,350,0.72,16,9,7,336.6927383991122,0.37477507872244714,0.03598108822143531,0.21094475188446324,133858.89788333705,1213.8637774855783,135072.76166082264,2709,145,2145.846153846154,38,1,17,32.582249294514426,0.6551535087719298,41.292735042735046,1034.8290598290603,27.232343679712113,0
2711,4,0,0,39,0.0,0.0,1.0,39,1100,800,300,0.7272727272727273,14,8,6,334.7689020477716,0.37502811515969414,0.03931376908255513,0.21005447688075193,133914.18292059316,1166.0607969902812,135080.24371758345,2710,146,2146.846153846154,38,1,17,32.576813239746784,0.6557017543859649,41.23931623931624,1035.0427350427349,27.237966711650916,0
2712,4,0,0,39,0.0,0.0,1.0,39,1300,900,400,0.6923076923076923,17,9,8,334.25149576777426,0.3737910481331534,0.04090498982666957,0.2102031956836795,133997.13187824166,1157.7483517787991,135154.88023002047,2711,147,2147.846153846154,38,1,17,32.50739517765623,0.6565241228070176,41.159188034188034,1035.363247863248,27.24640125955916,0
2713,4,0,1,38,0.0,0.02564102564102564,0.9743589743589743,39,1200,800,400,0.6666666666666666,16,8,8,336.6797695892862,0.3734817813765183,0.03972441517567882,0.2123689242789933,134107.77043839928,1230.27465026662,135338.0450886659,2712,148,2148.846153846154,38,1,17,32.33410692796974,0.6576206140350878,41.05235042735042,1035.790598290597,27.257647323436764,0
2714,4,0,0,38,0.0,0.0,1.0,38,800,600,200,0.75,10,6,4,342.286531399968,0.37338489805595065,0.0370271294500546,0.2155036001694197,134039.34383656504,1575.972414589097,135615.31625115414,2713,149,2135.2368421052633,37,1,17,32.25725328250741,0.6587837837837838,41.118421052631575,1035.526315789473,27.987197724039813,0
2715,4,0,0,38,0.0,0.0,1.0,38,650,500,150,0.7692307692307693,8,5,3,343.05208979765706,0.372614390706496,0.03959905055885504,0.21631976236506464,134096.1221241151,1600.3909856879006,135696.513109803,2714,150,2136.2368421052633,37,1,17,32.18072905639072,0.6593468468468469,41.06359649122807,1035.7456140350876,27.993124703651016,0
2716,4,0,0,38,0.0,0.0,1.0,38,800,500,300,0.625,11,5,6,343.05208979765706,0.372614390706496,0.03959905055885504,0.21631976236506464,134096.1221241151,1600.3909856879006,135696.513109803,2715,151,2137.2368421052633,37,1,17,32.18072905639072,0.6593468468468469,41.06359649122807,1035.7456140350876,27.993124703651016,0
2717,4,0,0,38,0.0,0.0,1.0,38,600,300,300,0.5,9,3,6,342.21259203269767,0.3716068041725937,0.03944862155388429,0.21645977206887515,134209.71476800562,1585.650873345649,135795.36564135127,2716,152,2138.2368421052633,37,1,19,32.089065255731924,0.660472972972973,40.953947368421055,1036.1842105263163,28.004978662873413,0
2718,4,0,0,38,0.0,0.0,1.0,38,600,300,300,0.5,9,3,6,352.4916198119652,0.3716068041725937,0.021044358031841348,0.214725743231557,132815.23946544924,1786.960997199043,134602.2004626483,2717,153,2139.2368421052633,35,3,19,33.21964593158172,0.6505952380952381,42.30324074074074,1030.787037037037,29.4510582010582,6
2719,4,0,0,38,0.0,0.0,1.0,38,900,600,300,0.6666666666666666,12,6,6,357.59285507185314,0.37132527264106213,0.021307195719070027,0.2187034956448373,132964.41139671204,1909.4246988597292,134873.83609557175,2718,154,2140.2368421052633,35,3,19,32.93833931844538,0.6520833333333333,42.15856481481481,1031.36574074074,29.46759259259257,0
2720,4,0,0,38,0.0,0.0,1.0,38,450,200,250,0.4444444444444444,7,2,5,359.4343661565902,0.37108819345661453,0.017883399174476233,0.22018134058788202,133024.1036120754,1962.68687307097,134986.7904851464,2719,155,2141.2368421052633,35,3,19,32.83090710198586,0.6526785714285714,42.100694444444436,1031.5972222222208,29.47420634920631,0
2721,4,0,0,38,0.0,0.0,1.0,38,1400,1000,400,0.7142857142857143,18,10,8,359.83356682421265,0.3700065196775723,0.06651733193901399,0.2110864725118462,131387.44882758913,1864.987086334011,133252.43591392314,2720,156,2142.2368421052633,35,3,19,34.46931210958079,0.6363095238095238,43.692129629629626,1025.2314814814813,29.292328042328037,8
2722,4,0,0,38,0.0,0.0,1.0,38,700,300,400,0.42857142857142855,11,3,8,359.28840696364045,0.37028805120910385,0.06725542267453255,0.21093015223929026,131417.11576485334,1843.329234182095,133260.44499903545,2721,157,2143.2368421052633,35,3,19,34.45331019302404,0.6366071428571429,43.66319444444444,1025.347222222222,29.295634920634914,0
2723,4,0,0,38,0.0,0.0,1.0,38,800,600,200,0.75,10,6,4,359.06425000891744,0.3707177572309151,0.06713793513128197,0.21096215219356795,131446.78605109727,1839.5683299039629,133286.35438100123,2722,158,2144.2368421052633,35,3,20,34.4290820165538,0.6369047619047619,43.63425925925925,1025.462962962962,29.29894179894177,0
2724,4,0,0,38,0.0,0.0,1.0,38,700,700,0,1.0,7,7,0,358.99574717728916,0.371384542437174,0.06229624043183635,0.2114139074572966,131535.817003708,1844.1597811642628,133379.97678487227,2723,159,2145.2368421052633,35,3,20,34.340916356387964,0.6377976190476191,43.5474537037037,1025.8101851851852,29.308862433862434,0
2725,4,0,0,38,0.0,0.0,1.0,38,1000,800,200,0.8,12,8,4,359.782524672112,0.37105855855855857,0.06377237510018707,0.21220705796528777,131595.18771701402,1869.129774305575,133464.31749131958,2724,160,2146.2368421052633,35,3,16,34.26078680203048,0.6383928571428572,43.48958333333334,1026.0416666666679,29.315476190476225,0
2726,4,0,0,38,0.0,0.0,1.0,38,1100,800,300,0.7272727272727273,14,8,6,358.9483304206189,0.3705547652916074,0.06755602228432078,0.21270745752580586,131773.38023244622,1859.966965663607,133633.3471981098,2725,161,2147.2368421052633,35,3,16,34.102341900574906,0.6401785714285715,43.315972222222236,1026.736111111113,29.335317460317512,0
2727,4,0,0,38,0.0,0.0,1.0,38,650,600,50,0.9230769230769231,7,6,1,357.9533304441645,0.37030286865813183,0.07000142375777085,0.2122835526537857,131803.0907064475,1835.8710562414574,133638.96176268894,2726,162,2148.2368421052633,35,3,16,34.097911030958805,0.6404761904761904,43.28703703703705,1026.8518518518542,29.338624338624406,0
2728,4,0,0,38,0.0,0.0,1.0,38,1200,900,300,0.75,15,9,6,355.27815378791917,0.37059921763869136,0.07318244902316695,0.21102666243065604,131862.5217013892,1769.5746527778163,133632.096354167,2727,163,2149.2368421052633,35,3,16,34.106659905341466,0.6410714285714285,43.229166666666686,1027.0833333333358,29.345238095238166,0
2729,4,0,0,38,0.0,0.0,1.0,38,600,400,200,0.6666666666666666,8,4,4,355.5288110527273,0.3708955666192508,0.07209269229856963,0.21150628196407598,131921.96609224993,1780.4119513031865,133702.37804355312,2728,164,2150.2368421052633,35,3,16,34.0402959290972,0.6416666666666666,43.17129629629631,1027.314814814817,29.351851851851915,0
2730,4,0,0,38,0.0,0.0,1.0,38,750,400,350,0.5333333333333333,11,4,7,352.8681051353465,0.37105855855855857,0.061903294436970846,0.21074792479536103,132070.6356765478,1720.702991040846,133791.33866758866,2729,165,2151.2368421052633,35,3,16,33.95884941635701,0.643154761904762,43.02662037037039,1027.893518518521,29.368386243386315,0
2731,4,0,0,38,0.0,0.0,1.0,38,1000,900,100,0.9,11,9,2,349.97886804771287,0.37234767662399243,0.0628131774405627,0.20984562897921608,132219.38898533973,1654.7984182099035,133874.18740354964,2730,166,2152.2368421052633,35,3,17,33.88335584064821,0.6446428571428571,42.88194444444446,1028.472222222224,29.384920634920686,0
2732,4,0,0,38,0.0,0.0,1.0,38,850,600,250,0.7058823529411765,11,6,5,350.65195028349234,0.3718142484589853,0.0657569119649517,0.21091311488634976,132338.45191400903,1680.9472522290935,134019.39916623812,2731,167,2153.2368421052633,35,3,17,33.74625046869141,0.6458333333333333,42.76620370370371,1028.935185185186,29.39814814814817,0
2733,4,0,0,38,0.0,0.0,1.0,38,700,500,200,0.7142857142857143,9,5,4,350.65195028349234,0.3718142484589853,0.0657569119649517,0.21091311488634976,132338.45191400903,1680.9472522290935,134019.39916623812,2732,168,2154.2368421052633,35,3,17,33.74625046869141,0.6458333333333333,42.76620370370371,1028.935185185186,29.39814814814817,0
2734,4,0,0,38,0.0,0.0,1.0,38,650,400,250,0.6153846153846154,9,4,5,348.9649068170267,0.371399359886202,0.06424461964628136,0.21023007800928226,132398.0034722224,1640.4513888889087,134038.4548611113,2733,169,2155.2368421052633,35,3,17,33.72975708502025,0.6464285714285714,42.70833333333334,1029.166666666668,29.404761904761944,0
2735,4,0,0,38,0.0,0.0,1.0,38,750,600,150,0.8,9,6,3,354.88455818159576,0.3714734471313419,0.06879382266796807,0.21430401527666637,132487.3559268906,1803.5433545524859,134290.89928144307,2734,170,2156.2368421052633,35,3,17,33.487563237774026,0.6473214285714286,42.621527777777786,1029.51388888889,29.414682539682573,0
2736,4,0,0,38,0.0,0.0,1.0,38,650,400,250,0.6153846153846154,9,4,5,359.98042816614293,0.3708214793741109,0.06941133321107618,0.21772575590715024,132546.94097490166,1942.8609128515332,134489.8018877532,2735,171,2157.2368421052633,35,3,17,33.29645292420665,0.6479166666666667,42.56365740740742,1029.7453703703723,29.42129629629635,0
2737,4,0,0,38,0.0,0.0,1.0,38,900,800,100,0.8888888888888888,10,8,2,358.7477589348192,0.37061403508771934,0.0684423465947408,0.21715221489809702,132576.73852237678,1912.3215663580534,134489.06008873484,2736,172,2158.2368421052633,35,3,17,33.29821308159137,0.6482142857142856,42.534722222222236,1029.861111111113,29.424603174603227,0
2738,4,0,0,38,0.0,0.0,1.0,38,750,600,150,0.8,9,6,3,357.9413998881529,0.37051031294452347,0.07319993613964115,0.21718039539225967,132666.15125868062,1897.3415798611209,134563.49283854174,2737,173,2159.2368421052633,35,3,16,33.22906134142232,0.6491071428571429,42.44791666666667,1030.208333333334,29.434523809523828,0
2739,4,0,0,38,0.0,0.0,1.0,38,850,600,250,0.7058823529411765,11,6,5,357.9413998881529,0.37051031294452347,0.07319993613964115,0.21718039539225967,132666.15125868062,1897.3415798611209,134563.49283854174,2738,174,2160.2368421052633,35,3,16,33.22906134142232,0.6491071428571429,42.44791666666667,1030.208333333334,29.434523809523828,0
2740,4,0,0,38,0.0,0.0,1.0,38,850,500,350,0.5882352941176471,12,5,7,358.3738514229186,0.36957681365576106,0.06942096989610769,0.21830899594887232,132815.23946544924,1919.5017789780522,134734.74124442728,2739,175,2161.2368421052633,35,3,17,33.068062729246215,0.6505952380952381,42.30324074074074,1030.787037037037,29.4510582010582,0
2741,4,0,0,38,0.0,0.0,1.0,38,600,300,300,0.5,9,3,6,357.34521338030777,0.36896929824561403,0.0671556261852293,0.21820346168644017,132904.73257726768,1898.5740044152915,134803.30658168296,2740,176,2162.2368421052633,35,3,17,33.004662887716535,0.6514880952380953,42.21643518518518,1031.1342592592594,29.46097883597884,0
2742,4,0,0,38,0.0,0.0,1.0,38,1050,800,250,0.7619047619047619,13,8,5,358.1921295475572,0.3683321479374111,0.05957667958045909,0.21924507270108706,132994.2558299039,1927.4991426611728,134921.75497256508,2741,177,2163.2368421052633,35,3,17,32.892915918611614,0.6523809523809524,42.129629629629626,1031.4814814814808,29.470899470899454,0
2743,4,0,0,38,0.0,0.0,1.0,38,800,600,200,0.75,10,6,4,355.3665845781603,0.36902856804172596,0.055615904596038046,0.2180380661744186,133083.8092233583,1858.7077492712663,134942.51697262956,2742,178,2164.2368421052633,35,3,17,32.87588801645167,0.6532738095238095,42.042824074074076,1031.8287037037044,29.480820105820126,0
2744,4,0,0,38,0.0,0.0,1.0,38,850,600,250,0.7058823529411765,11,6,5,354.9503757818597,0.36892484589853014,0.05805057731812657,0.21795713157514202,133113.6670524691,1849.749228395056,134963.41628086416,2743,179,2165.2368421052633,35,3,17,32.85666218034993,0.6535714285714286,42.013888888888886,1031.9444444444443,29.48412698412698,0
2745,4,0,0,38,0.0,0.0,1.0,38,800,400,400,0.5,12,4,8,355.39422475268833,0.36895448079658605,0.05420733938456812,0.21857970319617037,133173.39275763018,1865.8109353566406,135039.20369298683,2744,180,2166.2368421052633,35,3,18,32.78528444344772,0.6541666666666667,41.95601851851851,1032.175925925925,29.490740740740712,0
2746,4,0,0,38,0.0,0.0,1.0,38,550,300,250,0.5454545454545454,8,3,5,354.29867801128455,0.36911747273589374,0.051117956343937676,0.21808073907402634,133203.26063368033,1838.747829861087,135042.00846354142,2745,181,2167.2368421052633,35,3,18,32.78359401278171,0.6544642857142857,41.92708333333332,1032.291666666665,29.49404761904757,0
2747,4,0,0,38,0.0,0.0,1.0,38,750,400,350,0.5333333333333333,11,4,7,355.14890707635425,0.3694286391654813,0.04951616709936246,0.2187795753536654,133233.13185871035,1863.5202331961386,135096.6520919065,2746,182,2168.2368421052633,35,3,18,32.73168908819133,0.6547619047619048,41.89814814814814,1032.4074074074058,29.49735449735445,0
2748,4,0,0,38,0.0,0.0,1.0,38,750,600,150,0.8,9,6,3,354.6866772279705,0.3691471076339497,0.04855190886081928,0.2186703419178107,133263.00643272023,1853.3225898062256,135116.32902252645,2747,183,2169.2368421052633,35,3,18,32.71365784852221,0.6550595238095238,41.869212962962955,1032.5231481481471,29.50066137566135,0
2749,4,0,0,38,0.0,0.0,1.0,38,1200,900,300,0.75,15,9,6,356.00084739778316,0.36882112375533427,0.04639540026536926,0.22018763430528127,133382.5382185568,1896.859326774662,135279.39754533145,2748,184,2170.2368421052633,35,3,18,32.559873949579845,0.65625,41.75347222222221,1032.9861111111088,29.513888888888822,0
2750,4,0,0,38,0.0,0.0,1.0,38,850,500,350,0.5882352941176471,12,5,7,355.1854804118028,0.36791725936462777,0.04458104487202852,0.22058085414415357,133533.73724489775,1885.8790637203756,135419.61630861813,2749,185,2171.2368421052633,34,4,19,32.429403747216476,0.6599264705882353,41.60714285714285,1033.5714285714268,30.399159663865497,0
2751,4,0,0,38,0.0,0.0,1.0,38,1100,900,200,0.8181818181818182,13,9,4,367.6394450450956,0.3674431009957326,0.012563333678006217,0.22545599702163072,133065.2506391525,2184.0069799529033,135249.25761910542,2750,186,2172.2368421052633,36,2,20,32.577948773921264,0.6510416666666667,42.0608108108108,1031.7567567567555,28.659909909909874,4
2752,4,0,0,38,0.0,0.0,1.0,38,950,800,150,0.8421052631578947,11,8,3,370.3927061949039,0.3676505452821242,-0.011613649508386503,0.21661784231192963,131270.4173768363,2124.3210271081844,133394.73840394447,2751,187,2173.2368421052633,36,2,16,34.317078754578745,0.6331018518518519,43.806306306306304,1024.7747747747746,28.465965965965964,3
2753,4,0,0,38,0.0,0.0,1.0,38,950,700,250,0.7368421052631579,12,7,5,372.2645240449317,0.36728010905642483,-0.007894439723561186,0.21820958897855441,131357.78523930453,2179.9813619417146,133537.76660124626,2752,188,2174.2368421052633,35,3,16,34.180709231869315,0.6360119047619048,43.7210648148148,1025.1157407407393,29.289021164021122,0
2754,4,0,0,38,0.0,0.0,1.0,38,950,700,250,0.7368421052631579,12,7,5,372.602153386769,0.36722083926031296,-0.005904716644885344,0.21891611929753121,131446.78605109727,2195.4711076817402,133642.25715877902,2753,189,2175.2368421052633,35,3,18,34.082016553799846,0.6369047619047619,43.63425925925925,1025.462962962962,29.29894179894177,0
2755,4,0,0,38,0.0,0.0,1.0,38,700,400,300,0.5714285714285714,10,4,6,371.45965054784983,0.36668741109530584,-0.006503224886861725,0.21858402544190197,131506.1366705246,2169.844714506166,133675.98138503078,2754,190,2176.2368421052633,35,3,18,34.05128639133378,0.6375,43.576388888888886,1025.694444444444,29.30555555555554,0
2756,4,0,0,38,0.0,0.0,1.0,38,800,700,100,0.875,9,7,2,367.1751516305231,0.36726529160739685,-0.007268390442802808,0.21685464399280327,131645.7436110095,2067.4091743770678,133713.15278538657,2755,191,2177.2368421052633,36,2,16,34.02008120267751,0.6368634259259259,43.44031531531531,1026.2387387387375,28.5066316316316,0
2757,4,0,0,38,0.0,0.0,1.0,38,1000,700,300,0.7,13,7,6,370.52140007729844,0.36781353722143195,-0.0021011071218293154,0.21966281702892096,131790.2425229282,2166.221035224407,133956.4635581526,2756,192,2178.2368421052633,36,2,16,33.78824851941216,0.6383101851851851,43.299549549549546,1026.8018018018008,28.522272272272247,0
2758,4,0,0,38,0.0,0.0,1.0,38,450,300,150,0.6666666666666666,6,3,3,353.6312635246806,0.36781353722143195,0.026958290946083263,0.2056920307957165,131061.33355034718,1670.8751429850408,132732.2086933322,2757,193,2179.2368421052633,35,3,20,34.95782468633435,0.6330357142857144,44.010416666666664,1023.9583333333329,29.25595238095237,8
2759,4,0,0,38,0.0,0.0,1.0,38,1100,800,300,0.7272727272727273,14,8,6,355.0570290064335,0.36846550497866287,0.02112935746530953,0.20684000327043636,131120.5970963006,1711.0579293124172,132831.655025613,2758,194,2180.2368421052633,35,3,20,34.86140147662637,0.6336309523809525,43.9525462962963,1024.189814814815,29.262566137566143,0
2760,4,0,0,38,0.0,0.0,1.0,38,750,600,150,0.8,9,6,3,356.79914142676705,0.36911747273589374,0.017612227790757773,0.2084978745248296,131239.16437596444,1765.204234182088,133004.3686101465,2759,195,2181.2368421052633,35,3,20,34.696924771263966,0.6348214285714286,43.83680555555555,1024.6527777777771,29.275793650793634,0
2761,4,0,0,38,0.0,0.0,1.0,38,750,500,250,0.6666666666666666,10,5,5,357.3288284055897,0.369606448553817,0.019867488952318935,0.2094593969639574,131358.63272392293,1787.67540725781,133146.30813118073,2760,196,2182.2368421052633,34,4,20,34.562623388688884,0.6381740196078431,43.720238095238095,1025.1190476190477,30.150560224089638,0
2762,4,0,1,37,0.0,0.02631578947368421,0.9736842105263158,38,1250,900,350,0.72,16,9,7,356.277638298643,0.3687766714082503,0.020186722730997753,0.20965022779565556,131506.1366705246,1770.5391589506107,133276.67582947522,2761,197,2183.2368421052633,35,3,21,34.44058903182126,0.6375,43.576388888888886,1025.694444444444,29.30555555555554,0
2763,4,0,0,37,0.0,0.0,1.0,37,900,500,400,0.5555555555555556,13,5,8,415.6682865315682,0.3671796796796796,0.023125629054138175,0.22626445237708223,128464.33280086223,3308.8861308795113,131773.21893174175,2762,198,2237.4054054054054,32,5,15,36.02461908913523,0.6136067708333333,46.55934343434344,1013.7626262626269,31.68008207070709,6
2764,4,0,0,37,0.0,0.0,1.0,37,1550,1300,250,0.8387096774193549,18,13,5,414.3852406213099,0.36705455455455455,0.01701552186989086,0.22647421926201397,128624.38303489449,3260.009182736464,131884.39221763096,2763,199,2238.4054054054054,32,5,16,35.89276823500123,0.615234375,46.401515151515156,1014.3939393939402,31.69981060606063,0
2765,4,0,0,37,0.0,0.0,1.0,37,950,600,350,0.631578947368421,13,6,7,411.6696560602064,0.3669607107107107,0.016282800157380484,0.22553435758390453,128720.46100206608,3198.0615817263492,131918.52258379242,2764,200,2239.4054054054054,32,5,16,35.863039691427154,0.6162109375,46.30681818181818,1014.772727272727,31.71164772727272,0
2766,4,0,0,37,0.0,0.0,1.0,37,700,500,200,0.7142857142857143,9,5,4,411.22187569614584,0.366991991991992,0.015106897942718689,0.2258349645216539,128816.57483930222,3194.438705234171,132011.0135445364,2765,201,2240.4054054054054,32,5,16,35.775808457711435,0.6171875,46.21212121212122,1015.151515151516,31.723484848484876,0
2767,4,0,0,37,0.0,0.0,1.0,37,1100,500,600,0.45454545454545453,17,5,12,407.0743299145812,0.3677427427427427,0.020087655222790657,0.22432393925080105,128952.32602845055,3098.6363417916173,132050.96237024217,2766,202,2241.4054054054054,33,4,17,35.74193613256114,0.6161616161616161,46.07843137254902,1015.6862745098035,30.77837195484253,0
2768,4,0,0,37,0.0,0.0,1.0,37,750,600,150,0.8,9,6,3,416.8731004691724,0.3678991491491492,-0.05631348670668557,0.21914949024664307,127062.00573979589,3193.9867491114055,130255.9924889073,2767,203,2242.4054054054054,34,3,18,37.43899319085291,0.5946691176470589,47.94642857142857,1008.2142857142854,29.653361344537807,8
2769,4,0,0,37,0.0,0.0,1.0,37,700,300,400,0.42857142857142855,11,3,8,415.95519431732777,0.3678678678678679,-0.05293723475541667,0.2188286022278116,127092.01388888896,3172.916666666675,130264.93055555563,2768,204,2243.4054054054054,34,3,18,37.431129476584005,0.5949754901960784,47.91666666666667,1008.333333333334,29.65686274509806,0
2770,4,0,0,37,0.0,0.0,1.0,37,800,600,200,0.75,10,6,4,411.9018923292869,0.3681181181181181,-0.04908930312890958,0.21719183060617303,127184.70848051236,3077.5244196943518,130262.23290020671,2769,205,2244.4054054054054,33,4,18,37.437608836512375,0.5981691919191919,47.82475490196079,1008.7009803921572,30.566696375519918,0
2771,4,0,0,37,0.0,0.0,1.0,37,1650,1300,350,0.7878787878787878,20,13,7,392.1297756484882,0.36833708708708707,-0.016516338000108988,0.19761555080763504,125327.59530895673,2428.9363662131295,127756.53167516987,2770,206,2245.4054054054054,34,3,15,39.856537074465976,0.5768995098039216,49.67261904761904,1001.3095238095223,29.450280112044773,8
2772,4,0,0,37,0.0,0.0,1.0,37,1050,700,350,0.6666666666666666,14,7,7,386.71167569296495,0.36742992992992995,-0.0210147777715346,0.19579822737717467,125521.37586805537,2308.116319444424,127829.4921874998,2771,207,2246.4054054054054,35,2,15,39.79123354123355,0.5767857142857142,49.47916666666666,1002.0833333333319,28.63095238095234,0
2773,4,0,0,37,0.0,0.0,1.0,37,950,700,250,0.7368421052631579,12,7,5,387.07977534682044,0.3670858358358358,-0.025566444042194547,0.19625941771097558,125579.37349965695,2321.8471364883276,127901.22063614528,2772,208,2247.4054054054054,35,2,15,39.72190146266359,0.5773809523809523,49.42129629629629,1002.314814814814,28.637566137566115,0
2774,4,0,0,37,0.0,0.0,1.0,37,950,800,150,0.8421052631578947,11,8,3,388.0989644655829,0.36793043043043044,-0.025398291387670247,0.19705235815948863,125637.38452717749,2351.9477666323537,127989.33229380984,2773,209,2248.4054054054054,35,2,15,39.63624644039098,0.5779761904761904,49.36342592592592,1002.546296296295,28.64417989417986,0
2775,4,0,0,37,0.0,0.0,1.0,37,900,700,200,0.7777777777777778,11,7,4,387.5372154989006,0.3686186186186186,-0.024192416715781206,0.19745943837324936,125782.470703125,2349.0776909722226,128131.54839409722,2774,210,2249.4054054054054,35,2,15,39.500043267566625,0.5794642857142858,49.21875,1003.125,28.660714285714285,0
2776,4,0,0,37,0.0,0.0,1.0,37,1000,700,300,0.7,13,7,6,383.23607039340897,0.367210960960961,-0.028232728405639174,0.19637170175208657,126014.78273158877,2258.6820291066683,128273.46476069544,2775,211,2250.4054054054054,35,2,15,39.36755523535062,0.5818452380952381,48.987268518518526,1004.050925925927,28.687169312169342,0
2777,4,0,0,37,0.0,0.0,1.0,37,850,500,350,0.5882352941176471,12,5,7,381.69848584595127,0.3669294294294294,-0.03173496076721871,0.19627623561272853,126160.08659122088,2231.022805212625,128391.1093964335,2776,212,2251.4054054054054,35,2,17,39.25595238095239,0.5833333333333333,48.842592592592595,1004.6296296296299,28.703703703703713,0
2778,4,0,0,37,0.0,0.0,1.0,37,1000,700,300,0.7,13,7,6,383.5937945884798,0.36624124124124124,-0.03408567480423741,0.1978104817224678,126276.38996056243,2287.7679183813502,128564.15787894378,2777,213,2252.4054054054054,35,2,16,39.088169814217714,0.5845238095238094,48.726851851851855,1005.0925925925927,28.716931216931222,0
2779,4,0,0,37,0.0,0.0,1.0,37,1050,700,350,0.6666666666666666,14,7,7,381.5512346997953,0.3661161161161161,-0.03621024339256396,0.19731649565903717,126392.7469135803,2245.0617283950673,128637.80864197537,2778,214,2253.4054054054054,35,2,16,39.01933701657459,0.5857142857142856,48.611111111111114,1005.555555555556,28.73015873015874,0
2780,4,0,0,37,0.0,0.0,1.0,37,1100,800,300,0.7272727272727273,14,8,6,380.0045969018694,0.367210960960961,-0.0309173515939134,0.19693619270567356,126480.04979263118,2212.600067515435,128692.64986014662,2779,215,2254.4054054054054,35,2,16,38.96811356575768,0.5866071428571429,48.52430555555556,1005.9027777777778,28.740079365079367,0
2781,4,0,0,37,0.0,0.0,1.0,37,800,600,200,0.75,10,6,4,379.74357985160015,0.367774024024024,-0.02764254938167965,0.19722166566486346,126567.38281250013,2212.6302083333476,128780.01302083347,2780,216,2255.4054054054054,35,2,16,38.88457556935818,0.5875,48.43750000000001,1006.250000000001,28.75000000000003,0
2782,4,0,0,37,0.0,0.0,1.0,37,1050,900,150,0.8571428571428571,12,9,3,376.944225823558,0.3681493993993994,-0.03069007621254982,0.19646721512517268,126713.00482521005,2152.747101123116,128865.75192633316,2781,217,2256.4054054054054,35,2,16,38.80486741771087,0.5889880952380953,48.292824074074076,1006.8287037037038,28.766534391534396,0
2783,4,0,0,37,0.0,0.0,1.0,37,900,700,200,0.7777777777777778,11,7,4,376.56123662306794,0.3679617117117117,-0.02780987884436159,0.19640783924584465,126742.13927469129,2145.2353395061664,128887.37461419746,2782,218,2257.4054054054054,35,2,16,38.7844827586207,0.5892857142857143,48.263888888888886,1006.9444444444439,28.769841269841255,0
2784,4,0,0,37,0.0,0.0,1.0,37,750,700,50,0.9333333333333333,8,7,1,372.9591514818376,0.36783658658658663,-0.02811705190195357,0.1949467564772631,126829.56271701382,2060.4492187499905,128890.0119357638,2783,219,2258.4054054054054,35,2,16,38.785117200965175,0.5901785714285714,48.17708333333333,1007.2916666666661,28.779761904761887,0
2785,4,0,0,37,0.0,0.0,1.0,37,900,600,300,0.6666666666666666,12,6,6,370.64198221621433,0.36821196196196193,-0.030659191238102235,0.19415217191181486,126917.01630015434,2008.1548996913593,128925.1711998457,2784,220,2259.4054054054054,35,2,16,38.753445899379734,0.5910714285714286,48.09027777777778,1007.638888888889,28.789682539682545,0
2786,4,0,0,37,0.0,0.0,1.0,37,1450,1000,450,0.6896551724137931,19,10,9,372.74041989748724,0.3691816816816817,-0.03124350386432795,0.195953035469343,127062.83925165042,2072.2912112054246,129135.13046285584,2785,221,2260.4054054054054,35,2,17,38.550515631576936,0.5925595238095238,47.945601851851855,1008.217592592593,28.80621693121694,0
2787,4,0,0,37,0.0,0.0,1.0,37,900,600,300,0.6666666666666666,12,6,6,376.15127339947435,0.36824324324324326,-0.02934362934362933,0.19831568951460507,127179.55789448308,2167.750530478401,129347.30842496148,2786,222,2261.4054054054054,35,2,17,38.34444922547332,0.59375,47.829861111111114,1008.680555555556,28.819444444444457,0
2788,4,0,0,37,0.0,0.0,1.0,37,850,600,250,0.7058823529411765,11,6,5,377.57986063909345,0.36849349349349353,-0.026748014359851524,0.19949946818494654,127267.1320408951,2210.7011959876577,129477.83323688275,2787,223,2262.4054054054054,35,2,17,38.218341362697856,0.5946428571428571,47.74305555555556,1009.027777777778,28.829365079365086,0
2789,4,0,0,37,0.0,0.0,1.0,37,1100,700,400,0.6363636363636364,15,7,8,376.13865239201675,0.36808683683683685,-0.02225973824827654,0.19974496300184683,127471.5889301482,2189.398335691001,129660.9872658392,2788,224,2263.4054054054054,35,2,15,38.044531996179565,0.5967261904761905,47.54050925925925,1009.8379629629619,28.852513227513196,0
2790,4,0,0,37,0.0,0.0,1.0,37,1100,800,300,0.7272727272727273,14,8,6,374.5766073441527,0.3683058058058058,-0.024881828340767465,0.19978181788160024,127646.96830257624,2162.713664909117,129809.68196748535,2789,225,2264.4054054054054,35,2,15,37.90385312869851,0.5985119047619047,47.366898148148145,1010.5324074074069,28.872354497354483,0
2791,4,0,0,37,0.0,0.0,1.0,37,700,600,100,0.8571428571428571,8,6,2,373.49620666563266,0.36883758758758756,-0.020955693499773886,0.19963989406472665,127734.70320001703,2141.6854209533535,129876.38862097038,2790,226,2265.4054054054054,35,2,16,37.84109991603696,0.5994047619047619,47.28009259259259,1010.8796296296287,28.882275132275105,0
2792,4,0,0,37,0.0,0.0,1.0,37,650,500,150,0.7692307692307693,8,5,3,372.72823330515644,0.3687124624624625,-0.01856251856251845,0.19951923076923075,127793.20987654317,2126.427469135802,129919.63734567897,2791,227,2266.4054054054054,35,2,16,37.800480769230774,0.6,47.22222222222222,1011.1111111111109,28.888888888888882,0
2793,4,0,0,37,0.0,0.0,1.0,37,850,600,250,0.7058823529411765,11,6,5,370.14724646043203,0.3682745245245245,-0.013972778133436892,0.19857070514534775,127880.99500868049,2066.9596354166633,129947.95464409715,2792,228,2267.4054054054054,35,2,17,37.7757037418469,0.6008928571428571,47.135416666666664,1011.4583333333328,28.898809523809508,0
2794,4,0,0,37,0.0,0.0,1.0,37,550,400,150,0.7272727272727273,7,4,3,367.7060698901435,0.3680555555555556,-0.008525739510527375,0.19783717963381706,127998.08873724708,2013.1348326045922,130011.22356985167,2793,229,2268.4054054054054,35,2,17,37.717435853444655,0.6020833333333333,47.019675925925924,1011.9212962962962,28.912037037037035,0
2795,4,0,0,37,0.0,0.0,1.0,37,950,700,250,0.7368421052631579,12,7,5,367.99945807718984,0.3681181181181181,-0.011567122678233899,0.19871970736168276,128144.53125000015,2031.4236111111275,130175.95486111127,2794,230,2269.4054054054054,35,2,18,37.560013717421135,0.6035714285714286,46.87500000000001,1012.5000000000011,28.928571428571463,0
2796,4,0,0,37,0.0,0.0,1.0,37,900,700,200,0.7777777777777778,11,7,4,366.6270040816327,0.367992992992993,-0.00784555984555979,0.19826862087232916,128203.13169795948,2000.546017661175,130203.67771562067,2795,231,2270.4054054054054,35,2,19,37.53476190476191,0.6041666666666667,46.817129629629626,1012.7314814814811,28.935185185185173,0
2797,4,0,0,37,0.0,0.0,1.0,37,800,500,300,0.625,11,5,6,366.8140036012912,0.36818068068068066,-0.010410684845229001,0.19895227927668546,128320.37278163586,2013.9419367284045,130334.31471836426,2796,232,2271.4054054054054,35,2,19,37.410041124057564,0.6053571428571429,46.70138888888889,1013.1944444444449,28.94841269841271,0
2798,4,0,0,37,0.0,0.0,1.0,37,750,500,250,0.6666666666666666,10,5,5,366.43009773652193,0.36824324324324326,-0.005833171300797746,0.19918239390929393,128408.33875868063,2010.5360243055604,130418.8747829862,2797,233,2272.4054054054054,35,2,16,37.32977903391571,0.60625,46.614583333333336,1013.5416666666673,28.958333333333353,0
2799,4,0,0,37,0.0,0.0,1.0,37,900,500,400,0.5555555555555556,13,5,8,365.95984237192715,0.3686811811811812,-0.002369492780451621,0.19936618278470666,128496.33487654323,2004.899691358028,130501.23456790127,2798,234,2273.4054054054054,35,2,18,37.25171232876712,0.6071428571428572,46.52777777777778,1013.888888888889,28.968253968253972,0
2800,4,0,0,37,0.0,0.0,1.0,37,1100,700,400,0.6363636363636364,15,7,8,365.40341511684903,0.36921296296296297,-0.003793591605984581,0.1995034346834236,128584.36113522376,1997.0329378858019,130581.39407310956,2799,235,2274.4054054054054,35,2,18,37.17583875385143,0.6080357142857142,46.44097222222222,1014.2361111111111,28.9781746031746,0
2801,4,0,0,37,0.0,0.0,1.0,37,350,200,150,0.5714285714285714,5,2,3,364.07393342458806,0.36921296296296297,-0.0007154575844672273,0.19892418656690083,128613.70991941019,1964.9798525377255,130578.68977194792,2800,236,2275.4054054054054,35,2,18,37.179560322531565,0.6083333333333334,46.41203703703704,1014.3518518518522,28.98148148148149,0
2802,4,0,0,37,0.0,0.0,1.0,37,1000,700,300,0.7,13,7,6,366.729405171789,0.3690878378378379,0.0077854111381310265,0.20111633232966986,128760.50407503865,2044.0526138117352,130804.5566888504,2801,237,2276.4054054054054,35,2,18,36.96223913787205,0.6098214285714285,46.267361111111114,1014.9305555555561,28.998015873015888,0
2803,4,0,0,37,0.0,0.0,1.0,37,1100,800,300,0.7272727272727273,14,8,6,369.67667974241846,0.36858733733733734,0.004837810105168705,0.2030328214164528,128819.24518014827,2124.294169024347,130943.53934917261,2802,238,2277.4054054054054,35,2,18,36.827447459430715,0.6104166666666666,46.20949074074074,1015.1620370370366,29.00462962962962,0
2804,4,0,0,37,0.0,0.0,1.0,37,1250,700,550,0.56,18,7,11,372.16855299468665,0.36705455455455455,0.008735884277256245,0.2048561407763726,128907.38195516118,2195.054762517143,131102.43671767833,2803,239,2278.4054054054054,35,2,18,36.674169895904555,0.6113095238095239,46.12268518518518,1015.5092592592592,29.014550264550262,0
2805,4,0,0,37,0.0,0.0,1.0,37,700,600,100,0.8571428571428571,8,6,2,371.31183163828786,0.36624124124124124,0.007341890660031103,0.2046879795513574,128966.1565500685,2177.3319615912096,131143.4885116597,2804,240,2279.4054054054054,35,2,18,36.635900941962916,0.611904761904762,46.06481481481481,1015.74074074074,29.021164021163997,0
2806,4,0,0,37,0.0,0.0,1.0,37,1650,1200,450,0.7272727272727273,21,12,9,367.66067930856866,0.3666478978978979,-0.0010157065162192946,0.20342964240759556,129113.15164448298,2093.9658082561664,131207.11745273916,2805,241,2280.4054054054054,35,2,19,36.57862145541509,0.6133928571428571,45.920138888888886,1016.319444444444,29.0376984126984,0
2807,4,0,0,37,0.0,0.0,1.0,37,750,500,250,0.6666666666666666,10,5,5,371.3770491365507,0.3665853353353354,-0.002184810336922194,0.20579208975181834,129171.973125107,2194.3012420696023,131366.2743671766,2806,242,2281.4054054054054,35,2,19,36.42417643933358,0.6139880952380952,45.86226851851851,1016.5509259259246,29.044312169312132,0
2808,4,0,0,37,0.0,0.0,1.0,37,550,400,150,0.7272727272727273,7,4,3,371.8758398280034,0.36649149149149146,0.0004430660168364131,0.20622205663189264,129201.38888888879,2209.378348979757,131410.76723786854,2807,243,2282.4054054054054,34,3,19,36.38148907103826,0.616421568627451,45.83333333333333,1016.6666666666658,29.9019607843137,0
2809,4,0,0,37,0.0,0.0,1.0,37,950,600,350,0.631578947368421,13,6,7,370.5315091148248,0.36639764764764765,-0.005467522363642452,0.2062445493103353,129348.51794249394,2185.540310999653,131534.0582534936,2808,244,2283.4054054054054,35,2,20,36.26562085182236,0.6157738095238094,45.688657407407405,1017.2453703703699,29.064153439153426,0
2810,4,0,0,37,0.0,0.0,1.0,37,1000,700,300,0.7,13,7,6,371.6891703869421,0.3663038038038038,-0.002993101117035213,0.20781985082982543,129525.18332315233,2228.621586719809,131753.80490987215,2809,245,2284.4054054054054,35,2,18,36.056116164487385,0.6175595238095238,45.51504629629629,1017.9398148148141,29.083994708994688,0
2811,4,0,0,37,0.0,0.0,1.0,37,700,500,200,0.7142857142857143,9,5,4,371.0665954449098,0.36595970970970976,-0.005014564359721252,0.20762733928329657,129554.63927469117,2214.6797839505944,131769.31905864176,2810,246,2285.4054054054054,35,2,18,36.04195088676671,0.6178571428571429,45.4861111111111,1018.055555555554,29.087301587301543,0
2812,4,0,0,37,0.0,0.0,1.0,37,500,400,100,0.8,6,4,2,369.793585421391,0.3654592092092092,-0.004190141494073929,0.20722573022531174,129613.56122470833,2186.0527049039615,131799.6139296123,2811,247,2286.4054054054054,35,2,18,36.01434038038949,0.618452380952381,45.42824074074073,1018.2870370370357,29.093915343915306,0
2813,4,0,0,37,0.0,0.0,1.0,37,800,700,100,0.875,9,7,2,370.15695851463295,0.3653966466466467,-0.008481837137672033,0.20789734472796967,129701.96926708249,2202.0172914523278,131903.98655853482,2812,248,2287.4054054054054,35,2,19,35.91507120402984,0.6193452380952381,45.34143518518518,1018.6342592592594,29.10383597883598,0
2814,4,0,0,37,0.0,0.0,1.0,37,900,600,300,0.6666666666666666,12,6,6,369.76501325963744,0.3649587087087087,-0.01453884597910049,0.2081464946763329,129790.40745027427,2198.3903463648758,131988.79779663915,2813,249,2288.4054054054054,35,2,20,35.835037104346505,0.6202380952380953,45.254629629629626,1018.9814814814808,29.113756613756596,0
2815,4,0,0,37,0.0,0.0,1.0,37,1050,900,150,0.8571428571428571,12,9,3,365.61168292473144,0.3644582082082082,-0.019045047090919587,0.20627431720167275,129878.87577428427,2097.0468696416515,131975.92264392594,2814,250,2289.4054054054054,35,2,21,35.85086200370917,0.6211309523809524,45.16782407407408,1019.3287037037048,29.123677248677282,0
2816,4,0,0,37,0.0,0.0,1.0,37,850,600,250,0.7058823529411765,11,6,5,365.9798754080765,0.3639577077077077,0.009824652120518085,0.2024996399469641,129113.15164448308,2058.603930898499,131171.75557538157,2815,251,2290.4054054054054,35,2,19,36.62132729757431,0.6133928571428571,45.92013888888889,1016.3194444444448,29.037698412698422,3
2817,4,1,0,38,0.02631578947368421,0.0,1.0,38,900,600,300,0.6666666666666666,12,6,6,361.2176354880222,0.3718290659080133,0.017135433342364337,0.2015462368245182,129443.56575963738,1751.5200322027238,131195.0857918401,2816,0,2231.1052631578946,34,4,17,36.405689440024965,0.6188725490196079,45.59523809523811,1017.6190476190492,29.929971988795565,0
2818,4,0,0,38,0.0,0.0,1.0,38,1000,400,600,0.4,16,4,12,362.9014055606849,0.3717253437648174,0.014250538627269549,0.20279784428391245,129504.14540816352,1799.4472789115914,131303.5926870751,2817,1,2232.1052631578946,34,4,17,36.30116959064326,0.6194852941176471,45.5357142857143,1017.8571428571449,29.93697478991603,0
2819,4,0,0,38,0.0,0.0,1.0,38,1100,700,400,0.6363636363636364,15,7,8,362.35217157440974,0.3724069464201043,0.02261263256317525,0.20343078608862528,129685.96938775518,1798.3985260771053,131484.36791383228,2818,2,2233.1052631578946,34,4,17,36.13010363098021,0.6213235294117647,45.35714285714286,1018.5714285714291,29.95798319327733,0
2820,4,0,0,38,0.0,0.0,1.0,38,1000,700,300,0.7,13,7,6,359.0639998629348,0.37279220009483166,0.027511418254860365,0.20212272728857272,129790.40745027438,1720.6125685871125,131511.02001886148,2819,3,2234.1052631578946,35,3,17,36.107640466454654,0.6202380952380953,45.25462962962963,1018.9814814814816,29.113756613756617,0
2821,4,0,0,38,0.0,0.0,1.0,38,1100,900,200,0.8181818181818182,13,9,4,354.85451670143823,0.37243658131816026,0.027534776996988475,0.20035631942988893,129908.3719135803,1619.7145061728477,131528.08641975315,2820,4,2235.1052631578946,35,3,17,36.09502724795641,0.6214285714285714,45.13888888888889,1019.4444444444448,29.126984126984137,0
2822,4,0,0,38,0.0,0.0,1.0,38,550,400,150,0.7272727272727273,7,4,3,353.4454495314156,0.3724217638691323,0.026518930997604162,0.199711415325352,129937.8714018561,1585.1898737568565,131523.06127561297,2821,5,2236.1052631578946,35,3,17,36.10098100427593,0.6217261904761905,45.1099537037037,1019.5601851851849,29.130291005290996,0
2823,4,0,0,38,0.0,0.0,1.0,38,1000,800,200,0.8,12,8,4,354.03118682850595,0.37264402560455195,0.02765398171933775,0.20019350166618335,129967.37423911181,1602.50075017147,131569.87498928327,2822,6,2237.1052631578946,35,3,17,36.05609156261824,0.6220238095238095,45.08101851851852,1019.6759259259261,29.13359788359789,0
2824,4,0,0,38,0.0,0.0,1.0,38,700,300,400,0.42857142857142855,11,3,8,353.94059484856314,0.37255512091038406,0.031546702017125394,0.20074854588128918,130085.41907793202,1608.5021219135688,131693.9211998456,2823,7,2238.1052631578946,35,3,17,35.93856364874063,0.6232142857142857,44.96527777777777,1020.1388888888882,29.146825396825378,0
2825,4,0,0,38,0.0,0.0,1.0,38,400,200,200,0.5,6,2,4,354.67192137048335,0.37279220009483166,0.03166491546470551,0.2014682769846763,130144.46159122065,1631.7172496570452,131776.1788408777,2824,8,2239.1052631578946,35,3,18,35.85998941318815,0.6238095238095238,44.9074074074074,1020.3703703703687,29.153439153439106,0
2826,4,0,0,38,0.0,0.0,1.0,38,800,600,200,0.75,10,6,4,378.13502701332715,0.37245139876718825,0.06465532321830514,0.20938937140014066,129144.15048494452,2172.143734074432,131316.29421901895,2825,9,2240.1052631578946,36,2,19,36.28083684171653,0.6116898148148149,45.88963963963965,1016.4414414414424,28.23448448448451,7
2827,4,0,0,38,0.0,0.0,1.0,38,1300,600,700,0.46153846153846156,20,6,14,375.2439929603596,0.3722884068278805,0.06190029236242833,0.2085833822892178,129294.84941188472,2103.4611573063526,131398.31056919106,2826,10,2241.1052631578946,33,5,19,36.20052114712617,0.6196338383838385,45.741421568627445,1017.0343137254891,30.819221628045124,0
2828,4,0,0,38,0.0,0.0,1.0,38,800,500,300,0.625,11,5,6,373.52139891503293,0.37291073968705546,0.06261452329776374,0.20795446897341976,129357.17520004323,2063.5346080834297,131420.70980812667,2827,11,2242.1052631578946,33,5,19,36.18075633457818,0.6202651515151515,45.68014705882353,1017.2794117647057,30.826648841354718,0
2829,4,0,0,38,0.0,0.0,1.0,38,950,600,350,0.631578947368421,13,6,7,371.9704913623841,0.37218468468468463,0.05951709496498614,0.20774814598282446,129481.87183114662,2032.687097510569,131514.55892865718,2828,12,2243.1052631578946,33,5,17,36.093091511137864,0.6215277777777778,45.557598039215684,1017.7696078431369,30.841503267973845,0
2830,4,0,0,38,0.0,0.0,1.0,38,1200,900,300,0.75,15,9,6,373.8253391083482,0.37299964438122335,0.05527265817974558,0.2096146132247217,129637.827097751,2092.3809352172443,131730.20803296825,2829,13,2244.1052631578946,33,5,19,35.886983553951076,0.6231060606060606,45.40441176470589,1018.3823529411775,30.860071301247803,0
2831,4,0,0,38,0.0,0.0,1.0,38,1000,700,300,0.7,13,7,6,376.42030603752914,0.37339971550497864,0.05182434614142717,0.21157417201419745,129731.44531250001,2166.710069444446,131898.15538194447,2830,14,2245.1052631578946,33,5,19,35.725545330606664,0.6240530303030303,45.3125,1018.7500000000001,30.871212121212125,0
2832,4,0,0,38,0.0,0.0,1.0,38,950,400,550,0.42105263157894735,15,4,11,374.25040148331334,0.3731626363205311,0.06579571261011696,0.19204235930129132,126073.7244897958,1916.9235402494235,127990.64803004522,2831,15,2246.1052631578946,34,4,20,39.53221313418682,0.5845588235294117,48.92857142857142,1004.2857142857133,29.53781512605039,8
2833,4,0,0,38,0.0,0.0,1.0,38,650,400,250,0.6153846153846154,9,4,5,376.17582420545733,0.37372569938359407,0.06700889459961812,0.19331130357159873,126133.51048752839,1889.6754535147431,128023.18594104314,2832,16,2247.1052631578946,34,4,20,39.42210831950698,0.585171568627451,48.86904761904762,1004.5238095238099,29.54481792717088,0
2834,4,0,0,38,0.0,0.0,1.0,38,750,600,150,0.8,9,6,3,374.0694590576311,0.3727477477477477,0.07076346706434333,0.19262580329408996,126218.23157793222,1842.877121913593,128061.10869984582,2833,17,2248.1052631578946,35,3,20,39.38752591568765,0.5839285714285714,48.78472222222223,1004.8611111111121,28.710317460317487,0
2835,4,0,0,38,0.0,0.0,1.0,38,300,100,200,0.3333333333333333,5,1,4,382.87340234436937,0.37270329540066377,0.06171344305401738,0.19234572790471507,125197.14974687522,1986.9317374807188,127184.08148435593,2834,18,2249.1052631578946,36,2,19,40.22354750384456,0.5714699074074074,49.802927927927925,1000.788288288288,27.799674674674666,3
2836,4,0,0,38,0.0,0.0,1.0,38,950,700,250,0.7368421052631579,12,7,5,382.15462366534683,0.37359234234234234,0.052030869933181956,0.19276806966851562,125366.25888980205,1981.8590972729562,127348.117987075,2835,19,2250.1052631578946,36,2,16,40.06615690243262,0.5732060185185186,49.63400900900901,1001.4639639639647,27.818443443443464,0
2837,4,0,0,38,0.0,0.0,1.0,38,1000,900,100,0.9,11,9,2,383.56904404533907,0.37459992887624466,0.046537769784172234,0.19387671680837149,125450.85626166714,2023.8130021913883,127474.66926385852,2836,20,2251.1052631578946,36,2,16,39.94304556354916,0.5740740740740741,49.54954954954955,1001.8018018018024,27.827827827827846,0
2838,4,0,0,38,0.0,0.0,1.0,38,800,500,300,0.625,11,5,6,383.8578750955539,0.37402204836415365,0.048707424252281584,0.1944195350298996,125535.4821671334,2037.556686754329,127573.03885388773,2837,21,2252.1052631578946,36,2,17,39.84811027456267,0.5749421296296297,49.465090090090094,1002.1396396396401,27.837212212212226,0
2839,4,0,0,38,0.0,0.0,1.0,38,800,700,100,0.875,9,7,2,383.36889955435277,0.37394796111901374,0.055688254561363726,0.19456955209993412,125620.13660620073,2031.7707065173206,127651.90731271805,2838,22,2253.1052631578946,36,2,17,39.77266344641653,0.5758101851851851,49.38063063063063,1002.477477477477,27.846596596596584,0
2840,4,0,0,38,0.0,0.0,1.0,38,950,500,450,0.5263157894736842,14,5,9,385.55644284403303,0.3734293504030346,0.06025887289813525,0.19608110357088,125704.81957886918,2093.2606170359327,127798.08019590512,2839,23,2254.1052631578946,36,2,18,39.63012352610893,0.5766782407407407,49.29617117117116,1002.8153153153135,27.85598098098093,0
2841,4,0,0,38,0.0,0.0,1.0,38,1200,1000,200,0.8333333333333334,14,10,4,387.595151751971,0.37485182550972024,0.06174214011068502,0.19792896259379997,125874.27112500995,2157.6514436733796,128031.92256868334,2840,24,2255.1052631578946,36,2,19,39.40354617888003,0.5784143518518519,49.12725225225224,1003.4909909909894,27.874749749749707,0
2842,4,0,0,38,0.0,0.0,1.0,38,550,400,150,0.7272727272727273,7,4,3,369.844272174629,0.3748073731626363,0.05439758763858471,0.18370509826297365,124724.41676578706,1657.7369287408294,126382.1536945279,2841,25,2256.1052631578946,33,5,18,41.03982640166852,0.5729166666666667,50.27573529411764,998.8970588235281,30.269607843137216,4
2843,4,0,0,38,0.0,0.0,1.0,38,800,600,200,0.75,10,6,4,371.6602326962172,0.37449620673304884,0.05856344319223328,0.18501328067185296,124816.244052768,1677.8468617839058,126494.09091455191,2842,26,2257.1052631578946,33,5,18,40.89914970157795,0.5738636363636364,50.183823529411754,999.2647058823517,30.280748663101566,0
2844,4,0,0,38,0.0,0.0,1.0,38,800,600,200,0.75,10,6,4,370.7297540112581,0.37485182550972024,0.06067016415637139,0.18496837459492174,124910.73022959176,1661.6248582766302,126572.35508786839,2843,27,2258.1052631578946,34,4,19,40.82435195109363,0.5726102941176471,50.08928571428571,999.6428571428565,29.401260504201662,0
2845,4,0,0,38,0.0,0.0,1.0,38,450,200,250,0.4444444444444444,7,2,5,370.1388888888889,0.3744517543859649,0.06315789473684186,0.18506944444444434,124999.99999999988,1653.5041099773089,126653.50410997719,2844,28,2259.1052631578946,33,5,20,40.74652777777778,0.5757575757575757,49.99999999999999,999.9999999999991,30.303030303030276,0
2846,4,0,0,38,0.0,0.0,1.0,38,900,600,300,0.6666666666666666,12,6,6,370.93682625438186,0.3746591986723566,0.06651491507499463,0.18574149545326754,125061.28201893489,1677.9670078815666,126739.24902681645,2845,29,2260.1052631578946,33,5,21,40.66303193661683,0.5763888888888888,49.93872549019607,1000.2450980392146,30.310457516339834,0
2847,4,0,0,38,0.0,0.0,1.0,38,800,600,200,0.75,10,6,4,369.64555742683183,0.37532598387861543,0.06313597795798254,0.18548483045806055,125148.85381235798,1652.1435657596044,126800.99737811758,2846,30,2261.1052631578946,34,4,21,40.60455086258179,0.5750612745098039,49.85119047619046,1000.5952380952356,29.429271708683398,0
2848,4,0,0,38,0.0,0.0,1.0,38,1300,900,400,0.6923076923076923,17,9,8,369.20685965228114,0.37529634898055947,0.06184789479943187,0.1857965579183739,125268.00063775493,1649.9610260770764,126917.961663832,2847,31,2262.1052631578946,34,4,18,40.49208189638086,0.5762867647058824,49.73214285714285,1001.0714285714271,29.443277310924326,0
2849,4,0,0,38,0.0,0.0,1.0,38,500,200,300,0.4,8,2,6,370.2842293232819,0.37522226173541967,0.05873333750547616,0.18647247716220355,125297.79620181398,1679.1595804988597,126976.95578231284,2848,32,2263.1052631578946,34,4,18,40.434254855330956,0.576593137254902,49.70238095238095,1001.1904761904756,29.446778711484576,0
2850,4,0,0,38,0.0,0.0,1.0,38,1000,700,300,0.7,13,7,6,369.2957660693074,0.37542970602181125,0.056572379367720194,0.18650987849382697,125417.01388888907,1663.1944444444644,127080.20833333353,2849,33,2264.1052631578946,34,4,18,40.33555185801441,0.5778186274509804,49.58333333333334,1001.6666666666681,29.460784313725533,0
2851,4,0,0,38,0.0,0.0,1.0,38,550,300,250,0.5454545454545454,8,3,5,369.22692860837685,0.3751778093883357,0.06190166517636664,0.1868781153395496,125506.46435657609,1668.0732709750746,127174.53762755117,2850,34,2265.1052631578946,34,4,19,40.244693279474085,0.5787377450980392,49.49404761904763,1002.0238095238105,29.471288515406194,0
2852,4,0,0,38,0.0,0.0,1.0,38,1100,700,400,0.6363636363636364,15,7,8,367.40196514478987,0.37455547652916077,0.06355611680347106,0.18622258546381612,125566.11571712018,1626.647534013608,127192.76325113379,2851,35,2266.1052631578946,34,4,20,40.228698974541715,0.5793504901960784,49.43452380952381,1002.2619047619047,29.478291316526608,0
2853,4,0,0,38,0.0,0.0,1.0,38,650,300,350,0.46153846153846156,10,3,7,365.4550867301945,0.3752815315315315,0.05903710832531295,0.18563707722808803,125655.6193310658,1584.2970521541952,127239.91638322,2852,36,2267.1052631578946,34,4,20,40.18493232011398,0.5802696078431373,49.345238095238095,1002.6190476190479,29.488795518207294,0
2854,4,0,0,38,0.0,0.0,1.0,38,1250,1100,150,0.88,14,11,3,365.0897892959238,0.37542970602181125,0.055910124147578344,0.18625767216622566,125834.7222222223,1588.194444444455,127422.91666666676,2853,37,2268.1052631578946,34,4,20,40.008997785160574,0.5821078431372548,49.16666666666667,1003.333333333334,29.509803921568647,0
2855,4,0,0,38,0.0,0.0,1.0,38,1200,900,300,0.75,15,9,6,365.28765796896903,0.3763632053105737,0.05707944989980618,0.1867641142714602,125924.32149943316,1599.7200963718908,127524.04159580506,2854,38,2269.1052631578946,34,4,21,39.911487368046494,0.5830269607843137,49.077380952380956,1003.6904761904767,29.520308123249315,0
2856,4,0,0,38,0.0,0.0,1.0,38,1000,700,300,0.7,13,7,6,364.22037398913204,0.376215030820294,0.05895073863955491,0.1864887925835063,125984.07206632648,1577.193168934233,127561.26523526071,2855,39,2270.1052631578946,34,4,22,39.87657614925491,0.5836397058823529,49.01785714285714,1003.928571428571,29.527310924369736,0
2857,4,0,0,38,0.0,0.0,1.0,38,850,500,350,0.5882352941176471,12,5,7,362.70094074897247,0.3756816026552869,0.0633464553905192,0.1862676554976164,126107.23913695042,1547.8711987167233,127655.11033566714,2856,40,2271.1052631578946,32,6,22,39.78760737481667,0.5895182291666667,48.89520202020203,1004.4191919191928,31.388099747474776,0
2858,4,0,0,38,0.0,0.0,1.0,38,1150,1000,150,0.8695652173913043,13,10,3,364.49736972914707,0.3754148885727833,0.0632682388565271,0.18830833887014645,126351.67363514048,1610.9705401768772,127962.64417531736,2857,41,2272.1052631578946,33,5,20,39.49039086624412,0.5896464646464646,48.65196078431374,1005.3921568627463,30.466428995840797,0
2859,4,0,0,38,0.0,0.0,1.0,38,800,700,100,0.875,9,7,2,364.3737731004028,0.37550379326695116,0.06563233577485028,0.18852781728006984,126413.28605584406,1612.3372020376974,128025.62325788176,2858,42,2273.1052631578946,33,5,20,39.42999025103584,0.5902777777777778,48.590686274509814,1005.637254901962,30.473856209150366,0
2860,4,0,0,38,0.0,0.0,1.0,38,550,200,350,0.36363636363636365,9,2,7,365.326184607733,0.3756667852062589,0.06245310485913791,0.1891629020237015,126444.09789804419,1638.6679702518447,128082.76586829603,2859,43,2274.1052631578946,33,5,20,39.37428922464562,0.5905934343434344,48.56004901960785,1005.75980392157,30.47756981580515,0
2861,4,0,0,38,0.0,0.0,1.0,38,950,700,250,0.7368421052631579,12,7,5,367.6555688437947,0.37587422949265054,0.06282009371254227,0.19094369865758362,126567.3828125,1706.640625,128274.0234375,2860,44,2275.1052631578946,33,5,20,39.188664596273284,0.5918560606060606,48.4375,1006.25,30.492424242424242,0
2862,4,0,0,38,0.0,0.0,1.0,38,1050,800,250,0.7619047619047619,13,8,5,366.38840000311194,0.37673364153627314,0.05686965435499891,0.19086117349559686,126690.72780000475,1683.602610774697,128374.33041077945,2861,45,2276.1052631578946,33,5,20,39.093502738892276,0.5931186868686869,48.314950980392155,1006.7401960784309,30.507278669043362,0
2863,4,0,0,38,0.0,0.0,1.0,38,550,400,150,0.7272727272727273,7,4,3,351.23768892963676,0.3771781650071124,0.0370511234728772,0.18065923017537958,126170.65741059594,1263.8125455043808,127434.46995610032,2862,46,2277.1052631578946,32,6,23,40.01010640526161,0.5901692708333333,48.83207070707071,1004.671717171718,31.395991161616188,2
2864,4,0,0,38,0.0,0.0,1.0,38,1000,600,400,0.6,14,6,8,349.10535905360393,0.37783013276434324,0.03607756511157256,0.1797011932308267,126202.3725257627,1211.5849148046145,127413.9574405673,2863,47,2278.1052631578946,32,6,23,40.03099606266231,0.5904947916666667,48.80050505050505,1004.7979797979799,31.399936868686872,0
2865,4,0,0,38,0.0,0.0,1.0,38,850,400,450,0.47058823529411764,13,4,9,346.8858048406064,0.37744487908961594,0.03383080959966156,0.1792505946752597,126361.00788503744,1166.5679841343012,127527.57586917175,2864,48,2279.1052631578946,32,6,18,39.923448030474276,0.5921223958333333,48.64267676767678,1005.4292929292947,31.419665404040458,0
2866,4,0,0,38,0.0,0.0,1.0,38,350,200,150,0.5714285714285714,5,2,3,346.8009187175042,0.3779338549075391,0.030914280428663732,0.17962393488320172,126456.2369273545,1171.0278287929966,127627.2647561475,2865,49,2280.1052631578946,32,6,19,39.82760063603649,0.5930989583333333,48.54797979797981,1005.808080808082,31.43150252525256,0
2867,4,0,0,38,0.0,0.0,1.0,38,1150,900,250,0.782608695652174,14,9,5,348.958607573938,0.37870436225699383,0.028375113856877077,0.18186901547677028,126710.35640495889,1243.3339072543922,127953.69031221328,2866,50,2281.1052631578946,32,6,20,39.51200777526964,0.595703125,48.29545454545456,1006.8181818181836,31.463068181818237,0
2868,4,0,0,38,0.0,0.0,1.0,38,1050,900,150,0.8571428571428571,12,9,3,346.9190909883273,0.3792822427690849,0.02679072037783392,0.18151261816366335,126869.31060924917,1202.6771821753025,128071.98779142447,2867,51,2282.1052631578946,32,6,21,39.40003968751306,0.5973307291666667,48.13762626262627,1007.4494949494958,31.482796717171745,0
2869,4,0,0,38,0.0,0.0,1.0,38,950,600,350,0.631578947368421,13,6,7,351.72596320933155,0.3795045045045045,0.03519071222898584,0.18797850877529443,127729.38507550264,1385.1481991633661,129114.533274666,2868,52,2283.1052631578946,32,6,20,38.39672329086518,0.6061197916666667,47.28535353535354,1010.858585858587,31.589330808080845,5
2870,4,0,0,38,0.0,0.0,1.0,38,700,400,300,0.5714285714285714,10,4,6,351.817019605784,0.3789562588904694,0.03552483682041352,0.18817627762080935,127761.2954832417,1389.7196395776155,129151.01512281931,2869,53,2284.1052631578946,32,6,20,38.36174597227425,0.6064453125,47.25378787878789,1010.98484848485,31.59327651515156,0
2871,4,0,0,38,0.0,0.0,1.0,38,400,300,100,0.75,5,3,2,353.72357586724456,0.3788821716453295,0.030021683422038148,0.18964697742279987,127857.05061983479,1445.210629017456,129302.26124885224,2870,54,2285.1052631578946,32,6,20,38.215511860174765,0.607421875,47.159090909090914,1011.3636363636369,31.605113636363654,0
2872,4,0,0,38,0.0,0.0,1.0,38,900,500,400,0.5555555555555556,13,5,8,355.4685082945414,0.3789858937885254,0.031006707881925166,0.19073397320479388,127888.97696982452,1492.1007741556975,129381.07774398022,2871,55,2286.1052631578946,32,6,20,38.13870511380185,0.6077473958333333,47.12752525252525,1011.4898989898991,31.609059343434346,0
2873,4,0,0,38,0.0,0.0,1.0,38,800,700,100,0.875,9,7,2,355.1926546916485,0.37900071123755336,0.02950797060040622,0.19088925164615533,127952.84162649202,1489.5818985307435,129442.42352502276,2872,56,2287.1052631578946,32,6,21,38.08030700112319,0.6083984375,47.06439393939393,1011.7424242424229,31.616950757575715,0
2874,4,1,0,39,0.02564102564102564,0.0,1.0,39,550,500,50,0.9090909090909091,6,5,1,347.73725309790734,0.38585245164192533,0.032066018272914665,0.18821535015417173,128237.60880730956,1118.5987660995593,129356.20757340912,2873,0,2229.4358974358975,33,6,22,37.9777929017947,0.6089015151515151,46.78308823529411,1012.8676470588225,30.6929590017825,0
2875,4,0,0,39,0.0,0.0,1.0,39,1300,1100,200,0.8461538461538461,15,11,4,350.62192658466546,0.3861054880791723,0.0276157969302695,0.19066363936763775,128423.86529519896,1205.6446138504473,129629.50990904942,2874,1,2230.4358974358975,33,6,15,37.71447930520293,0.6107954545454546,46.599264705882355,1013.6029411764706,30.71524064171123,0
2876,4,0,0,39,0.0,0.0,1.0,39,800,500,300,0.625,11,5,6,351.55665079176345,0.38585245164192533,0.02401754842547521,0.19191839326864346,128579.18228565935,1240.5733371780084,129819.75562283736,2875,2,2231.4358974358975,33,6,17,37.53222168519412,0.6123737373737373,46.44607843137255,1014.2156862745097,30.73380867498514,0
2877,4,0,0,39,0.0,0.0,1.0,39,850,600,250,0.7058823529411765,11,6,5,364.3021188563266,0.38579622132253716,0.05949004274001379,0.17684389134996267,123758.88316883144,1217.124673139573,124976.007841971,2876,3,2232.4358974358975,35,4,16,42.18198693342639,0.5586309523809524,51.24421296296296,995.023148148148,28.4292328042328,8
2878,4,0,0,39,0.0,0.0,1.0,39,650,400,250,0.6153846153846154,9,4,5,347.9692134325139,0.38593679712100765,0.08554580206287943,0.16686572845374686,123241.18448055959,776.827605238315,124018.0120857979,2877,4,2233.4358974358975,35,4,15,43.12723413762289,0.5532738095238094,51.76504629629628,992.9398148148127,28.369708994708937,4
2879,4,1,0,40,0.025,0.0,1.0,40,1000,600,400,0.6,14,6,8,340.0798968678382,0.39061164529914527,0.09449824442179167,0.16434402897898961,123568.31229455792,404.6197802532043,123972.93207481113,2878,0,2178.575,36,4,16,42.98264242836106,0.5546875,51.4358108108108,994.2567567567555,27.61824324324321,0
2880,4,1,0,41,0.024390243902439025,0.0,1.0,41,850,600,250,0.7058823529411765,11,6,5,341.82662688775054,0.3975863821138212,0.12231677562505916,0.16706994762196842,124046.96240837169,281.7537439959452,124328.71615236763,2879,0,2126.4146341463415,35,6,17,42.44183513419312,0.5616071428571429,50.9548611111111,996.1805555555537,28.462301587301535,0
2881,4,0,1,40,0.0,0.024390243902439025,0.975609756097561,41,900,600,300,0.6666666666666666,12,6,6,341.8405272754875,0.3980182926829268,0.11691678306026865,0.16730557699344342,124104.61844403709,284.7976412465561,124389.41608528364,2880,1,2127.4146341463415,35,6,18,42.38164033763115,0.562202380952381,50.89699074074073,996.412037037036,28.468915343915317,0
2882,4,0,0,40,0.0,0.0,1.0,40,1200,900,300,0.75,15,9,6,350.3488041724045,0.3925080128205128,0.12778680910357654,0.1718225456453726,124191.12761488325,702.0426097393507,124893.1702246226,2881,2,2181.425,35,5,15,42.07984982195384,0.5630952380952381,50.810185185185176,996.759259259258,28.478835978835942,0
2883,4,0,0,40,0.0,0.0,1.0,40,650,400,250,0.6153846153846154,9,4,5,348.03423312978686,0.3922008547008547,0.12667130919220093,0.17115656122410025,124306.5200617281,652.5848765431779,124959.10493827127,2882,3,2182.425,35,5,15,42.017757660167135,0.5642857142857143,50.69444444444443,997.2222222222198,28.492063492063423,0
2884,4,0,0,40,0.0,0.0,1.0,40,950,800,150,0.8421052631578947,11,8,3,350.4748205137381,0.39288194444444446,0.08227283197051749,0.18060373095078872,126247.30909475748,861.356926226011,127108.6660209835,2883,4,2183.425,35,5,19,39.950309992706075,0.5842261904761905,48.755787037037045,1004.9768518518528,28.713624338624363,6
2885,4,0,0,40,0.0,0.0,1.0,40,750,400,350,0.5333333333333333,11,4,7,349.9099664116476,0.3925080128205128,0.07804007369875654,0.18044050761987812,126276.38996056246,837.0734739369063,127113.46343449937,2884,5,2184.425,35,5,17,39.93455396898511,0.5845238095238094,48.726851851851855,1005.092592592593,28.716931216931226,0
2886,4,0,0,40,0.0,0.0,1.0,40,1200,1100,100,0.9166666666666666,13,11,2,351.8435742283187,0.39245459401709404,0.08097513239696053,0.18169520129293573,126334.56173911196,890.0007501714811,127224.56248928345,2885,6,2185.425,35,5,17,39.826061094481524,0.5851190476190475,48.66898148148149,1005.3240740740754,28.72354497354501,0
2887,4,0,0,40,0.0,0.0,1.0,40,1200,700,500,0.5833333333333334,17,7,10,354.6108248340892,0.39248130341880344,0.08054021401449818,0.18377594982904413,126480.04979263118,970.2389564043248,127450.2887490355,2886,7,2186.425,35,5,17,39.606705212288574,0.5866071428571429,48.52430555555556,1005.9027777777778,28.740079365079367,0
2888,4,0,0,40,0.0,0.0,1.0,40,700,600,100,0.8571428571428571,8,6,2,356.7808298675882,0.3920272435897436,0.08226279470960396,0.185427932797291,126596.50051708247,1033.4409025634468,127629.94141964593,2887,8,2187.425,35,5,17,39.43226471152004,0.5877976190476191,48.40856481481482,1006.3657407407406,28.753306878306876,0
2889,4,0,0,40,0.0,0.0,1.0,40,1000,700,300,0.7,13,7,6,357.33824755125335,0.391519764957265,0.0815337317549707,0.18651470257609207,126771.2770731524,1060.0451978309306,127831.32227098334,2888,9,2188.425,35,5,17,39.23842565988583,0.5895833333333333,48.2349537037037,1007.0601851851849,28.773148148148138,0
2890,4,0,0,40,0.0,0.0,1.0,40,1100,900,200,0.8181818181818182,13,9,4,356.61355061510034,0.3917467948717949,0.0851989493685037,0.18669522746362227,126893.37722435285,1050.379560303562,127943.75678465642,2889,10,2189.425,36,4,17,39.131133340784636,0.5888310185185186,48.113738738738746,1007.545045045046,27.98736236236239,0
2891,4,0,0,40,0.0,0.0,1.0,40,1200,800,400,0.6666666666666666,16,8,8,359.664900941175,0.39154647435897433,0.08188023496138364,0.18882920812976725,127009.10526556254,1136.1434527931701,128145.24871835571,2890,11,2190.425,37,3,17,38.93530856811341,0.5881193693693694,47.99890350877193,1008.0043859649128,27.243361782835482,0
2892,4,0,0,40,0.0,0.0,1.0,40,1000,600,400,0.6,14,6,8,364.2232941883721,0.3908253205128205,0.09247388959026792,0.19175091010654288,127121.19187510715,1260.1539563663218,128381.34583147347,2891,12,2191.425,35,5,17,38.70521538696968,0.5931547619047619,47.88773148148148,1008.4490740740739,28.812830687830683,0
2893,4,0,0,40,0.0,0.0,1.0,40,1450,1000,450,0.6896551724137931,19,10,9,364.16547428667656,0.38987713675213675,0.09330275229357832,0.19268949853032863,127325.53155006841,1273.5125171467582,128599.04406721516,2892,13,2192.425,35,5,16,38.496750764526,0.5952380952380952,47.685185185185176,1009.2592592592578,28.835978835978793,0
2894,4,0,0,40,0.0,0.0,1.0,40,1100,900,200,0.8181818181818182,13,9,4,365.8645031776879,0.3892227564102564,0.0974896836313619,0.19414853562786769,127442.37075617266,1325.3279320987476,128767.69868827141,2893,14,2193.425,35,5,16,38.333906464924354,0.5964285714285714,47.569444444444436,1009.7222222222208,28.84920634920631,0
2895,4,0,0,40,0.0,0.0,1.0,40,800,600,200,0.75,10,6,4,368.3565397331732,0.3895165598290598,0.10040683016273255,0.19575390777781163,127500.81045310345,1393.1514703360667,128893.96192343952,2894,15,2194.425,35,5,16,38.210997784399126,0.5970238095238095,47.51157407407407,1009.9537037037028,28.85582010582008,0
2896,4,0,0,40,0.0,0.0,1.0,40,850,500,350,0.5882352941176471,12,5,7,368.7962333013222,0.3891292735042735,0.09831348070095114,0.1966988340228371,127646.9683025762,1415.1442204646717,129062.11252304088,2895,16,2195.425,35,5,16,38.04988451112894,0.5985119047619047,47.366898148148145,1010.5324074074067,28.87235449735448,0
2897,4,0,0,40,0.0,0.0,1.0,40,700,500,200,0.7142857142857143,9,5,4,367.7482950336686,0.3892628205128205,0.09896083819993162,0.19642482327394664,127705.45488522378,1392.6926601080268,129098.1475453318,2896,17,2196.425,35,5,16,38.01636035726555,0.5991071428571428,47.30902777777778,1010.7638888888889,28.878968253968253,0
2898,4,0,0,40,0.0,0.0,1.0,40,1250,900,350,0.72,16,9,7,370.5642466029076,0.388928952991453,0.10304989700160228,0.1986497169825892,127851.72994898826,1475.4559970850391,129327.1859460733,2897,18,2197.425,35,5,16,37.79516670481423,0.6005952380952381,47.16435185185185,1011.3425925925919,28.895502645502628,0
2899,4,0,0,40,0.0,0.0,1.0,40,650,400,250,0.6153846153846154,9,4,5,372.8624444630645,0.3889957264957265,0.10419670442842444,0.20002731136664942,127880.99500868049,1536.4040798611063,129417.3990885416,2898,19,2198.425,35,5,16,37.707046000686574,0.6008928571428571,47.135416666666664,1011.4583333333328,28.898809523809508,0
2900,4,0,0,40,0.0,0.0,1.0,40,1000,500,500,0.5,15,5,10,374.26980110678596,0.3889823717948718,0.10502560106856618,0.20110286442245018,127945.07345183025,1577.1954386819305,129522.26889051218,2899,20,2199.425,36,4,16,37.60574354407837,0.599537037037037,47.072072072072075,1011.711711711712,28.103103103103113,0
2901,4,0,0,40,0.0,0.0,1.0,40,1150,1000,150,0.8695652173913043,13,10,3,376.23850368519004,0.3886084401709402,0.10270914607715653,0.20232685967406386,127978.05574792247,1630.0544398276418,129608.1101877501,2900,21,2200.425,37,3,16,37.52212469296344,0.597972972972973,47.03947368421053,1011.8421052631581,27.347083926031303,0
2902,4,0,0,40,0.0,0.0,1.0,40,1100,700,400,0.6363636363636364,15,7,8,375.15321861767814,0.3880208333333333,0.11219809379399992,0.20244241189345544,128116.77781865571,1612.6843115189272,129729.46213017464,2901,22,2201.425,37,3,17,37.40737481497527,0.5993806306306306,46.90241228070175,1012.3903508771928,27.361901375059265,0
2903,4,0,0,40,0.0,0.0,1.0,40,800,600,200,0.75,10,6,4,369.8191385502854,0.387633547008547,0.10647068906410695,0.20014145216162937,128232.43694540892,1484.5678845360505,129717.00482994497,2902,23,2202.425,35,5,17,37.42393726431265,0.6044642857142857,46.78819444444444,1012.8472222222221,28.93849206349206,0
2904,4,0,0,40,0.0,0.0,1.0,40,1200,1000,200,0.8333333333333334,14,10,4,369.0469457633279,0.38735309829059833,0.10364321608040239,0.20045750974588722,128379.01341735263,1475.5765603566683,129854.5899777093,2903,24,2203.425,35,5,14,37.29347495051014,0.605952380952381,46.643518518518526,1013.4259259259268,28.95502645502648,0
2905,4,0,0,40,0.0,0.0,1.0,40,1200,1000,200,0.8333333333333334,14,10,4,367.9864890223308,0.38659188034188036,0.10746575342465792,0.20047025148231448,128496.3348765432,1456.9830246913593,129953.31790123456,2904,25,2204.425,35,5,14,37.20034246575343,0.6071428571428572,46.52777777777778,1013.8888888888888,28.968253968253965,0
2906,4,0,0,40,0.0,0.0,1.0,40,1050,800,250,0.7619047619047619,13,8,5,363.3781558678429,0.38679220085470084,0.10355186579938391,0.19839768098877944,128584.36113522387,1344.9496045524816,129929.31073977635,2905,26,2205.425,35,5,14,37.22719103046904,0.6080357142857142,46.44097222222223,1014.2361111111119,28.978174603174626,0
2907,4,0,0,40,0.0,0.0,1.0,40,950,500,450,0.5263157894736842,14,5,9,363.695672096526,0.3858306623931624,0.10455867259664742,0.19945261717413634,128760.50407503874,1365.9276138117496,130126.4316888505,2906,27,2206.425,35,5,16,37.03921484775916,0.6098214285714285,46.26736111111112,1014.9305555555568,28.99801587301591,0
2908,4,0,0,40,0.0,0.0,1.0,40,950,500,450,0.5263157894736842,14,5,9,361.7309342120857,0.38608440170940167,0.10173808981080446,0.19911086679904905,128907.38195516127,1325.957540294935,130233.33949545621,2907,28,2207.425,35,5,16,36.9391573588633,0.6113095238095239,46.12268518518519,1015.50925925926,29.014550264550287,0
2909,4,0,0,40,0.0,0.0,1.0,40,1000,700,300,0.7,13,7,6,360.53933808766914,0.3858306623931624,0.1022012757717281,0.1991928791108653,129054.34355977808,1305.8335208762148,130360.17708065429,2908,29,2208.425,35,5,16,36.8195172191214,0.612797619047619,45.97800925925927,1016.087962962964,29.031084656084683,0
2910,4,0,0,40,0.0,0.0,1.0,40,1100,900,200,0.8181818181818182,13,9,4,359.1104541789842,0.38506944444444446,0.11127049180327853,0.19914307004470944,129201.38888888892,1279.5138888888932,130480.90277777781,2909,30,2209.425,35,5,17,36.70594262295082,0.6142857142857143,45.833333333333336,1016.666666666667,29.047619047619055,0
2911,4,0,0,40,0.0,0.0,1.0,40,1100,800,300,0.7272727272727273,14,8,6,357.73392980959255,0.38506944444444446,0.11440359663100397,0.19867574635316568,129260.23046339171,1248.1540423525498,130508.38450574425,2910,31,2210.425,35,5,18,36.680988694134626,0.6148809523809524,45.77546296296297,1016.8981481481487,29.05423280423282,0
2912,4,0,0,40,0.0,0.0,1.0,40,850,700,150,0.8235294117647058,10,7,3,358.7470121319654,0.38587072649572646,0.11724294813466796,0.2001334854482386,129436.83556241432,1287.0156035665354,130723.85116598086,2911,32,2211.425,35,5,15,36.47539429784653,0.6166666666666667,45.601851851851855,1017.592592592593,29.074074074074083,0
2913,4,0,0,40,0.0,0.0,1.0,40,1200,700,500,0.5833333333333334,17,7,10,360.16716097677477,0.38596420940170945,0.11798874104401214,0.20107618072817665,129466.28146701398,1325.9006076388985,130792.18207465288,2912,33,2212.425,35,5,15,36.409288638689866,0.6169642857142856,45.57291666666667,1017.708333333334,29.077380952380974,0
2914,4,0,0,40,0.0,0.0,1.0,40,1000,600,400,0.6,14,6,8,360.96624490438336,0.3854166666666667,0.11763786242183083,0.20182441983051838,129525.18332315257,1350.8438089420613,130876.02713209463,2913,34,2213.425,35,5,15,36.328998483987114,0.6175595238095238,45.515046296296305,1017.9398148148159,29.08399470899474,0
2915,4,0,0,40,0.0,0.0,1.0,40,950,600,350,0.631578947368421,13,6,7,361.35115366218184,0.38556356837606837,0.12104365620736712,0.2021911417056331,129554.63927469139,1362.943672839512,130917.5829475309,2914,35,2214.425,35,5,15,36.28922237380627,0.6178571428571429,45.486111111111114,1018.0555555555559,29.087301587301596,0
2916,4,0,0,40,0.0,0.0,1.0,40,950,600,350,0.631578947368421,13,6,7,362.11263972554934,0.3848290598290598,0.12143709512444589,0.20307387615966266,129643.02722318663,1389.0757619598648,131032.10298514648,2915,36,2215.425,35,5,15,36.17989260143199,0.61875,45.39930555555555,1018.4027777777769,29.097222222222197,0
2917,4,0,0,40,0.0,0.0,1.0,40,800,700,100,0.875,9,7,2,363.7988994779221,0.38474893162393164,0.12394898307010571,0.20432636338897195,129701.96926708246,1437.0867358967726,131139.05600297923,2916,37,2216.425,35,5,15,36.07698462295951,0.6193452380952381,45.34143518518518,1018.6342592592591,29.103835978835974,0
2918,4,0,0,40,0.0,0.0,1.0,40,950,700,250,0.7368421052631579,12,7,5,366.42094657316795,0.3845486111111111,0.1269990913221264,0.20626406736765784,129790.40745027427,1511.5847908093206,131301.9922410836,2917,38,2217.425,35,5,15,35.920225655005304,0.6202380952380953,45.254629629629626,1018.9814814814808,29.113756613756596,0
2919,4,0,0,40,0.0,0.0,1.0,40,1250,900,350,0.72,16,9,7,370.13005295424784,0.38385416666666666,0.1266346366246962,0.20918586138874873,129946.64216581426,1619.4315092118914,131566.07367502616,2918,39,2218.425,36,4,16,35.666786319122295,0.6197916666666667,45.10135135135134,1019.5945945945931,28.322072072072032,0
2920,4,0,0,40,0.0,0.0,1.0,40,950,700,250,0.7368421052631579,12,7,5,370.69472621893703,0.3836538461538461,0.12275311913437115,0.2099676132185684,130032.7708409421,1640.492477274548,131673.26331821666,2919,40,2219.425,36,4,17,35.56480254683301,0.6206597222222222,45.01689189189188,1019.9324324324309,28.331456456456415,0
2921,4,0,0,40,0.0,0.0,1.0,40,650,400,250,0.6153846153846154,9,4,5,369.9743479875847,0.38358707264957265,0.12561271803930252,0.2097138700920861,130061.48674011826,1623.882750994209,131685.36949111248,2920,41,2220.425,36,4,17,35.55397622727607,0.6209490740740741,44.988738738738725,1020.0450450450431,28.334584584584533,0
2922,4,0,0,40,0.0,0.0,1.0,40,800,500,300,0.625,11,5,6,375.42976717869294,0.3839342948717949,0.1358211014236841,0.21327706084050999,130147.65346004778,1772.2606474717818,131919.91410751955,2921,42,2221.425,36,4,17,35.327226575433166,0.6218171296296297,44.90427927927927,1020.382882882882,28.343968968968944,0
2923,4,0,0,40,0.0,0.0,1.0,40,650,400,250,0.6153846153846154,9,4,5,376.33900035173,0.3839342948717949,0.13847384683292852,0.21395131876959697,130176.38204082457,1798.0898973297565,131974.4719381543,2922,43,2222.425,36,4,17,35.27481976017067,0.6221064814814814,44.876126126126124,1020.4954954954951,28.347097097097087,0
2924,4,0,0,40,0.0,0.0,1.0,40,800,600,200,0.75,10,6,4,378.4157932933282,0.3831864316239317,0.1474813432835822,0.21577751617577004,130292.9705215419,1861.040627293035,132154.01114883492,2923,44,2223.425,34,6,17,35.10329213308459,0.6274509803921569,44.76190476190476,1020.9523809523805,30.02801120448178,0
2925,4,0,0,40,0.0,0.0,1.0,40,900,700,200,0.7777777777777778,11,7,4,378.4157932933282,0.3831864316239317,0.1474813432835822,0.21577751617577004,130292.9705215419,1860.9835600906972,132153.9540816326,2924,45,2224.425,34,6,17,35.10329213308459,0.6274509803921569,44.76190476190476,1020.9523809523805,30.02801120448178,0
2926,4,0,0,40,0.0,0.0,1.0,40,1000,700,300,0.7,13,7,6,380.9073248459179,0.38336004273504276,0.1451305513463106,0.2177084570188627,130384.14292800448,1932.8550170067947,132316.99794501127,2925,46,2225.425,34,6,18,34.94701208377044,0.6283700980392157,44.672619047619044,1021.3095238095234,30.038515406162453,0
2927,4,0,0,40,0.0,0.0,1.0,40,1150,1000,150,0.8695652173913043,13,10,3,385.9483210988543,0.3834401709401709,0.14838380896913228,0.22162985529322154,130566.58340419491,2078.390731292504,132644.97413548743,2926,47,2226.425,34,6,16,34.632838283828384,0.6302083333333333,44.49404761904761,1022.0238095238087,30.059523809523785,0
2928,4,0,0,40,0.0,0.0,1.0,40,750,500,250,0.6666666666666666,10,5,5,386.25438548085776,0.3830128205128205,0.14923130677847674,0.22197992996911936,130597.00255102031,2088.7329931972654,132685.73554421758,2927,48,2227.425,34,6,16,34.594106685301654,0.6305147058823529,44.46428571428571,1022.1428571428564,30.063025210084014,0
2929,4,0,0,40,0.0,0.0,1.0,40,950,700,250,0.7368421052631579,12,7,5,384.4811591248268,0.38317307692307695,0.1483344345336417,0.2216808511754003,130722.82745160705,2052.0928445337254,132774.92029614077,2928,49,2228.425,36,4,16,34.511617663252935,0.6276041666666667,44.34121621621622,1022.6351351351354,28.40653153153154,0
2930,4,0,0,40,0.0,0.0,1.0,40,950,700,250,0.7368421052631579,12,7,5,384.00871349039056,0.3834401709401709,0.1464262132717069,0.22240198722034285,130895.62694028491,2053.0122605713846,132948.6392008563,2929,50,2229.425,36,4,17,34.348290598290596,0.6293402777777778,44.1722972972973,1023.3108108108111,28.425300300300307,0
2931,4,0,0,40,0.0,0.0,1.0,40,600,400,200,0.6666666666666666,8,4,4,382.0192972314521,0.3832665598290598,0.14475132042253525,0.22141526615047424,130924.43795146496,2003.1323553282982,132927.57030679326,2930,51,2230.425,36,4,17,34.36995671948357,0.6296296296296297,44.14414414414414,1023.4234234234233,28.428428428428425,0
2932,4,0,0,40,0.0,0.0,1.0,40,1000,800,200,0.8,12,8,4,382.9859333568119,0.38334668803418803,0.14445544554455414,0.2223079268335516,130982.0694850255,2032.858026945852,133014.92751197136,2931,52,2231.425,36,4,17,34.286762009534264,0.6302083333333333,44.08783783783783,1023.6486486486481,28.43468468468467,0
2933,4,0,0,40,0.0,0.0,1.0,40,800,500,300,0.625,11,5,6,382.48875742924815,0.3831063034188034,0.1473224103804711,0.2226858361114967,131097.3705969481,2028.654076373653,133126.02467332175,2932,53,2232.425,36,4,17,34.18256542775457,0.6313657407407407,43.975225225225216,1024.0990990990977,28.447197197197156,0
2934,4,0,0,40,0.0,0.0,1.0,40,1350,1000,350,0.7407407407407407,17,10,7,384.4916550933316,0.3829193376068376,0.14591668498571098,0.224525358025618,131212.72243527306,2090.039363688004,133302.76179896106,2933,54,2233.425,36,4,17,34.01434381182677,0.6325231481481481,43.86261261261261,1024.549549549549,28.459709709709696,0
2935,4,0,0,40,0.0,0.0,1.0,40,650,500,150,0.7692307692307693,8,5,3,383.1079974913474,0.38230502136752137,0.14447148817802535,0.22422732952733987,131300.02891514672,2060.4182296475533,133360.44714479428,2934,55,2234.425,37,3,17,33.961320031382606,0.6314752252252251,43.77741228070174,1024.890350877191,27.699739212897054,0
2936,4,0,0,40,0.0,0.0,1.0,40,1150,600,550,0.5217391304347826,17,6,11,382.95749891632084,0.3822115384615385,0.1400033867690227,0.22465149174839527,131387.44882758908,2063.167769866981,133450.61659745604,2935,56,2235.425,35,5,17,33.876627530669076,0.6363095238095238,43.692129629629626,1025.2314814814808,29.292328042328023,0
2937,4,0,0,40,0.0,0.0,1.0,40,1150,900,250,0.782608695652174,14,9,5,380.3708316506451,0.38163728632478633,0.13647596479350033,0.22382777623426398,131506.13667052463,2004.2197145061675,133510.3563850308,2936,57,2236.425,35,5,17,33.822782667569385,0.6375,43.576388888888886,1025.6944444444441,29.305555555555546,0
2938,4,0,0,40,0.0,0.0,1.0,40,1150,800,350,0.6956521739130435,15,8,7,378.8067358722319,0.3817975427350427,0.13584046521834559,0.22389394233070836,131674.6370525931,1975.8478918107285,133650.48494440384,2937,58,2237.425,36,4,15,33.69244203057567,0.6371527777777778,43.41216216216216,1026.3513513513512,28.509759759759756,0
2939,4,0,0,40,0.0,0.0,1.0,40,1350,1200,150,0.8888888888888888,15,12,3,376.8633137119111,0.380715811965812,0.13374451754385963,0.22376259251644742,131848.06428049685,1937.7396822498295,133785.8039627467,2938,59,2238.425,36,4,15,33.567023026315795,0.6388888888888888,43.24324324324325,1027.027027027028,28.528528528528554,0
2940,4,0,0,40,0.0,0.0,1.0,40,900,700,200,0.7777777777777778,11,7,4,374.2897513681777,0.3807024572649573,0.13016277540282806,0.22274268765374347,131934.82069485035,1876.3702469361374,133811.19094178648,2939,60,2239.425,36,4,15,33.54548028791698,0.6397569444444444,43.15878378378379,1027.3648648648657,28.537912912912937,0
2941,4,0,0,40,0.0,0.0,1.0,40,1050,700,350,0.6666666666666666,14,7,7,372.8487725159807,0.38048878205128206,0.13253094533902932,0.22290349995405312,132108.41912436092,1851.2923819089467,133959.71150626987,2940,61,2240.425,36,4,15,33.40727352393471,0.6414930555555556,42.98986486486487,1028.0405405405413,28.556681681681702,0
2942,4,0,0,40,0.0,0.0,1.0,40,1050,500,550,0.47619047619047616,16,5,11,373.15038257960964,0.3797008547008547,0.138991679439457,0.22393926376361067,132253.17166828993,1870.0643210778358,134123.23598936776,2941,62,2241.425,36,4,17,33.253503393912844,0.6429398148148149,42.8490990990991,1028.6036036036037,28.572322322322325,0
2943,4,0,0,40,0.0,0.0,1.0,40,900,600,300,0.6666666666666666,12,6,6,375.12387439198613,0.3796073717948718,0.13865327788114268,0.22564231996837264,132340.06123944905,1928.783301882979,134268.84454133202,2942,63,2242.425,36,4,17,33.11512713873993,0.6438078703703703,42.76463963963965,1028.9414414414425,28.581706706706736,0
2944,4,0,0,40,0.0,0.0,1.0,40,950,600,350,0.631578947368421,13,6,7,376.22732348087425,0.37964743589743594,0.13521859819569748,0.2268383151196399,132428.63520408154,1964.6795582123666,134393.3147622939,2943,64,2243.425,34,6,17,32.99743619400108,0.6488970588235294,42.67857142857142,1029.2857142857135,30.27310924369746,0
2945,4,0,0,40,0.0,0.0,1.0,40,1000,900,100,0.9,11,9,2,377.33539090842066,0.37897970085470084,0.139785882881871,0.2282224998580706,132546.94097490134,2002.9303572959475,134549.8713321973,2944,65,2244.425,35,5,18,32.84967311078641,0.6479166666666667,42.563657407407405,1029.7453703703698,29.42129629629628,0
2946,4,0,0,40,0.0,0.0,1.0,40,750,400,350,0.5333333333333333,11,4,7,378.7811125492015,0.37923344017094013,0.13934430834925293,0.22946038941969685,132606.53941883155,2045.7705064729244,134652.3099253045,2945,66,2245.425,35,5,18,32.75239259092783,0.6485119047619048,42.505787037037045,1029.9768518518529,29.427910052910082,0
2947,4,0,0,40,0.0,0.0,1.0,40,750,400,350,0.5333333333333333,11,4,7,378.5077641711906,0.3790464743589744,0.1351797752808992,0.22947677800569458,132636.34366426614,2040.7771776406096,134677.12084190676,2946,67,2246.425,35,5,16,32.72940074906367,0.6488095238095238,42.476851851851855,1030.0925925925928,29.431216931216937,0
2948,4,0,0,40,0.0,0.0,1.0,40,1550,1200,350,0.7741935483870968,19,12,7,375.01629535010284,0.3787927350427351,0.13462035269010464,0.22790239436873486,132725.77649444874,1954.8657996827874,134680.64229413154,2947,68,2247.425,35,5,16,32.72925324796885,0.649702380952381,42.3900462962963,1030.439814814815,29.44113756613757,0
2949,4,0,0,40,0.0,0.0,1.0,40,950,700,250,0.7368421052631579,12,7,5,376.3413517774501,0.37872596153846155,0.13530997304582248,0.22888957624497372,132755.5941358024,1992.2839506172759,134747.8780864197,2948,69,2248.425,35,5,16,32.66509433962264,0.65,42.36111111111111,1030.555555555555,29.44444444444443,0
2950,4,0,0,40,0.0,0.0,1.0,40,750,400,350,0.5333333333333333,11,4,7,372.0889973307881,0.37793803418803423,0.1335382283597173,0.2268444010421169,132845.0671537422,1886.03756751542,134731.1047212576,2949,70,2249.425,35,5,16,32.68461603233412,0.6508928571428572,42.27430555555555,1030.902777777777,29.454365079365054,0
2951,4,0,0,40,0.0,0.0,1.0,40,1100,800,300,0.7272727272727273,14,8,6,377.7731757394867,0.3777911324786325,0.13456014362657087,0.2312303943812022,132994.25582990394,2048.3324759945053,135042.58830589845,2950,71,2250.425,35,5,16,32.38797875523638,0.6523809523809524,42.129629629629626,1031.481481481481,29.470899470899457,0
2952,4,0,0,40,0.0,0.0,1.0,40,1000,800,200,0.8,12,8,4,375.1157284319975,0.37732371794871794,0.12879788278947957,0.23022005489768219,133094.29943034254,1985.1530161918693,135079.45244653441,2951,72,2251.425,36,4,16,32.355896904216245,0.6513310185185186,42.03265765765766,1031.8693693693695,28.66303803803804,0
2953,4,0,0,40,0.0,0.0,1.0,40,1150,900,250,0.782608695652174,14,9,5,373.61890986623257,0.3767361111111111,0.12922711901385409,0.23001776673900304,133210.52629910325,1953.9943237156187,135164.52062281888,2952,73,2252.425,36,4,16,32.27768990218537,0.6524884259259259,41.92004504504505,1032.3198198198206,28.67555055055057,0
2954,4,0,0,40,0.0,0.0,1.0,40,850,700,150,0.8235294117647058,10,7,3,372.40301633152524,0.3761885683760684,0.12727917121046883,0.22980724493674873,133297.72973987498,1928.09532505478,135225.82506492976,2953,74,2253.425,36,4,17,32.221464921846604,0.6533564814814814,41.835585585585584,1032.6576576576574,28.68493493493493,0
2955,4,0,0,40,0.0,0.0,1.0,40,650,200,450,0.3076923076923077,11,2,9,372.04999702137764,0.37606837606837606,0.12765449139944796,0.22961775045526434,133302.32018505692,1919.025565558631,135221.34575061555,2954,75,2254.425,37,3,17,32.22596800453032,0.6514639639639639,41.83114035087719,1032.6754385964912,27.910146989094358,0
2956,4,0,0,40,0.0,0.0,1.0,40,1050,800,250,0.7619047619047619,13,8,5,372.9391771584152,0.37648237179487176,0.12602972399150736,0.2305175228892567,133358.94217451525,1946.9548322560806,135305.89700677132,2955,76,2255.425,37,3,17,32.146142958244866,0.652027027027027,41.776315789473685,1032.8947368421054,27.916073968705554,0
2957,4,0,0,40,0.0,0.0,1.0,40,1100,800,300,0.7272727272727273,14,8,6,372.23142687427355,0.37617521367521367,0.12410837490712279,0.23025556615774972,133387.25767784304,1930.1858504539746,135317.443528297,2956,77,2256.425,37,3,17,32.13598609489438,0.6523085585585586,41.748903508771924,1033.0043859649113,27.919037458511117,0
2958,4,0,0,40,0.0,0.0,1.0,40,900,500,400,0.5555555555555556,13,5,8,372.1190405147486,0.37566773504273504,0.12568876693918707,0.23089999393719163,133502.12358806998,1935.7905304403805,135437.91411851035,2957,78,2257.425,35,5,17,32.02357953484899,0.6574404761904762,41.637731481481474,1033.4490740740728,29.527116402116366,0
2959,4,0,0,40,0.0,0.0,1.0,40,1350,1000,350,0.7407407407407407,17,10,7,372.0702911523982,0.3756276709401709,0.12815718763994655,0.2314297939117842,133591.8477794924,1941.111539780516,135532.95931927292,2958,79,2258.425,35,5,17,31.934803702045084,0.6583333333333333,41.550925925925924,1033.7962962962958,29.537037037037024,0
2960,4,0,0,40,0.0,0.0,1.0,40,1350,1100,250,0.8148148148148148,16,11,5,373.99382063684203,0.37572115384615384,0.1266446632356233,0.23375921460504134,133771.3865847907,2005.9343921467657,135777.32097693748,2959,80,2259.425,35,5,15,31.70498620123816,0.6601190476190476,41.37731481481481,1034.49074074074,29.556878306878286,0
2961,4,0,0,40,0.0,0.0,1.0,40,850,700,150,0.8235294117647058,10,7,3,373.0462591775145,0.3757879273504274,0.13204697986577152,0.23354576730020865,133831.2596450617,1985.0501543209848,135816.3097993827,2960,81,2260.425,35,5,15,31.66946308724832,0.6607142857142857,41.31944444444444,1034.7222222222222,29.563492063492063,0
2962,4,0,0,40,0.0,0.0,1.0,40,1300,1200,100,0.9230769230769231,14,12,2,374.37347541745635,0.3763221153846154,0.130901229196128,0.2352437019489181,133967.23740209788,2030.7560516597516,135997.99345375763,2961,82,2261.425,36,4,15,31.49883063200261,0.6600115740740741,41.188063063063055,1035.2477477477464,28.756881881881846,0
2963,4,0,0,40,0.0,0.0,1.0,40,1300,1000,300,0.7692307692307693,16,10,6,375.0524321617225,0.3762019230769231,0.12976294040887337,0.2362316552163834,134054.68813407992,2055.507365473565,136110.1954995535,2962,83,2262.425,36,4,15,31.393631288966212,0.6608796296296297,41.103603603603595,1035.5855855855846,28.76626626626624,0
2964,4,0,0,40,0.0,0.0,1.0,40,1450,1200,250,0.8275862068965517,17,12,5,379.398589488569,0.3757077991452991,0.12889589219734865,0.24011181708898283,134229.67519884746,2185.3098875902897,136414.98508643775,2963,84,2263.425,36,4,16,31.105783163080506,0.6626157407407407,40.93468468468468,1036.2612612612609,28.785035035035023,0
2965,4,0,0,40,0.0,0.0,1.0,40,1150,800,350,0.6956521739130435,15,8,7,376.18732722507764,0.37554754273504276,0.12831848794264578,0.23884003685752164,134346.3966500284,2107.882375618854,136454.27902564724,2964,85,2264.425,36,4,16,31.072126873777957,0.6637731481481481,40.82207207207207,1036.7117117117114,28.797547547547538,0
2966,4,0,0,40,0.0,0.0,1.0,40,900,600,300,0.6666666666666666,12,6,6,374.7977042840348,0.3754807692307693,0.13028402302595854,0.2381478580637066,134375.58493882397,2072.73214937911,136448.3170882031,2965,86,2265.425,36,4,16,31.078934506353857,0.6640625,40.79391891891892,1036.8243243243244,28.800675675675677,0
2967,4,0,0,40,0.0,0.0,1.0,40,1450,1200,250,0.8275862068965517,17,12,5,373.6296892679456,0.3748130341880342,0.12728353948620375,0.2379907899518851,134465.47405211203,2048.0586574715094,136513.53270958352,2966,87,2266.425,37,3,16,31.019289389294133,0.6630067567567568,40.70723684210525,1037.1710526315776,28.031650071123718,0
2968,4,0,0,40,0.0,0.0,1.0,40,800,400,400,0.5,12,4,8,374.9939517104565,0.37397168803418807,0.13222891566265105,0.23941921532282964,134550.78124999988,2091.1999365189145,136641.9811865188,2967,88,2267.425,35,5,17,30.89859437751003,0.6678571428571429,40.62499999999999,1037.499999999999,29.642857142857117,0
2969,4,0,0,40,0.0,0.0,1.0,40,600,500,100,0.8333333333333334,7,5,2,374.77131896397043,0.3738782051282051,0.13220022308979407,0.23947433175424027,134580.8031791194,2087.4050229338027,136668.2082020532,2968,89,2268.425,35,5,18,30.87434932143523,0.6681547619047619,40.59606481481481,1037.6157407407397,29.646164021163994,0
2970,4,0,0,40,0.0,0.0,1.0,40,950,700,250,0.7368421052631579,12,7,5,371.85563556336285,0.3738915598290598,0.13488504500596488,0.2389463982947575,134784.55387397538,2024.0791889862885,136808.6330629617,2969,90,2269.425,36,4,15,30.746394100422943,0.6681134259259259,40.39977477477478,1038.4009009009012,28.844469469469477,0
2971,4,0,0,40,0.0,0.0,1.0,40,1350,1000,350,0.7407407407407407,17,10,7,352.4391308041872,0.3735977564102564,0.12444772528433923,0.21314176005777066,132542.914536158,1347.9945316938802,133890.90906785187,2970,91,2270.425,36,4,18,33.49464129483814,0.6458333333333333,42.56756756756758,1029.7297297297316,28.603603603603656,8
2972,4,0,0,40,0.0,0.0,1.0,40,1300,900,400,0.6923076923076923,17,9,8,356.1126026680167,0.37334401709401704,0.12164917459276259,0.21586229135880405,132629.89921932088,1446.2357205178387,134076.13493983872,2971,92,2271.425,36,4,14,33.31260704784811,0.6467013888888888,42.48310810810812,1030.0675675675693,28.612987987988035,0
2973,4,0,0,40,0.0,0.0,1.0,40,900,600,300,0.6666666666666666,12,6,6,356.1126026680167,0.37334401709401704,0.12164917459276259,0.21586229135880405,132629.89921932088,1446.2357205178387,134076.13493983872,2972,93,2272.425,36,4,14,33.31260704784811,0.6467013888888888,42.48310810810812,1030.0675675675693,28.612987987988035,0
2974,4,0,0,40,0.0,0.0,1.0,40,400,300,100,0.75,5,3,2,354.0430425947194,0.3730502136752137,0.1277380041534586,0.21493960163895784,132687.90486009687,1395.4459104374928,134083.35077053437,2973,94,2273.425,36,4,14,33.30760192370749,0.6472800925925926,42.426801801801815,1030.2927927927951,28.61924424424431,0
2975,4,0,0,40,0.0,0.0,1.0,40,750,600,150,0.8,9,6,3,355.68311739027394,0.37314369658119656,0.12636567245711783,0.21660462897359817,132803.95418645014,1447.2248853583537,134251.1790718085,2974,95,2274.425,36,4,14,33.14873993954624,0.6484375,42.3141891891892,1030.7432432432447,28.631756756756797,0
2976,4,0,0,40,0.0,0.0,1.0,40,1150,800,350,0.6956521739130435,15,8,7,356.0699928860323,0.3732104700854701,0.12900371422329027,0.21700830325424392,132832.9744440388,1459.5672530638917,134292.5416971027,2975,96,2275.425,36,4,14,33.10961510450805,0.6487268518518519,42.286036036036045,1030.855855855857,28.63488488488492,0
2977,4,0,0,40,0.0,0.0,1.0,40,1150,900,250,0.782608695652174,14,9,5,355.2398715691774,0.37323717948717944,0.12662153308582624,0.21717535005544258,132949.08717839478,1445.7633308984782,134394.85050929326,2976,97,2276.425,36,4,14,33.01439542840503,0.6498842592592593,42.17342342342343,1031.3063063063075,28.64739739739743,0
2978,4,0,0,40,0.0,0.0,1.0,40,500,400,100,0.8,6,4,2,353.9491284739579,0.3731971153846154,0.12723823561524217,0.2165544467396782,132978.12328798397,1413.4981687768925,134391.62145676085,2977,98,2277.425,36,4,14,33.018524584197706,0.6501736111111112,42.145270270270274,1031.4189189189192,28.650525525525534,0
2979,4,0,0,40,0.0,0.0,1.0,40,1100,700,400,0.6363636363636364,15,7,8,354.77882215050744,0.3729433760683761,0.14063386428103875,0.21824850227057385,133181.46482631282,1449.9926446717004,134631.45747098452,2978,99,2278.425,36,4,16,32.79306676849226,0.6521990740740741,41.9481981981982,1032.2072072072074,28.67242242242243,0
2980,4,0,0,40,0.0,0.0,1.0,40,550,400,150,0.7272727272727273,7,4,3,354.77882215050744,0.3733306623931624,0.14063386428103875,0.21824850227057385,133181.46482631282,1449.9926446717004,134631.45747098452,2979,100,2279.425,36,4,16,32.79306676849226,0.6521990740740741,41.9481981981982,1032.2072072072074,28.67242242242243,0
2981,4,0,0,40,0.0,0.0,1.0,40,1100,700,400,0.6363636363636364,15,7,8,352.51420302280775,0.37246260683760685,0.1393448715226162,0.2175608626519531,133302.32018505692,1398.1922322252979,134700.5124172822,2980,101,2280.425,37,3,17,32.730321370425415,0.6514639639639639,41.83114035087719,1032.6754385964912,27.910146989094358,0
2982,4,0,0,40,0.0,0.0,1.0,40,1100,700,400,0.6363636363636364,15,7,8,347.65460827792896,0.3721821581196581,0.1411737331954499,0.21522535608499163,133417.0284991598,1276.6089560961248,134693.6374552559,2981,102,2281.425,38,2,17,32.740865218890036,0.6507675438596492,41.720085470085465,1033.119658119657,27.187359424201503,0
2983,4,0,0,40,0.0,0.0,1.0,40,1150,900,250,0.782608695652174,14,9,5,351.2789840450599,0.37222222222222223,0.1248390613643442,0.21131592100799318,132343.03232750748,1297.8651882898685,133640.89751579735,2982,103,2282.425,38,2,16,33.72551310005883,0.6400767543859649,42.761752136752136,1028.9529914529915,27.07771030139451,4
2984,4,0,0,40,0.0,0.0,1.0,40,1000,700,300,0.7,13,7,6,347.8420875131602,0.372008547008547,0.12228649994811658,0.2101664073582648,132507.98000447432,1218.3704753816817,133726.350479856,2983,104,2283.425,38,2,17,33.64809242156965,0.6417214912280702,42.60149572649572,1029.5940170940164,27.094579397210957,0
2985,4,0,0,40,0.0,0.0,1.0,40,1200,900,300,0.75,15,9,6,353.5394535218057,0.37204861111111115,0.12303423236514544,0.21407791029837991,132590.49236613343,1375.194042661996,133965.68640879542,2984,105,2284.425,38,2,17,33.41848201936377,0.6425438596491229,42.52136752136752,1029.9145299145302,27.103013945119216,0
2986,4,0,0,40,0.0,0.0,1.0,40,950,700,250,0.7368421052631579,12,7,5,349.9922876688443,0.3716880341880342,0.12095043036399433,0.21239620075460458,132673.03040990946,1286.9074850244779,133959.93789493394,2985,106,2285.425,38,2,13,33.42688133015314,0.6433662280701755,42.44123931623932,1030.2350427350432,27.111448493027453,0
2987,4,0,0,40,0.0,0.0,1.0,40,800,300,500,0.375,13,3,10,350.1611445012357,0.371474358974359,0.12369907743339903,0.2131233161516354,132783.12108490395,1299.0979299072274,134082.21901481118,2986,107,2286.425,38,2,13,33.311953629798566,0.6444627192982456,42.33440170940171,1030.6623931623933,27.12269455690509,0
2988,4,0,0,40,0.0,0.0,1.0,40,1250,800,450,0.64,17,8,9,349.86557754020663,0.37152777777777773,0.1209900528442649,0.2135706950563273,132893.25741699542,1298.9552514792895,134192.2126684747,2987,108,2287.425,38,2,14,33.208993886643874,0.6455592105263157,42.2275641025641,1031.0897435897436,27.133940620782727,0
2989,4,0,0,40,0.0,0.0,1.0,40,900,800,100,0.8888888888888888,10,8,2,349.9620106138522,0.3709001068376068,0.1255748912367931,0.2141022338698432,132975.88962853374,1307.3019395134652,134283.19156804722,2988,109,2288.425,38,2,14,33.12357571990885,0.6463815789473684,42.14743589743589,1031.4102564102554,27.142375168690933,0
2990,4,0,0,40,0.0,0.0,1.0,40,1000,700,300,0.7,13,7,6,349.9810508840943,0.37135416666666665,0.13096458527493038,0.21458838148493314,133058.54752218924,1313.594058185393,134372.14158037462,2989,110,2289.425,38,2,15,33.04015222118671,0.647203947368421,42.067307692307686,1031.7307692307684,27.150809716599166,0
2991,4,0,0,40,0.0,0.0,1.0,40,700,500,200,0.7142857142857143,9,5,4,349.9810508840943,0.37094017094017095,0.13096458527493038,0.21458838148493314,133058.54752218924,1313.594058185393,134372.14158037462,2990,111,2290.425,38,2,15,33.04015222118671,0.647203947368421,42.067307692307686,1031.7307692307684,27.150809716599166,0
2992,4,0,0,40,0.0,0.0,1.0,40,850,700,150,0.8235294117647058,10,7,3,349.34309313874064,0.37023237179487184,0.13511800020701803,0.21483154823764314,133168.79799702315,1304.3199603696394,134473.1179573928,2991,112,2291.425,38,2,15,32.94603733222924,0.6483004385964912,41.960470085470085,1032.1581196581196,27.162055780476834,0
2993,4,0,0,40,0.0,0.0,1.0,40,750,600,150,0.8,9,6,3,349.2203509765452,0.3702056623931624,0.14148732540093123,0.21539340728706485,133279.0941289538,1308.754405909837,134587.84853486362,2992,113,2292.425,38,2,16,32.83863597171925,0.6493969298245614,41.85363247863247,1032.585470085469,27.173301844354448,0
2994,4,0,0,40,0.0,0.0,1.0,40,950,500,450,0.5263157894736842,14,5,9,349.90084078231575,0.37055288461538466,0.1388423339540661,0.21597327758632578,133306.67529585792,1328.8235535831618,134635.49884944106,2993,114,2293.425,38,2,16,32.79342540864887,0.649671052631579,41.82692307692307,1032.6923076923072,27.17611336032387,0
2995,4,0,0,40,0.0,0.0,1.0,40,800,600,200,0.75,10,6,4,350.90777455408005,0.37065972222222227,0.1409720785935884,0.21723932009846036,133417.02849915982,1363.4145116516816,134780.4430108115,2994,115,2294.425,38,2,16,32.65684246811444,0.6507675438596492,41.720085470085465,1033.1196581196573,27.187359424201507,0
2996,4,0,0,40,0.0,0.0,1.0,40,950,600,350,0.631578947368421,13,6,7,349.57075962539045,0.37100694444444443,0.14072580645161303,0.21673387096774185,133472.22222222204,1331.6086364964383,134803.8308587185,2995,116,2295.425,37,3,16,32.63608870967742,0.6531531531531531,41.66666666666666,1033.333333333332,27.92792792792789,0
2997,4,0,0,40,0.0,0.0,1.0,40,750,400,350,0.5333333333333333,11,4,7,350.36289915767236,0.3713007478632479,0.13762465520899658,0.21755735754019867,133528.88028047077,1356.7131232686836,134885.59340373945,2996,117,2296.425,37,3,17,32.55887969446212,0.6537162162162162,41.61184210526315,1033.5526315789461,27.933854907539086,0
2998,4,0,0,40,0.0,0.0,1.0,40,900,500,400,0.5555555555555556,13,5,8,349.6973844555738,0.3709535256410256,0.14214391770071044,0.21764334244433026,133613.88991083778,1344.8855657509775,134958.77547658875,2997,118,2297.425,37,3,17,32.490963163290544,0.6545608108108107,41.52960526315788,1033.881578947367,27.942745376955862,0
2999,4,0,0,40,0.0,0.0,1.0,40,850,600,250,0.7058823529411765,11,6,5,348.4526587536593,0.3716212606837607,0.1390441098504933,0.2172013896038172,133670.57802641168,1315.5736620883008,134986.1516885,2998,119,2298.425,37,3,17,32.46640069981973,0.6551238738738738,41.47478070175437,1034.10087719298,27.94867235656703,0
3000,4,0,0,40,0.0,0.0,1.0,40,1000,500,500,0.5,15,5,10,349.27995119480215,0.3708199786324786,0.14356052575789713,0.21821901056766618,133755.63274276676,1343.6321752846754,135099.26491805143,2999,120,2299.425,37,3,14,32.35990389371775,0.6559684684684685,41.39254385964911,1034.4298245614016,27.957562825983825,0
3001,4,0,0,40,0.0,0.0,1.0,40,1250,700,550,0.56,18,7,11,369.68040532933,0.3695779914529915,0.12222191780821912,0.22033531669693918,131992.67415642008,1917.0143813987079,133909.6885378188,3000,121,2300.425,36,4,15,33.60547945205479,0.6403356481481481,43.102477477477485,1027.590090090091,28.544169169169194,8
3002,4,0,0,40,0.0,0.0,1.0,40,1200,900,300,0.75,15,9,6,368.5777645450203,0.36904380341880344,0.12333497644867997,0.22035012524764208,132108.41912436104,1738.4451596867389,133846.86428404777,3001,122,2301.425,36,4,15,33.517042757512705,0.6414930555555556,42.98986486486488,1028.0405405405422,28.556681681681727,0
3003,4,0,0,40,0.0,0.0,1.0,40,600,300,300,0.5,9,3,6,360.27436264668984,0.3690972222222222,0.035978882277447166,0.20463297297844787,130141.08737244898,1406.9902586673809,131548.07763111635,3002,123,2302.425,34,6,19,35.72050130284292,0.6259191176470589,44.910714285714285,1020.3571428571428,30.01050420168067,7
3004,4,0,0,40,0.0,0.0,1.0,40,1050,800,250,0.7619047619047619,13,8,5,361.595471284748,0.3689770299145299,0.03192792162351288,0.2058645133330297,130232.20663265292,1418.275226757351,131650.48185941027,3003,124,2303.425,34,6,20,35.594286991680285,0.6268382352941176,44.82142857142856,1020.7142857142845,30.02100840336131,0
3005,4,0,1,39,0.0,0.025,0.975,40,1150,1000,150,0.8695652173913043,13,10,3,359.22141047269065,0.3688701923076923,0.03584751690370713,0.20515321298500266,130353.74858276638,1365.171485260764,131718.92006802713,3004,125,2304.425,34,6,21,35.53154387192043,0.6280637254901961,44.70238095238095,1021.1904761904757,30.035014005602225,0
3006,4,0,0,39,0.0,0.0,1.0,39,750,500,250,0.6666666666666666,10,5,5,360.31501929089745,0.3662843004948268,0.05933063816433193,0.2059578443601055,130387.71896626288,1596.1306949250197,131983.8496611879,3005,126,2361.2820512820513,33,6,21,35.469162467002654,0.6306818181818181,44.66911764705882,1021.323529411764,30.949197860962546,0
3007,4,0,0,39,0.0,0.0,1.0,39,1050,700,350,0.6666666666666666,14,7,7,362.9208017330592,0.3657782276203329,0.04397237295933376,0.19349306915928344,127631.95363860486,1464.0581882558258,129096.01182686069,3006,127,2362.2820512820513,36,3,19,38.21371521973326,0.5963541666666667,47.38175675675676,1010.4729729729734,28.068693693693703,6
3008,4,0,0,39,0.0,0.0,1.0,39,900,600,300,0.6666666666666666,12,6,6,363.10919905732624,0.3658344579397211,0.04407274430667529,0.1941412316818117,127745.77100326677,1477.132918391362,129222.90392165813,3007,128,2363.2820512820513,36,3,19,38.09225427945489,0.5975115740740741,47.26914414414414,1010.9234234234234,28.081206206206204,0
3009,4,0,0,39,0.0,0.0,1.0,39,1200,1000,200,0.8333333333333334,14,10,4,362.09043244683676,0.3665092217723797,0.04179404402047204,0.19442070261027694,127916.59216226355,1463.4748346319261,129380.06699689548,3008,129,2364.2820512820513,36,3,19,37.94296634383466,0.5992476851851851,47.10022522522522,1011.5990990990986,28.09997497497496,0
3010,4,0,0,39,0.0,0.0,1.0,39,950,600,350,0.631578947368421,13,6,7,364.61442166459585,0.36611560953666217,0.039572830270504955,0.19633252291789824,128030.53634293067,1536.3559928171326,129566.8923357478,3009,130,2365.2820512820513,36,3,19,37.762416082489516,0.6004050925925926,46.98761261261261,1012.0495495495488,28.112487487487467,0
3011,4,0,0,39,0.0,0.0,1.0,39,750,400,350,0.5333333333333333,11,4,7,363.6954173528617,0.36617183985605034,0.038435868914178384,0.19625581044431117,128116.02776763239,1519.042437707969,129635.07020534037,3010,131,2366.2820512820513,36,3,19,37.69813681868742,0.6012731481481481,46.90315315315315,1012.3873873873865,28.121871871871846,0
3012,4,0,0,39,0.0,0.0,1.0,39,1150,800,350,0.6956521739130435,15,8,7,364.4396059254092,0.36594691857849754,0.04131754251768016,0.19694145226938828,128173.82979948951,1542.3271748153852,129716.15697430489,3011,132,2367.2820512820513,35,4,19,37.620132777079284,0.6038690476190476,46.846064814814795,1012.6157407407377,28.931878306878218,0
3013,4,0,0,39,0.0,0.0,1.0,39,1400,1200,200,0.8571428571428571,16,12,4,368.1669540903506,0.36634053081421497,0.0457285460712471,0.19968609145643879,128320.37278163545,1648.6641589505825,129969.03694058604,3012,133,2368.2820512820513,35,4,19,37.375771076079516,0.6053571428571429,46.70138888888887,1013.1944444444415,28.948412698412614,0
3014,4,0,0,39,0.0,0.0,1.0,39,1350,1000,350,0.7407407407407407,17,10,7,367.3598534226794,0.36704340980656774,0.038029846727483774,0.20027627105389464,128525.67361379,1643.0345239625826,130168.70813775259,3013,134,2369.2820512820513,35,4,19,37.18622778982611,0.6074404761904761,46.498842592592574,1014.0046296296273,28.97156084656078,0
3015,4,0,0,39,0.0,0.0,1.0,39,1000,600,400,0.6,14,6,8,362.9163968824311,0.367380791722897,0.03413111105418842,0.19851328594498005,128658.1360710372,1538.429434502068,130196.56550553927,3014,135,2370.2820512820513,36,3,19,37.16353091353094,0.6067708333333333,46.36824324324324,1014.5270270270265,28.181306306306293,0
3016,4,0,0,39,0.0,0.0,1.0,39,1100,700,400,0.6363636363636364,15,7,8,364.45119540768644,0.368168016194332,0.03528805969724691,0.19992687913630391,128772.40997331771,1586.2517500608492,130358.66172337857,3015,136,2371.2820512820513,36,3,19,37.00788675616701,0.6079282407407407,46.25563063063062,1014.9774774774758,28.19381881881877,0
3017,4,0,0,39,0.0,0.0,1.0,39,1100,700,400,0.6363636363636364,15,7,8,369.83374505197855,0.3674651372019793,0.0439641668159243,0.20375873833987748,128943.91593874285,1737.5622666585566,130681.4782054014,3016,137,2372.2820512820513,36,3,19,36.69614147909967,0.6096643518518519,46.086711711711715,1015.6531531531535,28.2125875875876,0
3018,4,0,0,39,0.0,0.0,1.0,39,750,600,150,0.8,9,6,3,358.4834028071993,0.3670715249662618,0.03572850005010819,0.18872538930855212,127120.40323685175,1314.3677461245077,128434.77098297626,3017,138,2373.2820512820513,36,3,17,38.85073515726782,0.5911458333333333,47.888513513513516,1008.4459459459463,28.012387387387395,5
3019,4,0,0,39,0.0,0.0,1.0,39,500,400,100,0.8,6,4,2,358.3355465593457,0.36690283400809715,0.040898566403644754,0.18917667422658702,127233.99233270448,1318.492436693464,128552.48476939794,3018,139,2374.2820512820513,36,3,17,38.73781486028947,0.5923032407407407,47.77590090090091,1008.8963963963977,28.024899899899935,0
3020,4,0,0,39,0.0,0.0,1.0,39,650,300,350,0.46153846153846156,10,3,7,358.1896723533164,0.36681848852901483,0.041025641025641324,0.1892322797338275,127262.39753266788,1316.8152950247631,128579.21282769264,3019,140,2375.2820512820513,36,3,18,38.71233258928572,0.5925925925925926,47.74774774774775,1009.0090090090096,28.028028028028043,0
3021,4,0,0,39,0.0,0.0,1.0,39,1100,600,500,0.5454545454545454,16,6,10,359.21588082709155,0.3665092217723797,0.042592020503667394,0.19030798792754428,127376.050036523,1351.1000020290594,128727.15003855206,3020,141,2376.2820512820513,36,3,16,38.56978841291092,0.59375,47.63513513513514,1009.4594594594594,28.040540540540537,0
3022,4,0,0,39,0.0,0.0,1.0,39,800,500,300,0.625,11,5,6,362.08304783316873,0.36544084570400365,0.05046075737082578,0.18720553179515703,126383.31056986029,1352.2508572761844,127735.56142713648,3021,142,2377.2820512820513,36,3,13,39.51846978011722,0.5836226851851851,48.62049549549549,1005.5180180180172,27.931056056056033,2
3023,4,0,0,39,0.0,0.0,1.0,39,650,400,250,0.6153846153846154,9,4,5,361.87818907541435,0.3658344579397211,0.05058718810118634,0.18722898194921495,126411.62065781995,1349.1216723480218,127760.74233016797,3022,143,2378.2820512820513,36,3,13,39.49444755505786,0.583912037037037,48.59234234234234,1005.6306306306303,27.934184184184176,0
3024,4,0,0,39,0.0,0.0,1.0,39,1450,900,550,0.6206896551724138,20,9,11,356.40917802284355,0.3662561853351327,0.04319122748125759,0.18529545223910127,126609.88004474065,1224.9846552633646,127834.86470000402,3023,144,2379.2820512820513,36,3,14,39.42784677930699,0.5859375,48.39527027027027,1006.4189189189186,27.956081081081074,0
3025,4,0,0,39,0.0,0.0,1.0,39,850,600,250,0.7058823529411765,11,6,5,359.9528249047399,0.3668747188484031,0.04344546082995615,0.1873976879338073,126666.55411746213,1318.7967951059297,127985.35091256806,3024,145,2380.2820512820513,36,3,14,39.2803538800015,0.5865162037037037,48.33896396396397,1006.6441441441448,27.962337337337356,0
3026,4,0,0,39,0.0,0.0,1.0,39,1100,900,200,0.8181818181818182,13,9,4,353.9112538239866,0.36735267656320286,0.04251049863123679,0.1850225695765964,126836.65242522948,1177.7837381300478,128014.43616335953,3025,146,2381.2820512820513,36,3,15,39.25749953419044,0.5882523148148149,48.17004504504506,1007.3198198198214,27.98110610610615,0
3027,4,0,0,39,0.0,0.0,1.0,39,950,600,350,0.631578947368421,13,6,7,354.5832213141228,0.36715587044534415,0.04433438236255127,0.18550301157170468,126865.01323959124,1196.841013310643,128061.85425290187,3026,147,2382.2820512820513,36,3,15,39.21142596318652,0.5885416666666667,48.14189189189191,1007.4324324324348,27.9842342342343,0
3028,4,0,0,39,0.0,0.0,1.0,39,900,600,300,0.6666666666666666,12,6,6,354.85275782329467,0.3672121007647324,0.040166290003068594,0.1859234232836992,126926.22369382915,1208.0241035703568,128134.2477973995,3027,148,2383.2820512820513,37,2,15,39.14173014145809,0.5872747747747749,48.081140350877206,1007.6754385964934,27.23447131341874,0
3029,4,1,0,40,0.025,0.0,1.0,40,800,600,200,0.75,10,6,4,344.6562852043473,0.37366452991452986,0.04116128681665043,0.181938180158646,127230.25504241695,770.2496200754144,128000.50466249236,3028,0,2324.675,37,3,16,39.086670832880486,0.5903716216216216,47.7796052631579,1008.8815789473688,27.26706970128024,0
3030,4,0,0,40,0.0,0.0,1.0,40,1000,800,200,0.8,12,8,4,345.16769419625615,0.3734775641025641,0.041385961099641655,0.18245711026353514,127285.5725439559,786.973515889515,128072.54605984542,3029,1,2325.675,37,3,16,39.01705512695137,0.5909346846846847,47.72478070175439,1009.100877192983,27.272996680891435,0
3031,4,0,0,40,0.0,0.0,1.0,40,1050,900,150,0.8571428571428571,12,9,3,345.94252268831303,0.37362446581196584,0.04122502172024323,0.18349301549043712,127423.91889812259,816.2703908895107,128240.1892890121,3030,2,2326.675,37,3,14,38.85570518389804,0.5923423423423424,47.58771929824562,1009.6491228070182,27.28781412991941,0
3032,4,0,0,40,0.0,0.0,1.0,40,800,600,200,0.75,10,6,4,336.486496347314,0.3731036324786325,0.034364695537481005,0.1658371692181939,124397.65721183426,371.62636580484684,124769.2835776391,3031,3,2327.675,37,3,15,42.21120026379424,0.5613738738738738,50.60307017543859,997.5877192982443,26.9618302513039,8
3033,4,0,0,40,0.0,0.0,1.0,40,1100,700,400,0.6363636363636364,15,7,8,336.45574976603154,0.3717147435897436,0.028789543057996525,0.16647245357988827,124561.78824253585,381.90597106798816,124943.69421360384,3032,4,2328.675,37,3,15,42.04195957820739,0.5630630630630631,50.438596491228054,998.2456140350852,26.979611190137437,0
3034,4,0,0,40,0.0,0.0,1.0,40,1450,1200,250,0.8275862068965517,17,12,5,336.69354335733686,0.37143429487179486,0.027173674387968028,0.16713577582790054,124698.64675909866,397.0458458371431,125095.6926049358,3033,5,2329.675,37,3,15,41.894348995498966,0.5644707207207207,50.30153508771928,998.7938596491203,26.994428639165413,0
3035,4,0,0,40,0.0,0.0,1.0,40,1400,1100,300,0.7857142857142857,17,11,6,343.02551810885234,0.3728766025641026,0.04829969284774016,0.1710623973238673,124890.37492305308,568.1171129578111,125458.4920360109,3034,6,2330.675,37,3,15,41.53777241480181,0.5664414414414414,50.10964912280701,999.5614035087706,27.01517306780461,0
3036,4,0,0,40,0.0,0.0,1.0,40,1000,700,300,0.7,13,7,6,342.66719243122105,0.37317040598290596,0.05126616969962727,0.1715592826211632,125054.83057286838,570.4375384733521,125625.26811134173,3035,7,2331.675,37,3,15,41.37661696996272,0.5681306306306306,49.94517543859648,1000.2192982456124,27.032954006638175,0
3037,4,0,0,40,0.0,0.0,1.0,40,850,700,150,0.8235294117647058,10,7,3,342.2416581634958,0.37403846153846154,0.049616396317404554,0.17157213676284241,125109.67316866714,563.54839950752,125673.22156817466,3036,8,2332.675,37,3,16,41.33055677334501,0.5686936936936937,49.89035087719297,1000.4385964912269,27.038880986249374,0
3038,4,0,0,40,0.0,0.0,1.0,40,900,600,300,0.6666666666666666,12,6,6,341.77900173618303,0.37487980769230766,0.05400504054350286,0.17156629097053905,125164.52778739578,555.7214719913501,125720.24925938713,3037,9,2333.675,37,3,16,41.28542990722479,0.5692567567567568,49.83552631578946,1000.6578947368394,27.044807965860524,0
3039,4,0,0,40,0.0,0.0,1.0,40,1250,1000,250,0.8,15,10,5,339.10956143381367,0.3747863247863248,0.058815313835032024,0.17056370172613108,125246.8322584831,494.4796716297067,125741.31193011282,3038,10,2334.675,37,3,14,41.26718424800091,0.5701013513513513,49.7532894736842,1000.9868421052608,27.05369843527732,0
3040,4,0,0,40,0.0,0.0,1.0,40,600,400,200,0.6666666666666666,8,4,4,336.0965454662356,0.3753872863247863,0.04928289905846328,0.16960805780599947,125384.06649161251,428.2303208679285,125812.29681248043,3039,11,2335.675,37,3,14,41.20091599153346,0.571509009009009,49.616228070175424,1001.5350877192958,27.06851588430529,0
3041,4,0,0,40,0.0,0.0,1.0,40,950,700,250,0.7368421052631579,12,7,5,341.16750086473894,0.37556089743589743,0.04847597679763638,0.17250954374106886,125466.44310028062,561.0145669821244,126027.45766726274,3040,12,2336.675,37,3,15,40.98890500164168,0.5723536036036037,49.533991228070164,1001.8640350877174,27.077406353722093,0
3042,4,0,0,40,0.0,0.0,1.0,40,550,300,250,0.5454545454545454,8,3,5,340.64722239347367,0.37526709401709407,0.05035565769314987,0.17236070422101646,125493.90798130173,549.8302362265092,126043.73821752824,3041,13,2337.675,37,3,15,40.973590136426644,0.5726351351351351,49.50657894736841,1001.9736842105247,27.080369843527695,0
3043,4,1,0,41,0.024390243902439025,0.0,1.0,41,1450,1100,350,0.7586206896551724,18,11,7,334.61815626946753,0.3809705284552845,0.0595380631689395,0.17068979389063374,125829.36259268387,220.95786306523004,126050.3204557491,3042,0,2281.6341463414633,38,3,16,40.77884854293117,0.5742872807017544,49.172008547008545,1003.3119658119655,26.402946468735934,0
3044,4,0,0,41,0.0,0.0,1.0,41,1100,800,300,0.7272727272727273,14,8,6,336.44177272793996,0.381885162601626,0.05091424477463158,0.17217902486665168,125963.3875739645,275.8690828402389,126239.25665680473,3043,1,2282.6341463414633,38,3,16,40.595067049808435,0.575657894736842,49.03846153846154,1003.8461538461539,26.417004048583,0
3045,4,0,0,41,0.0,0.0,1.0,41,1250,1100,150,0.88,14,11,3,332.157537347216,0.3829014227642276,0.046248053969901504,0.1704301774598161,126070.65892322302,175.0639199357146,126245.72284315873,3044,2,2283.6341463414633,38,3,16,40.5921985815603,0.5767543859649122,48.93162393162393,1004.2735042735042,26.428250112460635,0
3046,4,0,0,41,0.0,0.0,1.0,41,1000,600,400,0.6,14,6,8,338.38765392530155,0.38216463414634144,0.053215077605321515,0.1741946297300201,126204.81231508896,341.23007067720863,126546.04238576617,3045,3,2284.6341463414633,38,3,16,40.2977139819245,0.578125,48.798076923076934,1004.807692307694,26.442307692307736,0
3047,4,0,0,41,0.0,0.0,1.0,41,1000,800,200,0.8,12,8,4,339.36885954063285,0.3820630081300813,0.05442236839717163,0.1749283759834923,126258.49364681508,369.64019924758463,126628.13384606267,3046,4,2285.6341463414633,38,3,16,40.21783423691576,0.5786732456140351,48.744658119658126,1005.0213675213686,26.447930724246543,0
3048,4,0,0,41,0.0,0.0,1.0,41,1050,700,350,0.6666666666666666,14,7,7,340.6240492070511,0.38211382113821135,0.057330286495981264,0.17638255221315643,126446.46819526653,414.1416009204737,126860.609796187,3047,5,2286.6341463414633,38,3,12,39.992962608880376,0.580592105263158,48.55769230769232,1005.7692307692329,26.467611336032444,0
3049,4,0,0,41,0.0,0.0,1.0,41,1250,900,350,0.72,16,9,7,343.45184489460894,0.3828252032520325,0.057615768853304106,0.17843204230900833,126580.82133693114,494.88332328877766,127075.70466021993,3048,6,2287.6341463414633,38,3,12,39.783726156350646,0.5819627192982456,48.4241452991453,1006.303418803419,26.48166891587945,0
3050,4,0,0,41,0.0,0.0,1.0,41,550,200,350,0.36363636363636365,9,2,7,342.11895160084146,0.38343495934959354,0.05740677935385663,0.17797364124967016,126634.5825685769,464.8181249543394,127099.40069353124,3049,7,2288.6341463414633,38,3,12,39.76201217139018,0.5825109649122807,48.370726495726494,1006.5170940170935,26.48729194781825,0
3051,4,0,1,40,0.0,0.024390243902439025,0.975609756097561,41,1050,800,250,0.7619047619047619,13,8,5,346.23263751103434,0.38318089430894314,0.057601664841863354,0.18035103058410595,126688.35521449706,572.7286735700226,127261.08388806708,3050,8,2289.6341463414633,38,3,12,39.603231454950645,0.5830592105263157,48.31730769230769,1006.7307692307693,26.492914979757085,0
3052,4,0,0,40,0.0,0.0,1.0,40,700,300,400,0.42857142857142855,11,3,8,352.8780035786261,0.37832532051282053,0.0556493789496626,0.18339265667296872,126594.9679228223,934.5159087411391,127529.48383156344,3051,23,2347.675,37,3,12,39.53203312268467,0.5838963963963963,48.41008771929824,1006.3596491228061,27.198909435751517,0
3053,4,0,0,40,0.0,0.0,1.0,40,1200,900,300,0.75,15,9,6,352.21285995982424,0.3776575854700855,0.04884271865809864,0.18341839292632692,126677.74128818477,923.5059104724475,127601.24719865722,3052,24,2348.675,37,3,13,39.46363413571506,0.584740990990991,48.32785087719298,1006.6885964912276,27.207799905168315,0
3054,4,0,0,40,0.0,0.0,1.0,40,700,400,300,0.5714285714285714,10,4,6,351.28772065049594,0.3776842948717949,0.047402526682640334,0.18306037746951473,126705.33842143719,902.0059056632633,127607.34432710045,3053,25,2349.675,37,3,13,39.458542075074405,0.5850225225225225,48.30043859649122,1006.7982456140337,27.210763394973885,0
3055,4,0,0,40,0.0,0.0,1.0,40,1200,900,300,0.75,15,9,6,353.0306624797165,0.3770299145299145,0.047858386850985424,0.18459264064889894,126843.36917368796,955.9197301092571,127799.2889037972,3054,26,2350.675,37,3,14,39.27277221436088,0.5864301801801801,48.16337719298245,1007.3464912280695,27.225580844001875,0
3056,4,0,0,40,0.0,0.0,1.0,40,850,700,150,0.8235294117647058,10,7,3,356.23882672922286,0.3767895299145299,0.05057937112392619,0.1867764436091433,126953.84787867406,1045.1779634118052,127999.02584208586,3055,27,2351.675,37,3,15,39.0784236390672,0.5875563063063063,48.05372807017543,1007.785087719297,27.237434803224243,0
3057,4,0,0,40,0.0,0.0,1.0,40,500,300,200,0.6,7,3,4,360.0066305965969,0.37716346153846153,0.05183563580985551,0.18900862107792762,127009.10526556238,1144.8240083487128,128153.9292739111,3056,28,2352.675,37,3,15,38.92669694332646,0.5881193693693694,47.998903508771924,1008.0043859649114,27.243361782835443,0
3058,4,0,0,40,0.0,0.0,1.0,40,750,300,450,0.4,12,3,9,359.9963449505451,0.3768963675213675,0.05163693713291284,0.1891317940271605,127036.73846760533,1146.5523045552402,128183.29077216057,3057,29,2353.675,37,3,16,38.898557029947064,0.5884009009009009,47.97149122807017,1008.1140350877185,27.24632527264104,0
3059,4,0,0,40,0.0,0.0,1.0,40,950,600,350,0.631578947368421,13,6,7,361.85429769876396,0.37672275641025643,0.04238232416567023,0.19075631429976644,127174.94956380785,1203.7604118574675,128378.70997566532,3058,30,2354.675,37,3,16,38.70971029459722,0.5898085585585586,47.83442982456139,1008.6622807017525,27.261142721668985,0
3060,4,0,0,40,0.0,0.0,1.0,40,750,500,250,0.6666666666666666,10,5,5,362.31079292978524,0.3768963675213675,0.04282221256248642,0.19138828453156617,127257.91229032003,1221.383021698978,128479.295312019,3059,31,2355.675,37,3,16,38.61298268492358,0.5906531531531531,47.75219298245614,1008.9912280701749,27.27003319108581,0
3061,4,0,0,40,0.0,0.0,1.0,40,1100,700,400,0.6363636363636364,15,7,8,365.29202050953376,0.3774973290598291,0.03325949367088632,0.19765801109762443,128225.67389875081,1367.9630999342553,129593.63699868508,3060,32,2356.675,38,2,18,37.54549050632911,0.5986842105263157,46.794871794871796,1012.8205128205128,26.653171390013494,2
3062,4,0,0,40,0.0,0.0,1.0,40,800,500,300,0.625,11,5,6,364.2052691505758,0.3775774572649573,0.039799013056440735,0.197580850698698,128329.16802300356,1347.6318359375045,129676.79985894106,3061,33,2357.675,39,1,18,37.46712329940714,0.5980235042735043,46.692708333333336,1013.2291666666674,25.980235042735064,0
3063,4,0,0,40,0.0,0.0,1.0,40,700,500,200,0.7142857142857143,9,5,4,369.2608972578212,0.37732371794871794,0.03573997944501528,0.20072114694517326,128408.33875868062,1483.2356770833385,129891.57443576396,3062,34,2358.675,39,1,13,37.2580507022953,0.5988247863247863,46.614583333333336,1013.5416666666672,25.988247863247878,0
3064,4,0,0,40,0.0,0.0,1.0,40,850,500,350,0.5882352941176471,12,5,7,360.61678004535156,0.3771100427350427,0.03969841269841301,0.1912361712361713,127415.40310650886,1194.509291789943,128609.91239829881,3063,35,2359.675,38,2,15,38.49404761904762,0.5904605263157895,47.59615384615385,1009.6153846153845,26.56882591093117,6
3065,4,0,0,40,0.0,0.0,1.0,40,950,700,250,0.7368421052631579,12,7,5,353.14246126553064,0.37704326923076925,0.06520356234096658,0.18504664970313825,126930.47337278117,966.9882067718679,127897.46157955304,3064,36,2360.675,38,2,18,39.18044953350296,0.5855263157894737,48.07692307692308,1007.6923076923085,26.518218623481804,3
3066,4,0,0,40,0.0,0.0,1.0,40,850,500,350,0.5882352941176471,12,5,7,353.04820534347414,0.37756410256410255,0.06588066977532825,0.18548791011252935,127038.15563591223,970.1185714807696,128008.274207393,3065,37,2361.675,38,2,19,39.07221456831991,0.5866228070175439,47.97008547008548,1008.1196581196597,26.529464687359464,0
3067,4,0,0,40,0.0,0.0,1.0,40,1000,600,400,0.6,14,6,8,353.599243856333,0.3764022435897436,0.06707608695652212,0.18653171120861603,127202.6008002462,995.7601061794398,128198.36090642565,3066,38,2362.675,37,3,20,38.88949275362321,0.5900900900900901,47.80701754385965,1008.7719298245612,27.264106211474626,0
3068,4,0,0,40,0.0,0.0,1.0,40,1050,800,250,0.7619047619047619,13,8,5,353.1021317242913,0.3766292735042735,0.06900130406433402,0.1865238700417295,127257.91229032005,987.0080216989779,128244.92031201902,3067,39,2363.675,37,3,20,38.84526914438888,0.5906531531531531,47.75219298245614,1008.991228070175,27.270033191085812,0
3069,4,0,0,40,0.0,0.0,1.0,40,1100,800,300,0.7272727272727273,14,8,6,354.98424093117023,0.37716346153846153,0.06118281845112117,0.18850062052142813,127469.34125940534,1049.9214697932568,128519.2627291986,3068,40,2364.675,38,2,11,38.58089998589362,0.5910087719298245,47.54273504273504,1009.8290598290596,26.57444894286999,0
3070,4,0,0,40,0.0,0.0,1.0,40,750,600,150,0.8,9,6,3,353.8584366833418,0.37685630341880344,0.059401777213583085,0.18802831939109768,127496.31461620633,1023.1293145956496,128519.44393080198,3069,41,2365.675,38,2,11,38.58166719559928,0.591282894736842,47.516025641025635,1009.9358974358965,26.577260458839383,0
3071,4,0,0,40,0.0,0.0,1.0,40,900,800,100,0.8888888888888888,10,8,2,356.41330372235535,0.37715010683760686,0.057848683514856614,0.18989299229872197,127604.23657909637,1095.9695056249539,128700.20608472131,3070,42,2366.675,38,2,12,38.406515455923305,0.5923793859649122,47.409188034188034,1010.363247863248,26.588506522717054,0
3072,4,0,0,40,0.0,0.0,1.0,40,1150,800,350,0.6956521739130435,15,8,7,357.8011795954133,0.377096688034188,0.05732744952964808,0.19114381480249593,127712.20419908306,1139.115462232431,128851.31966131549,3071,43,2367.675,38,2,15,38.26079871754219,0.5934758771929824,47.30235042735042,1010.790598290597,26.599752586594658,0
3073,4,0,0,40,0.0,0.0,1.0,40,1150,1000,150,0.8695652173913043,13,10,3,361.5383471906465,0.3785523504273504,0.046994506655398505,0.19378946741260783,127847.22792935908,1244.3350956972495,129091.56302505633,3072,44,2368.675,38,2,16,38.02798612578353,0.5948464912280702,47.16880341880341,1011.3247863247842,26.61381016644169,0
3074,4,0,0,40,0.0,0.0,1.0,40,900,500,400,0.5555555555555556,13,5,8,360.7283504637006,0.37775106837606837,0.05267710049423391,0.1937717776384657,127933.68055555546,1229.8611111111004,129163.54166666656,3073,45,2369.675,39,1,17,37.95991213618891,0.594017094017094,47.08333333333333,1011.6666666666658,25.94017094017092,0
3075,4,0,0,40,0.0,0.0,1.0,40,800,700,100,0.875,9,7,2,360.81267080631994,0.3774973290598291,0.05101605103405693,0.19471062451785798,128118.16541883674,1245.331488715272,129363.496907552,3074,46,2370.675,39,1,18,37.768910553211924,0.5958867521367521,46.901041666666664,1012.3958333333328,25.95886752136751,0
3076,4,0,0,40,0.0,0.0,1.0,40,850,700,150,0.8235294117647058,10,7,3,365.96899535330874,0.3774973290598291,0.05783227848101258,0.19802431940350268,128225.67389875081,1385.3269237189763,129611.0008224698,3075,47,2371.675,38,2,18,37.528349156118146,0.5986842105263157,46.794871794871796,1012.8205128205128,26.653171390013494,0
3077,4,1,0,41,0.024390243902439025,0.0,1.0,41,750,600,150,0.8,9,6,3,366.5543150156706,0.38376524390243905,0.07513708083573545,0.2001760720867969,128593.16541883693,1227.2759331597317,129820.44135199666,3076,0,2314.8048780487807,39,2,12,37.1376579028448,0.6006944444444444,46.43229166666667,1014.2708333333344,26.00694444444447,0
3078,4,0,0,41,0.0,0.0,1.0,41,1100,800,300,0.7272727272727273,14,8,6,370.21678430596904,0.38412093495934957,0.06977798142625713,0.20271397953481976,128698.84033203124,1329.2941623263887,130028.13449435763,3077,1,2315.8048780487807,39,2,13,36.93676641686344,0.6017628205128205,46.328125,1014.6874999999999,26.0176282051282,0
3079,4,0,0,41,0.0,0.0,1.0,41,1050,900,150,0.8571428571428571,12,9,3,367.1477283088897,0.3836636178861788,0.06065577772894848,0.20174949426874625,128840.02267995235,1260.6643284420613,130100.68700839441,3078,2,2316.8048780487807,40,1,13,36.87041207874542,0.6015625,46.1890243902439,1015.2439024390239,25.381097560975597,0
3080,4,1,0,42,0.023809523809523808,0.0,1.0,42,1400,900,500,0.6428571428571429,19,9,10,357.0898813261692,0.38673538521099493,0.0657585306228683,0.19776988778745552,129150.9639156588,823.7004755605898,129974.66439121938,3079,0,2262.6190476190477,41,1,14,36.808673303402976,0.603150406504065,45.882936507936506,1016.4682539682535,24.79190863337204,0
3081,4,0,0,42,0.0,0.0,1.0,42,600,300,300,0.5,9,3,6,358.6084587053829,0.3869047619047619,0.06839864861724965,0.19873774344802891,129176.1751720363,864.7338159800879,130040.90898801638,3080,1,2263.6190476190477,41,1,14,36.7443926677727,0.6034044715447154,45.85813492063492,1016.5674603174594,24.79432830042584,0
3082,4,0,0,42,0.0,0.0,1.0,42,1150,800,350,0.6956521739130435,15,8,7,357.1435417613146,0.38665069686411146,0.06950154162384359,0.1985718092192912,129304.7293277813,836.0722601973372,130140.80158797864,3081,2,2264.6190476190477,40,2,15,36.650679456434844,0.60625,45.73170731707318,1017.0731707317091,25.426829268292728,0
3083,4,0,0,42,0.0,0.0,1.0,42,700,300,400,0.42857142857142855,11,3,8,355.33074241648535,0.38648132017034453,0.07171397177390637,0.19795303630113734,129382.2617675492,794.699025877469,130176.96079342667,3082,3,2265.6190476190477,40,2,15,36.617845370092915,0.60703125,45.65548780487806,1017.3780487804887,25.43445121951222,0
3084,4,0,0,42,0.0,0.0,1.0,42,1000,700,300,0.7,13,7,6,360.18967096734656,0.3861788617886179,0.06682165677772756,0.2013202982371065,129511.53413973181,929.743373653268,130441.27751338508,3083,4,2266.6190476190477,40,2,11,36.36265308839191,0.6083333333333334,45.528455284552855,1017.88617886179,25.44715447154475,0
3085,4,0,0,42,0.0,0.0,1.0,42,700,400,300,0.5714285714285714,10,4,6,358.93732343032127,0.38645712349980643,0.06828273548530794,0.20096965359331104,129579.88989866799,902.2117701247344,130482.10166879272,3084,5,2267.6190476190477,41,1,11,36.32496589691123,0.6074695121951219,45.46130952380953,1018.1547619047633,24.833042973286908,0
3086,4,0,0,42,0.0,0.0,1.0,42,1200,900,300,0.75,15,9,6,358.0232284229059,0.3866748935346496,0.07102969755156385,0.20097454818031604,129680.91699932309,885.7561137881291,130566.67311311122,3085,6,2268.6190476190477,41,1,11,36.24547498457843,0.6084857723577235,45.362103174603185,1018.551587301589,24.842721641502173,0
3087,4,0,1,41,0.0,0.023809523809523808,0.9761904761904762,42,1600,1200,400,0.75,20,12,8,357.95293257053,0.38714672861014326,0.06745104583889594,0.2015840199212986,129807.25623582774,892.9776077097562,130700.2338435375,3086,7,2269.6190476190477,41,1,13,36.11881814641744,0.6097560975609756,45.23809523809524,1019.0476190476196,24.85481997677121,0
3088,4,0,0,41,0.0,0.0,1.0,41,450,200,250,0.4444444444444444,7,2,5,364.08100140503944,0.3839176829268293,0.06053880951859525,0.20443607154524984,129692.62390318264,1243.724077103578,130936.34798028621,3087,11,2325.8048780487807,40,1,13,36.07930925537931,0.61015625,45.35060975609756,1018.5975609756098,25.464939024390244,0
3089,4,0,0,41,0.0,0.0,1.0,41,850,500,350,0.5882352941176471,12,5,7,367.5011148964313,0.38346036585365856,0.05419027163244583,0.20690250865056264,129796.16057117144,1340.0467438363587,131136.2073150078,3088,12,2326.8048780487807,40,1,13,35.88685549017653,0.6111979166666667,45.248983739837406,1019.0040650406518,25.475101626016293,0
3090,4,0,0,41,0.0,0.0,1.0,41,800,600,200,0.75,10,6,4,370.08959675572925,0.3836128048780488,0.05739052603928507,0.20849766720598065,129822.05119307296,1409.1581152092076,131231.20930828215,3089,13,2327.8048780487807,40,1,13,35.79456687940435,0.6114583333333333,45.22357723577236,1019.1056910569109,25.477642276422774,0
3091,4,0,0,41,0.0,0.0,1.0,41,1050,800,250,0.7619047619047619,13,8,5,370.91951959869436,0.3833841463414634,0.0586483891744749,0.2099366824124588,130003.35784131456,1444.1566073435001,131447.51444865807,3090,14,2328.8048780487807,40,1,16,35.58898023584123,0.61328125,45.04573170731707,1019.8170731707306,25.495426829268265,0
3092,4,0,1,40,0.0,0.024390243902439025,0.975609756097561,41,1000,900,100,0.9,11,9,2,367.5873278395949,0.38343495934959354,0.05449964650059913,0.20860425009506456,130107.01844346937,1365.1382485623512,131472.1566920317,3091,15,2329.8048780487807,40,1,16,35.56857422718067,0.6143229166666666,44.944105691056905,1020.2235772357714,25.505589430894283,0
3093,4,0,0,40,0.0,0.0,1.0,40,800,500,300,0.625,11,5,6,376.22997180757164,0.3785924145299145,0.05580890613829048,0.21305191752272576,130023.43885633661,1783.7429470485922,131807.1818033852,3092,16,2387.475,39,1,17,35.43315715112518,0.6151175213675213,45.02604166666666,1019.8958333333318,26.151175213675174,0
3094,4,0,0,40,0.0,0.0,1.0,40,1150,600,550,0.5217391304347826,17,6,11,375.081636807784,0.37930021367521366,0.05597182523478961,0.21312643353648766,130156.27170138867,1763.8454861110868,131920.11718749977,3093,17,2388.475,39,1,18,35.327344494351415,0.6164529914529915,44.89583333333332,1020.4166666666649,26.16452991452987,0
3095,4,0,0,40,0.0,0.0,1.0,40,600,300,300,0.5,9,3,6,364.2943709893286,0.3788995726495727,0.03378721058434442,0.2083322789957888,130406.32482144302,1511.8482925493047,131918.17311399232,3094,18,2389.475,36,4,20,35.3486769570011,0.6244212962962963,44.6509009009009,1021.396396396396,28.37212212212211,8
3096,4,0,0,40,0.0,0.0,1.0,40,1050,800,250,0.7619047619047619,13,8,5,367.21091620539835,0.3790998931623932,0.030697597531408327,0.2106240109764717,130521.37230135537,1585.7745414333187,132107.1468427887,3095,19,2390.475,36,4,13,35.15745536698258,0.6255787037037037,44.538288288288285,1021.8468468468466,28.384634634634626,0
3097,4,0,0,40,0.0,0.0,1.0,40,950,900,50,0.9473684210526315,10,9,1,370.77236813813147,0.37913995726495725,0.032211326575583676,0.21298291222922042,130578.91506371238,1683.0107134161171,132261.9257771285,3096,20,2391.475,36,4,13,35.008079917731735,0.6261574074074074,44.48198198198198,1022.0720720720723,28.390890890890898,0
3098,4,0,0,40,0.0,0.0,1.0,40,850,500,350,0.5882352941176471,12,5,7,371.6358303918245,0.37940705128205127,0.03127891606080668,0.21379658227484033,130636.47050766973,1709.838639314979,132346.3091469847,3097,21,2392.475,36,4,13,34.92761805096572,0.6267361111111112,44.42567567567567,1022.2972972972965,28.397147147147123,0
3099,4,0,0,40,0.0,0.0,1.0,40,750,400,350,0.5333333333333333,11,4,7,368.80858351607856,0.378659188034188,0.03462555066079309,0.21248616359936498,130694.03863322774,1640.2166524632664,132334.255285691,3098,22,2393.475,36,4,13,34.941492290748904,0.6273148148148149,44.369369369369366,1022.5225225225219,28.403403403403384,0
3100,4,0,0,40,0.0,0.0,1.0,40,700,500,200,0.7142857142857143,9,5,4,366.3285373809729,0.37845886752136754,0.029662556424089104,0.2115296951704626,130780.41459956573,1581.719599667227,132362.13419923297,3099,23,2394.475,36,4,14,34.91733641601525,0.6281828703703703,44.284909909909906,1022.86036036036,28.412787787787778,0
3101,4,0,0,40,0.0,0.0,1.0,40,1250,1000,250,0.8,15,10,5,366.36032624611244,0.37686965811965817,0.03188517377914657,0.21297622034716443,131039.71370018649,1601.5504524794835,132641.26415266597,3100,24,2395.475,36,4,14,34.65386236984894,0.630787037037037,44.03153153153152,1023.8738738738724,28.4409409409409,0
3102,4,0,0,40,0.0,0.0,1.0,40,1300,1000,300,0.7692307692307693,16,10,6,366.92833431575013,0.3774706196581197,0.036853969650319174,0.21362652191212725,131097.3705969481,1620.667965262541,132718.03856221066,3101,25,2396.475,36,4,14,34.580950810057914,0.6313657407407407,43.975225225225216,1024.0990990990977,28.447197197197156,0
3103,4,0,0,40,0.0,0.0,1.0,40,1200,1000,200,0.8333333333333334,14,10,4,352.8524068989798,0.3775106837606838,0.04148677819751789,0.19470980047165296,129006.37846500863,1110.4622896027831,130116.84075461142,3102,26,2397.475,37,3,18,37.06365803202016,0.6083896396396397,46.025219298245624,1015.8991228070189,27.45673304883835,4
3104,4,0,0,40,0.0,0.0,1.0,40,1100,800,300,0.7272727272727273,14,8,6,350.75677207087165,0.3776175213675214,0.043514723330816185,0.19437334332749878,129173.52123970845,1061.6974694136693,130235.21870912213,3103,27,2398.475,37,3,19,36.94663916154315,0.6100788288288288,45.86074561403509,1016.5570175438603,27.4745139876719,0
3105,4,0,0,40,0.0,0.0,1.0,40,900,600,300,0.6666666666666666,12,6,6,349.7043805428644,0.37763087606837603,0.04241803278688461,0.19392697466467956,129201.38888888899,1036.4583333333392,130237.84722222234,3104,28,2399.475,37,3,19,36.94501366120217,0.6103603603603603,45.833333333333336,1016.6666666666675,27.4774774774775,0
3106,4,0,1,39,0.0,0.025,0.975,40,900,700,200,0.7777777777777778,11,7,4,351.78580825737663,0.3769097222222222,0.045817162570072956,0.19563340272154853,129312.88954293645,1098.087873191765,130410.97741612821,3105,29,2400.475,37,3,19,36.778604283455486,0.6114864864864865,45.72368421052632,1017.105263157896,27.489331436699892,0
3107,4,0,0,39,0.0,0.0,1.0,39,900,700,200,0.7777777777777778,11,7,4,358.6586242743915,0.37187921727395407,0.04858987138309301,0.19903679892891746,129230.01284646163,1469.8917244947943,130699.90457095642,3106,227,2462.2820512820513,36,3,19,36.68826374275482,0.6125578703703703,45.805180180180194,1016.7792792792817,28.243868868868937,0
3108,4,0,0,39,0.0,0.0,1.0,39,900,700,200,0.7777777777777778,11,7,4,356.24148289596803,0.3720479082321188,0.046819286411846184,0.19812642078302886,129315.90374157968,1413.5378621865398,130729.44160376622,3107,228,2463.2820512820513,36,3,19,36.66223796870388,0.6134259259259259,45.720720720720735,1017.1171171171193,28.253253253253312,0
3109,4,0,0,39,0.0,0.0,1.0,39,850,600,250,0.7058823529411765,11,6,5,355.5916891634482,0.37120445344129555,0.043539222197624294,0.1980527324230946,129373.18019032558,1400.8055352650133,130773.9857255906,3108,229,2464.2820512820513,36,3,19,36.62045236513911,0.6140046296296297,45.66441441441442,1017.3423423423433,28.259509509509535,0
3110,4,1,0,40,0.025,0.0,1.0,40,1050,800,250,0.7619047619047619,13,8,5,351.9392535184566,0.3790731837606838,0.05795307791648718,0.19795517818967914,129759.3730763312,1133.4833795013872,130892.85645583259,3109,0,2403.65,37,3,16,36.32067011048932,0.615990990990991,45.28508771929825,1018.8596491228072,27.536747273589384,0
3111,4,0,0,40,0.0,0.0,1.0,40,850,600,250,0.7058823529411765,11,6,5,353.4864146144062,0.37955395299145295,0.05368817204301046,0.19996494257384287,129982.90339335173,1189.4380963373228,131172.34148968905,3110,1,2404.65,37,3,16,36.05421146953404,0.6182432432432432,45.065789473684205,1019.7368421052627,27.560455192034127,0
3112,4,0,0,40,0.0,0.0,1.0,40,500,500,0,1.0,5,5,0,352.19674959103025,0.38006143162393163,0.047414534508707584,0.19952096009109396,130038.81602993225,1159.8496652816189,131198.66569521386,3111,2,2405.65,37,3,16,36.0303339783559,0.6188063063063063,45.0109649122807,1019.9561403508769,27.566382171645323,0
3113,4,0,0,40,0.0,0.0,1.0,40,750,600,150,0.8,9,6,3,351.846932776189,0.37935363247863246,0.04855469589512129,0.19989545521460408,130150.67737188368,1158.6233264081275,131309.3006982918,3112,3,2406.65,37,3,16,35.92574683000215,0.6199324324324325,44.901315789473685,1020.3947368421055,27.57823613086772,0
3114,4,0,0,40,0.0,0.0,1.0,40,750,600,150,0.8,9,6,3,351.9626001145321,0.37888621794871796,0.05219665271966534,0.20039985581187086,130236.00396050338,1167.6405164930452,131403.64447699641,3113,4,2407.65,39,1,16,35.836246045514855,0.6172542735042735,44.81770833333333,1020.7291666666658,26.172542735042715,0
3115,4,0,0,40,0.0,0.0,1.0,40,1100,800,300,0.7272727272727273,14,8,6,353.9472664415292,0.37832532051282053,0.05279924852388618,0.20239526009225572,130402.54122662747,1231.1300261859483,131633.67125281342,3114,5,2408.65,37,3,16,35.61672481660404,0.6224662162162162,44.6546052631579,1021.3815789473688,27.604907539118074,0
3116,4,0,0,40,0.0,0.0,1.0,40,600,300,300,0.5,9,3,6,356.7875186796667,0.3775507478632478,0.04781897199270313,0.20460940840466524,130514.5588666704,1313.1931219221149,131827.7519885925,3115,6,2409.65,37,3,14,35.43063901706191,0.6235923423423424,44.54495614035087,1021.8201754385956,27.61676149834042,0
3117,4,0,0,40,0.0,0.0,1.0,40,1200,1000,200,0.8333333333333334,14,10,4,360.6480318156275,0.37637553418803416,0.05534756490023618,0.20727256181166964,130598.60365689451,1420.0258733456517,132018.62953024017,3116,7,2410.65,37,3,14,35.24681756418508,0.6244369369369369,44.46271929824562,1022.1491228070182,27.62565196775725,0
3118,4,0,0,40,0.0,0.0,1.0,40,900,800,100,0.8888888888888888,10,8,2,386.62434499688436,0.37654914529914535,0.04769938650306749,0.21730954563617982,129731.44531250001,2047.8422447291478,131779.28755722917,3117,8,2411.65,37,3,15,35.46566121336059,0.6157094594594594,45.3125,1018.7500000000001,27.533783783783786,4
3119,4,0,0,40,0.0,0.0,1.0,40,950,700,250,0.7368421052631579,12,7,5,385.38791834226544,0.37696314102564105,0.04516788635385294,0.2167690397842817,129759.37307633132,2001.5389350569576,131760.91201138828,3118,9,2412.65,37,3,15,35.46868273783902,0.615990990990991,45.285087719298254,1018.8596491228082,27.53674727358941,0
3120,4,0,0,40,0.0,0.0,1.0,40,1350,1100,250,0.8148148148148148,16,11,5,385.42667753227175,0.3768028846153846,0.051524685382380975,0.2175659879184902,129899.0569814752,2013.3123893890547,131912.36937086424,3119,10,2413.65,37,3,15,35.32535136782473,0.6173986486486487,45.14802631578948,1019.4078947368431,27.551564722617382,0
3121,4,0,0,40,0.0,0.0,1.0,40,700,600,100,0.8571428571428571,8,6,2,387.5164460443977,0.3762152777777778,0.044421443165931995,0.21905868886120716,129954.95158366051,2071.9361967143905,132026.8877803749,3120,11,2414.65,37,3,15,35.2151441015163,0.6179617117117118,45.09320175438597,1019.6271929824574,27.557491702228578,0
3122,4,0,0,40,0.0,0.0,1.0,40,700,300,400,0.42857142857142855,11,3,8,386.91058974328826,0.376428952991453,0.04104858647748055,0.21934364511772167,130066.77685682142,2064.8426679362974,132131.61952475773,3121,12,2415.65,37,3,15,35.11669622702353,0.6190878378378378,44.98355263157895,1020.065789473685,27.569345661450946,0
3123,4,0,0,40,0.0,0.0,1.0,40,1400,1100,300,0.7857142857142857,17,11,6,386.91058974328826,0.3765224358974359,0.04104858647748055,0.21934364511772167,130066.77685682142,2064.8426679362974,132131.61952475773,3122,13,2416.65,37,3,15,35.11669622702353,0.6190878378378378,44.98355263157895,1020.065789473685,27.569345661450946,0
3124,4,0,0,40,0.0,0.0,1.0,40,500,300,200,0.6,7,3,4,383.52762758431,0.37602831196581193,0.036734364925854246,0.21789426753965765,130150.6773718838,1983.276104185919,132133.9534760697,3123,14,2417.65,37,3,15,35.11757647395946,0.6199324324324325,44.90131578947369,1020.3947368421065,27.578236130867744,0
3125,4,0,0,40,0.0,0.0,1.0,40,1100,800,300,0.7272727272727273,14,8,6,384.60346391794684,0.3762019230769231,0.026557297819783,0.21929227510961458,130290.57167830497,2022.0410366651388,132312.6127149701,3124,15,2418.65,37,3,16,34.947799198081114,0.6213400900900901,44.76425438596492,1020.9429824561413,27.59305357989571,0
3126,4,0,0,40,0.0,0.0,1.0,40,450,100,350,0.2222222222222222,8,1,7,384.1918494113197,0.37561431623931624,0.02668599656357351,0.2192153493699885,130318.55955678684,2013.4656817482442,132332.02523853508,3125,16,2419.65,37,3,16,34.929839633447884,0.6216216216216216,44.736842105263165,1021.0526315789485,27.59601706970131,0
3127,4,0,0,40,0.0,0.0,1.0,40,650,300,350,0.46153846153846156,10,3,7,382.20227592188627,0.3750801282051282,0.026641983258209878,0.21902587989176744,130486.54994806105,1974.4512734687714,132461.00122152982,3126,17,2420.65,37,3,16,34.80986620877155,0.6233108108108107,44.57236842105264,1021.7105263157903,27.61379800853487,0
3128,4,0,0,40,0.0,0.0,1.0,40,800,600,200,0.75,10,6,4,378.7612305428061,0.37382478632478633,0.029881450488145056,0.21752516511950074,130570.5857210873,1891.0151440827983,132461.6008651701,3127,18,2421.65,37,3,14,34.81240836104852,0.6241554054054055,44.49013157894737,1022.0394736842109,27.622688477951645,0
3129,4,0,0,40,0.0,0.0,1.0,40,1100,800,300,0.7272727272727273,14,8,6,378.5013398674338,0.37390491452991453,0.027058760454642616,0.21816461653916489,130710.70545744846,1894.8354301323482,132605.5408875808,3128,19,2422.65,37,3,14,34.676799628279355,0.6255630630630631,44.353070175438596,1022.5877192982458,27.637505926979617,0
3130,4,0,0,40,0.0,0.0,1.0,40,950,800,150,0.8421052631578947,11,8,3,376.18061979168806,0.3741853632478633,0.024185336048879957,0.21729962860908109,130794.81336805563,1840.4947916666722,132635.3081597223,3129,20,2423.65,37,3,15,34.65079769178546,0.6264076576576576,44.270833333333336,1022.9166666666673,27.646396396396415,0
3131,4,0,0,40,0.0,0.0,1.0,40,700,500,200,0.7142857142857143,9,5,4,375.7719475815145,0.37501335470085473,0.019684954993571147,0.21753745749570044,130878.9483302554,1836.127462296087,132715.07579255148,3130,21,2424.65,37,3,15,34.57592156022289,0.6272522522522522,44.18859649122807,1023.2456140350872,27.655286865813167,0
3132,4,0,0,40,0.0,0.0,1.0,40,700,200,500,0.2857142857142857,12,2,10,382.2815222092257,0.37522702991452994,0.014706512425021856,0.2219515106558042,130991.17036011082,2015.1008002462345,133006.27116035705,3131,22,2425.65,37,3,15,34.295558411882325,0.6283783783783784,44.078947368421055,1023.6842105263158,27.667140825035563,0
3133,4,0,0,40,0.0,0.0,1.0,40,900,500,400,0.5555555555555556,13,5,8,379.6926594352432,0.37406517094017094,0.015557756128894429,0.22125446860789807,131131.51552641194,1957.9347731994462,133089.45029961137,3132,23,2426.65,37,3,15,34.219547336116776,0.6297860360360361,43.94188596491228,1024.2324561403507,27.681958274063533,0
3134,4,0,0,40,0.0,0.0,1.0,40,700,400,300,0.5714285714285714,10,4,6,374.9512833791516,0.37401175213675214,0.016888710540395646,0.21913194141201794,131243.84576263835,1842.0096808633216,133085.85544350167,3133,24,2427.65,37,3,15,34.227193686463345,0.6309121621621622,43.83223684210525,1024.6710526315776,27.693812233285882,0
3135,4,0,0,40,0.0,0.0,1.0,40,1300,1000,300,0.7692307692307693,16,10,6,377.61464607888263,0.37345085470085465,0.030448753158299313,0.2213410253223482,131356.983567182,1920.4912235350052,133277.474790717,3134,25,2428.65,36,4,16,34.04440843677908,0.6339699074074074,43.721846846846844,1025.1126126126123,28.475350350350343,0
3136,4,0,0,40,0.0,0.0,1.0,40,1250,900,350,0.72,16,9,7,376.4894794737374,0.37362446581196584,0.03053481221172838,0.2211814967798616,131443.57829112906,1897.4248741985325,133341.0031653276,3135,26,2429.65,36,4,16,33.98560472948238,0.634837962962963,43.63738738738739,1025.4504504504512,28.484734734734754,0
3137,4,0,0,40,0.0,0.0,1.0,40,750,300,450,0.4,12,3,9,381.0215671130144,0.3734775641025641,0.027941822173435993,0.22452176432079957,131559.08230866006,2025.3695418391414,133584.4518504992,3136,27,2430.65,36,4,14,33.75251555067691,0.6359953703703703,43.52477477477478,1025.9009009009012,28.497247247247255,0
3138,4,0,0,40,0.0,0.0,1.0,40,1000,700,300,0.7,13,7,6,379.548940234325,0.3734642094017094,0.016991223258365107,0.22450282869798016,131703.53366457685,1997.5873255011854,133701.12099007805,3137,28,2431.65,36,4,14,33.644176266227824,0.6374421296296297,43.38400900900901,1026.4639639639647,28.51288788788791,0
3139,4,0,0,40,0.0,0.0,1.0,40,900,700,200,0.7777777777777778,11,7,4,379.0840387113826,0.3733974358974359,0.019313445931125273,0.2247391589707665,131790.2425229284,1991.9154796688663,133782.15800259725,3138,29,2432.65,36,4,14,33.56844519997075,0.6383101851851851,43.29954954954955,1026.8018018018024,28.52227227227229,0
3140,4,0,0,40,0.0,0.0,1.0,40,600,500,100,0.8333333333333334,7,5,2,378.5092528470298,0.3730502136752137,0.01741228070175449,0.224739868877924,131848.06428049674,1981.1424600275936,133829.20674052433,3139,30,2433.65,36,4,14,33.52476242690059,0.6388888888888888,43.24324324324324,1027.027027027027,28.52852852852853,0
3141,4,0,0,40,0.0,0.0,1.0,40,600,400,200,0.6666666666666666,8,4,4,379.4719527785415,0.3731837606837607,0.014784372331340778,0.2255642927429808,131890.67790089257,2009.762619267465,133900.44052016002,3140,31,2434.65,37,3,14,33.456981212638766,0.6373873873873874,43.20175438596491,1027.1929824561403,27.7619724988146,0
3142,4,0,0,40,0.0,0.0,1.0,40,1200,700,500,0.5833333333333334,17,7,10,378.4919040000002,0.37303685897435895,0.019538666666666815,0.22615434034416818,132087.85545792922,1998.8367815096785,134086.6922394389,3141,32,2435.65,37,3,16,33.282999999999994,0.6393581081081081,43.00986842105262,1027.9605263157882,27.782716927453738,0
3143,4,0,0,40,0.0,0.0,1.0,40,800,300,500,0.375,13,3,10,375.55183279289406,0.37263621794871793,0.018377412818598948,0.2247319423164623,132144.21895438968,1925.4007242612984,134069.61967865098,3142,33,2436.65,37,3,16,33.30167342078134,0.6399211711711712,42.955043859649116,1028.1798245614025,27.78864390706493,0
3144,4,0,0,40,0.0,0.0,1.0,40,750,600,150,0.8,9,6,3,369.35157815725233,0.3721688034188034,0.002627397260273945,0.2201393305476768,131992.67415642014,1750.5839653091423,133743.25812172928,3143,34,2437.65,36,4,15,33.61392694063926,0.6403356481481481,43.102477477477485,1027.5900900900915,28.54416916916921,1
3145,4,0,0,40,0.0,0.0,1.0,40,800,500,300,0.625,11,5,6,367.92068639564184,0.3719017094017094,-0.0037983349764485475,0.21995729836973274,132108.41912436104,1721.0840485756282,133829.50317293667,3144,35,2438.65,36,4,16,33.53393033190932,0.6414930555555556,42.98986486486488,1028.0405405405422,28.556681681681727,0
3146,4,0,0,40,0.0,0.0,1.0,40,800,600,200,0.75,10,6,4,366.8836053164161,0.3718616452991453,-0.00160460021905795,0.21950506661460573,132137.36329234662,1695.8064483402522,133833.16974068686,3145,36,2439.65,36,4,16,33.53139832055495,0.6417824074074074,42.96171171171172,1028.1531531531548,28.559809809809856,0
3147,4,0,0,40,0.0,0.0,1.0,40,1250,900,350,0.72,16,9,7,368.68014682202516,0.37111378205128204,0.0006129597197899184,0.22159617245829116,132311.0948786626,1756.0947772096617,134067.18965587227,3146,37,2440.65,36,4,16,33.31007370110916,0.6435185185185186,42.7927927927928,1028.8288288288302,28.578578578578615,0
3148,4,0,0,40,0.0,0.0,1.0,40,650,500,150,0.7692307692307693,8,5,3,345.4240147392759,0.37069978632478634,0.03061139953606573,0.19507945136835084,129917.93894823873,975.3837452317148,130893.32269347044,3147,38,2441.65,36,4,19,36.325665525240254,0.6195023148148149,45.1295045045045,1019.4819819819816,28.318943943943932,6
3149,4,0,0,40,0.0,0.0,1.0,40,1100,800,300,0.7272727272727273,14,8,6,345.6609727098686,0.3705261752136752,0.038680026498840725,0.1957880819157771,130032.77084094222,989.4508106078962,131022.22165155012,3148,39,2442.65,36,4,19,36.203120974568485,0.6206597222222222,45.01689189189189,1019.9324324324318,28.33145645645644,0
3150,4,0,0,40,0.0,0.0,1.0,40,1000,800,200,0.8,12,8,4,342.2377049522613,0.3704193376068376,0.03546011254551473,0.19470811801521323,130205.11379200163,912.2198634445447,131117.3336554462,3149,40,2443.65,36,4,20,36.11570855860826,0.6223958333333333,44.84797297297298,1020.6081081081095,28.350225225225262,0
3151,4,0,0,40,0.0,0.0,1.0,40,1050,600,450,0.5714285714285714,15,6,9,339.44730689546975,0.3708199786324786,0.04168932698844352,0.1942906569818039,130439.87509645063,855.5055442548432,131295.38064070547,3150,41,2444.65,35,5,21,35.949184228416044,0.6267857142857143,44.61805555555556,1021.5277777777778,29.186507936507937,0
3152,4,0,0,40,0.0,0.0,1.0,40,800,400,400,0.5,12,4,8,339.47179039809714,0.37065972222222227,0.04498787611594879,0.19456901795842935,130492.60567577722,859.7116964938036,131352.31737227103,3151,42,2445.65,36,4,15,35.895192696278365,0.6252893518518519,44.56644144144145,1021.7342342342349,28.381506506506526,0
3153,4,0,0,40,0.0,0.0,1.0,40,1100,700,400,0.6363636363636364,15,7,8,334.75709113462375,0.37069978632478634,0.0365994712491744,0.19258079045121151,130636.47050766995,746.296972648341,131382.7674803183,3152,43,2446.65,36,4,15,35.870143937724926,0.6267361111111112,44.425675675675684,1022.2972972972982,28.397147147147173,0
3154,4,0,0,40,0.0,0.0,1.0,40,1250,800,450,0.64,17,8,9,332.47726579043274,0.37114049145299144,0.03881151601893662,0.1919828992482202,130780.41459956595,696.3029330005891,131476.71753256654,3153,44,2447.65,36,4,17,35.78296451245917,0.6281828703703703,44.28490990990992,1022.8603603603617,28.412787787787824,0
3155,4,0,0,40,0.0,0.0,1.0,40,550,400,150,0.7272727272727273,7,4,3,331.9298474444964,0.3703792735042735,0.043721109399075475,0.19209647094781512,130866.81909950508,687.7206598490596,131554.53975935414,3154,45,2448.65,36,4,17,35.709699904615164,0.6290509259259259,44.20045045045046,1023.1981981981996,28.42217217217221,0
3156,4,0,0,40,0.0,0.0,1.0,40,1250,1000,250,0.8,15,10,5,332.292777350724,0.36975160256410255,0.048756602112676406,0.19259418115837892,130924.43795146506,701.0490219949787,131625.48697346004,3155,46,2449.65,36,4,17,35.64223884976527,0.6296296296296297,44.14414414414415,1023.4234234234241,28.428428428428447,0
3157,4,0,0,40,0.0,0.0,1.0,40,800,700,100,0.875,9,7,2,334.56334997829276,0.3697382478632478,0.052309722833260075,0.194491686573059,131039.71370018685,768.2171191461935,131807.93081933304,3156,47,2450.65,36,4,17,35.46776470156915,0.630787037037037,44.03153153153154,1023.8738738738753,28.44094094094098,0
3158,4,0,0,40,0.0,0.0,1.0,40,950,800,150,0.8421052631578947,11,8,3,336.8007065853601,0.3694845085470086,0.05652628106443802,0.19608614761122073,131097.3705969484,830.7374097070156,131928.1080066554,3157,48,2451.65,36,4,17,35.35229272047501,0.6313657407407407,43.97522522522523,1024.0990990991,28.44719719719722,0
3159,4,0,0,40,0.0,0.0,1.0,40,800,500,300,0.625,11,5,6,337.01375690475254,0.3694845085470086,0.05952066842568171,0.19650494441061728,131155.04017531045,840.2105652950262,131995.25074060546,3158,49,2452.65,36,4,17,35.28863419818235,0.6319444444444444,43.91891891891892,1024.3243243243244,28.453453453453456,0
3160,4,0,0,40,0.0,0.0,1.0,40,1300,1000,300,0.7692307692307693,16,10,6,338.18220600857217,0.36999198717948717,0.059870301165090956,0.19748277986302898,131212.7224352732,874.7615859102402,132087.48402118345,3159,50,2453.65,36,4,17,35.20050194181871,0.6325231481481481,43.862612612612615,1024.5495495495502,28.459709709709728,0
3161,4,0,0,40,0.0,0.0,1.0,40,950,700,250,0.7368421052631579,12,7,5,334.3298222767215,0.36912393162393164,0.06470669010216445,0.19596937361139696,131356.98356718197,783.3113941644297,132140.2949613464,3160,51,2454.65,36,4,18,35.153703907136844,0.6339699074074074,43.721846846846844,1025.112612612612,28.475350350350336,0
3162,4,0,0,40,0.0,0.0,1.0,40,1150,700,450,0.6086956521739131,16,7,9,335.87477819983786,0.3690705128205128,0.06126729628816174,0.1973210148572724,131443.5782911289,829.7165408651854,132273.2948319941,3161,52,2455.65,36,4,18,35.02681382238816,0.634837962962963,43.637387387387385,1025.45045045045,28.484734734734722,0
3163,4,0,0,40,0.0,0.0,1.0,40,950,700,250,0.7368421052631579,12,7,5,336.843327402659,0.3691907051282051,0.05893503785800491,0.19894058604150566,131645.7436110097,868.7980632659724,132514.54167427568,3162,53,2456.65,36,4,15,34.79827352865868,0.6368634259259259,43.44031531531532,1026.2387387387391,28.50663163163164,0
3164,4,0,0,40,0.0,0.0,1.0,40,1100,800,300,0.7272727272727273,14,8,6,339.89350034768745,0.3692975427350427,0.07330006580390491,0.20150513239078122,131790.24252292837,958.9293685577558,132749.17189148613,3163,54,2457.65,36,4,17,34.57446808510638,0.6383101851851851,43.29954954954955,1026.8018018018022,28.522272272272282,0
3165,4,0,0,40,0.0,0.0,1.0,40,1100,900,200,0.8181818181818182,13,9,4,337.09700764625927,0.36940438034188033,0.06993532120149104,0.20045625187413166,131905.89871966577,893.0167498579851,132798.91546952375,3164,55,2458.65,36,4,18,34.52984542863407,0.6394675925925926,43.186936936936945,1027.2522522522536,28.534784784784822,0
3166,4,0,0,40,0.0,0.0,1.0,40,750,500,250,0.6666666666666666,10,5,5,338.5598472144614,0.3686832264957265,0.07027264966385705,0.20169385430684802,131975.16453379902,936.2983081332908,132911.4628419323,3165,56,2459.65,37,3,18,34.422575854586846,0.6382319819819819,43.11951754385966,1027.5219298245627,27.770862968231423,0
3167,4,0,0,40,0.0,0.0,1.0,40,850,400,450,0.47058823529411764,13,4,9,338.2875662906681,0.36874999999999997,0.06752027315407605,0.20168136585726093,132003.33275623273,931.017236072644,132934.3499923054,3166,57,2460.65,37,3,18,34.40123061601935,0.6385135135135135,43.0921052631579,1027.6315789473688,27.773826458036993,0
3168,4,0,0,40,0.0,0.0,1.0,40,800,500,300,0.625,11,5,6,339.65016772481715,0.3687099358974359,0.07105249119812229,0.20264424074377552,132031.5039843991,968.9044946522084,133000.40847905132,3167,58,2461.65,37,3,18,34.337880970162516,0.638795045045045,43.064692982456144,1027.741228070176,27.776789947842595,0
3169,4,0,0,40,0.0,0.0,1.0,40,900,600,300,0.6666666666666666,12,6,6,338.7685685373457,0.36769497863247863,0.07330454254638519,0.20287175196316917,132172.40521121887,955.1713027085294,133127.5765139274,3168,59,2462.65,37,3,19,34.21882775289685,0.6402027027027026,42.92763157894737,1028.2894736842109,27.791607396870564,0
3170,4,0,0,40,0.0,0.0,1.0,40,900,700,200,0.7777777777777778,11,7,4,342.5876187770404,0.36832264957264954,0.06988436534157483,0.20592566476521287,132313.38158135212,1065.7852656586779,133379.1668470108,3169,60,2463.65,37,3,19,33.97889356637891,0.6416103603603603,42.7905701754386,1028.8377192982468,27.80642484589856,0
3171,4,0,0,40,0.0,0.0,1.0,40,1050,600,450,0.5714285714285714,15,6,9,343.76374384123005,0.36796207264957265,0.06542774313532429,0.20741547078895622,132455.95838659618,1106.7382814037,133562.69666799987,3170,61,2464.65,36,4,21,33.805336761112926,0.6449652777777778,42.65202702702703,1029.3918918918928,28.594219219219244,0
3172,4,0,0,40,0.0,0.0,1.0,40,900,600,300,0.6666666666666666,12,6,6,342.1054566771124,0.3675347222222222,0.0632886823400769,0.20705191272747814,132571.9062601454,1070.714506736485,133642.62076688188,3171,62,2465.65,36,4,21,33.73154729360308,0.6461226851851851,42.53941441441442,1029.8423423423433,28.606731731731756,0
3173,4,0,0,40,0.0,0.0,1.0,40,1400,1200,200,0.8571428571428571,16,12,4,341.14923261839806,0.36782852564102564,0.06473336247404671,0.20743233406584483,132745.92318247317,1057.2339653843214,133803.15714785748,3172,63,2466.65,36,4,15,33.58148471933851,0.6478587962962963,42.370495495495504,1030.5180180180193,28.625500500500536,0
3174,4,0,0,40,0.0,0.0,1.0,40,800,400,400,0.5,12,4,8,340.9038377487896,0.3673611111111111,0.06197552447552468,0.20744361190671037,132774.93709926153,1052.6971227984873,133827.63422206,3173,64,2467.65,36,4,15,33.558693910256416,0.6481481481481481,42.34234234234235,1030.6306306306315,28.62862862862865,0
3175,4,0,0,40,0.0,0.0,1.0,40,600,200,400,0.3333333333333333,10,2,8,343.4252386811694,0.3672943376068376,0.061254914809960814,0.20962676569098587,132891.02447041645,1127.6263594675831,134018.65082988402,3174,65,2468.65,36,4,17,33.377248070482004,0.6493055555555556,42.22972972972973,1031.0810810810817,28.64114114114116,0
3176,4,0,0,40,0.0,0.0,1.0,40,1000,800,200,0.8,12,8,4,345.44602220196714,0.36702724358974353,0.06119785979471448,0.21118789528208384,132949.08717839463,1185.3466642317971,134134.43384262643,3175,66,2469.65,36,4,17,33.26690689379048,0.6498842592592593,42.17342342342342,1031.3063063063064,28.6473973973974,0
3177,4,0,0,40,0.0,0.0,1.0,40,950,500,450,0.5263157894736842,14,5,9,345.13658870407295,0.3670138888888889,0.061674309422426354,0.21116272651573864,132978.123287984,1179.123168776893,134157.24645676088,3176,67,2470.65,36,4,17,33.245760090257306,0.6501736111111112,42.145270270270274,1031.4189189189194,28.650525525525538,0
3178,4,0,0,40,0.0,0.0,1.0,40,1150,1000,150,0.8695652173913043,13,10,3,346.7641394004193,0.3674011752136752,0.06269919231608845,0.2126541529576064,133065.2506391526,1228.4514243973629,134293.70206354995,3177,68,2471.65,36,4,18,33.11640471512771,0.6510416666666667,42.06081081081081,1031.7567567567562,28.659909909909896,0
3179,4,0,0,40,0.0,0.0,1.0,40,1500,1200,300,0.8,18,12,6,345.7579398390448,0.36754807692307695,0.06391419107752849,0.21262682729376275,133168.79799702315,1208.8338492585294,134377.63184628167,3178,69,2472.65,38,2,18,33.03854845944174,0.6483004385964912,41.960470085470085,1032.1581196581196,27.162055780476834,0
3180,4,0,0,40,0.0,0.0,1.0,40,1000,800,200,0.8,12,8,4,345.67646903576554,0.3678952991452991,0.06324894089166877,0.21338957123415803,133310.81271701382,1216.4822048611081,134527.2949218749,3179,70,2473.65,39,1,18,32.89834241140475,0.6479700854700854,41.822916666666664,1032.7083333333328,26.47970085470084,0
3181,4,0,0,40,0.0,0.0,1.0,40,1350,900,450,0.6666666666666666,18,9,9,344.52302556531504,0.36724091880341886,0.07332058701942978,0.21424195342994767,133582.6439111695,1210.1993460191504,134792.84325718865,3180,71,2474.65,38,2,21,32.65597009783658,0.6524122807017544,41.559829059829056,1033.7606837606832,27.204228520017978,1
3182,4,0,0,40,0.0,0.0,1.0,40,800,600,200,0.75,10,6,4,346.98507054238877,0.36772168803418803,0.07439553626782414,0.21609533543817486,133637.8718770545,1274.0692800788936,134911.9411571334,3181,72,2475.65,38,2,22,32.53706860921678,0.6529605263157895,41.506410256410255,1033.9743589743587,27.209851551956806,0
3183,4,0,0,40,0.0,0.0,1.0,40,950,700,250,0.7368421052631579,12,7,5,348.76161122874123,0.36772168803418803,0.07264979338843003,0.21752657195194694,133693.11125721395,1325.404978449869,135018.51623566382,3182,73,2476.65,38,2,22,32.435864325068884,0.6535087719298245,41.45299145299146,1034.1880341880353,27.215474583895666,0
3184,4,0,0,40,0.0,0.0,1.0,40,1100,800,300,0.7272727272727273,14,8,6,347.4662978773499,0.3679754273504274,0.06962976350304695,0.21720569156529257,133775.99172921703,1296.5297182044171,135072.52144742146,3183,74,2477.65,38,2,16,32.38644187407485,0.6543311403508771,41.37286324786326,1034.5085470085482,27.2239091318039,0
3185,4,0,0,40,0.0,0.0,1.0,40,1000,600,400,0.6,14,6,8,345.6222502002361,0.368082264957265,0.0675518736450913,0.21670179531972086,133886.5389751808,1254.833374424723,135141.37234960552,3184,75,2478.65,38,2,16,32.32360379890576,0.6554276315789473,41.26602564102564,1034.9358974358975,27.23515519568151,0
3186,4,0,0,40,0.0,0.0,1.0,40,800,500,300,0.625,11,5,6,343.6220564083594,0.3674813034188034,0.06640012070006063,0.21649496101469656,134064.89257812512,1213.5308159722367,135278.42339409736,3185,76,2479.65,39,1,18,32.197160195802326,0.655448717948718,41.09375000000001,1035.625000000001,26.554487179487204,0
3187,4,0,0,40,0.0,0.0,1.0,40,850,700,150,0.8235294117647058,10,7,3,344.27858690033804,0.36730769230769234,0.056480550809126395,0.21802849529417342,134253.7448459202,1244.1379123263937,135497.88275824662,3186,77,2480.65,39,1,19,31.991594632626395,0.6573183760683761,40.911458333333336,1036.3541666666672,26.573183760683776,0
3188,4,0,0,40,0.0,0.0,1.0,40,800,600,200,0.75,10,6,4,346.43302514045615,0.3668402777777778,0.07173049722554703,0.21734238457787947,133908.95276611077,1279.0814205516824,135188.03418666247,3187,78,2481.65,36,4,19,32.280219780219774,0.6594328703703703,41.24436936936937,1035.022522522523,28.75062562562564,1
3189,4,0,0,40,0.0,0.0,1.0,40,900,700,200,0.7777777777777778,11,7,4,344.9340182694981,0.36772168803418803,0.07115551930396946,0.21708886365421223,134025.53471968614,1245.9932483159143,135271.52796800205,3188,79,2482.65,36,4,20,32.20251042233098,0.6605902777777778,41.13175675675677,1035.472972972975,28.763138138138192,0
3190,4,0,0,40,0.0,0.0,1.0,40,1200,1100,100,0.9166666666666666,13,11,2,343.31252986589016,0.3673878205128205,0.06640030441400335,0.21658358365613584,134113.0044740688,1208.5349707816085,135321.5394448504,3189,80,2483.65,36,4,21,32.15712654924984,0.6614583333333333,41.047297297297305,1035.8108108108117,28.77252252252255,0
3191,4,0,0,40,0.0,0.0,1.0,40,1300,900,400,0.6923076923076923,17,9,8,343.18277763780407,0.3678151709401709,0.06207936507936518,0.21707344368656287,134209.7147680056,1211.6925400123157,135421.40730801792,3190,81,2484.65,37,3,21,32.06393298059965,0.660472972972973,40.953947368421055,1036.184210526316,28.004978662873405,0
3192,4,0,0,40,0.0,0.0,1.0,40,950,700,250,0.7368421052631579,12,7,5,342.20412522456843,0.367948717948718,0.06417918341442785,0.21712736911899796,134323.35550361648,1193.2012734687573,135516.55677708524,3191,82,2485.65,37,3,22,31.975883224032152,0.6615990990990991,40.844298245614034,1036.6228070175437,28.016832622095773,0
3193,4,0,0,40,0.0,0.0,1.0,40,1250,1000,250,0.8,15,10,5,339.19987945638513,0.36780181623931624,0.06394469704980477,0.21572382380760136,134408.61761551624,1118.277378616487,135526.89499413272,3192,83,2486.65,37,3,22,31.96871365126362,0.6624436936936937,40.76206140350877,1036.9517543859643,28.025723091512546,0
3194,4,0,1,39,0.0,0.025,0.975,40,1000,700,300,0.7,13,7,6,340.8296839021636,0.36765491452991456,0.07084963954685897,0.21744127665505986,134523.07167251082,1169.8911991379982,135692.9628716488,3193,84,2487.65,38,2,22,31.812349811191197,0.6617324561403508,40.651709401709404,1037.3931623931628,27.299820062977968,0
3195,4,0,0,39,0.0,0.0,1.0,39,800,600,200,0.75,10,6,4,351.9338127824286,0.36690283400809715,0.06955060443432526,0.22434594804055102,134493.906779009,1666.5906817482407,136160.49746075724,3194,85,2470.6666666666665,37,2,22,31.553470754052157,0.6632882882882882,40.679824561403514,1037.2807017543867,28.03461356092937,0
3196,4,0,0,39,0.0,0.0,1.0,39,900,700,200,0.7777777777777778,11,7,4,353.58152037322054,0.36648110661268557,0.06022752621012706,0.2261206784355417,134610.82845721874,1719.2043227806964,136330.03277999943,3195,86,2471.6666666666665,35,4,23,31.39406275559522,0.668452380952381,40.567129629629626,1037.731481481481,29.649470899470888,0
3197,4,0,0,39,0.0,0.0,1.0,39,600,400,200,0.6666666666666666,8,4,4,354.44956830478856,0.36617183985605034,0.06714288098536292,0.22721252577423814,134696.86536198377,1748.6491559126885,136445.51451789646,3196,87,2472.6666666666665,36,3,23,31.285709119837996,0.6672453703703703,40.48423423423424,1038.0630630630644,28.835085085085122,0
3198,4,0,0,39,0.0,0.0,1.0,39,750,400,350,0.5333333333333333,11,4,7,348.80574559825385,0.3663686459739091,0.0664997123422113,0.20277121732604353,131039.71370018648,1406.3125202905385,132446.026220477,3197,88,2473.6666666666665,36,3,13,35.103204282152795,0.630787037037037,44.03153153153152,1023.8738738738723,28.440940940940898,8
3199,4,0,0,39,0.0,0.0,1.0,39,650,500,150,0.7692307692307693,8,5,3,350.09171029341377,0.36611560953666217,0.06652059769842689,0.2036713961419071,131068.54056336729,1377.2019062981772,132445.74246966548,3198,89,2474.6666666666665,36,3,13,35.04114886909344,0.6310763888888888,44.00337837837837,1023.9864864864855,28.444069069069045,0
3200,4,0,0,39,0.0,0.0,1.0,39,1200,800,400,0.6666666666666666,16,8,8,353.8608863663808,0.3662843004948268,0.07354747816286289,0.2069494900985903,131270.4173768363,1490.293249330407,132760.7106261667,3199,90,2475.6666666666665,36,3,14,34.74061355311354,0.6331018518518519,43.806306306306304,1024.7747747747746,28.465965965965964,0
3201,4,0,0,39,0.0,0.0,1.0,39,900,700,200,0.7777777777777778,11,7,4,353.2267290836109,0.3657219973009447,0.06665856157840833,0.2072107527299751,131387.44882758908,1481.9244400024336,132869.37326759152,3200,91,2476.6666666666665,35,4,15,34.63865056069843,0.6363095238095238,43.692129629629626,1025.2314814814808,29.292328042328023,0
3202,4,0,0,39,0.0,0.0,1.0,39,500,400,100,0.8,6,4,2,353.1207802332749,0.3654689608636977,0.06410835214446964,0.20747016663573056,131446.78605109744,1483.3183299039797,132930.1043810014,3201,92,2477.6666666666665,35,4,16,34.58145221971407,0.6369047619047619,43.63425925925926,1025.4629629629633,29.298941798941808,0
3203,4,0,0,39,0.0,0.0,1.0,39,850,700,150,0.8235294117647058,10,7,3,349.6800297859673,0.3655251911830859,0.06687494722620935,0.20605336813390449,131559.0823086601,1400.7167640613636,132959.79907272145,3202,93,2478.6666666666665,36,3,14,34.556348335162824,0.6359953703703703,43.52477477477478,1025.9009009009014,28.497247247247262,0
3204,4,0,0,39,0.0,0.0,1.0,39,500,400,100,0.8,6,4,2,349.14658383262974,0.3658625730994152,0.06606271933897911,0.2058947912814945,131587.96623904307,1388.6977771690601,132976.66401621213,3203,94,2479.6666666666665,36,3,14,34.540893791387695,0.6362847222222222,43.49662162162162,1026.0135135135133,28.50037537537537,0
3205,4,0,0,39,0.0,0.0,1.0,39,850,500,350,0.5882352941176471,12,5,7,348.9339762479756,0.3660874943769681,0.06525066972828197,0.2059252844282095,131616.8533398264,1385.1183954224584,133001.97173524887,3204,95,2480.6666666666665,36,3,14,34.51721173544044,0.6365740740740741,43.46846846846847,1026.1261261261268,28.503503503503524,0
3206,4,0,0,39,0.0,0.0,1.0,39,850,500,350,0.5882352941176471,12,5,7,349.23042527537876,0.36544084570400365,0.05948492904060676,0.20656945661162113,131703.53366457697,1398.976214390089,133102.50987896707,3205,96,2481.6666666666665,36,3,14,34.42219784238435,0.6374421296296297,43.38400900900902,1026.4639639639656,28.512887887887935,0
3207,4,0,0,39,0.0,0.0,1.0,39,800,600,200,0.75,10,6,4,351.5158510310863,0.36566576698155645,0.06417004048582986,0.20871253654970778,131848.06428049697,1469.3369044720669,133317.40118496903,3206,97,2482.6666666666665,36,3,14,34.21783625730993,0.6388888888888888,43.243243243243256,1027.027027027029,28.528528528528582,0
3208,4,0,0,39,0.0,0.0,1.0,39,1000,400,600,0.4,16,4,12,352.25518699832634,0.36603126405757985,0.060718982902235874,0.20978957742641863,131963.7458404352,1496.9827936044367,133460.72863403964,3207,98,2483.6666666666665,36,3,14,34.082273856495696,0.6400462962962963,43.13063063063064,1027.477477477479,28.541041041041083,0
3209,4,0,0,39,0.0,0.0,1.0,39,700,400,300,0.5714285714285714,10,4,6,351.25454535761514,0.36648110661268557,0.05764313851098879,0.20951300528977762,132021.60564280505,1474.637813489176,133496.24345629424,3208,99,2484.6666666666665,36,3,15,34.04969318430858,0.640625,43.07432432432433,1027.7027027027034,28.547297297297316,0
3210,4,0,0,39,0.0,0.0,1.0,39,1050,800,250,0.7619047619047619,13,8,5,356.3726578123709,0.3666497975708502,0.05502850563091566,0.21321640667280112,132137.36329234642,1618.02867056246,133755.39196290888,3209,100,2485.6666666666665,36,3,15,33.80156991602776,0.6417824074074074,42.961711711711715,1028.1531531531532,28.55980980980981,0
3211,4,0,0,39,0.0,0.0,1.0,39,1050,700,350,0.6666666666666666,14,7,7,358.8736205387127,0.3662561853351327,0.05798151330345802,0.21504159466926032,132195.261139518,1688.2783966398938,133883.53953615788,3210,101,2486.6666666666665,36,3,15,33.678958607095915,0.6423611111111112,42.90540540540541,1028.3783783783792,28.56606606606609,0
3212,4,0,0,39,0.0,0.0,1.0,39,800,600,200,0.75,10,6,4,360.43785182194296,0.36642487629329734,0.061535092521625145,0.2161443795594096,132224.214818704,1731.7223896193686,133955.93720832336,3211,102,2487.6666666666665,36,3,15,33.60957516697691,0.642650462962963,42.87725225225226,1028.4909909909923,28.56919419419423,0
3213,4,0,0,39,0.0,0.0,1.0,39,950,600,350,0.631578947368421,13,6,7,359.27151236590123,0.3669871794871795,0.06344715310232574,0.21577549411324842,132282.1316882762,1705.0403021264617,133987.17199040265,3212,103,2488.6666666666665,36,3,16,33.58123517606277,0.6432291666666667,42.82094594594595,1028.7162162162167,28.575450450450465,0
3214,4,0,0,39,0.0,0.0,1.0,39,650,300,350,0.46153846153846156,10,3,7,361.02142176377083,0.3674651372019793,0.05933608910515997,0.2171594951056996,132340.06123944905,1755.5194129940905,134095.58065244314,3213,104,2489.6666666666665,36,3,16,33.47789208711832,0.6438078703703703,42.76463963963965,1028.9414414414425,28.581706706706736,0
3215,4,0,0,39,0.0,0.0,1.0,39,800,600,200,0.75,10,6,4,361.87326950625277,0.3666497975708502,0.05696788312328627,0.218178914286041,132427.78427479847,1784.4277353985244,134212.212010197,3214,105,2490.6666666666665,35,4,16,33.367653397803515,0.6467261904761905,42.679398148148145,1029.282407407407,29.40806878306877,0
3216,4,0,0,39,0.0,0.0,1.0,39,700,300,400,0.42857142857142855,11,3,8,360.63533242056906,0.36681848852901483,0.060815659556808566,0.21812185945246773,132546.94097490126,1760.2220239626001,134307.16299886385,3215,106,2491.6666666666665,35,4,17,33.27959330860589,0.6479166666666667,42.5636574074074,1029.745370370369,29.42129629629626,0
3217,4,0,0,39,0.0,0.0,1.0,39,900,600,300,0.6666666666666666,12,6,6,367.51404014792115,0.3657782276203329,0.07070288202363684,0.22352083425389957,132755.59413580253,1957.9089506172897,134713.50308641983,3216,107,2492.6666666666665,35,4,14,32.89252021563343,0.65,42.361111111111114,1030.5555555555559,29.444444444444454,0
3218,4,0,0,39,0.0,0.0,1.0,39,1200,900,300,0.75,15,9,6,370.8535200200435,0.3658906882591093,0.07088161435987517,0.2181998617792349,131501.3239590942,1953.5457755052348,133454.86973459946,3217,108,2493.6666666666665,36,3,17,34.07169521299956,0.6354166666666667,43.58108108108108,1025.6756756756756,28.49099099099099,2
3219,4,0,0,39,0.0,0.0,1.0,39,1600,1100,500,0.6875,21,11,10,369.8127015633803,0.36653733693207374,0.06869870317692106,0.21841238816248126,131645.7436110097,1936.853618821528,133582.59722983124,3218,109,2494.6666666666665,36,3,14,33.95241230476608,0.6368634259259259,43.44031531531532,1026.2387387387391,28.50663163163164,0
3220,4,0,0,39,0.0,0.0,1.0,39,750,600,150,0.8,9,6,3,375.0100359252429,0.3658906882591093,0.07234392052294636,0.22198646022691657,131732.4334469605,2080.196919892868,133812.63036685335,3219,110,2495.6666666666665,36,3,14,33.73144288430598,0.6377314814814814,43.35585585585586,1026.5765765765768,28.516016016016025,0
3221,4,0,0,39,0.0,0.0,1.0,39,800,500,300,0.625,11,5,6,376.120048414969,0.36605937921727394,0.06839106641694914,0.22298196368320453,131790.24252292825,2113.7904796688517,133904.0330025971,3220,111,2496.6666666666665,36,3,14,33.64453096439278,0.6383101851851851,43.299549549549546,1026.8018018018013,28.522272272272257,0
3222,4,0,0,39,0.0,0.0,1.0,39,1150,700,450,0.6086956521739131,16,7,9,380.5121416929172,0.36558142150247414,0.06371321183293577,0.22610105826586963,131876.97991488117,2236.1584134810555,134113.13832836223,3221,112,2497.6666666666665,36,3,14,33.444112487665834,0.6391782407407407,43.215090090090094,1027.13963963964,28.53165665665667,0
3223,4,0,0,39,0.0,0.0,1.0,39,1150,700,450,0.6086956521739131,16,7,9,379.22492596042906,0.36580634278002694,0.06756483323778384,0.22585171177956628,131963.74584043506,2208.7883491599778,134172.53418959503,3222,113,2498.6666666666665,36,3,14,33.389503872570515,0.6400462962962963,43.130630630630634,1027.4774774774778,28.54104104104105,0
3224,4,0,0,39,0.0,0.0,1.0,39,900,600,300,0.6666666666666666,12,6,6,381.4363121514173,0.36575011246063877,0.06736106429357958,0.22786326291349107,132079.4781267757,2275.9818095122455,134355.45993628795,3223,114,2499.6666666666665,36,3,14,33.2157920683611,0.6412037037037037,43.01801801801803,1027.92792792793,28.553553553553613,0
3225,4,0,0,39,0.0,0.0,1.0,39,1000,700,300,0.7,13,7,6,379.88630854154604,0.36591880341880345,0.06819636780214977,0.2276326620473362,132195.26113951812,2243.833952195463,134439.0950917136,3224,115,2500.6666666666665,36,3,14,33.13873375675281,0.6423611111111112,42.90540540540542,1028.3783783783801,28.566066066066114,0
3226,4,0,0,39,0.0,0.0,1.0,39,1700,1400,300,0.8235294117647058,20,14,6,379.6550251895459,0.36639676113360325,0.0671263086268945,0.22820647670426092,132313.3815813521,2246.688043436455,134560.06962478854,3225,116,2501.6666666666665,37,2,16,33.02548491953533,0.6416103603603603,42.7905701754386,1028.8377192982466,27.806424845898558,0
3227,4,0,0,39,0.0,0.0,1.0,39,550,400,150,0.7272727272727273,7,4,3,377.8131095412149,0.3661437246963563,0.05958683691477207,0.22760936111385416,132398.0034722224,2204.367329370595,134602.370801593,3226,117,2502.6666666666665,36,3,16,32.98751686909581,0.6443865740740741,42.70833333333334,1029.166666666668,28.587962962963005,0
3228,4,0,0,39,0.0,0.0,1.0,39,700,400,300,0.5714285714285714,10,4,6,374.07555580081385,0.36566576698155645,0.05409241090711214,0.22587838382635694,132484.94059938335,2111.875557990442,134596.8161573738,3227,118,2503.6666666666665,36,3,16,32.99606213082477,0.6452546296296297,42.62387387387388,1029.504504504506,28.59734734734739,0
3229,4,0,0,39,0.0,0.0,1.0,39,900,700,200,0.7777777777777778,11,7,4,372.4143173594986,0.3658344579397211,0.05554994728223095,0.2252219919269352,132542.91453615797,2072.175807564344,134615.09034372232,3228,119,2504.6666666666665,36,3,16,32.98041520851561,0.6458333333333333,42.56756756756758,1029.7297297297314,28.60360360360365,0
3230,4,0,0,39,0.0,0.0,1.0,39,700,400,300,0.5714285714285714,10,4,6,371.0454727448098,0.3664529914529915,0.054724778101117755,0.22474052276318113,132600.90115453315,2040.1928110543247,134641.09396558747,3229,120,2505.6666666666665,36,3,16,32.957258182083244,0.646412037037037,42.511261261261275,1029.9549549549567,28.60985985985991,0
3231,4,0,0,39,0.0,0.0,1.0,39,950,800,150,0.8421052631578947,11,8,3,378.59018089669866,0.367380791722897,0.009090149453278018,0.2186052980016419,130779.59183673453,2153.750200317508,132933.34203705203,3230,121,2506.6666666666665,34,5,18,34.60462251707014,0.6323529411764706,44.28571428571428,1022.8571428571415,30.08403361344534,7
3232,4,0,0,39,0.0,0.0,1.0,39,700,400,300,0.5714285714285714,10,4,6,383.1340385574379,0.3675775978407558,0.00989726885492348,0.22192858459836523,130901.38888888899,2230.5555555555634,133131.94444444455,3231,122,2507.6666666666665,34,5,18,34.36482084690552,0.633578431372549,44.16666666666667,1023.3333333333342,30.0980392156863,0
3233,4,0,0,39,0.0,0.0,1.0,39,850,600,250,0.7058823529411765,11,6,5,381.86076882246414,0.3683648223121907,0.00922862303936478,0.2222440009073636,131084.1907596371,2211.1819727891057,133295.3727324262,3232,123,2508.6666666666665,34,5,18,34.2120049600868,0.6354166666666667,43.988095238095234,1024.0476190476184,30.1190476190476,0
3234,4,0,0,39,0.0,0.0,1.0,39,650,400,250,0.6153846153846154,9,4,5,381.86076882246414,0.3683648223121907,0.00922862303936478,0.2222440009073636,131084.1907596371,2211.1819727891057,133295.3727324262,3233,124,2509.6666666666665,34,5,18,34.2120049600868,0.6354166666666667,43.988095238095234,1024.0476190476184,30.1190476190476,0
3235,4,0,0,39,0.0,0.0,1.0,39,600,400,200,0.6666666666666666,8,4,4,381.138609592243,0.3688427800269905,0.009840384317371553,0.22217592120133198,131145.15306122453,2196.896258503405,133342.04931972793,3234,125,2510.6666666666665,34,5,19,34.16870060437006,0.6360294117647058,43.92857142857143,1024.2857142857147,30.126050420168077,0
3236,4,0,0,39,0.0,0.0,1.0,39,1000,500,500,0.5,15,5,10,381.9212442531518,0.3690958164642375,0.008998942177326885,0.2228089699524321,131175.63952664402,2219.7526927437666,133395.39221938778,3235,126,2511.6666666666665,34,5,19,34.11776099167151,0.6363357843137255,43.898809523809526,1024.4047619047622,30.1295518207283,0
3237,4,0,0,39,0.0,0.0,1.0,39,600,400,200,0.6666666666666666,8,4,4,383.9591943755531,0.36963000449842554,0.0064690797644682,0.22471140070558385,131297.62081916112,2282.5857426304,133580.20656179154,3236,127,2512.6666666666665,34,5,19,33.94195028458591,0.6375612745098039,43.77976190476191,1024.8809523809534,30.14355742296922,0
3238,4,0,0,39,0.0,0.0,1.0,39,1000,700,300,0.7,13,7,6,380.8409894358835,0.3694613135402609,0.005823716460037653,0.223419795709934,131389.14399092982,2207.674319727904,133596.81831065772,3237,128,2513.6666666666665,34,5,19,33.929158925530274,0.6384803921568627,43.6904761904762,1025.238095238096,30.154061624649884,0
3239,4,0,0,39,0.0,0.0,1.0,39,700,500,200,0.7142857142857143,9,5,4,379.62036952513995,0.36963000449842554,0.004345432087741852,0.22323750740335044,131480.69905045364,2182.5503117913945,133663.24936224503,3238,129,2514.6666666666665,34,5,19,33.867769394467004,0.6393995098039216,43.60119047619048,1025.595238095239,30.16456582633056,0
3240,4,0,0,39,0.0,0.0,1.0,39,1150,800,350,0.6956521739130435,15,8,7,381.28300764115494,0.36999550157444894,0.00765838941749819,0.2247535540254085,131572.2859977324,2233.2553854875223,133805.5413832199,3239,130,2515.6666666666665,34,5,17,33.73244952425156,0.6403186274509804,43.51190476190476,1025.9523809523807,30.1750700280112,0
3241,4,0,0,39,0.0,0.0,1.0,39,1000,700,300,0.7,13,7,6,382.23173863189777,0.3697143499775079,0.002439169492533866,0.22567380732924391,131633.3616780046,2262.889739229033,133896.25141723364,3240,131,2516.6666666666665,34,5,17,33.64631670533643,0.6409313725490196,43.452380952380956,1026.1904761904768,30.18207282913167,0
3242,4,0,0,39,0.0,0.0,1.0,39,1050,900,150,0.8571428571428571,12,9,3,385.7222045542471,0.36974246513720194,-0.0034077021204470537,0.22828294920187195,131725.001771542,2361.8516156462647,134086.85338718828,3241,132,2517.6666666666665,34,5,17,33.4640399706212,0.6418504901960784,43.36309523809524,1026.5476190476195,30.192577030812338,0
3243,4,0,0,39,0.0,0.0,1.0,39,650,500,150,0.7692307692307693,8,5,3,395.4893722420657,0.37010796221322534,0.007942344462421147,0.23240555245235994,131453.76778162242,2599.4284723693363,134053.19625399174,3242,133,2518.6666666666665,33,6,17,33.488189133205864,0.6414141414141414,43.627450980392155,1025.4901960784312,31.075460487225186,1
3244,4,0,0,39,0.0,0.0,1.0,39,1050,800,250,0.7619047619047619,13,8,5,394.3678184588657,0.37027665317138997,0.0008940983385694601,0.23289394300243574,131642.34459102261,2583.100850634361,134225.44544165698,3243,134,2519.6666666666665,33,6,15,33.32586975559271,0.6433080808080809,43.44362745098039,1026.2254901960778,31.09774212715387,0
3245,4,0,0,39,0.0,0.0,1.0,39,950,600,350,0.631578947368421,13,6,7,392.06345075744684,0.3711763382816014,0.004877884577132896,0.23249112907973438,131799.5951827422,2534.7608191560926,134334.3560018983,3244,135,2520.6666666666665,33,6,16,33.225797628993135,0.6448863636363636,43.29044117647059,1026.8382352941176,31.116310160427805,0
3246,4,0,0,39,0.0,0.0,1.0,39,650,400,250,0.6153846153846154,9,4,5,394.0357705647834,0.3711763382816014,0.011754303843553693,0.23404775287763643,131862.52170138893,2591.7100694444553,134454.2317708334,3245,136,2521.6666666666665,33,6,16,33.11147734956052,0.6455176767676767,43.22916666666667,1027.0833333333337,31.123737373737384,0
3247,4,0,0,39,0.0,0.0,1.0,39,1300,1000,300,0.7692307692307693,16,10,6,394.65034131990257,0.3710076473234368,0.013219672291603368,0.2348015479974977,131925.46323829773,2612.885819156087,134538.34905745383,3246,137,2522.6666666666665,33,6,16,33.032004254642324,0.6461489898989898,43.16789215686274,1027.3284313725487,31.131164587046932,0
3248,4,0,0,39,0.0,0.0,1.0,39,950,800,150,0.8421052631578947,11,8,3,394.65572420143246,0.36988304093567254,0.013800765190941311,0.2352671416648318,132000.11337868482,2618.9200680272106,134619.03344671204,3247,138,2523.6666666666665,34,5,17,32.956344609206056,0.6446078431372548,43.095238095238095,1027.6190476190477,30.224089635854344,0
3249,4,0,0,39,0.0,0.0,1.0,39,900,600,300,0.6666666666666666,12,6,6,399.92565123183897,0.36951754385964913,0.014825110030113331,0.23879378096374093,132061.288265306,2762.9393424036125,134824.22760770962,3248,139,2524.6666666666665,34,5,17,32.759053354953274,0.6452205882352942,43.03571428571428,1027.857142857142,30.231092436974762,0
3250,4,0,0,39,0.0,0.0,1.0,39,850,600,250,0.7058823529411765,11,6,5,400.8127369059785,0.3698268106162843,0.019989195029713747,0.24009850356406656,132183.68055555542,2796.1805555555375,134979.86111111095,3249,140,2525.6666666666665,34,5,17,32.61243922204213,0.6464460784313726,42.91666666666666,1028.3333333333321,30.24509803921565,0
3251,4,0,0,39,0.0,0.0,1.0,39,1400,1100,300,0.7857142857142857,17,11,6,404.57193808917975,0.3701923076923077,0.0195326290432154,0.2433343953308822,132336.75063775494,2907.9471371881864,135244.69777494314,3250,141,2526.6666666666665,34,5,17,32.36096648540244,0.6479779411764706,42.76785714285713,1028.92857142857,30.262605042016762,0
3252,4,0,0,39,0.0,0.0,1.0,39,750,600,150,0.8,9,6,3,403.68695489165566,0.37052968960863697,0.011851227710258483,0.24340033985175996,132429.5361910083,2892.0294128680935,135321.56560387637,3251,142,2527.6666666666665,33,6,17,32.28993034885105,0.651199494949495,42.677696078431374,1029.2892156862747,31.190582293523477,0
3253,4,0,0,39,0.0,0.0,1.0,39,500,200,300,0.4,8,2,6,401.04890678363773,0.3705578047683311,0.004883713092579178,0.23586635986453047,131485.18786344212,2746.398170174957,134231.58603361706,3252,143,2528.6666666666665,33,6,17,33.31379197036683,0.641729797979798,43.59681372549021,1025.6127450980407,31.07917409388002,1
3254,4,0,0,39,0.0,0.0,1.0,39,800,600,200,0.75,10,6,4,397.77689822329694,0.3705859199280252,0.011585768605959279,0.234476149718767,131572.28599773248,2667.283163265314,134239.5691609978,3253,144,2529.6666666666665,34,5,14,33.30940086640366,0.6403186274509804,43.511904761904766,1025.9523809523814,30.17507002801122,0
3255,4,0,0,39,0.0,0.0,1.0,39,550,400,150,0.7272727272727273,7,4,3,400.69632484751907,0.37078272604588397,0.01130346838003482,0.23657550138257644,131633.36167800458,2749.0008503401423,134382.36252834473,3254,145,2530.6666666666665,34,5,14,33.17261214230473,0.6409313725490196,43.452380952380956,1026.1904761904766,30.182072829131666,0
3256,4,0,0,39,0.0,0.0,1.0,39,650,400,250,0.6153846153846154,9,4,5,399.5610099605909,0.37109199280251914,0.018477714639143716,0.23647320445368428,131725.0017715421,2726.4349489796114,134451.4367205217,3255,146,2531.6666666666665,34,5,14,33.10888515211256,0.6418504901960784,43.36309523809525,1026.5476190476202,30.19257703081236,0
3257,4,0,0,39,0.0,0.0,1.0,39,850,500,350,0.5882352941176471,12,5,7,404.39005822274555,0.37123256860098963,0.02848210358641534,0.24029458831583006,131877.8061224491,2866.0147392290405,134743.82086167816,3256,147,2532.6666666666665,34,5,14,32.83012671920878,0.6433823529411764,43.21428571428572,1027.1428571428582,30.210084033613477,0
3258,4,0,0,39,0.0,0.0,1.0,39,600,400,200,0.6666666666666666,8,4,4,404.39005822274555,0.37123256860098963,0.02848210358641534,0.24029458831583006,131877.8061224491,2866.0147392290405,134743.82086167816,3257,148,2533.6666666666665,34,5,14,32.83012671920878,0.6433823529411764,43.21428571428572,1027.1428571428582,30.210084033613477,0
3259,4,0,0,39,0.0,0.0,1.0,39,900,400,500,0.4444444444444444,14,4,10,402.9564150060836,0.3712606837606838,0.026987112628554355,0.23963548622243253,131908.3776218821,2830.6653911564645,134739.04301303858,3258,149,2534.6666666666665,34,5,14,32.835979449144354,0.6436887254901961,43.18452380952381,1027.2619047619048,30.21358543417367,0
3260,4,0,0,39,0.0,0.0,1.0,39,1000,800,200,0.8,12,8,4,393.6622057036816,0.371063877642825,0.015829378907002756,0.21862933876817575,129260.23046339137,2377.88051627541,131638.1109796668,3259,150,2535.6666666666665,35,4,18,35.76760376356324,0.6148809523809524,45.77546296296295,1016.898148148146,29.054232804232743,6
3261,4,0,0,39,0.0,0.0,1.0,39,1000,500,500,0.5,15,5,10,392.3505729003519,0.37123256860098963,0.01742644936094262,0.21904371984208215,129466.28146701386,2359.2339409722176,131825.51540798607,3260,151,2536.6666666666665,35,4,15,35.59045547594677,0.6169642857142856,45.572916666666664,1017.708333333333,29.077380952380945,0
3262,4,0,0,39,0.0,0.0,1.0,39,850,600,250,0.7058823529411765,11,6,5,396.8210269866881,0.37145748987854255,0.012874447894345664,0.22187164223445166,129525.1833231526,2479.663253386506,132004.8465765391,3261,152,2537.6666666666665,35,4,15,35.41654822815993,0.6175595238095238,45.515046296296305,1017.9398148148161,29.083994708994748,0
3263,4,0,0,39,0.0,0.0,1.0,39,750,500,250,0.6666666666666666,10,5,5,391.55967632189845,0.37112010796221323,0.012240544179621837,0.21942305938089582,129613.5612247086,2350.2888160151033,131963.8500407237,3262,153,2538.6666666666665,35,4,15,35.460237175115566,0.618452380952381,45.42824074074075,1018.2870370370379,29.093915343915366,0
3264,4,0,0,39,0.0,0.0,1.0,39,800,600,200,0.75,10,6,4,392.9667842369143,0.3706702654071075,0.01730570770818507,0.22047094271951972,129659.75265806368,2390.3952093986145,132050.14786746228,3263,154,2539.6666666666665,36,3,15,35.377275910364155,0.6168981481481481,45.382882882882896,1018.4684684684701,28.290790790790837,0
3265,4,0,0,39,0.0,0.0,1.0,39,1000,800,200,0.8,12,8,4,394.3683095486264,0.37083895636527214,0.013193292795282696,0.22141907882478773,129688.42734203821,2429.00117177991,132117.42851381813,3264,155,2540.6666666666665,36,3,15,35.31232725262576,0.6171875,45.35472972972974,1018.5810810810829,28.29391891891897,0
3266,4,0,0,39,0.0,0.0,1.0,39,950,700,250,0.7368421052631579,12,7,5,394.7999644072844,0.37156995051731895,0.014409083050622051,0.22198603343646406,129745.78622118762,2444.7263564240175,132190.51257761163,3265,156,2541.6666666666665,36,3,15,35.242806086732266,0.6177662037037037,45.298423423423436,1018.806306306308,28.300175175175223,0
3267,4,0,0,39,0.0,0.0,1.0,39,650,500,150,0.7692307692307693,8,5,3,394.20701443789847,0.37201979307242466,0.019691174387306942,0.22214031635510478,129831.8483179126,2436.125060871694,132267.97337878429,3266,157,2542.6666666666665,36,3,16,35.170119705340696,0.6186342592592593,45.21396396396397,1019.144144144145,28.309559559559585,0
3268,4,0,0,39,0.0,0.0,1.0,39,800,600,200,0.75,10,6,4,397.2218172569315,0.37196356275303644,0.02354747598367113,0.22400340610545091,129860.54202428783,2516.6880985715507,132377.2301228594,3267,158,2543.6666666666665,36,3,16,35.06403528155269,0.6189236111111112,45.185810810810814,1019.256756756757,28.312687687687696,0
3269,4,0,0,39,0.0,0.0,1.0,39,550,200,350,0.36363636363636365,9,2,7,396.872089053638,0.3717386414754836,0.02601772468115149,0.22413493588288128,129917.93894823887,2512.1607671861157,132430.099715425,3268,159,2544.6666666666665,36,3,16,35.0144059059612,0.6195023148148149,45.12950450450451,1019.4819819819826,28.31894394394396,0
3270,4,0,0,39,0.0,0.0,1.0,39,700,600,100,0.8571428571428571,8,6,2,395.2197110193297,0.37156995051731895,0.008909467185800768,0.2172222622219021,128848.62075617276,2385.6160073361525,131234.2367635089,3269,160,2545.6666666666665,35,4,16,36.14911080711353,0.6107142857142858,46.18055555555555,1015.2777777777771,29.00793650793649,3
3271,4,0,0,39,0.0,0.0,1.0,39,600,300,300,0.5,9,3,6,398.7961222512739,0.3711763382816014,0.01481728176498609,0.22000210967941097,128995.54887099189,2488.584935485246,131484.13380647713,3270,161,2546.6666666666665,35,4,17,35.907888990163684,0.6122023809523809,46.035879629629626,1015.856481481481,29.024470899470884,0
3272,4,0,0,39,0.0,0.0,1.0,39,1250,1100,150,0.88,14,11,3,399.771670184573,0.37185110211426003,0.014411762988397081,0.22136158937962921,129142.56071030519,2525.5074374142623,131668.06814771946,3271,162,2547.6666666666665,35,4,17,35.732653913307516,0.6136904761904762,45.8912037037037,1016.435185185185,29.041005291005284,0
3273,4,0,0,39,0.0,0.0,1.0,39,950,600,350,0.631578947368421,13,6,7,398.5630850106632,0.3715137201979308,0.003259910307440217,0.22136058986743087,129261.91184807262,2503.8186680279127,131765.73051610054,3272,163,2548.6666666666665,34,5,18,35.641292047139615,0.6170343137254901,45.773809523809526,1016.9047619047623,29.908963585434183,0
3274,4,0,0,39,0.0,0.0,1.0,39,1000,900,100,0.9,11,9,2,384.00362529461313,0.37123256860098963,-0.0006391709040272087,0.20662614232918558,128002.04554216399,2030.6499066634447,130032.69544882744,3273,164,2549.6666666666665,36,3,20,37.301079456933024,0.6001157407407407,47.01576576576578,1011.9369369369385,28.109359359359402,2
3275,4,0,0,39,0.0,0.0,1.0,39,700,400,300,0.5714285714285714,10,4,6,385.2732476417888,0.3714293747188484,0.0035876332172628533,0.20804755372656608,128144.53125000013,2074.131944444459,130218.66319444458,3274,165,2550.6666666666665,36,3,20,37.12277091906722,0.6015625,46.87500000000001,1012.500000000001,28.12500000000003,0
3276,4,0,0,39,0.0,0.0,1.0,39,1000,700,300,0.7,13,7,6,383.15191053745076,0.37187921727395407,0.008882951296114161,0.20750900501384684,128261.74554183801,2028.7465706447051,130290.49211248272,3275,166,2551.6666666666665,35,4,20,37.056291895185865,0.6047619047619048,46.75925925925925,1012.9629629629619,28.94179894179891,0
3277,4,0,0,39,0.0,0.0,1.0,39,850,600,250,0.7058823529411765,11,6,5,383.3876470922604,0.37185110211426003,0.01142334932602207,0.2079414784786646,128320.37278163577,2039.2891589506116,130359.66194058639,3276,167,2552.6666666666665,35,4,20,36.990233036326245,0.6053571428571429,46.701388888888886,1013.1944444444442,28.948412698412692,0
3278,4,0,0,39,0.0,0.0,1.0,39,1250,1100,150,0.88,14,11,3,380.9332861006295,0.3716261808367072,0.005872686312539788,0.20747382787440827,128486.82032962015,1988.9813377566743,130475.80166737683,3277,168,2553.6666666666665,36,3,16,36.88191898996631,0.6050347222222222,46.53716216216216,1013.8513513513512,28.162537537537535,0
3279,4,0,0,39,0.0,0.0,1.0,39,800,600,200,0.75,10,6,4,379.46061270919563,0.37171052631578944,-0.0024417229407500685,0.20327083833477871,127822.46823827593,1904.681423301902,129727.14966157783,3278,169,2554.6666666666665,35,4,15,37.600268017244666,0.600297619047619,47.19328703703704,1011.2268518518522,28.892195767195776,4
3280,4,0,0,39,0.0,0.0,1.0,39,550,400,150,0.7272727272727273,7,4,3,378.3722276860511,0.3715137201979308,-0.005446297046205251,0.20283536966384755,127851.72994898839,1875.1087748628324,129726.83872385122,3279,170,2555.6666666666665,35,4,15,37.59775310902571,0.6005952380952381,47.164351851851855,1011.342592592593,28.895502645502656,0
3281,4,0,0,39,0.0,0.0,1.0,39,750,600,150,0.8,9,6,3,381.6087297379937,0.37232905982905984,0.0012904096170711643,0.20531723840610952,127998.08873724706,1969.0376103823683,129967.12634762943,3280,171,2556.6666666666665,35,4,16,37.36572591406458,0.6020833333333333,47.019675925925924,1011.9212962962961,28.91203703703703,0
3282,4,0,0,39,0.0,0.0,1.0,39,650,200,450,0.3076923076923077,11,2,9,381.14123897479516,0.3723571749887539,-0.00044572688671484784,0.2052154552706656,128027.37054183813,1959.302126200274,129986.6726680384,3281,172,2557.6666666666665,35,4,16,37.34751448612382,0.6023809523809525,46.99074074074074,1012.037037037037,28.915343915343914,0
3283,4,0,0,39,0.0,0.0,1.0,39,1250,1000,250,0.8,15,10,5,377.0609768200688,0.37213225371120107,0.003477873012428967,0.2040734599736096,128234.9489795918,1870.5326086195778,130105.48158821138,3282,173,2558.6666666666665,34,5,17,37.23799169409184,0.6066176470588236,46.785714285714285,1012.8571428571425,29.789915966386545,0
3284,4,0,0,39,0.0,0.0,1.0,39,650,400,250,0.6153846153846154,9,4,5,376.8428930642183,0.37165429599640126,0.0053029618247006916,0.20426324968003165,128295.24518140587,1869.4302721088407,130164.67545351472,3283,174,2559.6666666666665,34,5,18,37.181746964355646,0.6072303921568627,46.726190476190474,1013.095238095238,29.796918767506998,0
3285,4,0,0,39,0.0,0.0,1.0,39,1250,1000,250,0.8,15,10,5,374.3472325061805,0.3715418353576248,0.01107725094481582,0.20378542010700026,128466.99948827588,1818.2531453617942,130285.25263363768,3284,175,2560.6666666666665,35,4,15,37.06913365300453,0.606845238095238,46.55671296296296,1013.773148148148,28.96494708994709,0
3286,4,0,0,39,0.0,0.0,1.0,39,1150,900,250,0.782608695652174,14,9,5,376.8798841945512,0.3716824111560954,0.014887771135631445,0.20576937228640804,128584.36113522362,1892.1718267746749,130476.5329619983,3285,176,2561.6666666666665,35,4,16,36.88484251968504,0.6080357142857142,46.440972222222214,1014.23611111111,28.97817460317457,0
3287,4,0,0,39,0.0,0.0,1.0,39,600,500,100,0.8333333333333334,7,5,2,380.9519793902239,0.3717386414754836,0.01705891644290003,0.20845349883487505,128672.41753472207,2003.6024305555359,130676.0199652776,3286,177,2562.6666666666665,35,4,16,36.69147843942504,0.6089285714285715,46.35416666666666,1014.5833333333321,28.9880952380952,0
3288,4,0,0,39,0.0,0.0,1.0,39,900,600,300,0.6666666666666666,12,6,6,384.8899209365399,0.37187921727395407,0.01812706487734972,0.21123182769796334,128789.87295310354,2113.9848036694066,130903.85775677294,3287,178,2563.6666666666665,35,4,16,36.4713987077157,0.6101190476190477,46.238425925925924,1015.0462962962961,29.001322751322746,0
3289,4,0,0,39,0.0,0.0,1.0,39,1350,1100,250,0.8148148148148148,16,11,5,386.7928526377981,0.37185110211426003,0.022462192927096947,0.21322198961993186,128966.15655006852,2176.637517146766,131142.7940672153,3288,179,2564.6666666666665,35,4,17,36.242783348526274,0.611904761904762,46.06481481481481,1015.7407407407402,29.021164021164005,0
3290,4,0,0,39,0.0,0.0,1.0,39,1050,700,350,0.6666666666666666,14,7,7,385.96105250595406,0.37134502923976603,0.021003446060393838,0.21339660207822905,129083.74592764066,2164.2596879286743,131248.00561556933,3289,180,2565.6666666666665,35,4,17,36.14369779802581,0.6130952380952381,45.949074074074076,1016.2037037037042,29.034391534391546,0
3291,4,0,0,39,0.0,0.0,1.0,39,1300,800,500,0.6153846153846154,18,8,10,384.9839641663678,0.37097953216374274,0.02006435074073476,0.21317334005731658,129142.56071030519,2143.562992969819,131286.123703275,3290,181,2566.6666666666665,35,4,17,36.10842253093448,0.6136904761904762,45.8912037037037,1016.435185185185,29.041005291005284,0
3292,4,0,0,39,0.0,0.0,1.0,39,600,100,500,0.16666666666666666,11,1,10,371.8678264846655,0.3706702654071075,0.03290169510905305,0.19784427067422572,127546.6239043095,1709.2721013367952,129255.8960056463,3291,182,2567.6666666666665,36,3,13,38.075297287253804,0.5954861111111112,47.4662162162162,1010.1351351351333,28.059309309309256,7
3293,4,0,0,39,0.0,0.0,1.0,39,1400,1000,400,0.7142857142857143,18,10,8,375.3612516147362,0.3701923076923077,0.02849129781631432,0.20083392830733637,127774.23327043267,1792.299224900582,129566.53249533325,3292,183,2568.6666666666665,36,3,14,37.75339719313878,0.5978009259259259,47.240990990990994,1011.0360360360366,28.08433433433435,0
3294,4,0,0,39,0.0,0.0,1.0,39,700,200,500,0.2857142857142857,12,2,10,378.7613537051663,0.3704453441295547,0.030668733708484552,0.2030839234403642,127859.63909433088,1885.657997524557,129745.29709185543,3293,184,2569.6666666666665,36,3,15,37.57979809226886,0.5986689814814814,47.156531531531535,1011.3738738738743,28.093718718718733,0
3295,4,0,0,39,0.0,0.0,1.0,39,550,400,150,0.7272727272727273,7,4,3,381.09152929025726,0.3705859199280252,0.024445034352637673,0.2046231445077337,127916.5921622638,1949.5859457430645,129866.17810800686,3294,185,2570.6666666666665,36,3,16,37.46242903261719,0.5992476851851851,47.10022522522524,1011.5990990991006,28.099974974975016,0
3296,4,0,0,39,0.0,0.0,1.0,39,600,400,200,0.6666666666666666,8,4,4,381.3256388417753,0.3710076473234368,0.023140275415958422,0.20506252885966816,127978.05574792257,1960.2627731609891,129938.31852108355,3295,186,2571.6666666666665,37,2,16,37.393440254298525,0.597972972972973,47.039473684210535,1011.8421052631589,27.347083926031324,0
3297,4,0,0,39,0.0,0.0,1.0,39,600,400,200,0.6666666666666666,8,4,4,382.67930778269067,0.3714293747188484,0.021757368669611532,0.20607526317585972,128033.53555901823,1999.1569521391266,130032.69251115735,3296,187,2572.6666666666665,37,2,16,37.30227518959913,0.5985360360360361,46.98464912280702,1012.0614035087725,27.3530109056425,0
3298,4,0,0,39,0.0,0.0,1.0,39,650,600,50,0.9230769230769231,7,6,1,382.32519252919786,0.37145748987854255,0.023599410014749855,0.20602707835592707,128061.27997316502,1992.2107042551788,130053.4906774202,3297,188,2573.6666666666665,37,2,16,37.28277452785903,0.5988175675675675,46.957236842105274,1012.1710526315804,27.35597439544812,0
3299,4,1,0,40,0.025,0.0,1.0,40,1250,1000,250,0.8,15,10,5,372.7861581549254,0.3762152777777778,0.029389864414314903,0.20231181248962724,128344.1443977762,1569.038205531193,129913.18260330739,3298,0,2510.3,36,4,18,37.234431725568655,0.603587962962963,46.67792792792793,1013.2882882882886,28.146896896896905,0
3300,4,0,0,40,0.0,0.0,1.0,40,1000,800,200,0.8,12,8,4,370.34235101721333,0.37624198717948715,0.02779610600324478,0.20151942525921931,128450.01737313399,1514.0962844336657,129964.11365756765,3299,1,2511.3,37,3,15,37.18800703082747,0.602759009009009,46.5734649122807,1013.7061403508768,27.3974632527264,0
3301,4,0,0,40,0.0,0.0,1.0,40,1100,800,300,0.7272727272727273,14,8,6,371.20635010204177,0.3763221153846154,0.023940082197706936,0.20213038357146515,128477.80687326865,1538.355551708214,130016.16242497686,3300,2,2512.3,37,3,15,37.13768115942029,0.6030405405405406,46.546052631578945,1013.8157894736839,27.400426742531998,0
3302,4,0,0,40,0.0,0.0,1.0,40,750,500,250,0.6666666666666666,10,5,5,373.7413451119735,0.3767895299145299,0.024086387717590974,0.20393709150092287,128561.19340806786,1609.7266707063734,130170.92007877423,3301,3,2513.3,37,3,15,36.988120337333754,0.6038851351351351,46.463815789473685,1014.1447368421053,27.409317211948792,0
3303,4,0,0,40,0.0,0.0,1.0,40,1800,1600,200,0.8888888888888888,20,16,4,372.38086612491355,0.3770299145299145,0.019813053814566883,0.20390606716686083,128700.2310807171,1585.1007040627862,130285.33178477989,3302,4,2514.3,37,3,15,36.880448094517696,0.6052927927927928,46.32675438596491,1014.6929824561399,27.424134660976755,0
3304,4,0,0,40,0.0,0.0,1.0,40,950,700,250,0.7368421052631579,12,7,5,372.14921132764823,0.3773103632478632,0.017603997839006347,0.20392190354277018,128728.0476324447,1581.2082804324543,130309.25591287715,3303,5,2515.3,37,3,15,36.85789213037998,0.6055743243243243,46.299342105263165,1014.8026315789482,27.427098150782385,0
3305,4,0,0,40,0.0,0.0,1.0,40,1050,800,250,0.7619047619047619,13,8,5,351.58205837894536,0.37764423076923076,0.004816315505132174,0.192651980479404,128728.04763244433,1061.655389158173,129789.7030216025,3304,6,2516.3,37,3,19,37.379682153790746,0.6055743243243243,46.29934210526314,1014.8026315789452,27.427098150782303,5
3306,4,0,0,40,0.0,0.0,1.0,40,900,500,400,0.5555555555555556,13,5,8,347.27969062690977,0.3775507478632478,0.009794816414686602,0.19096258522596096,128867.17547706972,950.5905663280818,129817.7660433978,3305,7,2517.3,37,3,19,37.34701223902088,0.6069819819819819,46.162280701754376,1015.3508771929812,27.441915599810304,0
3307,4,0,0,40,0.0,0.0,1.0,40,750,400,350,0.5333333333333333,11,4,7,346.44013560393887,0.3782451923076923,0.002698618307426681,0.1910369890616003,128978.53185595546,936.6680132348156,129915.19986919027,3306,8,2518.3,37,3,19,37.25487550374208,0.6081081081081081,46.052631578947356,1015.7894736842087,27.45376955903267,0
3308,4,0,0,40,0.0,0.0,1.0,40,1100,700,400,0.6363636363636364,15,7,8,345.77653437939216,0.37897970085470084,0.01710270795123492,0.1913434446067212,129117.79495854472,929.1807334948904,130046.97569203962,3307,9,2519.3,37,3,20,37.12992681698851,0.6095157657657657,45.91557017543858,1016.3377192982438,27.46858700806064,0
3309,4,0,0,40,0.0,0.0,1.0,40,1200,900,300,0.75,15,9,6,345.673206127385,0.37845886752136754,0.018237704918033337,0.19169150521609526,129201.38888888882,932.318718259455,130133.70760714827,3308,10,2520.3,36,4,21,37.04747267759562,0.6122685185185186,45.83333333333333,1016.6666666666661,28.240740740740723,0
3310,4,0,0,40,0.0,0.0,1.0,40,1050,800,250,0.7619047619047619,13,8,5,342.84325434002346,0.37832532051282053,0.018928492362187743,0.19095227865029413,129373.18019032535,870.9444241538725,130244.12461447922,3309,11,2521.3,36,4,21,36.944690428750654,0.6140046296296297,45.66441441441441,1017.3423423423415,28.259509509509485,0
3311,4,0,0,40,0.0,0.0,1.0,40,850,500,350,0.5882352941176471,12,5,7,332.84221965131536,0.37769764957264956,0.016721746668111326,0.1791137519044891,128005.79415060396,521.1465306632724,128526.94068126724,3310,12,2522.3,37,3,15,38.59155470076209,0.5982545045045045,47.01206140350877,1011.9517543859644,27.350047415836876,4
3312,4,0,0,40,0.0,0.0,1.0,40,700,500,200,0.7142857142857143,9,5,4,332.28019398618807,0.37756410256410255,0.017816425630739596,0.17894771333889492,128036.38100162549,508.79070330192513,128545.17170492742,3311,13,2523.3,38,2,15,38.57454519863471,0.596765350877193,46.98183760683761,1012.0726495726503,26.63349077822764,0
3313,4,0,0,40,0.0,0.0,1.0,40,1050,800,250,0.7619047619047619,13,8,5,331.7583701671493,0.37756410256410255,0.025205761316872355,0.1791495198902606,128144.53125000001,502.64982376360666,128647.18107376363,3312,14,2524.3,37,3,16,38.47736625514403,0.5996621621621622,46.875,1012.5000000000001,27.364864864864867,0
3314,4,0,0,40,0.0,0.0,1.0,40,800,400,400,0.5,12,4,8,331.7583701671493,0.377096688034188,0.025205761316872355,0.1791495198902606,128144.53125000001,502.6041666666675,128647.13541666669,3313,15,2525.3,37,3,16,38.47736625514403,0.5996621621621622,46.875,1012.5000000000001,27.364864864864867,0
3315,4,0,0,40,0.0,0.0,1.0,40,1000,700,300,0.7,13,7,6,333.909362108868,0.377230235042735,0.023224723966226657,0.18081211530842456,128255.57503270247,565.147449215152,128820.72248191762,3314,16,2526.3,37,3,16,38.30960886194703,0.6007882882882882,46.765350877192986,1012.9385964912289,27.376718824087266,0
3316,4,0,0,40,0.0,0.0,1.0,40,1000,900,100,0.9,11,9,2,333.4932420402968,0.37732371794871794,0.020930295486524253,0.18071226177186528,128283.3434927093,556.3256242305292,128839.66911693984,3315,17,2527.3,37,3,16,38.29182000216473,0.6010698198198199,46.737938596491226,1013.0482456140352,27.379682313892843,0
3317,4,0,0,40,0.0,0.0,1.0,40,1250,1000,250,0.8,15,10,5,330.6023662348208,0.3773904914529915,0.012754218952833796,0.17976989843968738,128422.230878732,491.3386811326627,128913.56955986467,3316,18,2528.3,37,3,15,38.223442232799634,0.6024774774774775,46.60087719298246,1013.5964912280709,27.394499762920837,0
3318,4,0,0,40,0.0,0.0,1.0,40,600,400,200,0.6666666666666666,8,4,4,329.79480232982263,0.3775106837606838,0.010051379123850346,0.17945573558206057,128450.01737313399,472.4296177669994,128922.446990901,3317,19,2529.3,37,3,15,38.215589507842076,0.602759009009009,46.5734649122807,1013.7061403508768,27.3974632527264,0
3319,4,0,0,40,0.0,0.0,1.0,40,900,600,300,0.6666666666666666,12,6,6,330.69620963589983,0.3777110042735043,0.007082612456747128,0.1803230275184435,128533.39489073564,501.10130040012245,129034.49619113577,3318,20,2530.3,37,3,15,38.10778907151095,0.6036036036036037,46.49122807017544,1014.0350877192985,27.406353722143205,0
3320,4,0,0,40,0.0,0.0,1.0,40,550,300,250,0.5454545454545454,8,3,5,329.33820306793325,0.3775507478632478,0.012567567567567828,0.1798334343788889,128588.9949311325,469.85370498613935,129058.84863611864,3319,21,2531.3,37,3,16,38.085585585585605,0.6041666666666667,46.436403508771924,1014.2543859649111,27.412280701754355,0
3321,4,0,0,40,0.0,0.0,1.0,40,750,500,250,0.6666666666666666,10,5,5,326.2579652330698,0.37704326923076925,0.016407263294423213,0.17840063205297638,128644.60699445974,394.2655432440689,129038.8725377038,3320,22,2532.3,37,3,16,38.10707594754288,0.6047297297297297,46.38157894736842,1014.4736842105256,27.418207681365555,0
3322,4,0,0,40,0.0,0.0,1.0,40,1300,1100,200,0.8461538461538461,15,11,4,327.6249576597098,0.3773904914529915,0.027530779753762502,0.18007055943552455,128848.62075617281,442.8047839506217,129291.42554012343,3321,23,2533.3,38,2,17,37.864797081623365,0.6049890350877193,46.18055555555556,1015.2777777777775,26.717836257309934,0
3323,4,0,0,40,0.0,0.0,1.0,40,950,600,350,0.631578947368421,13,6,7,325.50668949397067,0.3776842948717949,0.029366123093109264,0.17915119187262263,128902.86138733661,391.74873529842466,129294.61012263504,3322,24,2534.3,38,2,17,37.86340522532001,0.6055372807017544,46.12713675213676,1015.4914529914535,26.723459289248776,0
3324,4,0,0,40,0.0,0.0,1.0,40,900,700,200,0.7777777777777778,11,7,4,330.5103741879168,0.37804487179487184,0.03037442153975589,0.18227915532359115,128984.24373584628,526.1261322960003,129510.36986814228,3323,25,2535.3,38,2,17,37.65359872388164,0.606359649122807,46.047008547008545,1015.8119658119656,26.73189383715699,0
3325,4,0,0,40,0.0,0.0,1.0,40,1250,1000,250,0.8,15,10,5,330.87552386377786,0.37816506410256406,0.022136100893326294,0.18335938320115586,129174.23575726856,548.1185851778743,129722.35434244643,3324,26,2536.3,38,2,18,37.45117358556664,0.6082785087719298,45.86004273504273,1016.5598290598286,26.751574448942858,0
3326,4,0,0,40,0.0,0.0,1.0,40,850,500,350,0.5882352941176471,12,5,7,331.22816447191644,0.3782051282051282,0.024180327868853047,0.1836810730253353,129201.38888888876,559.0306313463265,129760.41952023508,3325,27,2537.3,37,3,18,37.41461748633882,0.6103603603603603,45.83333333333333,1016.6666666666656,27.47747747747745,0
3327,4,0,0,40,0.0,0.0,1.0,40,750,500,250,0.6666666666666666,10,5,5,332.39549262211125,0.3781917735042735,0.02528032345013509,0.18471948436609237,129285.0098708256,594.7509089335142,129879.7607797591,3326,28,2538.3,37,3,18,37.29997753818509,0.611204954954955,45.75109649122807,1016.9956140350873,27.48636794689425,0
3328,4,0,0,40,0.0,0.0,1.0,40,1100,900,200,0.8181818181818182,13,9,4,331.46670999935384,0.37843215811965814,0.017369045052813226,0.1845947260128452,129368.65790435507,576.2806825176856,129944.93858687275,3327,29,2539.3,37,3,18,37.23862901487391,0.6120495495495495,45.6688596491228,1017.3245614035078,27.49525841631102,0
3329,4,0,0,40,0.0,0.0,1.0,40,1350,1000,350,0.7407407407407407,17,10,7,332.886642760746,0.3781784188034188,0.013715408635727178,0.1865732197537143,129619.76431450044,629.7376356186286,130249.50195011907,3328,30,2540.3,37,3,15,36.94759251283154,0.6145833333333333,45.42214912280701,1018.3114035087706,27.52192982456137,0
3330,4,0,0,40,0.0,0.0,1.0,40,1100,700,400,0.6363636363636364,15,7,8,335.8838944030285,0.3785924145299145,0.014324149806284936,0.1889245246242698,129759.37307633094,716.8167128346907,130476.18978916564,3329,31,2541.3,37,3,15,36.72962404936145,0.615990990990991,45.28508771929823,1018.8596491228052,27.53674727358933,0
3331,4,0,0,40,0.0,0.0,1.0,40,1100,800,300,0.7272727272727273,14,8,6,334.334084885883,0.3776842948717949,0.01240566037735813,0.18850751594629525,129853.92011834284,682.9183103221138,130536.83842866495,3330,32,2542.3,38,2,16,36.67321802935009,0.6151315789473684,45.19230769230767,1019.2307692307663,26.821862348178062,0
3332,4,0,0,40,0.0,0.0,1.0,40,1250,700,550,0.56,18,7,11,347.99897215440524,0.3780315170940171,0.0013238601512988168,0.19586455383281914,129784.51063368077,1032.9752604166933,130817.48589409745,3331,33,2543.3,39,1,19,36.395505349962534,0.6127136752136753,45.26041666666668,1018.9583333333351,26.127136752136796,7
3333,4,0,0,40,0.0,0.0,1.0,40,1000,700,300,0.7,13,7,6,346.91446059622706,0.3778979700854701,0.00047266223811992525,0.19565175774836227,129864.12896050354,1010.3488498264003,130874.47781032995,3332,34,2544.3,39,1,20,36.34229688298416,0.6135149572649572,45.18229166666667,1019.2708333333339,26.13514957264959,0
3334,4,0,0,40,0.0,0.0,1.0,40,900,800,100,0.8888888888888888,10,8,2,344.5903100294991,0.3779246794871795,-0.005612036374782692,0.19460504121515934,129917.22140842034,953.6431206597437,130870.86452908009,3333,35,2545.3,39,1,20,36.34764228057629,0.6140491452991452,45.13020833333334,1019.4791666666683,26.140491452991494,0
3335,4,0,0,40,0.0,0.0,1.0,40,550,300,250,0.5454545454545454,8,3,5,346.3854321757934,0.37881944444444443,-0.012589376915219441,0.1960181145087297,129996.88042534742,1005.805121527798,131002.68554687522,3334,36,2546.3,39,1,21,36.22105890364316,0.6148504273504274,45.05208333333334,1019.7916666666682,26.14850427350431,0
3336,4,0,0,40,0.0,0.0,1.0,40,900,700,200,0.7777777777777778,11,7,4,342.87327732168916,0.37930021367521366,-0.010858688993260923,0.1945597264246019,130103.13042534744,921.7773437500255,131024.90776909747,3335,37,2547.3,39,1,22,36.2028622966442,0.6159188034188035,44.94791666666668,1020.2083333333351,26.15918803418808,0
3337,4,0,0,40,0.0,0.0,1.0,40,1500,1200,300,0.8,18,12,6,343.35693461057866,0.37888621794871796,-0.010510204081632502,0.1956336022781207,130262.58680555577,945.3125000000247,131207.8993055558,3336,38,2548.3,39,1,23,36.02891156462585,0.6175213675213675,44.79166666666668,1020.8333333333351,26.17521367521372,0
3338,4,0,0,40,0.0,0.0,1.0,40,600,300,300,0.5,9,3,6,341.2071061750801,0.37888621794871796,-0.0006040163162848167,0.1952292724201045,130426.23325525994,900.4715236686661,131326.7047789286,3337,39,2549.3,38,2,23,35.918052504968095,0.6208881578947368,44.63141025641027,1021.4743589743609,26.880904183535815,0
3339,4,0,0,40,0.0,0.0,1.0,40,1650,1400,250,0.8484848484848485,19,14,5,341.6307301512286,0.3786992521367521,-0.006249999999999645,0.19643766983695665,130617.28395061751,924.5756172839764,131541.8595679015,3338,40,2550.3,38,2,20,35.71388134057972,0.6228070175438596,44.44444444444446,1022.222222222224,26.900584795321684,0
3340,4,0,0,40,0.0,0.0,1.0,40,1000,600,400,0.6,14,6,8,340.7568410617172,0.3779113247863248,-0.0063645621181258605,0.1968371870132985,130794.81336805601,913.8454861111604,131708.65885416718,3339,41,2551.3,39,1,21,35.556687033265455,0.6228632478632479,44.27083333333336,1022.9166666666704,26.228632478632573,0
3341,4,0,0,40,0.0,0.0,1.0,40,1000,500,500,0.5,15,5,10,340.0760121464035,0.3773103632478632,-0.01530534351145052,0.1971237061556593,130928.03955078172,905.0971137153218,131833.13666449703,3340,42,2552.3,39,1,21,35.43946140797286,0.624198717948718,44.14062500000002,1023.4375000000038,26.241987179487275,0
3342,4,0,0,40,0.0,0.0,1.0,40,1300,1100,200,0.8461538461538461,15,11,4,339.04820761401044,0.3770165598290598,-0.011951877098382191,0.19707302381065125,131034.669325087,885.4139539930758,131920.08327908008,3341,43,2553.3,39,1,21,35.358060331671595,0.625267094017094,44.03645833333334,1023.8541666666682,26.25267094017098,0
3343,4,0,0,40,0.0,0.0,1.0,40,1250,1100,150,0.88,14,11,3,340.1518948990363,0.37724358974358974,-0.0063948759658396526,0.198677793243879,131221.37586805562,927.0399305555658,132148.41579861118,3342,44,2554.3,39,1,22,35.141317608784064,0.6271367521367521,43.85416666666667,1024.583333333334,26.271367521367537,0
3344,4,0,0,40,0.0,0.0,1.0,40,1050,1000,50,0.9523809523809523,11,10,1,339.6346282432449,0.3769764957264958,-0.007770888391949615,0.1986519305979218,131274.74500868062,917.0898437500052,132191.83485243062,3343,45,2555.3,39,1,22,35.10071491495561,0.6276709401709402,43.802083333333336,1024.7916666666672,26.276709401709414,0
3345,4,0,0,40,0.0,0.0,1.0,40,850,400,450,0.47058823529411764,13,4,9,336.44583008003303,0.3769764957264958,-0.00795551753635615,0.19764079163997908,131440.5393967374,844.5459780894063,132285.08537482683,3344,46,2556.3,37,3,22,35.0152373823781,0.6328828828828829,43.64035087719298,1025.4385964912278,27.714556661925076,0
3346,4,0,0,40,0.0,0.0,1.0,40,950,700,250,0.7368421052631579,12,7,5,338.08905283346684,0.376295405982906,-0.006656867985034731,0.1990448766052285,131524.88175448202,893.4245392813026,132418.3062937633,3345,47,2557.3,37,3,23,34.8880946018172,0.6337274774774775,43.55811403508771,1025.7675438596482,27.723447131341842,0
3347,4,0,0,40,0.0,0.0,1.0,40,800,600,200,0.75,10,6,4,342.45996452530295,0.3765090811965812,-0.00871620899668768,0.20221342637175416,131637.38031173023,1016.1065183517655,132653.486830082,3346,48,2558.3,37,3,18,34.66260195177548,0.6348536036036037,43.448464912280684,1026.2061403508746,27.735301090564178,0
3348,4,0,0,40,0.0,0.0,1.0,40,1000,900,100,0.9,11,9,2,341.7877879915104,0.3758413461538461,-0.0032501869458392285,0.2021146862532234,131693.64762474975,1002.2561028393185,132695.90372758906,3347,49,2559.3,37,3,18,34.623148345974435,0.6354166666666667,43.393640350877185,1026.4254385964898,27.7412280701754,0
3349,4,0,0,40,0.0,0.0,1.0,40,900,400,500,0.4444444444444444,14,4,10,343.08172517265825,0.376428952991453,-0.012112961776638898,0.20363139657586263,131834.36850761753,1045.992516928265,132880.3610245458,3348,50,2560.3,37,3,19,34.44818136522172,0.6368243243243243,43.25657894736841,1026.9736842105249,27.756045519203376,0
3350,4,0,0,40,0.0,0.0,1.0,40,800,500,300,0.625,11,5,6,344.8275862068967,0.3763621794871795,-0.013438133874239533,0.20481927710843367,131862.52170138876,1093.96701388887,132956.48871527764,3349,51,2561.3,37,3,19,34.374999999999986,0.6371058558558558,43.22916666666666,1027.0833333333321,27.759009009008977,0
3351,4,0,0,40,0.0,0.0,1.0,40,1100,800,300,0.7272727272727273,14,8,6,341.7101663818182,0.37665598290598296,-0.01324847902657722,0.2032687332591269,131918.83710612857,1015.6015552862128,132934.43866141478,3350,52,2562.3,37,3,19,34.39834827623011,0.6376689189189189,43.17434210526314,1027.3026315789455,27.76493598862015,0
3352,4,0,0,40,0.0,0.0,1.0,40,1150,800,350,0.6956521739130435,15,8,7,339.2175888119978,0.37725694444444446,-0.008598335289723646,0.2020856976959458,131975.16453379867,953.6594192443578,132928.82395304303,3351,53,2563.3,37,3,19,34.405679756696195,0.6382319819819819,43.11951754385964,1027.5219298245597,27.770862968231345,0
3353,4,0,0,40,0.0,0.0,1.0,40,1050,800,250,0.7619047619047619,13,8,5,356.31067066993376,0.3770566239316239,0.035697424892704,0.2044837100150107,130542.57079101224,1302.7421899045448,131845.3129809168,3352,54,2564.3,37,3,9,35.4144313304721,0.6238738738738738,44.5175438596491,1021.9298245614004,27.619724988145958,6
3354,4,0,0,40,0.0,0.0,1.0,40,1050,700,350,0.6666666666666666,14,7,7,354.6477162950786,0.37704326923076925,0.032185757185757335,0.20411946337872247,130654.64854570593,1267.2745460141111,131921.92309172003,3353,55,2565.3,37,3,9,35.34337909337907,0.625,44.40789473684208,1022.368421052628,27.631578947368325,0
3355,4,0,0,40,0.0,0.0,1.0,40,650,300,350,0.46153846153846156,10,3,7,348.68804664723024,0.37732371794871794,-0.004591836734693544,0.19867109634551505,130262.58680555563,1114.25871421977,131376.8455197754,3354,56,2566.3,37,3,18,35.89285714285714,0.6210585585585586,44.79166666666667,1020.833333333334,27.590090090090108,8
3356,4,0,0,40,0.0,0.0,1.0,40,1150,800,350,0.6956521739130435,15,8,7,344.0287946647978,0.3771233974358974,-0.007252169940612063,0.1868682460350478,128379.01341735256,837.5557270233212,129216.56914437588,3355,57,2567.3,35,5,16,37.927326024059695,0.605952380952381,46.64351851851852,1013.4259259259261,28.95502645502646,8
3357,4,0,0,40,0.0,0.0,1.0,40,850,700,150,0.8235294117647058,10,7,3,340.5194709849078,0.37656249999999997,-0.012588849400266833,0.18559547922204067,128515.36502718947,752.396822498182,129267.76184968765,3356,58,2568.3,36,4,16,37.877147193839754,0.6053240740740741,46.50900900900901,1013.9639639639649,28.165665665665692,0
3358,4,0,0,40,0.0,0.0,1.0,40,1100,900,200,0.8181818181818182,13,9,4,339.22653910950265,0.3764957264957265,-0.01702375666074607,0.18542188496956324,128629.57552146746,726.9131462543658,129356.48866772182,3357,59,2569.3,36,4,17,37.793489120781516,0.6064814814814814,46.3963963963964,1014.4144144144148,28.178178178178186,0
3359,4,0,0,40,0.0,0.0,1.0,40,950,700,250,0.7368421052631579,12,7,5,340.0988798743263,0.37769764957264956,-0.018807568527355434,0.18629975723693334,128715.26668137731,755.1836042123228,129470.45028558963,3358,60,2570.3,36,4,17,37.68403432841341,0.607349537037037,46.31193693693694,1014.7522522522522,28.18756256256256,0
3360,4,0,0,40,0.0,0.0,1.0,40,800,600,200,0.75,10,6,4,341.1572950323769,0.3778712606837607,-0.014680426098534927,0.18701396245935403,128743.83674214761,784.3798190082096,129528.21656115583,3359,61,2571.3,36,4,17,37.62806998076638,0.6076388888888888,46.28378378378379,1014.8648648648655,28.190690690690708,0
3361,4,0,0,40,0.0,0.0,1.0,40,1000,700,300,0.7,13,7,6,346.99684557612835,0.3782318376068376,-0.00625526981450264,0.18877901782260934,128442.17985243625,913.8062495434249,129355.98610197968,3360,62,2572.3,38,2,15,37.7876440415964,0.6008771929824561,46.58119658119658,1013.6752136752136,26.67566351776878,2
3362,4,0,0,40,0.0,0.0,1.0,40,850,700,150,0.8235294117647058,10,7,3,344.6910165524448,0.3782986111111111,-0.0071462438099252346,0.1879070900688829,128523.41666894949,860.1734284827205,129383.59009743221,3361,63,2573.3,38,2,15,37.763187932427215,0.6016995614035088,46.501068376068375,1013.9957264957262,26.684098065677006,0
3363,4,0,0,40,0.0,0.0,1.0,40,750,600,150,0.8,9,6,3,345.2558092702192,0.378125,-0.0074431099873579765,0.1883429966432712,128550.50131492435,876.5614727153113,129427.06278763966,3362,64,2574.3,38,2,15,37.72123893805309,0.6019736842105263,46.47435897435897,1014.1025641025637,26.686909581646415,0
3364,4,0,0,40,0.0,0.0,1.0,40,950,600,350,0.631578947368421,13,6,7,347.6215060298883,0.37775106837606837,-0.010540498922081865,0.19034182632024407,128698.84033203138,947.6969401041813,129646.53727213557,3363,65,2575.3,39,1,15,37.50994507750746,0.6017628205128205,46.32812500000001,1014.687500000001,26.017628205128233,0
3365,4,0,0,40,0.0,0.0,1.0,40,900,500,400,0.5555555555555556,13,5,8,344.1150572919504,0.37795138888888885,-0.012488457987072987,0.1891759426635445,128857.43408203141,868.3566623264039,129725.79074435782,3364,66,2576.3,39,1,16,37.43726702233166,0.6033653846153846,46.17187500000001,1015.3125000000013,26.03365384615388,0
3366,4,0,0,40,0.0,0.0,1.0,40,1000,800,200,0.8,12,8,4,338.49475188110574,0.37887286324786323,-0.016878589007382816,0.18670819119595844,128989.67013888898,732.465277777788,129722.13541666676,3365,67,2577.3,39,1,16,37.44531036368607,0.6047008547008548,46.04166666666667,1015.833333333334,26.047008547008566,0
3367,4,0,0,40,0.0,0.0,1.0,40,1050,800,250,0.7619047619047619,13,8,5,338.745692739358,0.3795673076923077,-0.01363030551568567,0.18709657344165911,129042.58355034729,742.5238715277821,129785.10742187507,3366,68,2578.3,39,1,16,37.38508987765703,0.6052350427350428,45.989583333333336,1016.0416666666672,26.05235042735044,0
3368,4,0,0,40,0.0,0.0,1.0,40,1100,800,300,0.7272727272727273,14,8,6,340.90134596475116,0.3797809829059829,-0.00469566553950207,0.1889185823549124,129174.91455078126,807.1804470486113,129982.09499782987,3367,69,2579.3,39,1,17,37.19568688731769,0.6065705128205128,45.859375,1016.5625000000001,26.06570512820513,0
3369,4,0,0,40,0.0,0.0,1.0,40,850,500,350,0.5882352941176471,12,5,7,340.63423810803516,0.3798076923076923,-0.004098360655737654,0.1888971684053652,129201.38888888908,802.0833333333527,130003.47222222244,3368,70,2580.3,39,1,17,37.17554644808744,0.6068376068376069,45.83333333333334,1016.6666666666682,26.068376068376107,0
3370,4,0,0,40,0.0,0.0,1.0,40,1100,900,200,0.8181818181818182,13,9,4,342.501721495797,0.37897970085470084,-0.007036050798852722,0.19044344013012332,129307.31336805565,857.5954861111206,130164.90885416677,3369,71,2581.3,39,1,17,37.02034685238289,0.607905982905983,45.72916666666667,1017.0833333333342,26.07905982905985,0
3371,4,0,0,40,0.0,0.0,1.0,40,850,400,450,0.47058823529411764,13,4,9,345.5635577196127,0.37919337606837605,-0.002974605775137862,0.19240443014194641,129360.29188368077,940.4405381944644,130300.73242187523,3370,72,2582.3,39,1,17,36.888610144037145,0.608440170940171,45.67708333333334,1017.2916666666683,26.084401709401753,0
3372,4,0,0,40,0.0,0.0,1.0,40,1150,800,350,0.6956521739130435,15,8,7,345.4358897343164,0.379420405982906,0.0007904430574028343,0.19324241272887696,129545.80213758703,949.9538845486361,130495.75602213567,3371,73,2583.3,39,1,15,36.70326835840241,0.610309829059829,45.49479166666668,1018.0208333333352,26.10309829059834,0
3373,4,0,0,40,0.0,0.0,1.0,40,600,300,300,0.5,9,3,6,345.4358897343164,0.379420405982906,0.0007904430574028343,0.19324241272887696,129545.80213758703,949.9538845486361,130495.75602213567,3372,74,2584.3,39,1,15,36.70326835840241,0.610309829059829,45.49479166666668,1018.0208333333352,26.10309829059834,0
3374,4,0,0,40,0.0,0.0,1.0,40,1150,800,350,0.6956521739130435,15,8,7,343.9881698451196,0.3795272435897436,-0.010361488904796046,0.19321426266027764,129704.91672092053,923.3913845486503,130628.30810546919,3373,75,2585.3,39,1,15,36.57848876844938,0.6119123931623931,45.338541666666686,1018.6458333333366,26.119123931624014,0
3375,4,0,0,40,0.0,0.0,1.0,40,600,400,200,0.6666666666666666,8,4,4,340.9761130406085,0.3786324786324786,-0.008980781026374896,0.1919118721382763,129784.51063368094,850.6835937500389,130635.19422743098,3374,76,2586.3,39,1,16,36.57440537040823,0.6127136752136753,45.260416666666686,1018.9583333333364,26.12713675213683,0
3376,4,0,0,40,0.0,0.0,1.0,40,700,600,100,0.8571428571428571,8,6,2,338.5590397950409,0.3779246794871795,-0.011280020439448313,0.19093949304867344,129864.12896050388,793.3349609375393,130657.46392144142,3375,77,2587.3,39,1,16,36.55520780105604,0.6135149572649572,45.182291666666686,1019.2708333333366,26.135149572649656,0
3377,4,0,0,40,0.0,0.0,1.0,40,1300,800,500,0.6153846153846154,18,8,10,348.31191023954307,0.377230235042735,-0.0030755487493614453,0.19778058903167095,130129.69970703125,1065.1448567708326,131194.8445638021,3376,78,2588.3,39,1,17,36.0372001020929,0.6161858974358974,44.921875,1020.3125,26.161858974358974,0
3378,4,0,0,40,0.0,0.0,1.0,40,900,500,400,0.5555555555555556,13,5,8,345.96387490612506,0.3776041666666667,-0.004166241453209318,0.19698431203980968,130236.00396050367,1011.3905164930743,131247.39447699673,3377,79,2589.3,39,1,17,35.989322890090826,0.6172542735042735,44.81770833333334,1020.7291666666682,26.172542735042775,0
3379,4,0,0,40,0.0,0.0,1.0,40,700,500,200,0.7142857142857143,9,5,4,345.98362500093594,0.3770833333333334,-0.004362837413684595,0.19754548911343772,130344.3971893492,1019.4081203001833,131363.80530964938,3378,80,2590.3,38,2,17,35.87897572713958,0.6200657894736843,44.71153846153847,1021.1538461538468,26.872469635627546,0
3380,4,0,0,40,0.0,0.0,1.0,40,1150,1000,150,0.8695652173913043,13,10,3,348.07230965480517,0.3770165598290598,-0.002486144515319033,0.19943771702989235,130480.80490037626,1083.3510254584007,131564.15592583467,3379,81,2591.3,38,2,18,35.68745860782877,0.6214364035087719,44.577991452991455,1021.6880341880345,26.886527215474594,0
3381,4,0,0,40,0.0,0.0,1.0,40,1300,1200,100,0.9230769230769231,14,12,2,345.50043219757663,0.3776041666666667,-0.0030489079318634094,0.19880298470827476,130644.5883213711,1027.5523458616326,131672.14066723274,3380,82,2592.3,38,2,15,35.587356742257995,0.6230811403508771,44.41773504273504,1022.3290598290594,26.903396311291036,0
3382,4,0,0,40,0.0,0.0,1.0,40,950,800,150,0.8421052631578947,11,8,3,343.5228869755116,0.3774038461538462,-0.001397800183317699,0.19829813211126093,130768.17626953124,984.3722873263882,131752.54855685763,3381,83,2593.3,39,1,15,35.51288742913398,0.6225961538461539,44.296875,1022.8124999999999,26.225961538461537,0
3383,4,0,0,40,0.0,0.0,1.0,40,850,500,350,0.5882352941176471,12,5,7,342.83178885941294,0.37728365384615387,-0.007946446752188585,0.19830941284906678,130848.09570312499,971.7773437499998,131819.87304687497,3382,84,2594.3,39,1,15,35.44975565058033,0.6233974358974359,44.21875,1023.1249999999999,26.233974358974358,0
3384,4,0,0,40,0.0,0.0,1.0,40,800,700,100,0.875,9,7,2,343.8917150273089,0.3774973290598291,-0.008665784652960973,0.19947343517463606,130954.69292534712,1006.8467881944347,131961.53971354154,3383,85,2595.3,39,1,16,35.31489585453559,0.624465811965812,44.11458333333333,1023.5416666666657,26.244658119658094,0
3385,4,0,0,40,0.0,0.0,1.0,40,1500,1200,300,0.8,18,12,6,347.15319930089714,0.37686965811965817,-0.014703040781043342,0.2023448375059703,131141.34250217007,1105.2273220486065,132246.56982421866,3384,86,2596.3,39,1,16,35.04281924811011,0.6263354700854701,43.932291666666664,1024.2708333333328,26.263354700854688,0
3386,4,0,0,40,0.0,0.0,1.0,40,750,500,250,0.6666666666666666,10,5,5,348.27274659863923,0.3768162393162393,-0.010778769841269575,0.2031591021825398,131171.92147531253,1136.7210737656378,132308.64254907815,3385,87,2597.3,40,0,16,34.98325892857143,0.625,43.902439024390254,1024.3902439024407,25.609756097561018,0
3387,4,0,0,40,0.0,0.0,1.0,40,1300,800,500,0.6153846153846154,18,8,10,349.55953227511606,0.37672275641025643,-0.01189142290530465,0.20460289512446586,131302.08462431433,1179.5790576046113,132481.66368191893,3386,88,2598.3,40,0,17,34.81883159808297,0.6263020833333333,43.775406504065046,1024.8983739837406,25.622459349593516,0
3388,4,0,0,40,0.0,0.0,1.0,40,1200,900,300,0.75,15,9,6,353.4737624753357,0.37617521367521367,-0.014058823529411457,0.20733875025999898,131384.32618690343,1288.1901673996733,132672.5163543031,3387,89,2599.3,37,3,17,34.63547237076648,0.6323198198198199,43.69517543859648,1025.2192982456122,27.708629682313845,0
3389,4,0,0,40,0.0,0.0,1.0,40,1050,700,350,0.6666666666666666,14,7,7,352.40349543979164,0.3766292735042735,-0.01514325422279228,0.20731964127948477,131496.76462950124,1267.9838988919491,132764.7485283932,3388,90,2600.3,37,3,17,34.549390635022434,0.6334459459459459,43.585526315789465,1025.657894736841,27.72048364153624,0
3390,4,0,0,40,0.0,0.0,1.0,40,1200,1100,100,0.9166666666666666,13,11,2,350.7830682211453,0.37696314102564105,-0.010453315290933407,0.20738294993234102,131684.26890432084,1238.5223765431974,132922.79128086404,3389,91,2601.3,38,2,16,34.40178168696437,0.6334978070175439,43.40277777777777,1026.3888888888878,27.010233918128627,0
3391,4,0,0,40,0.0,0.0,1.0,40,950,700,250,0.7368421052631579,12,7,5,349.2368589164167,0.3774439102564102,-0.01531838518364359,0.2070644942039282,131793.94866544288,1205.4609312221332,132999.409596665,3390,92,2602.3,38,2,16,34.3308882183609,0.6345942982456141,43.29594017094016,1026.816239316238,27.02147998200626,0
3392,4,0,0,40,0.0,0.0,1.0,40,900,700,200,0.7777777777777778,11,7,4,351.03226697388345,0.37777777777777777,-0.01460370293322244,0.2085799885467809,131876.23844875448,1258.5629885309381,133134.8014372854,3391,93,2603.3,38,2,16,34.20185840094308,0.6354166666666667,43.215811965811966,1027.1367521367522,27.02991452991453,0
3393,4,0,0,40,0.0,0.0,1.0,40,1050,800,250,0.7619047619047619,13,8,5,350.89754737872994,0.37764423076923076,-0.012669843845061868,0.20871843258438103,131916.0210503473,1257.8016493055607,133173.82269965287,3392,94,2604.3,39,1,16,34.16523017643478,0.6340811965811965,43.177083333333336,1027.2916666666672,26.34081196581198,0
3394,4,0,0,40,0.0,0.0,1.0,40,900,600,300,0.6666666666666666,12,6,6,350.9221007270793,0.3779647435897436,-0.0056608554632069374,0.20932269926078378,132023.05230034713,1265.9613715277733,133289.0136718749,3393,95,2605.3,39,1,16,34.05677748496521,0.6351495726495726,43.072916666666664,1027.7083333333328,26.351495726495713,0
3395,4,0,0,40,0.0,0.0,1.0,40,1400,1000,400,0.7142857142857143,18,10,8,348.0794033975242,0.3780715811965812,-0.015113452188006304,0.20850970087016726,132183.68055555547,1202.0833333333285,133385.76388888882,3394,96,2606.3,39,1,16,33.968125337655316,0.6367521367521367,42.916666666666664,1028.3333333333328,26.367521367521356,0
3396,4,0,0,40,0.0,0.0,1.0,40,600,400,200,0.6666666666666666,8,4,4,347.9412811265984,0.3780715811965812,-0.017586591047194622,0.20872249148505692,132237.2450086807,1202.159288194464,133439.40429687517,3395,97,2607.3,39,1,16,33.91778070353117,0.6372863247863247,42.86458333333334,1028.541666666668,26.372863247863286,0
3397,4,0,0,40,0.0,0.0,1.0,40,1200,900,300,0.75,15,9,6,345.2110652224136,0.3778178418803419,-0.015118457021362719,0.2075258485211068,132317.6120334203,1135.5007595486304,133453.11279296892,3396,98,2608.3,39,1,16,33.90716226249536,0.6380876068376069,42.78645833333334,1028.854166666668,26.380876068376104,0
3398,4,0,0,40,0.0,0.0,1.0,40,600,400,200,0.6666666666666666,8,4,4,344.0064910941163,0.377230235042735,-0.012326652495191937,0.20709568101881656,132371.2036132814,1107.3106553819591,133478.51426866336,3397,99,2609.3,39,1,16,33.884270506461505,0.6386217948717949,42.73437500000001,1029.0625000000011,26.386217948717977,0
3399,4,0,0,40,0.0,0.0,1.0,40,1150,900,250,0.782608695652174,14,9,5,346.22909948343624,0.3769764957264958,-0.0025103915992124026,0.20906383272639217,132484.94059938332,1174.0364737890534,133658.97707317237,3398,100,2610.3,36,4,17,33.71276343615548,0.6452546296296297,42.62387387387388,1029.5045045045058,28.597347347347384,0
3400,4,0,0,40,0.0,0.0,1.0,40,1100,1000,100,0.9090909090909091,12,10,2,340.8881837386948,0.3765357905982906,-0.006434958484138997,0.20660023213169698,132623.79410010797,1041.976858264103,133665.77095837207,3399,101,2611.3,37,3,17,33.710790575544664,0.6447072072072072,42.48903508771931,1030.0438596491247,27.839023233760127,0
3401,4,0,0,40,0.0,0.0,1.0,40,1250,900,350,0.72,16,9,7,340.57179874768804,0.3761885683760684,-0.002218557139816779,0.2070306445427409,132736.76155163138,1041.2795283164207,133778.0410799478,3400,102,2612.3,37,3,16,33.605554373270905,0.6458333333333333,42.37938596491229,1030.4824561403518,27.85087719298248,0
3402,4,0,0,40,0.0,0.0,1.0,40,1100,800,300,0.7272727272727273,14,8,6,339.9073263711775,0.37665598290598296,0.004678756476684143,0.2073391719015087,132865.7190536199,1032.4062659800031,133898.1253195999,3401,103,2613.3,38,2,16,33.49330742659759,0.6452850877192983,42.25427350427351,1030.9829059829074,27.13112910481335,0
3403,4,0,0,40,0.0,0.0,1.0,40,900,500,400,0.5555555555555556,13,5,8,338.9905654988344,0.3774172008547008,0.004917141377524414,0.20754305072233661,133003.4394061839,1017.3822275184571,134020.82163370235,3402,104,2614.3,38,2,16,33.37886242016227,0.6466557017543859,42.1207264957265,1031.517094017095,27.14518668466039,0
3404,4,0,0,40,0.0,0.0,1.0,40,650,400,250,0.6153846153846154,9,4,5,337.77798709897115,0.3777911324786325,0.0011103633916556,0.2074124334004428,133113.6670524692,992.5733024691448,134106.24035493835,3403,105,2615.3,38,2,16,33.29968595782862,0.6477521929824561,42.01388888888889,1031.944444444445,27.156432748538027,0
3405,4,0,0,40,0.0,0.0,1.0,40,1550,1200,350,0.7741935483870968,19,12,7,333.6455151325525,0.3775507478632478,0.004398986241853642,0.20609272810136658,133334.2593163308,897.2755268829162,134231.5348432137,3404,106,2616.3,38,2,18,33.18549360366884,0.6499451754385965,41.80021367521368,1032.7991452991466,27.178924876293333,0
3406,4,0,0,40,0.0,0.0,1.0,40,1200,700,500,0.5833333333333334,17,7,10,336.56347554630565,0.377230235042735,-0.0012096774193550708,0.20866935483870974,133472.22222222248,984.3750000000239,134456.5972222225,3405,107,2617.3,39,1,18,32.97211021505376,0.6495726495726496,41.66666666666668,1033.3333333333353,26.495726495726547,0
3407,4,0,0,40,0.0,0.0,1.0,40,1100,900,200,0.8181818181818182,13,9,4,336.77879935100066,0.3771100427350427,0.003852713178294831,0.20927006318053512,133555.03420857995,995.7008136094785,134550.73502218942,3406,108,2618.3,38,2,18,32.88372093023257,0.6521381578947368,41.58653846153847,1033.6538461538466,27.201417004048597,0
3408,4,0,0,40,0.0,0.0,1.0,40,850,700,150,0.8235294117647058,10,7,3,337.8912578326517,0.37728365384615387,0.011329820210787434,0.2104318914610297,133637.8718770545,1031.0137245233377,134668.88560157784,3407,109,2619.3,38,2,19,32.77213783839636,0.6529605263157895,41.506410256410255,1033.9743589743587,27.209851551956806,0
3409,4,0,0,40,0.0,0.0,1.0,40,1050,600,450,0.5714285714285714,15,6,9,336.97798316017565,0.3769230769230769,0.014169507282305815,0.21033422662628373,133720.73522764628,1012.1887327416173,134732.92396038788,3408,110,2620.3,38,2,16,32.712917054023364,0.653782894736842,41.42628205128205,1034.2948717948716,27.218286099865043,0
3410,4,0,0,40,0.0,0.0,1.0,40,1200,800,400,0.6666666666666666,16,8,8,334.1147767141356,0.37676282051282056,0.019683314872620983,0.20881647876325252,133768.3932834202,938.7993706597275,134707.19265407993,3409,111,2621.3,39,1,16,32.73933893867687,0.6525106837606838,41.380208333333336,1034.4791666666672,26.525106837606852,0
3411,4,0,0,40,0.0,0.0,1.0,40,450,100,350,0.2222222222222222,8,1,7,333.0760326077171,0.3766159188034188,0.022623842126459737,0.20831934230855464,133795.334201389,912.8038194444543,134708.13802083346,3410,112,2622.3,39,1,16,32.739293864948316,0.6527777777777778,41.35416666666667,1034.5833333333342,26.5277777777778,0
3412,4,0,0,40,0.0,0.0,1.0,40,400,300,100,0.75,5,3,2,333.0760326077171,0.3766159188034188,0.022623842126459737,0.20831934230855464,133795.334201389,912.8038194444543,134708.13802083346,3411,113,2623.3,39,1,16,32.739293864948316,0.6527777777777778,41.35416666666667,1034.5833333333342,26.5277777777778,0
3413,4,0,0,40,0.0,0.0,1.0,40,1400,1000,400,0.7142857142857143,18,10,8,335.9730941471472,0.37546741452991456,0.024315619967793856,0.21074675905593773,133903.125,997.5694444444449,134900.69444444444,3412,114,2624.3,39,1,17,32.55669618894257,0.6538461538461539,41.25,1035.0,26.53846153846154,0
3414,4,0,0,40,0.0,0.0,1.0,40,1100,900,200,0.8181818181818182,13,9,4,334.1983490480102,0.37522702991452994,0.021981891348088478,0.21024883478083695,134010.95920138896,957.2482638888939,134968.20746527787,3413,115,2625.3,39,1,17,32.494969818913475,0.6549145299145299,41.145833333333336,1035.4166666666672,26.549145299145312,0
3415,4,0,0,40,0.0,0.0,1.0,40,650,500,150,0.7692307692307693,8,5,3,331.0873312035223,0.3750801282051282,-0.0016165803108805221,0.20195908635360243,132865.7190536197,799.1163354244316,133664.8353890441,3414,116,2626.3,38,2,17,33.72063903281521,0.6452850877192983,42.254273504273506,1030.982905982906,27.131129104813315,3
3416,4,0,0,40,0.0,0.0,1.0,40,1100,800,300,0.7272727272727273,14,8,6,331.1586878322317,0.37453258547008544,0.000908855515277418,0.2027480742561952,133003.43940618387,809.0488941851224,133812.488300369,3415,117,2627.3,38,2,17,33.58083031244607,0.6466557017543859,42.1207264957265,1031.5170940170947,27.145186684660388,0
3417,4,0,0,40,0.0,0.0,1.0,40,550,300,250,0.5454545454545454,8,3,5,335.1695229952412,0.373704594017094,0.006561238223418586,0.20581070709542512,133113.6670524692,923.1288580246992,134036.79591049388,3416,118,2628.3,38,2,17,33.36698070883804,0.6477521929824561,42.01388888888889,1031.944444444445,27.156432748538027,0
3418,4,0,0,40,0.0,0.0,1.0,40,1100,800,300,0.7272727272727273,14,8,6,334.74321745886556,0.3732104700854701,0.01049472158973308,0.20600566669347525,133196.3677496531,917.3161388706358,134113.68388852372,3417,119,2629.3,38,2,17,33.29516835713793,0.6485745614035088,41.93376068376069,1032.264957264958,27.16486729644626,0
3419,4,0,0,40,0.0,0.0,1.0,40,900,600,300,0.6666666666666666,12,6,6,341.15056615968444,0.3732905982905983,-0.04819062181447464,0.1957126932179242,130528.56445312499,905.978732638889,131434.54318576388,3418,120,2630.3,39,1,16,35.815919130139335,0.6201923076923077,44.53125,1021.8749999999999,26.201923076923073,8
3420,4,0,1,39,0.0,0.025,0.975,40,550,200,350,0.36363636363636365,9,2,7,342.68363490516293,0.37407852564102567,-0.047189952104351396,0.19699792087430384,130608.4106445314,951.4729817708478,131559.88362630224,3419,121,2631.3,39,1,16,35.69595179863446,0.6209935897435898,44.45312500000001,1022.1875000000011,26.209935897435926,0
3421,4,0,0,39,0.0,0.0,1.0,39,700,300,400,0.42857142857142855,11,3,8,346.3704169573805,0.3723009446693657,-0.03533478016236624,0.19944433756210178,130671.89554569364,1252.175788954637,131924.07133464827,3420,122,2684.3076923076924,38,1,17,35.53748693834901,0.6233552631578947,44.39102564102564,1022.4358974358976,26.906207827260463,0
3422,4,0,0,39,0.0,0.0,1.0,39,1300,1200,100,0.9230769230769231,14,12,2,344.1175221747463,0.3727789023841655,-0.03625738511888543,0.19870815182756463,130781.15297866905,1200.8172620352102,131981.97024070425,3421,123,2685.3076923076924,38,1,18,35.484558874730155,0.6244517543859649,44.284188034188034,1022.8632478632483,26.917453891138113,0
3423,4,0,0,39,0.0,0.0,1.0,39,550,300,250,0.5454545454545454,8,3,5,343.3867225742369,0.3719354475933423,-0.036761595750946174,0.198848732092868,130890.45606874113,1189.2089451384145,132079.66501387954,3422,124,2686.3076923076924,38,1,18,35.39274030764949,0.6255482456140351,44.17735042735042,1023.2905982905967,26.928699955015702,0
3424,4,0,0,39,0.0,0.0,1.0,39,950,800,150,0.8421052631578947,11,8,3,342.4164486559431,0.37171052631578944,-0.04167971332150455,0.198709387920811,130972.4633487653,1169.4251543209712,132141.8885030863,3423,125,2687.3076923076924,38,1,18,35.334690185436436,0.6263706140350878,44.097222222222214,1023.6111111111102,26.937134502923954,0
3425,4,0,0,39,0.0,0.0,1.0,39,900,700,200,0.7777777777777778,11,7,4,344.6807474756206,0.37112010796221323,-0.039290912204100525,0.20045025993970528,131054.4963109064,1234.3923496968227,132288.88866060323,3424,126,2688.3076923076924,38,1,18,35.19385607957708,0.6271929824561404,44.01709401709401,1023.9316239316225,26.945569050832173,0
3426,4,0,0,39,0.0,0.0,1.0,39,700,400,300,0.5714285714285714,10,4,6,342.1726229950846,0.3710076473234368,-0.035682378682586835,0.19927501604075817,131109.19922017664,1172.3957191905815,132281.59493936723,3425,127,2689.3076923076924,38,1,18,35.20281313025942,0.6277412280701755,43.96367521367521,1024.1452991452982,26.951192082771005,0
3427,4,0,0,39,0.0,0.0,1.0,39,900,700,200,0.7777777777777778,11,7,4,344.9262297521466,0.37086707152496623,-0.03270113282628939,0.20116500552698163,131163.91354372108,1248.374835634433,132412.2883793555,3426,128,2690.3076923076924,38,1,18,35.07704943679599,0.6282894736842105,43.9102564102564,1024.3589743589732,26.956815114709823,0
3428,4,0,0,39,0.0,0.0,1.0,39,1000,800,200,0.8,12,8,4,349.33402099669024,0.37120445344129555,-0.022126176405337983,0.20446377446133265,131300.7492900318,1373.5637418729973,132674.31303190478,3427,129,2691.3076923076924,38,1,18,34.825958163938985,0.6296600877192983,43.77670940170938,1024.8931623931594,26.970872694556828,0
3429,4,0,0,39,0.0,0.0,1.0,39,700,500,200,0.7142857142857143,9,5,4,349.5709492132337,0.3716824111560954,-0.014266604711415498,0.20521234639500244,131414.7102127463,1387.7587050674504,132802.46891781373,3428,130,2692.3076923076924,36,3,18,34.70483250961011,0.6345486111111112,43.665540540540526,1025.3378378378359,28.48160660660655,0
3430,4,0,0,39,0.0,0.0,1.0,39,1200,1000,200,0.8333333333333334,14,10,4,356.0731923925462,0.3719073324336482,-0.020696312431577324,0.20997947287304103,131587.96623904284,1570.989443835698,133158.95568287853,3429,131,2693.3076923076924,36,3,16,34.36322394175539,0.6362847222222222,43.49662162162161,1026.0135135135115,28.50037537537532,0
3431,4,0,0,39,0.0,0.0,1.0,39,1250,900,350,0.72,16,9,7,352.66286311576414,0.37148560503823663,-0.008429175469893746,0.20793109074821664,131581.12502164094,1494.150196973671,133075.2752186146,3430,132,2694.3076923076924,37,2,19,34.45760304228564,0.6342905405405406,43.50328947368419,1025.9868421052604,27.729374110952982,2
3432,4,0,0,39,0.0,0.0,1.0,39,1000,700,300,0.7,13,7,6,350.53418803418845,0.37213225371120107,-0.014497041420118428,0.20713383838383811,131665.51246537358,1430.6527008309781,133096.16516620456,3431,133,2695.3076923076924,37,2,19,34.42708333333332,0.6351351351351351,43.421052631578924,1026.315789473681,27.738264580369755,0
3433,4,0,0,39,0.0,0.0,1.0,39,900,700,200,0.7777777777777778,11,7,4,349.64582355970686,0.37258209626630684,-0.00724072111447982,0.2070672894364028,131749.92696069914,1413.1623432209503,133163.0893039201,3432,134,2696.3076923076924,37,2,19,34.36476467656376,0.6359797297297297,43.338815789473664,1026.6447368421027,27.74715504978656,0
3434,4,0,0,39,0.0,0.0,1.0,39,750,400,350,0.5333333333333333,11,4,7,349.3369436495467,0.37308816914080073,-0.0037341831063806286,0.2073440946908523,131834.36850761744,1410.9230724838064,133245.29158010124,3433,135,2697.3076923076924,37,2,19,34.28758274610291,0.6368243243243243,43.2565789473684,1026.973684210524,27.75604551920335,0
3435,4,0,0,39,0.0,0.0,1.0,39,950,700,250,0.7368421052631579,12,7,5,355.2785440257968,0.3732849752586595,0.011001241385214522,0.20661344453539066,131054.49631090672,1512.1701274746301,132566.66643838136,3434,136,2698.3076923076924,38,1,19,34.92257060378409,0.6271929824561404,44.017094017094024,1023.9316239316252,26.94556905083224,2
3436,4,0,0,39,0.0,0.0,1.0,39,700,300,400,0.42857142857142855,11,3,8,354.1915661159677,0.3731443994601889,0.018821603927987374,0.20656865790267048,131163.91354372143,1491.4303911900338,132655.34393491145,3435,137,2699.3076923076924,38,1,20,34.839773675427644,0.6282894736842105,43.91025641025642,1024.358974358976,26.956815114709894,0
3437,4,0,0,39,0.0,0.0,1.0,39,1000,600,400,0.6,14,6,8,357.3625888061044,0.3733412055780477,-0.0018498535532598392,0.1917461632411244,127888.11404309687,1360.723010612536,129248.8370537094,3436,138,2700.3076923076924,36,3,17,38.09169264454836,0.5989583333333333,47.128378378378365,1011.4864864864842,28.096846846846784,8
3438,4,0,0,39,0.0,0.0,1.0,39,1200,1000,200,0.8333333333333334,14,10,4,359.34369124808,0.37356612685560053,0.005953604128136503,0.1930827585031549,127945.07345183016,1395.2509942374718,129340.32444606764,3437,139,2701.3076923076924,36,3,17,37.98326654793704,0.599537037037037,47.07207207207207,1011.7117117117114,28.103103103103095,0
3439,4,0,0,39,0.0,0.0,1.0,39,600,600,0,1.0,6,6,0,360.6999399367699,0.3741284300494827,0.008099445599445865,0.19412214949324316,128009.35057345292,1434.593012637862,129443.94358609078,3438,140,2702.3076923076924,38,1,18,37.883146818693696,0.5964912280701755,47.008547008547,1011.9658119658102,26.630679262258163,0
3440,4,0,0,39,0.0,0.0,1.0,39,450,300,150,0.6666666666666666,6,3,3,361.7721371130311,0.3742408906882591,0.011925932542421691,0.19483044086820572,128036.38100162515,1463.999036635228,129500.38003826038,3439,141,2703.3076923076924,38,1,18,37.82834547309897,0.596765350877193,46.981837606837594,1012.0726495726476,26.633490778227568,0
3441,4,0,0,39,0.0,0.0,1.0,39,650,200,450,0.3076923076923077,11,2,9,363.54957150117343,0.373959739091318,0.00775590284825145,0.19605191747146344,128090.45041867538,1513.4456726203312,129603.89609129571,3440,142,2704.3076923076924,38,1,18,37.728012313104664,0.5973135964912281,46.92841880341879,1012.2863247863231,26.639113810166396,0
3442,4,0,0,39,0.0,0.0,1.0,39,1100,1000,100,0.9090909090909091,12,10,2,365.2728163265309,0.37502811515969414,0.01145201465201473,0.19753628818647334,128203.13169795922,1565.858038261625,129768.98973622084,3441,143,2705.3076923076924,35,4,18,37.5690476190476,0.6041666666666667,46.81712962962961,1012.731481481479,28.935185185185116,0
3443,4,0,0,39,0.0,0.0,1.0,39,600,400,200,0.6666666666666666,8,4,4,348.6674602449726,0.37533738191632926,-0.015304417563322792,0.1849383625539004,127423.91889812266,1085.714835333968,128509.63373345663,3442,144,2706.3076923076924,37,2,16,38.78692441355343,0.5923423423423424,47.587719298245624,1009.6491228070188,27.287814129919425,4
3444,4,0,0,39,0.0,0.0,1.0,39,750,500,250,0.6666666666666666,10,5,5,348.18696637577483,0.3760964912280702,-0.011728132210060194,0.18531753444367505,127562.34039560253,1083.108865227763,128645.4492608303,3443,145,2707.3076923076924,37,2,16,38.65721896595389,0.59375,47.45065789473684,1010.1973684210529,27.302631578947377,0
3445,4,0,0,39,0.0,0.0,1.0,39,1200,900,300,0.75,15,9,6,350.9785114503113,0.37719298245614036,-0.018729435585927323,0.18757512446727065,127728.54538175203,1165.99494556017,128894.5403273122,3444,146,2708.3076923076924,37,2,16,38.41647232165457,0.5954391891891893,47.286184210526315,1010.8552631578943,27.320412517780927,0
3446,4,0,0,39,0.0,0.0,1.0,39,1100,800,300,0.7272727272727273,14,8,6,350.8892979885872,0.37741790373369316,-0.016626906672449593,0.1879152790970237,127811.68845221594,1169.5507271468039,128981.23917936275,3445,147,2709.3076923076924,37,2,16,38.33360442420301,0.5962837837837838,47.20394736842105,1011.1842105263147,27.329302987197696,0
3447,4,0,0,39,0.0,0.0,1.0,39,1100,800,300,0.7272727272727273,14,8,6,352.5082131152468,0.37767094017094016,-0.020665071916561972,0.18969669380994802,128005.79415060382,1224.6187528854769,129230.4129034893,3446,148,2710.3076923076924,37,2,17,38.094028786072876,0.5982545045045045,47.01206140350876,1011.9517543859632,27.350047415836844,0
3448,4,1,0,40,0.025,0.0,1.0,40,1000,800,200,0.8,12,8,4,349.0083965974057,0.3832932692307693,-0.01856148491879317,0.18910272094494826,128279.78326576058,954.1442946891426,129233.92756044972,3447,0,2643.525,38,2,19,37.90251704984883,0.5992324561403508,46.74145299145298,1013.034188034186,26.658794421952262,0
3449,4,0,0,40,0.0,0.0,1.0,40,1100,700,400,0.6363636363636364,15,7,8,349.90175370539026,0.3832398504273504,-0.01683974696889834,0.18997241750976657,128360.96871803985,982.7456123529623,129343.7143303928,3448,1,2644.525,38,2,20,37.796960112458265,0.6000548245614035,46.661324786324776,1013.3547008546993,26.66722896986051,0
3450,4,0,1,39,0.0,0.025,0.975,40,950,700,250,0.7368421052631579,12,7,5,347.7303459612339,0.38366720085470085,-0.02408334211358154,0.18956396975979717,128523.41666894937,938.2984284827053,129461.71509743208,3449,2,2645.525,38,2,15,37.68614125662908,0.6016995614035088,46.50106837606837,1013.9957264957253,26.68409806567698,0
3451,4,0,0,39,0.0,0.0,1.0,39,950,500,450,0.5263157894736842,14,5,9,354.4612277813185,0.3777271704903284,-0.03167893941284983,0.1928778134689987,128450.01737313402,1306.1101733225546,129756.12754645657,3450,152,2714.3076923076924,37,2,15,37.59047683432485,0.602759009009009,46.5734649122807,1013.706140350877,27.397463252726407,0
3452,4,0,0,39,0.0,0.0,1.0,39,550,400,150,0.7272727272727273,7,4,3,354.83551909151447,0.37738978857399913,-0.03653340208643463,0.193620868205157,128561.1934080676,1323.6155595952314,129884.80896766283,3451,153,2715.3076923076924,37,2,15,37.46745143619131,0.6038851351351351,46.46381578947367,1014.1447368421032,27.409317211948736,0
3453,4,0,0,39,0.0,0.0,1.0,39,1400,1100,300,0.7857142857142857,17,11,6,355.4005793337244,0.37646198830409355,-0.041173063760332584,0.19447200239946455,128672.41753472203,1346.0503472222024,130018.46788194423,3452,154,2716.3076923076924,37,2,15,37.33957905544148,0.6050112612612613,46.35416666666666,1014.5833333333318,27.421171171171128,0
3454,4,0,0,39,0.0,0.0,1.0,39,1050,700,350,0.6666666666666666,14,7,7,352.93072414607343,0.37657444894287,-0.036964080400060606,0.1933909918278216,128728.04763244456,1286.416613765773,130014.46424621034,3453,155,2717.3076923076924,37,2,15,37.34546641455069,0.6055743243243243,46.29934210526316,1014.8026315789471,27.427098150782353,0
3455,4,0,0,39,0.0,0.0,1.0,39,650,300,350,0.46153846153846156,10,3,7,351.4376228767738,0.37643387314439947,-0.03759871254739988,0.19284280231003506,128783.689753097,1251.8867584256582,130035.57651152265,3454,156,2718.3076923076924,37,2,16,37.32659518922617,0.6061373873873874,46.244517543859644,1015.0219298245605,27.433025130393528,0
3456,4,0,0,39,0.0,0.0,1.0,39,1200,1000,200,0.8333333333333334,14,10,4,351.0861454411352,0.3764901034637877,-0.030031725993720948,0.19332698448726465,128922.84765504758,1252.605128501061,130175.45278354864,3455,157,2719.3076923076924,37,2,16,37.19364068235801,0.607545045045045,46.10745614035087,1015.5701754385955,27.4478425794215,0
3457,4,0,0,39,0.0,0.0,1.0,39,1000,700,300,0.7,13,7,6,352.18912326193026,0.37618083670715247,-0.026465656079297295,0.1944805969097166,129034.22807979374,1288.890331640498,130323.11841143425,3456,158,2720.3076923076924,37,2,17,37.052126052233966,0.6086711711711712,45.997807017543856,1016.0087719298242,27.459696538643897,0
3458,4,0,0,39,0.0,0.0,1.0,39,1050,800,250,0.7619047619047619,13,8,5,355.2070238012967,0.37679937022042287,-0.027101800515697994,0.196423549915896,129089.93632656203,1370.730417051398,130460.66674361343,3457,159,2721.3076923076924,37,2,17,36.918698748381516,0.6092342342342343,45.94298245614035,1016.2280701754387,27.4656235182551,0
3459,4,0,0,39,0.0,0.0,1.0,39,1250,800,450,0.64,17,8,9,353.48091359653864,0.37668690958164647,-0.03068071805935879,0.19574480699163166,129145.65659626042,1330.104936134197,130475.76153239462,3458,160,2722.3076923076924,37,2,17,36.905789284430064,0.6097972972972974,45.88815789473684,1016.4473684210529,27.471550497866296,0
3460,4,0,0,39,0.0,0.0,1.0,39,900,400,500,0.4444444444444444,14,4,10,352.3918301531843,0.3764901034637877,-0.028793610760824206,0.19541728763040228,129201.38888888898,1305.9027777777828,130507.29166666676,3459,161,2723.3076923076924,37,2,18,36.87670765027321,0.6103603603603603,45.833333333333336,1016.6666666666674,27.4774774774775,0
3461,4,0,0,39,0.0,0.0,1.0,39,950,700,250,0.7368421052631579,12,7,5,358.1629975746413,0.3766587944219523,-0.03300494244866792,0.19917985404690475,129312.88954293627,1463.0184287473062,130775.90797168358,3460,162,2724.3076923076924,37,2,18,36.61644746298692,0.6114864864864865,45.723684210526315,1017.1052631578946,27.489331436699853,0
3462,4,0,0,39,0.0,0.0,1.0,39,600,300,300,0.5,9,3,6,360.420478881166,0.3765182186234817,-0.03657791671158028,0.2005771315285287,129340.77222077936,1523.412612534612,130864.18483331396,3461,163,2725.3076923076924,37,2,18,36.53064478459272,0.6117680180180181,45.696271929824555,1017.2149122807008,27.492294926505426,0
3463,4,0,0,39,0.0,0.0,1.0,39,1150,900,250,0.782608695652174,14,9,5,364.4498736623071,0.3760964912280702,-0.038052608311228475,0.20325089108090186,129424.43828870413,1633.744036626647,131058.18232533078,3462,164,2726.3076923076924,37,2,18,36.34294181034483,0.6126126126126126,45.614035087719294,1017.543859649122,27.501185395922217,0
3464,4,0,0,39,0.0,0.0,1.0,39,1200,1100,100,0.9166666666666666,13,11,2,361.5342819926562,0.3764901034637877,-0.03448999657530416,0.2021978478325192,129536.03512619267,1566.34349030471,131102.3786164974,3463,165,2727.3076923076924,37,2,16,36.30349705586673,0.6137387387387387,45.50438596491228,1017.9824561403508,27.513039355144617,0
3465,4,0,0,39,0.0,0.0,1.0,39,900,600,300,0.6666666666666666,12,6,6,356.9956204041379,0.3762089518668466,-0.02757093593746951,0.20008559605873424,129619.76431450053,1454.7376356186442,131074.5019501192,3464,166,2728.3076923076924,37,2,16,36.33383134130147,0.6145833333333333,45.422149122807014,1018.3114035087713,27.521929824561386,0
3466,4,0,0,39,0.0,0.0,1.0,39,900,700,200,0.7777777777777778,11,7,4,355.1758314828056,0.3755060728744939,-0.035970845786796324,0.1996333121782668,129731.44531250013,1415.4947916666815,131146.9401041668,3465,167,2729.3076923076924,37,2,16,36.2666155419223,0.6157094594594594,45.31250000000001,1018.750000000001,27.53378378378381,0
3467,4,0,0,39,0.0,0.0,1.0,39,900,600,300,0.6666666666666666,12,6,6,355.9606634060212,0.3758715699505173,-0.03220574606116755,0.20078946159116373,129871.11418898143,1445.8015927978086,131316.91578177924,3466,168,2730.3076923076924,37,2,17,36.104686603557084,0.6171171171171171,45.17543859649124,1019.2982456140368,27.548601232811805,0
3468,4,0,0,39,0.0,0.0,1.0,39,550,200,350,0.36363636363636365,9,2,7,357.1239698082373,0.37559041835357626,-0.030535403586268828,0.20187816384479054,129954.95158366063,1482.005641158848,131436.9572248195,3467,169,2731.3076923076924,37,2,17,35.98986898232785,0.6179617117117118,45.09320175438598,1019.6271929824583,27.557491702228603,0
3469,4,0,0,39,0.0,0.0,1.0,39,450,300,150,0.6666666666666666,6,3,3,358.1873899451914,0.37564664867296443,-0.03221600103655775,0.2027693800292289,130010.85820877596,1513.649993267179,131524.50820204313,3468,170,2732.3076923076924,37,2,18,35.90597337203885,0.6185247747747749,45.038377192982466,1019.8464912280716,27.563418681839774,0
3470,4,0,0,39,0.0,0.0,1.0,39,900,600,300,0.6666666666666666,12,6,6,357.5161097418527,0.3753936122357175,-0.033273267315820254,0.20311629531487693,130150.67737188378,1506.192770852586,131656.87014273636,3469,171,2733.3076923076924,37,2,18,35.7811268715524,0.6199324324324325,44.90131578947369,1020.3947368421063,27.57823613086774,0
3471,4,0,0,39,0.0,0.0,1.0,39,1250,800,450,0.64,17,8,9,356.7862142413185,0.3753654970760234,-0.022292849292407046,0.20134842963294397,129889.23890106348,1468.5860553598754,131357.82495642334,3470,172,2734.3076923076924,36,3,19,36.065234202386215,0.619212962962963,45.15765765765767,1019.3693693693714,28.31581581581587,1
3472,4,0,0,39,0.0,0.0,1.0,39,850,600,250,0.7058823529411765,11,6,5,360.2967671210005,0.3757591093117409,-0.014074539576858003,0.2042282926521922,130061.48674011888,1572.146639883172,131633.63338000205,3471,173,2735.3076923076924,36,3,19,35.8007654375506,0.6209490740740741,44.98873873873876,1020.0450450450481,28.33458458458467,0
3473,4,0,0,39,0.0,0.0,1.0,39,1400,1000,400,0.7142857142857143,18,10,8,363.5715657882895,0.3762089518668466,-0.012782318641305634,0.20684551793717962,130205.11379200163,1667.775419000101,131872.88921100175,3472,174,2736.3076923076924,36,3,20,35.57137077494575,0.6223958333333333,44.84797297297298,1020.6081081081095,28.350225225225262,0
3474,4,0,0,39,0.0,0.0,1.0,39,1100,800,300,0.7272727272727273,14,8,6,363.556435832062,0.3766025641025641,-0.004808045840474895,0.20729576397820612,130291.32806793296,1673.6501704407306,131964.9782383737,3473,175,2737.3076923076924,36,3,20,35.48422678138099,0.6232638888888888,44.76351351351352,1020.9459459459472,28.359609609609645,0
3475,4,0,0,39,0.0,0.0,1.0,39,700,600,100,0.8571428571428571,8,6,2,362.45901509644006,0.37646198830409355,-0.009379001551859778,0.20743632340314255,130435.08193582101,1655.474266496235,132090.55620231724,3474,176,2738.3076923076924,36,3,20,35.3663690148091,0.6247106481481481,44.62274774774775,1021.5090090090094,28.37525025025026,0
3476,4,0,0,39,0.0,0.0,1.0,39,950,700,250,0.7368421052631579,12,7,5,364.67466551313254,0.3760964912280702,-0.01374302465211552,0.20932464196911343,130550.14209733397,1721.6658804074527,132271.8079777414,3475,177,2739.3076923076924,36,3,15,35.193067033976135,0.6258680555555556,44.510135135135144,1021.9594594594607,28.387762762762797,0
3477,4,0,0,39,0.0,0.0,1.0,39,1250,900,350,0.72,16,9,7,363.226938503058,0.3765182186234817,-0.012834259885514232,0.2093605950852609,130710.70545744854,1695.5298745768055,132406.23533202533,3476,178,2740.3076923076924,37,2,17,35.067285009650455,0.6255630630630631,44.3530701754386,1022.5877192982464,27.63750592697963,0
3478,4,0,0,39,0.0,0.0,1.0,39,900,500,400,0.5555555555555556,13,5,8,363.2389114032213,0.37637764282501124,-0.01785994046686512,0.20982388882233144,130794.81336805558,1701.953125000004,132496.7664930556,3477,179,2741.3076923076924,37,2,18,34.98175492192803,0.6264076576576576,44.270833333333336,1022.9166666666669,27.6463963963964,0
3479,4,0,0,39,0.0,0.0,1.0,39,650,500,150,0.7692307692307693,8,5,3,365.8231869141554,0.3759840305892937,-0.018914790024948447,0.21177803847908797,130878.94833025543,1775.7107956294208,132654.65912588485,3478,180,2742.3076923076924,37,2,18,34.830422203171885,0.6272522522522522,44.18859649122807,1023.2456140350874,27.655286865813174,0
3480,4,0,0,39,0.0,0.0,1.0,39,1050,800,250,0.7619047619047619,13,8,5,349.8625386250752,0.3753936122357175,-0.07603870233352283,0.1941593431346359,129230.80800165044,1252.137894800379,130482.94589645082,3479,181,2743.3076923076924,35,4,19,36.91104629102637,0.6145833333333333,45.80439814814815,1016.782407407408,29.05092592592594,8
3481,4,0,0,39,0.0,0.0,1.0,39,550,400,150,0.7272727272727273,7,4,3,351.8503418793463,0.3746345029239766,-0.07897085849304297,0.19599268093279162,129377.9538001543,1304.335455246911,130682.2892554012,3480,182,2744.3076923076924,35,4,19,36.710750853242324,0.6160714285714286,45.65972222222222,1017.361111111111,29.067460317460313,0
3482,4,0,0,39,0.0,0.0,1.0,39,1150,900,250,0.782608695652174,14,9,5,349.69336836117844,0.375253036437247,-0.07342339189472946,0.19508274712128695,129436.83556241433,1252.6406035665345,130689.47616598086,3481,183,2745.3076923076924,35,4,16,36.70571731877464,0.6166666666666667,45.601851851851855,1017.5925925925931,29.074074074074087,0
3483,4,0,0,39,0.0,0.0,1.0,39,750,600,150,0.8,9,6,3,371.29926773830755,0.37528115159694103,-0.05638922686374337,0.20511580907096819,129050.14349489813,1788.4959565101988,130838.63945140834,3482,184,2746.3076923076924,34,5,19,36.55047842218317,0.6148897058823529,45.98214285714287,1016.0714285714299,29.884453781512644,4
3484,4,0,0,39,0.0,0.0,1.0,39,900,500,400,0.5555555555555556,13,5,8,369.99459130556085,0.37528115159694103,-0.05336624802541834,0.20486470950498564,129140.88010204083,1756.2854308390079,130897.16553287984,3483,185,2747.3076923076924,34,5,19,36.49103029593192,0.6158088235294117,45.892857142857146,1016.4285714285716,29.89495798319328,0
3485,4,0,0,39,0.0,0.0,1.0,39,1150,800,350,0.6956521739130435,15,8,7,367.9311213317207,0.37497188484030586,-0.057490415762280866,0.2041910141191832,129231.64859693882,1709.6690759637227,130941.31767290254,3484,186,2748.3076923076924,34,5,19,36.45089372829098,0.6167279411764706,45.80357142857143,1016.7857142857147,29.90546218487396,0
3486,4,0,0,39,0.0,0.0,1.0,39,1400,1000,400,0.7142857142857143,18,10,8,371.2767166458386,0.37294759334233013,-0.05492362885905244,0.2071588364157068,129443.56575963719,1811.87641723356,131255.44217687074,3485,187,2749.3076923076924,34,5,17,36.14978162533146,0.6188725490196079,45.595238095238095,1017.6190476190477,29.929971988795522,0
3487,4,0,0,39,0.0,0.0,1.0,39,550,400,150,0.7272727272727273,7,4,3,372.95578126603067,0.37238529014844807,-0.056830109461688094,0.2084164660016054,129504.14540816321,1859.8639455782277,131364.00935374145,3486,188,2750.3076923076924,34,5,17,36.045321637426916,0.6194852941176471,45.535714285714285,1017.8571428571424,29.936974789915954,0
3488,4,0,0,39,0.0,0.0,1.0,39,550,300,250,0.5454545454545454,8,3,5,369.5690196812807,0.3717386414754836,-0.05915545321532212,0.20684255604151258,129564.73922902491,1776.6227324262993,131341.3619614512,3487,189,2751.3076923076924,34,5,17,36.06977899906455,0.6200980392156863,45.476190476190474,1018.0952380952378,29.943977591036408,0
3489,4,0,0,39,0.0,0.0,1.0,39,900,600,300,0.6666666666666666,12,6,6,371.65083525363985,0.37086707152496623,-0.047764163692643136,0.20881261964973058,129716.28578514732,1841.8331916099696,131558.11897675728,3488,190,2752.3076923076924,34,5,17,35.862451793852976,0.6216299019607843,45.32738095238095,1018.6904761904757,29.961484593837522,0
3490,4,0,0,39,0.0,0.0,1.0,39,900,700,200,0.7777777777777778,11,7,4,371.7095925408335,0.3706983805668016,-0.05271986580397814,0.20933119158878485,129807.25623582746,1850.1204648525836,131657.37670068003,3489,191,2753.3076923076924,34,5,18,35.76835085669781,0.6225490196078431,45.23809523809523,1019.0476190476174,29.97198879551816,0
3491,4,0,0,39,0.0,0.0,1.0,39,650,500,150,0.7692307692307693,8,5,3,371.3456735317544,0.3713731443994602,-0.0434187634935036,0.20961324999686298,129898.25857426295,1847.4312641723243,131745.68983843527,3490,192,2754.3076923076924,34,5,18,35.68502082603449,0.623468137254902,45.14880952380952,1019.4047619047611,29.982492997198857,0
3492,4,0,0,39,0.0,0.0,1.0,39,1250,1000,250,0.8,15,10,5,362.3066105897035,0.3709514170040486,-0.07257037069430472,0.2025738487054318,129525.18332315245,1585.5660311642691,131110.7493543167,3491,193,2755.3076923076924,35,4,17,36.29488819404964,0.6175595238095238,45.5150462962963,1017.939814814815,29.083994708994716,2
3493,4,0,0,39,0.0,0.0,1.0,39,500,200,300,0.4,8,2,6,366.7504018655073,0.37061403508771934,-0.07721746632739002,0.20536621802742644,129584.09857521001,1705.0040455675542,131289.10262077756,3492,194,2756.3076923076924,35,4,17,36.121807623811144,0.6181547619047619,45.457175925925924,1018.171296296296,29.090608465608454,0
3494,4,0,0,39,0.0,0.0,1.0,39,750,600,150,0.8,9,6,3,363.1040139479267,0.37078272604588397,-0.0626243384394014,0.20424310765390385,129760.92470689717,1623.3425229338025,131384.26722983096,3493,195,2757.3076923076924,35,4,18,36.03470881139006,0.6199404761904762,45.28356481481481,1018.8657407407399,29.11044973544971,0
3495,4,0,0,39,0.0,0.0,1.0,39,750,400,350,0.5333333333333333,11,4,7,361.4048465434635,0.37052968960863697,-0.06253567725625864,0.2034404264046451,129790.40745027427,1581.3764574759857,131371.78390775027,3494,196,2758.3076923076924,35,4,18,36.04800848099348,0.6202380952380953,45.254629629629626,1018.9814814814808,29.113756613756596,0
3496,4,0,0,39,0.0,0.0,1.0,39,350,300,50,0.8571428571428571,4,3,1,361.4048465434635,0.37052968960863697,-0.06253567725625864,0.2034404264046451,129790.40745027427,1581.3764574759857,131371.78390775027,3495,197,2759.3076923076924,35,4,18,36.04800848099348,0.6202380952380953,45.254629629629626,1018.9814814814808,29.113756613756596,0
3497,4,0,0,39,0.0,0.0,1.0,39,1000,800,200,0.8,12,8,4,364.1343185570863,0.37123256860098963,-0.06439800786491656,0.20575107198007517,129937.87140185609,1662.9676515346337,131600.83905339072,3496,198,2760.3076923076924,35,4,19,35.82853237219511,0.6217261904761905,45.1099537037037,1019.5601851851848,29.130291005290992,0
3498,4,0,0,39,0.0,0.0,1.0,39,1200,1100,100,0.9166666666666666,13,11,2,364.7401319309389,0.371063877642825,-0.06383343952843534,0.2067173493702485,130055.90284475735,1687.3214323988318,131743.22427715617,3497,199,2761.3076923076924,35,4,19,35.69312852225879,0.6229166666666667,44.99421296296296,1020.0231481481479,29.143518518518512,0
3499,4,0,0,39,0.0,0.0,1.0,39,800,500,300,0.625,11,5,6,362.0313940623626,0.3710357624831309,-0.055225035039052184,0.20596082792528458,130203.5175004286,1627.552190500673,131831.06969092926,3498,200,2762.3076923076924,35,4,20,35.61228925682316,0.6244047619047619,44.84953703703703,1020.6018518518513,29.160052910052894,0
3500,4,0,0,39,0.0,0.0,1.0,39,1450,1000,450,0.6896551724137931,19,10,9,358.20875893569746,0.3709514170040486,-0.050933351930631754,0.20471723373371736,130380.7656035666,1540.7064471879382,131921.47205075453,3499,201,2763.3076923076924,35,4,21,35.52999395587791,0.6261904761904762,44.67592592592593,1021.2962962962969,29.179894179894195,0
3501,4,0,0,39,0.0,0.0,1.0,39,800,500,300,0.625,11,5,6,358.08083865681454,0.370810841205578,-0.05389670379473199,0.20495599753469823,130439.87509645063,1541.6039737654357,131981.47907021607,3500,202,2764.3076923076924,35,4,21,35.47331747110809,0.6267857142857143,44.61805555555556,1021.5277777777778,29.186507936507937,0
3502,4,0,0,39,0.0,0.0,1.0,39,1000,700,300,0.7,13,7,6,358.5801982364879,0.37083895636527214,-0.0537218407630734,0.20555493441764386,130498.9979852538,1558.8713134430686,132057.86929869687,3501,203,2765.3076923076924,35,4,16,35.40061924180635,0.6273809523809524,44.56018518518518,1021.7592592592595,29.1931216931217,0
3503,4,0,0,39,0.0,0.0,1.0,39,1150,900,250,0.782608695652174,14,9,5,356.0822150026868,0.3706702654071075,-0.042840954783053276,0.21126309164668153,131819.1518165122,1587.6911117198008,133406.84292823198,3502,204,2766.3076923076924,36,3,20,34.12974741382462,0.638599537037037,43.27139639639638,1026.9144144144122,28.52540040040034,2
3504,4,0,0,39,0.0,0.0,1.0,39,1150,900,250,0.782608695652174,14,9,5,357.80316194072975,0.37092330184435446,-0.03987979275776676,0.21260733811474905,131876.97991488106,1637.2000801477075,133514.17999502877,3503,205,2767.3076923076924,36,3,20,34.02724481964696,0.6391782407407407,43.21509009009009,1027.1396396396392,28.531656656656644,0
3505,4,0,0,39,0.0,0.0,1.0,39,600,400,200,0.6666666666666666,8,4,4,359.47196522993306,0.3710357624831309,-0.04099978074983579,0.2137616210448142,131905.8987196655,1683.2945276357314,133589.19324730124,3504,206,2768.3076923076924,36,3,20,33.95522728933713,0.6394675925925926,43.18693693693693,1027.2522522522515,28.534784784784765,0
3506,4,0,0,39,0.0,0.0,1.0,39,950,700,250,0.7368421052631579,12,7,5,361.34990490185675,0.37097953216374274,-0.04654650859054399,0.2160290295906387,132108.41912436095,1747.4729374645035,133855.89206182546,3505,207,2769.3076923076924,36,3,20,33.70280607587542,0.6414930555555556,42.98986486486487,1028.0405405405415,28.55668168168171,0
3507,4,0,0,39,0.0,0.0,1.0,39,600,400,200,0.6666666666666666,8,4,4,360.583942917899,0.371063877642825,-0.05159081021149958,0.21656372903057264,132282.13168827622,1739.7625243486834,134021.8942126249,3506,208,2770.3076923076924,36,3,20,33.54748221127532,0.6432291666666667,42.82094594594595,1028.716216216217,28.57545045045047,0
3508,4,0,0,39,0.0,0.0,1.0,39,500,400,100,0.8,6,4,2,362.4474663462569,0.37109199280251914,-0.05395392698369916,0.21785000345653988,132311.0948786626,1791.1642216541072,134102.2591003167,3507,209,2771.3076923076924,36,3,20,33.470382734967885,0.6435185185185186,42.7927927927928,1028.8288288288302,28.578578578578615,0
3509,4,0,0,39,0.0,0.0,1.0,39,1400,1000,400,0.7142857142857143,18,10,8,363.49697220640746,0.3711763382816014,-0.05174322080796878,0.21967860494213332,132517.14677640607,1833.944857332313,134351.09163373837,3508,210,2772.3076923076924,35,4,20,33.235911270983216,0.6476190476190475,42.592592592592595,1029.62962962963,29.41798941798943,0
3510,4,0,0,39,0.0,0.0,1.0,39,1050,900,150,0.8571428571428571,12,9,3,365.602774665163,0.37128879892037786,-0.05294716216329853,0.22161488269464874,132629.8992193209,1897.9718316289516,134527.87105094988,3509,211,2773.3076923076924,36,3,15,33.06821908822565,0.6467013888888888,42.48310810810812,1030.0675675675695,28.612987987988042,0
3511,4,0,0,39,0.0,0.0,1.0,39,1050,700,350,0.6666666666666666,14,7,7,366.1458998933634,0.3705578047683311,-0.04543021375462064,0.22228724871429242,132687.90486009684,1916.6264659930494,134604.5313260899,3510,212,2774.3076923076924,36,3,16,32.99586475753269,0.6472800925925926,42.426801801801815,1030.292792792795,28.619244244244303,0
3512,4,0,0,39,0.0,0.0,1.0,39,1000,600,400,0.6,14,6,8,366.90124355679103,0.37112010796221323,-0.050671483986612476,0.2237828704038924,132861.99787202757,1949.44644813734,134811.4443201649,3511,213,2775.3076923076924,36,3,16,32.801292554159836,0.6490162037037037,42.25788288288289,1030.9684684684696,28.638013013013044,0
3513,4,0,0,39,0.0,0.0,1.0,39,950,700,250,0.7368421052631579,12,7,5,366.3495417474594,0.3706702654071075,-0.04865665208422554,0.2244901773878581,133036.20501836305,1947.5505488596827,134983.75556722272,3512,214,2776.3076923076924,36,3,17,32.640404977622524,0.6507523148148149,42.08896396396397,1031.644144144145,28.656781781781806,0
3514,4,0,0,39,0.0,0.0,1.0,39,800,600,200,0.75,10,6,4,368.5177694858369,0.3706983805668016,-0.051248478744387205,0.22652349814471492,133152.40652392278,2013.8055707734968,135166.21209469627,3513,215,2777.3076923076924,36,3,20,32.46772140389162,0.6519097222222222,41.97635135135136,1032.0945945945962,28.66929429429434,0
3515,4,0,0,39,0.0,0.0,1.0,39,1150,900,250,0.782608695652174,14,9,5,370.863113426827,0.3701923076923077,-0.04618125176528465,0.22867813631543918,133268.65875588442,2084.8859416849436,135353.54469756936,3514,216,2778.3076923076924,36,3,20,32.2904169847675,0.6530671296296297,41.863738738738746,1032.5450450450462,28.68180680680684,0
3516,4,0,0,39,0.0,0.0,1.0,39,1050,700,350,0.6666666666666666,14,7,7,370.0964176215206,0.3705859199280252,-0.04276589836156597,0.22841206167493322,133302.32018505692,2066.942232225297,135369.2624172822,3515,217,2779.3076923076924,37,2,20,32.27640334111983,0.6514639639639639,41.83114035087719,1032.6754385964912,27.910146989094358,0
3517,4,0,0,39,0.0,0.0,1.0,39,950,500,450,0.5263157894736842,14,5,9,351.6664832980813,0.37005173189383717,-0.015558248880407577,0.22178036356832492,134100.85419077933,1652.1821184028875,135753.0363091822,3516,218,2780.3076923076924,35,4,17,31.952941669460277,0.6633928571428571,41.05902777777778,1035.763888888889,29.59325396825397,3
3518,4,0,0,39,0.0,0.0,1.0,39,1250,800,450,0.64,17,8,9,352.91027797983804,0.3699392712550607,-0.026869664086239253,0.2232936903712715,134220.76106234998,1673.577219435873,135894.33828178587,3517,219,2781.3076923076924,35,4,18,31.800909378606814,0.6645833333333333,40.94328703703704,1036.226851851852,29.606481481481485,0
3519,4,0,0,39,0.0,0.0,1.0,39,1400,1100,300,0.7857142857142857,17,11,6,352.50264960076197,0.36870220422852,-0.02435479829616649,0.22451932246355585,134463.1688276114,1679.724657089523,136142.89348470094,3518,220,2782.3076923076924,36,3,18,31.569399203764018,0.6649305555555556,40.70945945945946,1037.1621621621623,28.810060060060064,0
3520,4,0,0,39,0.0,0.0,1.0,39,1200,1200,0,1.0,12,12,0,362.7262324469308,0.3685335132703554,-0.060001736096526925,0.2215799940304566,132920.05423920543,1883.92061825339,134803.97485745882,3519,221,2783.3076923076924,36,3,17,32.85055149066289,0.6495949074074074,42.20157657657658,1031.1936936936938,28.644269269269273,7
3521,4,0,0,39,0.0,0.0,1.0,39,1250,1000,250,0.8,15,10,5,360.73484264896035,0.36864597390913184,-0.0643703554930708,0.2264941716959865,133938.09349890432,1863.2274166057969,135801.32091551012,3520,222,2784.3076923076924,36,3,17,31.880983463881638,0.6597222222222222,41.21621621621622,1035.1351351351352,28.753753753753756,1
3522,4,0,0,39,0.0,0.0,1.0,39,950,700,250,0.7368421052631579,12,7,5,360.6751171009963,0.36813990103463784,-0.06675953154826386,0.22690573822682947,134010.95920138893,1866.8836805555609,135877.8428819445,3521,223,2785.3076923076924,37,2,17,31.809607645875253,0.6585022522522522,41.145833333333336,1035.416666666667,27.984234234234243,0
3523,4,0,0,39,0.0,0.0,1.0,39,1000,400,600,0.4,16,4,12,361.50123131006796,0.3674932523616734,-0.06421385798900114,0.22795331314785705,134096.12212411498,1895.1826523545526,135991.30477646954,3522,224,2786.3076923076924,37,2,18,31.703013621285898,0.6593468468468469,41.06359649122806,1035.7456140350866,27.99312470365099,0
3524,4,0,0,39,0.0,0.0,1.0,39,1000,700,300,0.7,13,7,6,359.6015360228289,0.36715587044534415,-0.06171542722828838,0.22693090920558878,134124.5157764889,1846.2763783087091,135970.79215479761,3523,225,2787.3076923076924,37,2,18,31.723805617303555,0.6596283783783784,41.036184210526315,1035.8552631578946,27.99608819345661,0
3525,4,0,0,39,0.0,0.0,1.0,39,750,400,350,0.5333333333333333,11,4,7,359.6015360228289,0.36715587044534415,-0.06171542722828838,0.22693090920558878,134124.5157764889,1846.2763783087091,135970.79215479761,3524,226,2788.3076923076924,37,2,18,31.723805617303555,0.6596283783783784,41.036184210526315,1035.8552631578946,27.99608819345661,0
3526,4,0,0,39,0.0,0.0,1.0,39,800,600,200,0.75,10,6,4,360.92922013162115,0.36726833108412055,-0.06437395514448851,0.2279451384895426,134152.9124345953,1883.941212680827,136036.85364727612,3525,227,2789.3076923076924,37,2,18,31.661021732994648,0.6599099099099099,41.00877192982456,1035.9649122807018,27.999051683262213,0
3527,4,0,0,39,0.0,0.0,1.0,39,1100,800,300,0.7272727272727273,14,8,6,358.71324947086305,0.3667060278902384,-0.06059323528374383,0.22707293508031676,134238.12044330954,1830.598477416136,136068.7189207257,3526,228,2790.3076923076924,37,2,18,31.633226642683308,0.6607545045045045,40.9265350877193,1036.2938596491233,28.007942152679007,0
3528,4,0,0,39,0.0,0.0,1.0,39,800,700,100,0.875,9,7,2,357.3908405050739,0.36622807017543857,-0.058876177767652305,0.22676328900234685,134323.3555036165,1801.1873845798702,136124.5428881964,3527,229,2791.3076923076924,37,2,18,31.5823108384458,0.6615990990990991,40.844298245614034,1036.622807017544,28.01683262209578,0
3529,4,0,0,39,0.0,0.0,1.0,39,800,500,300,0.625,11,5,6,355.9915441910123,0.36591880341880345,-0.05983900136379794,0.22640296122490933,134408.61761551624,1769.666267505377,136178.28388302162,3528,230,2792.3076923076924,37,2,18,31.533409996122796,0.6624436936936937,40.76206140350877,1036.9517543859643,28.025723091512546,0
3530,4,0,0,39,0.0,0.0,1.0,39,1000,700,300,0.7,13,7,6,354.00142580920334,0.36631241565452094,-0.05961036918956142,0.22531261677681333,134437.0443309481,1718.181074946145,136155.22540589425,3529,231,2793.3076923076924,37,2,18,31.556618735462035,0.6627252252252251,40.73464912280702,1037.0614035087726,28.02868658131818,0
3531,4,0,0,39,0.0,0.0,1.0,39,1150,800,350,0.6956521739130435,15,8,7,363.01324243501625,0.36622807017543857,-0.05335467075633926,0.23477569827839997,135018.52940355905,2008.0049417070804,137026.53434526612,3530,232,2794.3076923076924,36,3,16,30.742541626033884,0.6704282407407407,40.17454954954955,1039.3018018018024,28.86949449449451,1
3532,4,0,0,39,0.0,0.0,1.0,39,1150,900,250,0.782608695652174,14,9,5,360.86532324017406,0.3666216824111561,-0.05373666923482423,0.23459956072193633,135205.70181450064,1958.2098578408786,137163.91167234152,3531,233,2795.3076923076924,37,2,17,30.611821296784385,0.6703265765765766,39.99451754385965,1040.0219298245618,28.108700806069237,0
3533,4,0,0,39,0.0,0.0,1.0,39,1150,900,250,0.782608695652174,14,9,5,364.4384880548078,0.36690283400809715,-0.055162387758024733,0.2376740077767746,135319.7633526662,2063.1459920360085,137382.9093447022,3532,234,2796.3076923076924,37,2,17,30.405271893771726,0.6714527027027026,39.88486842105263,1040.4605263157894,28.120554765291605,0
3534,4,0,0,39,0.0,0.0,1.0,39,1150,800,350,0.6956521739130435,15,8,7,361.49411601119425,0.3669871794871795,-0.05725739354057924,0.23631557501227654,135405.3410664819,1989.6468144044204,137394.98788088633,3533,235,2797.3076923076924,37,2,17,30.39664981036661,0.6722972972972974,39.80263157894736,1040.7894736842097,28.12944523470837,0
3535,4,0,0,39,0.0,0.0,1.0,39,400,200,200,0.5,6,2,4,369.5632612779199,0.3664529914529915,-0.04175715319846074,0.22877956949806563,133415.57618690358,2067.459218220982,135483.03540512457,3534,236,2798.3076923076924,37,2,21,32.176466426094954,0.6525900900900901,41.72149122807017,1033.1140350877188,27.922000948316725,6
3536,4,0,0,39,0.0,0.0,1.0,39,1100,700,400,0.6363636363636364,15,7,8,368.4313215400624,0.3660874943769681,-0.04301075268817178,0.22842741935483882,133472.22222222228,2035.1175361649834,135507.33975838727,3535,237,2799.3076923076924,33,6,21,32.14885752688172,0.6616161616161615,41.66666666666667,1033.333333333334,31.313131313131333,0
3537,4,0,0,39,0.0,0.0,1.0,39,950,700,250,0.7368421052631579,12,7,5,369.0208152250716,0.36642487629329734,-0.037114730972923726,0.22918420880767681,133535.5467248173,2055.4792627835373,135591.02598760085,3536,238,2800.3076923076924,33,6,21,32.070093273259026,0.6622474747474747,41.60539215686274,1033.5784313725485,31.320558526440863,0
3538,4,0,0,39,0.0,0.0,1.0,39,1150,1000,150,0.8695652173913043,13,10,3,364.235067706047,0.36591880341880345,-0.03421639591348047,0.22698785090868723,133662.24078479435,1936.8950643983105,135599.13584919265,3537,239,2801.3076923076924,33,6,21,32.066741723947224,0.663510101010101,41.4828431372549,1034.0686274509808,31.335412953060025,0
3539,4,0,0,39,0.0,0.0,1.0,39,1000,800,200,0.8,12,8,4,362.8866250716024,0.3652721547458389,-0.03119643368176339,0.22705886670246908,133810.73022959175,1911.6248582766307,135722.35508786837,3538,240,2802.3076923076924,34,5,17,31.95283434971043,0.6626838235294117,41.33928571428571,1034.6428571428564,30.430672268907543,0
3540,4,0,0,39,0.0,0.0,1.0,39,800,700,100,0.875,9,7,2,362.3577368588923,0.3656376518218623,-0.027210041702795507,0.2272971258478504,133903.12499999988,1904.1666666666515,135807.29166666654,3539,241,2803.3076923076924,34,5,18,31.873993558776164,0.6636029411764706,41.24999999999999,1034.999999999999,30.441176470588207,0
3541,4,0,0,39,0.0,0.0,1.0,39,1000,500,500,0.5,15,5,10,361.9464961884793,0.36518780926675665,-0.030698456230371263,0.22722922630749665,133933.9303429705,1895.3833616780041,135829.31370464852,3540,242,2804.3076923076924,34,5,18,31.85379528464635,0.6639093137254901,41.220238095238095,1035.1190476190475,30.444677871148457,0
3542,4,0,0,39,0.0,0.0,1.0,39,950,800,150,0.8421052631578947,11,8,3,357.56889590780327,0.3645973909131804,-0.028323351289858523,0.2252194223813808,134054.68813408006,1786.7573654735781,135841.44549955364,3541,243,2805.3076923076924,36,3,18,31.84627374220676,0.6608796296296297,41.1036036036036,1035.5855855855857,28.76626626626627,0
3543,4,0,0,39,0.0,0.0,1.0,39,750,500,250,0.6666666666666666,10,5,5,358.8245748269404,0.3651034637876743,-0.020381256602585163,0.22654957198579442,134142.16739966316,1826.7012367096795,135968.86863637285,3542,244,2806.3076923076924,36,3,18,31.726274595064666,0.6617476851851851,41.01914414414414,1035.9234234234234,28.77565065065065,0
3544,4,0,0,39,0.0,0.0,1.0,39,800,600,200,0.75,10,6,4,358.0174309433661,0.3649066576698156,-0.020267483010920406,0.22610619569204024,134152.91243459526,1805.8162126808254,135958.7286472761,3543,245,2807.3076923076924,37,2,18,31.736434518769418,0.6599099099099099,41.00877192982456,1035.9649122807016,27.999051683262206,0
3545,4,0,0,39,0.0,0.0,1.0,39,950,700,250,0.7368421052631579,12,7,5,358.38235211780216,0.3647941970310391,-0.02193460860127483,0.22668763236366982,134209.71476800545,1819.678651123413,136029.39341912887,3544,246,2808.3076923076924,37,2,18,31.670194003527342,0.660472972972973,40.95394736842105,1036.184210526315,28.004978662873377,0
3546,4,0,0,39,0.0,0.0,1.0,39,800,400,400,0.5,12,4,8,355.7933239986491,0.36420377867746284,-0.021650974999118278,0.22557439917902283,134294.94081111494,1756.248677477682,136051.18948859262,3545,247,2809.3076923076924,37,2,18,31.65209898092316,0.6613175675675675,40.87171052631579,1036.5131578947367,28.01386913229018,0
3547,4,0,0,39,0.0,0.0,1.0,39,800,600,200,0.75,10,6,4,356.6373774500363,0.36324786324786323,-0.022921564002244876,0.22681369727942127,134408.61761551636,1787.0273786165012,136195.64499413286,3546,248,2810.3076923076924,37,2,20,31.51666754784816,0.6624436936936937,40.762061403508774,1036.9517543859652,28.02572309151257,0
3548,4,0,0,39,0.0,0.0,1.0,39,800,500,300,0.625,11,5,6,357.097202418998,0.3626855600539811,-0.02613975172114713,0.2276374349652103,134493.9067790089,1805.479570637116,136299.386349646,3547,249,2811.3076923076924,37,2,20,31.419573643410846,0.6632882882882882,40.67982456140351,1037.2807017543857,28.034613560929344,0
3549,4,0,0,39,0.0,0.0,1.0,39,1100,700,400,0.6363636363636364,15,7,8,352.7777623044293,0.3610267656320288,-0.027425146961275404,0.22597935516757983,134670.88906035642,1701.8030239123618,136372.69208426878,3548,250,2812.3076923076924,35,4,21,31.355002973535527,0.6690476190476191,40.509259259259245,1037.962962962961,29.6560846560846,0
3550,4,0,0,39,0.0,0.0,1.0,39,900,500,400,0.5555555555555556,13,5,8,351.9378977863783,0.360801844354476,-0.02630992196209614,0.2258142305539206,134730.96305941345,1683.386381172819,136414.34944058626,3549,251,2813.3076923076924,35,4,21,31.31688963210702,0.6696428571428572,40.45138888888888,1038.1944444444432,29.662698412698376,0
3551,4,0,0,39,0.0,0.0,1.0,39,800,500,300,0.625,11,5,6,352.3949673073938,0.3607174988753936,-0.02593293800059493,0.22680661433887592,134843.0287339704,1703.6009404674896,136546.6296744379,3550,252,2814.3076923076924,36,3,18,31.193302974447946,0.6686921296296297,40.343468468468465,1038.6261261261257,28.850725725725713,0
3552,4,0,0,39,0.0,0.0,1.0,39,1200,1000,200,0.8333333333333334,14,10,4,348.99836266279624,0.3595928924876293,-0.021160069703759055,0.22527986952266027,134949.2391889811,1619.4127039088812,136568.65189289,3551,253,2815.3076923076924,37,2,19,31.17568946109468,0.6677927927927928,40.24122807017543,1039.0350877192973,28.082029397818847,0
3553,4,0,0,39,0.0,0.0,1.0,39,950,600,350,0.631578947368421,13,6,7,349.8716613151766,0.35917116509221775,-0.02329134186141424,0.22709328981874183,135148.689079813,1656.9392745844882,136805.6283543975,3552,254,2816.3076923076924,37,2,19,30.954405251502685,0.6697635135135135,40.04934210526316,1039.8026315789473,28.102773826458034,0
3554,4,0,0,39,0.0,0.0,1.0,39,1350,800,550,0.5925925925925926,19,8,11,347.409894066287,0.3591992802519118,-0.02816566383928809,0.22603088169497912,135234.21269044312,1596.3407009849104,136830.55339142802,3553,255,2817.3076923076924,37,2,19,30.933305221730265,0.6706081081081081,39.96710526315789,1040.1315789473679,28.111664295874807,0
3555,4,0,0,39,0.0,0.0,1.0,39,650,500,150,0.7692307692307693,8,5,3,348.6977181749891,0.3590868196131354,-0.029507036355629568,0.22776944550576875,135376.8121561441,1641.1170985303038,137017.9292546744,3554,256,2818.3076923076924,37,2,19,30.757976855266396,0.6720157657657657,39.830043859649116,1040.6798245614025,28.12648174490277,0
3556,4,0,0,39,0.0,0.0,1.0,39,650,500,150,0.7692307692307693,8,5,3,351.47984541942856,0.3589462438146649,-0.029038583072709345,0.23013445878703784,135462.40790435494,1722.4612380732308,137184.8691424282,3555,257,2819.3076923076924,37,2,19,30.600466961589785,0.6728603603603603,39.74780701754385,1041.0087719298226,28.13537221431953,0
3557,4,0,0,39,0.0,0.0,1.0,39,800,700,100,0.875,9,7,2,351.2211080024342,0.35815901934322986,-0.018087478605482543,0.23069834604475215,135576.57764889172,1723.471164204343,137300.04881309607,3556,258,2820.3076923076924,37,2,19,30.493700428160295,0.6739864864864865,39.63815789473683,1041.4473684210507,28.14722617354191,0
3558,4,0,0,39,0.0,0.0,1.0,39,950,700,250,0.7368421052631579,12,7,5,352.00000000000017,0.3577372919478183,-0.014358974358974264,0.23157894736842094,135633.68055555533,1748.6351569713513,137382.31571252667,3557,259,2821.3076923076924,35,4,20,30.416666666666668,0.6785714285714286,39.58333333333332,1041.666666666665,29.761904761904713,0
3559,4,0,0,39,0.0,0.0,1.0,39,850,500,350,0.5882352941176471,12,5,7,350.08676730081595,0.3585807467386415,-0.01911401200606,0.2310983323149956,135754.2706189983,1705.154749657026,137459.42536865533,3558,260,2822.3076923076924,35,4,21,30.346697763956755,0.6797619047619048,39.467592592592574,1042.129629629627,29.7751322751322,0
3560,4,0,0,39,0.0,0.0,1.0,39,1150,1000,150,0.8695652173913043,13,10,3,348.2216017098824,0.35889001349527666,-0.02244663314355355,0.23003504095824115,135780.351191563,1656.330274531268,137436.68146609428,3559,261,2823.3076923076924,36,3,21,30.36939492166397,0.6779513888888888,39.44256756756756,1042.2297297297282,28.950825825825785,0
3561,4,0,0,39,0.0,0.0,1.0,39,1150,900,250,0.782608695652174,14,9,5,347.6959326156447,0.3588337831758885,-0.02004520975998947,0.22987668230645744,135809.6948299649,1644.0957004301351,137453.79053039502,3560,262,2824.3076923076924,36,3,21,30.353959593777,0.6782407407407407,39.4144144144144,1042.3423423423408,28.95395395395391,0
3562,4,0,0,39,0.0,0.0,1.0,39,500,300,200,0.6,7,3,4,348.3026955578821,0.3586088618983356,-0.02145106216820203,0.23084714804369566,135897.74476757154,1666.710164556437,137564.45493212796,3561,263,2825.3076923076924,36,3,15,30.250747020916588,0.6791087962962963,39.32995495495495,1042.6801801801794,28.963338338338318,0
3563,4,0,0,39,0.0,0.0,1.0,39,1050,700,350,0.6666666666666666,14,7,7,347.4918726941143,0.3579903283850652,-0.023821983005656744,0.23068976580789902,135956.46057797645,1648.7530182209025,137605.21359619737,3562,264,2826.3076923076924,36,3,15,30.213619839470176,0.6796875,39.27364864864864,1042.905405405404,28.969594594594557,0
3564,4,0,0,39,0.0,0.0,1.0,39,950,700,250,0.7368421052631579,12,7,5,345.39716447382756,0.3579903283850652,-0.030273387498821358,0.22998278656182433,136062.33558643042,1599.1089806478833,137661.4445670783,3563,265,2827.3076923076924,37,2,15,30.163229111928537,0.6787725225225225,39.172149122807014,1043.3114035087717,28.197605500237074,0
3565,4,0,0,39,0.0,0.0,1.0,39,1050,900,150,0.8571428571428571,12,9,3,346.067544664925,0.3563034188034188,-0.028539107950872555,0.23135976300632594,136205.37088334849,1627.25165435516,137832.62253770363,3564,266,2828.3076923076924,37,2,15,30.00393907563025,0.6801801801801801,39.03508771929823,1043.8596491228052,28.212422949265004,0
3566,4,0,0,39,0.0,0.0,1.0,39,1200,900,300,0.75,15,9,6,345.21935204563806,0.3557973459289249,-0.02582142559040601,0.23135284233149944,136291.2281302899,1610.0738929285712,137901.30202321848,3565,267,2829.3076923076924,37,2,16,29.94099810983933,0.6810247747747749,38.95285087719297,1044.1885964912267,28.221313418681802,0
3567,4,0,0,39,0.0,0.0,1.0,39,650,200,450,0.3076923076923077,11,2,9,343.6564917574279,0.3559098065677013,-0.03151221481930144,0.23067851190905556,136348.4813235802,1571.4081496229435,137919.88947320313,3566,268,2830.3076923076924,37,2,17,29.92508748906386,0.6815878378378378,38.898026315789465,1044.4078947368412,28.227240398293006,0
3568,4,0,0,39,0.0,0.0,1.0,39,1200,900,300,0.75,15,9,6,345.8384725922026,0.3557411156095367,-0.03491097351943173,0.23289715938735636,136463.02377895097,1638.8327418051467,138101.85652075612,3567,269,2831.3076923076924,37,2,17,29.75467432749151,0.6827139639639639,38.788377192982445,1044.8464912280683,28.23909435751536,0
3569,4,0,0,39,0.0,0.0,1.0,39,850,500,350,0.5882352941176471,12,5,7,342.85290143552527,0.3559098065677013,-0.03669152221397309,0.23144998983593643,136548.9621806708,1563.2415743305453,138112.20375500133,3568,270,2832.3076923076924,37,2,17,29.747604560078337,0.6835585585585586,38.706140350877185,1045.1754385964898,28.247984826932157,0
3570,4,0,0,39,0.0,0.0,1.0,39,900,700,200,0.7777777777777778,11,7,4,343.11251857419694,0.3556567701304543,-0.0405554793470454,0.23181372356965393,136577.61432604247,1572.29784645274,138149.9121724952,3569,271,2833.3076923076924,37,2,17,29.712468093289978,0.6838400900900901,38.67872807017543,1045.285087719297,28.25094831673776,0
3571,4,0,0,39,0.0,0.0,1.0,39,700,400,300,0.5714285714285714,10,4,6,344.24097568943296,0.3559941520467836,-0.044397832546757554,0.23295512442858343,136634.92763398343,1607.0681603954959,138241.99579437892,3570,272,2834.3076923076924,37,2,18,29.62626726096835,0.6844031531531531,38.623903508771924,1045.5043859649115,28.25687529634896,0
3572,4,0,0,39,0.0,0.0,1.0,39,850,600,250,0.7058823529411765,11,6,5,345.65167507236555,0.3560503823661718,-0.0472169122688153,0.23429140193071377,136692.25296485424,1649.5812413434544,138341.8342061977,3571,273,2835.3076923076924,37,2,18,29.532675369613084,0.6849662162162162,38.5690789473684,1045.7236842105237,28.2628022759601,0
3573,4,0,0,39,0.0,0.0,1.0,39,450,300,150,0.6666666666666666,6,3,3,345.5500706337996,0.3556286549707602,-0.04556134436612502,0.23441369656509098,136720.92013888885,1648.790733687285,138369.71087257614,3572,274,2836.3076923076924,35,4,19,29.506972111553775,0.6892857142857143,38.541666666666664,1045.833333333333,29.880952380952372,0
3574,4,0,0,39,0.0,0.0,1.0,39,800,500,300,0.625,11,5,6,343.23621158151934,0.3546727395411606,-0.050481717901802114,0.23362693346548666,136838.71952611388,1593.6007375618753,138432.32026367576,3573,275,2837.3076923076924,36,3,19,29.450991999425955,0.6883680555555556,38.42905405405405,1046.2837837837833,29.063438438438425,0
3575,4,0,0,39,0.0,0.0,1.0,39,1300,1200,100,0.9230769230769231,14,12,2,339.59695432825475,0.35498200629779575,-0.04198111125821968,0.23212450642907753,136986.04009414816,1504.0084002921785,138490.04849444033,3574,276,2838.3076923076924,36,3,15,29.400638267355124,0.6898148148148149,38.288288288288285,1046.8468468468466,29.079079079079072,0
3576,4,0,0,39,0.0,0.0,1.0,39,1050,800,250,0.7619047619047619,13,8,5,339.35047638371987,0.3551506972559604,-0.038159538643565805,0.2321516835128361,137015.51371895536,1499.2559704975147,138514.7696894529,3575,277,2839.3076923076924,36,3,15,29.377980352084897,0.6901041666666667,38.26013513513513,1046.9594594594587,29.082207207207187,0
3577,4,0,0,39,0.0,0.0,1.0,39,1150,900,250,0.782608695652174,14,9,5,339.2271942994429,0.35498200629779575,-0.03593768522270857,0.23285255602797925,137133.4399221857,1503.8784138868575,138637.31833607255,3576,278,2840.3076923076924,36,3,16,29.264774397018236,0.6912615740740741,38.14752252252252,1047.40990990991,29.094719719719723,0
3578,4,0,0,39,0.0,0.0,1.0,39,1000,700,300,0.7,13,7,6,334.9442672940303,0.35422289698605486,-0.04452988678889358,0.21910048567577672,135428.47482195043,1272.198253997252,136700.67307594768,3577,279,2841.3076923076924,36,3,18,31.064499260701794,0.6744791666666667,39.78040540540541,1040.8783783783792,28.913288288288314,2
3579,4,0,0,39,0.0,0.0,1.0,39,950,600,350,0.631578947368421,13,6,7,336.9322442110368,0.35405420602789023,-0.04563148788927329,0.22130322403861277,135575.0344939534,1335.9201262072895,136910.9546201607,3578,280,2842.3076923076924,36,3,19,30.867259587658587,0.6759259259259259,39.63963963963964,1041.4414414414414,28.928928928928926,0
3580,4,0,0,39,0.0,0.0,1.0,39,800,500,300,0.625,11,5,6,338.8800000000001,0.3535481331533963,-0.04430769230769249,0.22294736842105245,135633.68055555536,1392.7210149338282,137026.4015704892,3579,281,2843.3076923076924,35,4,19,30.75833333333332,0.6785714285714286,39.58333333333332,1041.6666666666652,29.76190476190472,0
3581,4,0,0,39,0.0,0.0,1.0,39,750,500,250,0.6666666666666666,10,5,5,337.9375689880462,0.35287336932073776,-0.043262823360557756,0.22307843630266622,135754.2706189986,1375.2936385459448,137129.56425754452,3580,282,2844.3076923076924,35,4,19,30.66322375240632,0.6797619047619048,39.46759259259259,1042.1296296296293,29.77513227513227,0
3582,4,0,0,39,0.0,0.0,1.0,39,850,600,250,0.7058823529411765,11,6,5,339.3296318998528,0.3531545209176788,-0.04212576231230436,0.22437611342805228,135814.58574459862,1417.1826774691197,137231.76842206775,3581,283,2845.3076923076924,35,4,19,30.567121918720858,0.6803571428571429,39.409722222222214,1042.36111111111,29.781746031746,0
3583,4,0,0,39,0.0,0.0,1.0,39,1000,800,200,0.8,12,8,4,336.8507645858116,0.35318263607737294,-0.03750512365077174,0.22311409466095472,135874.91426611773,1353.9137517146544,137228.8280178324,3582,284,2846.3076923076924,35,4,14,30.571899052693915,0.680952380952381,39.35185185185184,1042.5925925925908,29.788359788359738,0
3584,4,0,0,39,0.0,0.0,1.0,39,750,600,150,0.8,9,6,3,340.5475477886973,0.35287336932073776,-0.028914536814433123,0.20957329928146134,133195.58000283435,1305.375426919724,134500.95542975407,3583,285,2847.3076923076924,34,5,18,33.1461673009649,0.6565563725490196,41.9345238095238,1032.261904761904,30.360644257703058,8
3585,4,0,0,39,0.0,0.0,1.0,39,1100,700,400,0.6363636363636364,15,7,8,355.9549166520149,0.3534075573549258,-0.03208940052349385,0.20064721279434808,129844.02101826342,1496.6288646618698,131340.6498829253,3584,286,2848.3076923076924,32,7,18,36.13236083581104,0.6276041666666667,45.2020202020202,1019.191919191919,31.84974747474747,7
3586,4,0,0,39,0.0,0.0,1.0,39,750,300,450,0.4,12,3,9,357.8500742474088,0.35371682411156097,-0.07851249328004095,0.19726710123085806,128966.15655006861,1430.1097393690038,130396.26628943761,3585,287,2849.3076923076924,35,4,20,36.97774232756001,0.611904761904762,46.06481481481482,1015.7407407407409,29.021164021164026,4
3587,4,0,0,39,0.0,0.0,1.0,39,650,500,150,0.7692307692307693,8,5,3,356.3721649431042,0.3534356725146199,-0.076560948542725,0.19703700303529337,129083.74592764075,1400.3707990398002,130484.11672668054,3586,288,2850.3076923076924,35,4,20,36.895406226271845,0.6130952380952381,45.94907407407408,1016.2037037037048,29.034391534391567,0
3588,4,0,0,39,0.0,0.0,1.0,39,950,600,350,0.631578947368421,13,6,7,353.5686409612394,0.35411043634727846,-0.0742051223663428,0.1959238721490578,129171.97312510715,1334.231797625174,130506.20492273233,3587,289,2851.3076923076924,35,4,21,36.87675528483056,0.6139880952380952,45.86226851851852,1016.5509259259259,29.044312169312168,0
3589,4,0,0,39,0.0,0.0,1.0,39,850,500,350,0.5882352941176471,12,5,7,353.0764987661485,0.35484143049932526,-0.07235094223046068,0.19641655092218727,129326.01042868136,1332.4016902701846,130658.41211895154,3588,290,2852.3076923076924,33,6,22,36.73242971887549,0.619949494949495,45.71078431372549,1017.1568627450987,30.822935234699962,0
3590,4,0,0,39,0.0,0.0,1.0,39,1450,1100,350,0.7586206896551724,18,11,7,350.69932878015504,0.3548133153396311,-0.07848626956907179,0.19564394026872617,129436.8355624143,1278.682270233203,130715.5178326475,3589,291,2853.3076923076924,35,4,17,36.680125872004865,0.6166666666666667,45.601851851851855,1017.5925925925928,29.07407407407408,0
3591,4,0,0,39,0.0,0.0,1.0,39,1000,600,400,0.6,14,6,8,349.1758833024917,0.35571300044984255,-0.07719715656945558,0.19508594140801216,129495.73072059326,1243.3572316529485,130739.0879522462,3590,292,2854.3076923076924,35,4,17,36.65899097869761,0.6172619047619048,45.54398148148148,1017.8240740740739,29.080687830687825,0
3592,4,0,0,39,0.0,0.0,1.0,39,1250,900,350,0.72,16,9,7,349.62562047613113,0.3558535762483131,-0.07842725714485588,0.19563021359465968,129554.6392746914,1259.1242283950685,130813.76350308648,3591,293,2855.3076923076924,35,4,18,36.58765347885402,0.6178571428571429,45.486111111111114,1018.055555555556,29.0873015873016,0
3593,4,0,0,39,0.0,0.0,1.0,39,1050,800,250,0.7619047619047619,13,8,5,349.36694626860606,0.3554037336932074,-0.08490274596207725,0.19577900594084072,129613.56122470862,1256.538816015104,130870.10004072373,3592,294,2856.3076923076924,35,4,18,36.534344926877324,0.618452380952381,45.42824074074075,1018.2870370370381,29.093915343915373,0
3594,4,0,0,39,0.0,0.0,1.0,39,850,400,450,0.47058823529411764,13,4,9,338.30679070443637,0.3562471884840306,-0.08985926998626115,0.18088028946716644,127745.77100326677,843.4523628358033,128589.22336610257,3593,295,2857.3076923076924,36,3,17,38.719087668486125,0.5975115740740741,47.26914414414414,1010.9234234234233,28.081206206206204,8
3595,4,0,0,39,0.0,0.0,1.0,39,1150,800,350,0.6956521739130435,15,8,7,339.723863221074,0.35706252811515965,-0.08869436616903481,0.18215283675155014,127859.63909433072,887.3941086356529,128747.03320296637,3594,296,2858.3076923076924,36,3,17,38.56683554169915,0.5986689814814814,47.15653153153153,1011.3738738738731,28.093718718718698,0
3596,4,0,0,39,0.0,0.0,1.0,39,650,300,350,0.46153846153846156,10,3,7,339.3569772948866,0.35706252811515965,-0.0852607632079968,0.1822142096258196,127916.59216226345,881.877612409688,128798.46977467314,3595,297,2859.3076923076924,36,3,17,38.51789491261271,0.5992476851851851,47.100225225225216,1011.5990990990978,28.099974974974938,0
3597,4,0,0,39,0.0,0.0,1.0,39,650,400,250,0.6153846153846154,9,4,5,341.28556867089736,0.357399910031489,-0.08753018593703488,0.18340372406094166,127950.32035097334,933.5195685210834,128883.83991949442,3596,298,2860.3076923076924,37,2,17,38.43464379899571,0.5976914414414414,47.06688596491228,1011.7324561403506,27.34412043622569,0
3598,4,0,0,39,0.0,0.0,1.0,39,850,600,250,0.7058823529411765,11,6,5,342.2920312218818,0.3577372919478183,-0.09242766331469887,0.18470966243551343,128116.77781865571,970.670422630038,129087.44824128575,3597,299,2861.3076923076924,37,2,18,38.23908354092205,0.5993806306306306,46.90241228070175,1012.3903508771928,27.361901375059265,0
3599,4,0,0,39,0.0,0.0,1.0,39,850,500,350,0.5882352941176471,12,5,7,343.95163338921924,0.357399910031489,-0.0941226126411312,0.1857338820301782,128144.53124999988,1015.1101781317188,129159.6414281316,3598,300,2862.3076923076924,35,4,18,38.16872427983539,0.6035714285714286,46.87499999999999,1012.4999999999991,28.928571428571402,0
3600,4,0,0,39,0.0,0.0,1.0,39,900,500,400,0.5555555555555556,13,5,8,338.6170717541781,0.35756860098965365,-0.08043542580272833,0.18352416279036035,128291.05748724712,888.3084437157108,129179.36593096283,3599,301,2863.3076923076924,35,4,19,38.1541804714574,0.6050595238095238,46.730324074074076,1013.0787037037039,28.945105820105827,0
3601,4,0,0,39,0.0,0.0,1.0,39,950,700,250,0.7368421052631579,12,7,5,337.10960044072004,0.3574842555105713,-0.07573491071657534,0.18308082645540377,128372.67324334473,855.1321169142151,129227.80536025895,3600,302,2864.3076923076924,36,3,14,38.10909545505056,0.6038773148148149,46.64977477477478,1013.4009009009012,28.150025025025034,0
3602,4,0,0,39,0.0,0.0,1.0,39,600,500,100,0.8333333333333334,7,5,2,336.40733742616027,0.3580184435447593,-0.07282951466931031,0.18296087275968992,128429.74044568214,840.9414059329541,129270.6818516151,3601,303,2865.3076923076924,36,3,15,38.068686812576374,0.6044560185185186,46.593468468468465,1013.6261261261259,28.156281281281274,0
3603,4,0,0,39,0.0,0.0,1.0,39,1300,800,500,0.6153846153846154,18,8,10,338.9645713988036,0.3572312190733244,-0.06606498914191228,0.18541176828972827,128658.13607103737,922.1099900576371,129580.24606109501,3602,304,2866.3076923076924,36,3,16,37.77102527102528,0.6067708333333333,46.36824324324325,1014.527027027028,28.181306306306332,0
3604,4,0,0,39,0.0,0.0,1.0,39,900,800,100,0.8888888888888888,10,8,2,341.9615155701621,0.35742802519118305,-0.09006270731909716,0.1805323051262863,127233.99233270418,901.8257700267685,128135.81810273095,3603,305,2867.3076923076924,36,3,18,39.15080738177624,0.5923032407407407,47.77590090090089,1008.8963963963952,28.024899899899864,5
3605,4,0,0,39,0.0,0.0,1.0,39,1450,1000,450,0.6896551724137931,19,10,9,341.64851910618523,0.3583839406207827,-0.09421253593032719,0.1811282657473062,127404.47108848699,905.5097749776638,128309.98086346465,3604,306,2868.3076923076924,36,3,16,38.98401189812233,0.5940393518518519,47.606981981981974,1009.5720720720708,28.043668668668634,0
3606,4,0,0,39,0.0,0.0,1.0,39,1100,800,300,0.7272727272727273,14,8,6,340.7973756709429,0.35818713450292394,-0.09175764956788479,0.18118622776483007,127518.18700034475,891.5726960067955,128409.75969635155,3605,307,2869.3076923076924,36,3,16,38.88904374326383,0.5951967592592593,47.49436936936936,1010.0225225225211,28.05618118118114,0
3607,4,0,0,39,0.0,0.0,1.0,39,1050,700,350,0.6666666666666666,14,7,7,338.18723177917656,0.35815901934322986,-0.08812589891031863,0.1804905451828991,127673.1316967719,835.4845962218926,128508.6162929938,3606,308,2870.3076923076924,37,2,17,38.79640428917579,0.5948761261261262,47.341008771929815,1010.6359649122792,27.31448553816971,0
3608,4,0,0,39,0.0,0.0,1.0,39,1000,600,400,0.6,14,6,8,339.08534209116766,0.358721322537112,-0.09472633162838184,0.18121900108628838,127728.54538175206,862.1755011157253,128590.72088286778,3607,309,2871.3076923076924,37,2,17,38.71702914271252,0.5954391891891893,47.286184210526315,1010.8552631578946,27.320412517780934,0
3609,4,0,0,39,0.0,0.0,1.0,39,1100,800,300,0.7272727272727273,14,8,6,337.98511390708063,0.3581027890238417,-0.09553520288718709,0.18100457145476742,127811.68845221597,839.6896160356922,128651.37806825167,3608,310,2872.3076923076924,37,2,18,38.65981710402661,0.5962837837837838,47.20394736842105,1011.1842105263149,27.3293029871977,0
3610,4,0,0,39,0.0,0.0,1.0,39,800,600,200,0.75,10,6,4,338.73203466074244,0.35841205578047686,-0.09841060670508806,0.18152966622173305,127839.40882050239,860.6606119190419,128700.06943242143,3609,311,2873.3076923076924,37,2,18,38.61259441974773,0.5965653153153153,47.176535087719294,1011.2938596491222,27.3322664770033,0
3611,4,0,0,39,0.0,0.0,1.0,39,800,600,200,0.75,10,6,4,337.6532679218856,0.35877755285650026,-0.090897273406779,0.18123022339480782,127901.25739644964,837.2555062458848,128738.51290269553,3610,312,2874.3076923076924,38,1,18,38.57665293620617,0.5953947368421053,47.11538461538461,1011.538461538461,26.619433198380552,0
3612,4,0,0,39,0.0,0.0,1.0,39,1050,700,350,0.6666666666666666,14,7,7,336.21832172478446,0.3588618983355825,-0.08458208458208438,0.180824743046873,127982.32299884938,806.0003698224808,128788.32336867186,3611,313,2875.3076923076924,38,1,19,38.53011825572803,0.596217105263158,47.03525641025641,1011.8589743589739,26.627867746288786,0
3613,4,0,0,39,0.0,0.0,1.0,39,300,100,200,0.3333333333333333,5,1,4,338.4329874248018,0.3590868196131354,-0.09114824377648978,0.1823841935644237,128063.41428336604,868.1767751479115,128931.59105851395,3612,314,2876.3076923076924,38,1,19,38.391255013721775,0.5970394736842105,46.9551282051282,1012.1794871794859,26.636302294196998,0
3614,4,0,0,39,0.0,0.0,1.0,39,950,700,250,0.7368421052631579,12,7,5,337.51630002201614,0.3595647773279352,-0.08673630895853124,0.18225880201188824,128144.53124999958,850.199293228095,128994.73054322768,3613,315,2877.3076923076924,37,2,19,38.331618655692736,0.5996621621621622,46.87499999999998,1012.4999999999966,27.364864864864774,0
3615,4,0,0,39,0.0,0.0,1.0,39,700,400,300,0.5714285714285714,10,4,6,337.42312877041155,0.3593117408906883,-0.08436330523814273,0.18246135932807456,128200.04712988573,851.5322022160267,129051.57933210176,3614,316,2878.3076923076924,37,2,19,38.27730258409124,0.6002252252252251,46.82017543859647,1012.7192982456108,27.370791844475967,0
3616,4,0,0,39,0.0,0.0,1.0,39,1200,800,400,0.6666666666666666,16,8,8,321.9646750017064,0.3594242015294647,-0.05252636732750682,0.17409601564981014,128198.62349559848,471.54502123647137,128670.16851683495,3615,317,2879.3076923076924,38,1,18,38.670130463832315,0.5984100877192983,46.821581196581185,1012.7136752136738,26.650359874044046,6
3617,4,0,0,39,0.0,0.0,1.0,39,750,400,350,0.5333333333333333,11,4,7,322.27916961281636,0.35976158344579395,-0.05207167156123016,0.17462006207249828,128279.78326576058,468.3804058002563,128748.16367156083,3616,318,2880.3076923076924,38,1,18,38.57945756872673,0.5992324561403508,46.74145299145298,1013.034188034186,26.658794421952262,0
3618,4,0,0,39,0.0,0.0,1.0,39,800,500,300,0.625,11,5,6,324.4529635294222,0.3603238866396761,-0.05992008426261841,0.17139013607334883,127257.91229031977,461.14008028613415,127719.0523706059,3617,319,2881.3076923076924,37,2,18,39.567938129392154,0.5906531531531531,47.75219298245612,1008.9912280701727,27.270033191085748,7
3619,4,0,0,39,0.0,0.0,1.0,39,1000,900,100,0.9,11,9,2,328.08898734036444,0.3610548807917229,-0.04772922809626079,0.1741424486695917,127451.59718615342,563.0930911434208,128014.69027729685,3618,320,2882.3076923076924,37,2,17,39.27803869403119,0.5926238738738738,47.560307017543856,1009.7587719298244,27.290777619724985,0
3620,4,0,0,39,0.0,0.0,1.0,39,900,700,200,0.7777777777777778,11,7,4,326.9045995022063,0.3618983355825461,-0.0513599706132809,0.17410976761926733,127590.03371229589,541.9537742382009,128131.98748653408,3619,321,2883.3076923076924,37,2,17,39.166395340423996,0.5940315315315315,47.423245614035075,1010.3070175438579,27.305595068752915,0
3621,4,0,0,39,0.0,0.0,1.0,39,900,800,100,0.8888888888888888,10,8,2,326.28890045422605,0.36172964462438145,-0.05683477854466257,0.17414040506581366,127673.13169677205,531.665151777464,128204.79684854951,3620,322,2884.3076923076924,37,2,17,39.09702632816174,0.5948761261261262,47.34100877192982,1010.6359649122803,27.314485538169738,0
3622,4,0,0,39,0.0,0.0,1.0,39,550,300,250,0.5454545454545454,8,3,5,326.5125630543589,0.3622076023391813,-0.05815748412559307,0.1744996706549644,127728.54538175205,540.994945560171,128269.54032731222,3621,323,2885.3076923076924,37,2,17,39.03476063925952,0.5954391891891893,47.286184210526315,1010.8552631578945,27.32041251778093,0
3623,4,0,0,39,0.0,0.0,1.0,39,550,400,150,0.7272727272727273,7,4,3,330.78966946540527,0.3624325236167341,-0.037747819191117915,0.17629998867112281,127617.7300347224,642.9253472222421,128260.65538194464,3622,324,2886.3076923076924,37,2,18,39.039948453608254,0.5943130630630631,47.39583333333334,1010.4166666666681,27.308558558558598,8
3624,4,0,0,39,0.0,0.0,1.0,39,1600,1200,400,0.75,20,12,8,328.3092023847053,0.36372582096266304,-0.03567495411313182,0.17558067552128706,127756.25673284114,588.7109495229595,128344.96768236409,3623,325,2887.3076923076924,37,2,18,38.96104483007954,0.5957207207207207,47.258771929824576,1010.9649122807039,27.323376007586592,0
3625,4,0,0,39,0.0,0.0,1.0,39,950,500,450,0.5263157894736842,14,5,9,327.58917684474795,0.36383828160143955,-0.04466608846487452,0.17567921902418368,127867.13219452162,577.577716220398,128444.70991074202,3624,326,2888.3076923076924,37,2,19,38.86600173460537,0.5968468468468469,47.149122807017555,1011.4035087719317,27.335229966808964,0
3626,4,0,0,39,0.0,0.0,1.0,39,750,700,50,0.9333333333333333,8,7,1,325.3424233160443,0.36406320287899235,-0.04506840293119674,0.17483602445760882,127950.32035097352,525.533457409987,128475.8538083835,3625,327,2889.3076923076924,37,2,19,38.83789873920741,0.5976914414414414,47.06688596491229,1011.7324561403519,27.34412043622573,0
3627,4,0,0,39,0.0,0.0,1.0,39,1200,1000,200,0.8333333333333334,14,10,4,325.70629446311136,0.36456927575348624,-0.048370066575528115,0.17515254576372905,127978.05574792245,536.6516620498642,128514.70740997231,3626,328,2890.3076923076924,37,2,19,38.80039011703511,0.597972972972973,47.03947368421053,1011.842105263158,27.3470839260313,0
3628,4,0,0,39,0.0,0.0,1.0,39,1050,800,250,0.7619047619047619,13,8,5,326.40307200350907,0.36555330634278005,-0.04581552127863453,0.1758918130568823,128061.27997316488,559.9190375884968,128621.19901075338,3627,329,2891.3076923076924,37,2,19,38.69784331780594,0.5988175675675675,46.95723684210527,1012.1710526315794,27.355974395448094,0
3629,4,0,0,39,0.0,0.0,1.0,39,1000,600,400,0.6,14,6,8,327.693949093126,0.36634053081421497,-0.044739896591748485,0.176954732510288,128144.53125,598.4375000000003,128742.96875,3628,330,2892.3076923076924,37,2,19,38.580246913580254,0.5996621621621622,46.875,1012.5,27.364864864864863,0
3630,4,0,0,39,0.0,0.0,1.0,39,1050,700,350,0.6666666666666666,14,7,7,331.2020940455992,0.3658625730994152,-0.03725970212222662,0.17934612806525468,128255.57503270231,695.7030047706922,128951.278037473,3629,331,2893.3076923076924,37,2,19,38.37816626975536,0.6007882882882882,46.76535087719298,1012.9385964912276,27.37671882408723,0
3631,4,0,0,39,0.0,0.0,1.0,39,950,800,150,0.8421052631578947,11,8,3,330.7250569975561,0.3661437246963563,-0.02802397933848777,0.17971144631560315,128394.44739006223,692.6521862496045,129087.09957631183,3630,332,2894.3076923076924,37,2,15,38.248652133145804,0.6021959459459459,46.628289473684205,1013.4868421052624,27.3915362731152,0
3632,4,0,0,39,0.0,0.0,1.0,39,900,700,200,0.7777777777777778,11,7,4,329.8320727761424,0.3669871794871795,-0.029847439814777,0.17980678935774633,128523.41666894934,678.2289840382617,129201.6456529876,3631,333,2895.3076923076924,38,1,17,38.139860569662474,0.6016995614035088,46.50106837606837,1013.9957264957251,26.684098065676977,0
3633,4,0,0,39,0.0,0.0,1.0,39,1100,900,200,0.8181818181818182,13,9,4,331.7116267229697,0.367380791722897,-0.027074978733746646,0.1813242311879445,128631.77237426031,733.7308925049257,129365.50326676524,3632,334,2896.3076923076924,38,1,17,37.98183254344391,0.602796052631579,46.39423076923077,1014.4230769230766,26.695344129554645,0
3634,4,0,0,39,0.0,0.0,1.0,39,800,600,200,0.75,10,6,4,332.0910382311339,0.36729644624381463,-0.019898321467238134,0.18177916945712258,128685.967348327,747.0913004967349,129433.05864882373,3633,335,2897.3076923076924,38,1,17,37.91701765469795,0.6033442982456141,46.34081196581196,1014.6367521367512,26.700967161493452,0
3635,4,0,0,39,0.0,0.0,1.0,39,800,600,200,0.75,10,6,4,330.9184884087047,0.3674651372019793,-0.018627403339974258,0.18126088828753598,128713.06911571317,718.7068540433742,129431.77596975653,3634,336,2898.3076923076924,38,1,17,37.91916719309329,0.6036184210526316,46.314102564102555,1014.7435897435882,26.70377867746285,0
3636,4,0,0,39,0.0,0.0,1.0,39,800,600,200,0.75,10,6,4,333.41645156790884,0.3674370220422852,-0.021762891355565417,0.18300344924013273,128794.3915392832,788.4338017751312,129582.82534105833,3635,337,2899.3076923076924,38,1,17,37.772997579202176,0.6044407894736843,46.23397435897435,1015.0641025641013,26.712213225371087,0
3637,4,0,0,39,0.0,0.0,1.0,39,1250,1000,250,0.8,15,10,5,334.36576471639677,0.36712775528565,-0.028246667421925165,0.1841530103936308,128929.98598327127,821.9546716341644,129751.94065490543,3636,338,2900.3076923076924,38,1,18,37.61089487341328,0.6058114035087719,46.10042735042735,1015.5982905982909,26.72627080521818,0
3638,4,0,0,39,0.0,0.0,1.0,39,1200,1000,200,0.8333333333333334,14,10,4,336.43694149979643,0.36754948268106163,-0.03093853540704561,0.18592979375970725,129065.65176647306,884.4906265979963,129950.14239307106,3637,339,2901.3076923076924,38,1,18,37.42026776013738,0.6071820175438596,45.96688034188034,1016.1324786324785,26.740328385065226,0
3639,4,0,0,39,0.0,0.0,1.0,39,650,500,150,0.7692307692307693,8,5,3,336.866117878229,0.36763382816014395,-0.03029053360179168,0.1864227678519832,129119.93805473374,899.2264546351121,130019.16450936884,3638,340,2902.3076923076924,38,1,18,37.354146956795965,0.6077302631578947,45.91346153846154,1016.3461538461539,26.74595141700405,0
3640,4,0,0,39,0.0,0.0,1.0,39,700,300,400,0.42857142857142855,11,3,8,338.93956744460525,0.3674932523616734,-0.03678941482409681,0.18782818778307617,129174.23575726856,956.4519185112081,130130.68767577977,3639,341,2903.3076923076924,38,1,18,37.24623401646522,0.6082785087719298,45.86004273504273,1016.5598290598286,26.751574448942858,0
3641,4,0,0,39,0.0,0.0,1.0,39,1350,1100,250,0.8148148148148148,16,11,5,358.03041712074616,0.3683648223121907,-0.0690355040549595,0.19388823612288447,128258.57688347128,1493.7198994999521,129752.29678297123,3640,342,2904.3076923076924,36,3,16,37.69571057995182,0.6027199074074074,46.762387387387385,1012.9504504504501,28.137512512512505,7
3642,4,0,0,39,0.0,0.0,1.0,39,550,200,350,0.36363636363636365,9,2,7,356.8707281789782,0.3682523616734143,-0.0657728221089714,0.19339813678904155,128287.09621783948,1356.3818886454053,129643.4781064849,3641,343,2905.3076923076924,36,3,16,37.69592040907069,0.6030092592592593,46.734234234234236,1013.0630630630633,28.140640640640648,0
3643,4,0,0,39,0.0,0.0,1.0,39,1000,800,200,0.8,12,8,4,358.51101443748377,0.36799932523616735,-0.057594038931519154,0.19512189552395587,128458.27880245111,1410.7415692719787,129869.02037172309,3642,344,2906.3076923076924,36,3,14,37.479402725320305,0.6047453703703703,46.56531531531532,1013.7387387387389,28.159409409409413,0
3644,4,0,0,39,0.0,0.0,1.0,39,500,300,200,0.6,7,3,4,359.0943143685976,0.3676900584795322,-0.056977525658112316,0.1957194434972673,128515.36502718946,1429.8273780537377,129945.1924052432,3643,345,2907.3076923076924,36,3,15,37.40629164815636,0.6053240740740741,46.50900900900901,1013.9639639639648,28.16566566566569,0
3645,4,0,0,39,0.0,0.0,1.0,39,700,400,300,0.5714285714285714,10,4,6,361.8339845536945,0.36799932523616735,-0.07049004873161147,0.19777915854731076,128629.57552146743,1508.5103684765872,130138.08588994402,3644,346,2908.3076923076924,36,3,15,37.22015615748963,0.6064814814814814,46.3963963963964,1014.4144144144145,28.178178178178182,0
3646,4,0,0,39,0.0,0.0,1.0,39,950,700,250,0.7368421052631579,12,7,5,365.3888739617511,0.36783063427800267,-0.07229909882223684,0.2001531394084705,128715.26668137731,1606.2252708789892,130321.4919522563,3645,347,2909.3076923076924,36,3,15,37.04245736692191,0.607349537037037,46.31193693693694,1014.7522522522522,28.18756256256256,0
3647,4,0,1,38,0.0,0.02564102564102564,0.9743589743589743,39,1750,1600,150,0.9142857142857143,19,16,3,363.87911104462955,0.36915204678362573,-0.07225553543843333,0.20037148195572863,128922.84765504756,1582.4662396121726,130505.31389465973,3646,348,2910.3076923076924,37,2,16,36.8688368243,0.607545045045045,46.10745614035087,1015.5701754385954,27.447842579421497,0
3648,4,0,0,38,0.0,0.0,1.0,38,700,500,200,0.7142857142857143,9,5,4,360.93464946079575,0.3683173304883831,-0.079231372192623,0.19930992025647992,129034.22807979373,1714.5847760849424,130748.81285587867,3647,349,2892.3684210526317,37,1,17,36.82998776890424,0.6086711711711712,45.997807017543856,1016.0087719298241,27.459696538643893,0
3649,4,0,0,38,0.0,0.0,1.0,38,1050,900,150,0.8571428571428571,12,9,3,357.54173856917845,0.36815433854907537,-0.07650004826501489,0.19785399252523653,129117.79495854478,1633.0001779393501,130750.79513648413,3648,350,2893.3684210526317,37,1,17,36.83099129715539,0.6095157657657657,45.91557017543859,1016.3377192982443,27.46858700806066,0
3650,4,0,0,38,0.0,0.0,1.0,38,950,500,450,0.5263157894736842,14,5,9,339.7593353044734,0.36800616405879566,-0.04319141947832805,0.1913771674133196,129815.23762119096,1221.187769313612,131036.42539050456,3649,351,2894.3684210526317,37,1,18,36.574223513377795,0.6165540540540541,45.230263157894726,1019.0789473684197,27.54267425320053,5
3651,4,0,0,38,0.0,0.0,1.0,38,1100,1000,100,0.9090909090909091,12,10,2,338.460400046248,0.36770981507823614,-0.043361629881155106,0.19146482484368027,129982.90339335173,1198.8130963373223,131181.71648968905,3650,352,2895.3684210526317,37,1,19,36.43727598566307,0.6182432432432432,45.065789473684205,1019.7368421052627,27.560455192034127,0
3652,4,0,0,38,0.0,0.0,1.0,38,1150,900,250,0.782608695652174,14,9,5,336.8598940238914,0.36800616405879566,-0.04161198352717532,0.19110636914623663,130094.74068944267,1164.7401123422405,131259.4808017849,3651,353,2896.3684210526317,37,1,20,36.36473559759244,0.6193693693693694,44.956140350877185,1020.1754385964894,27.57230915125647,0
3653,4,0,0,38,0.0,0.0,1.0,38,800,500,300,0.625,11,5,6,337.5072498630392,0.36800616405879566,-0.041167554605404555,0.19174862437273787,130150.67737188369,1185.359437519238,131336.03680940293,3652,354,2897.3684210526317,37,1,21,36.29155025431619,0.6199324324324325,44.901315789473685,1020.3947368421057,27.57823613086772,0
3654,4,0,0,38,0.0,0.0,1.0,38,750,500,250,0.6666666666666666,10,5,5,339.74273957951795,0.3679913466097677,-0.04060869221070684,0.19343517814958602,130234.60493853866,1249.2522939750627,131483.85723251372,3653,355,2898.3684210526317,37,1,21,36.14949242668387,0.620777027027027,44.81907894736842,1020.7236842105253,27.587126600284467,0
3655,4,0,0,38,0.0,0.0,1.0,38,1150,800,350,0.6956521739130435,15,8,7,336.493129498437,0.36791725936462777,-0.04166013777414068,0.1922908753258555,130377.57087746543,1174.2343739250678,131551.8052513905,3654,356,2899.3684210526317,36,2,21,36.0876796412688,0.6241319444444444,44.67905405405406,1021.2837837837849,28.368993993994025,0
3656,4,0,0,38,0.0,0.0,1.0,38,1350,900,450,0.6666666666666666,18,9,9,338.4739688536576,0.36770981507823614,-0.03381055416011658,0.19399711430254182,130492.60567577726,1233.6700298271385,131726.2757056044,3655,357,2900.3684210526317,36,2,16,35.920680407068595,0.6252893518518519,44.56644144144145,1021.7342342342353,28.381506506506536,0
3657,4,0,0,38,0.0,0.0,1.0,38,1050,900,150,0.8571428571428571,12,9,3,338.1984091636151,0.36726529160739685,-0.02792790703068826,0.19427144060563123,130578.91506371238,1232.3162689716737,131811.23133268405,3656,358,2901.3684210526317,36,2,16,35.8404032613486,0.6261574074074074,44.48198198198198,1022.0720720720723,28.390890890890898,0
3658,4,0,0,38,0.0,0.0,1.0,38,650,400,250,0.6153846153846154,9,4,5,338.4117409709228,0.3674134660976766,-0.025295393142473088,0.19468325630760686,130636.47050766976,1241.7830837594245,131878.25359142918,3657,359,2902.3684210526317,36,2,16,35.77674047146948,0.6267361111111112,44.42567567567567,1022.2972972972967,28.39714714714713,0
3659,4,0,0,38,0.0,0.0,1.0,38,1750,1300,450,0.7428571428571429,22,13,9,337.50216434856003,0.3687470365101944,-0.027051611856589663,0.19502987665027455,130809.21292914521,1229.6784960636187,132038.89142520883,3658,360,2903.3684210526317,36,2,18,35.625366945545295,0.6284722222222222,44.25675675675675,1022.9729729729718,28.415915915915882,0
3660,4,0,0,38,0.0,0.0,1.0,38,850,600,250,0.7058823529411765,11,6,5,336.90468882252105,0.3686136794689426,-0.028279481446296995,0.19497554156951752,130866.81909950486,1217.9289931823637,132084.74809268722,3659,361,2904.3684210526317,36,2,18,35.58244368625724,0.6290509259259259,44.20045045045045,1023.1981981981978,28.42217217217216,0
3661,4,0,0,38,0.0,0.0,1.0,38,850,500,350,0.5882352941176471,12,5,7,335.59758086755323,0.3685988620199146,-0.032107753702513064,0.19436425859422923,130895.6269402849,1185.651149460272,132081.27808974517,3660,362,2905.3684210526317,36,2,18,35.58678148270424,0.6293402777777778,44.1722972972973,1023.310810810811,28.425300300300304,0
3662,4,0,0,38,0.0,0.0,1.0,38,600,400,200,0.6666666666666666,8,4,4,335.60896396451005,0.36891002844950216,-0.03419112750519704,0.19466176601617294,130953.25213304511,1189.8170552308986,132143.06918827601,3661,363,2906.3684210526317,36,2,18,35.5282942751311,0.6299189814814814,44.11599099099099,1023.5360360360353,28.431556556556536,0
3663,4,0,0,38,0.0,0.0,1.0,38,1050,900,150,0.8571428571428571,12,9,3,340.442507739583,0.369013750592698,-0.03061590638130407,0.19820641263660507,131097.3705969484,1326.2235208181278,132423.59411776654,3662,364,2907.3684210526317,36,2,18,35.25905358844658,0.6313657407407407,43.97522522522523,1024.0990990991,28.44719719719722,0
3664,4,0,0,38,0.0,0.0,1.0,38,600,600,0,1.0,6,6,0,341.38035355228124,0.36951754385964913,-0.028445357483869338,0.1989016217525945,131126.2038009294,1352.7819627059562,132478.98576363534,3663,365,2908.3684210526317,36,2,18,35.20592816565878,0.6316550925925926,43.947072072072075,1024.2117117117123,28.45032532532534,0
3665,4,0,0,38,0.0,0.0,1.0,38,850,500,350,0.5882352941176471,12,5,7,342.8963779273933,0.36966571834992884,-0.02838703331925485,0.20008520526013474,131183.8797200919,1396.4954396964797,132580.37515978838,3664,366,2909.3684210526317,36,2,18,35.108872888498055,0.6322337962962963,43.89076576576578,1024.4369369369385,28.456581581581627,0
3666,4,0,0,38,0.0,0.0,1.0,38,1250,900,350,0.72,16,9,7,346.8059145700872,0.3700806069227122,-0.034689652380594405,0.20297624620593985,131299.2696032181,1507.0726554257017,132806.3422586438,3665,367,2910.3684210526317,36,2,18,34.892227960297404,0.6333912037037037,43.778153153153156,1024.8873873873874,28.469094094094096,0
3667,4,0,0,38,0.0,0.0,1.0,38,1350,900,450,0.6666666666666666,18,9,9,341.8183930204084,0.369013750592698,-0.03368513530696915,0.2008127926996027,131443.57829112903,1385.9665408652004,132829.54483199422,3666,368,2911.3684210526317,36,2,18,34.87444176001172,0.634837962962963,43.63738738738739,1025.450450450451,28.484734734734747,0
3668,4,0,0,38,0.0,0.0,1.0,38,700,400,300,0.5714285714285714,10,4,6,343.27489152881725,0.36864331436699854,-0.03573388955977641,0.2021261142169358,131530.20154867703,1430.2031338771162,132960.40468255413,3667,369,2912.3684210526317,36,2,19,34.74974384308559,0.6357060185185186,43.552927927927925,1025.7882882882882,28.494119119119116,0
3669,4,0,0,38,0.0,0.0,1.0,38,1350,1000,350,0.7407407407407407,17,10,7,344.42628345962476,0.36747273589378854,-0.039460689471951804,0.20341910052933,131645.74361100973,1468.4508410437516,133114.1944520535,3668,370,2913.3684210526317,36,2,16,34.603725447163384,0.6368634259259259,43.44031531531532,1026.2387387387394,28.50663163163165,0
3670,4,0,0,38,0.0,0.0,1.0,38,750,500,250,0.6666666666666666,10,5,5,347.00450976454624,0.36769499762920815,-0.03680630932311024,0.20540864357231192,131732.4334469605,1542.3496976706474,133274.78314463113,3669,371,2914.3684210526317,36,2,16,34.45018831358782,0.6377314814814814,43.35585585585586,1026.5765765765768,28.516016016016025,0
3671,4,0,0,38,0.0,0.0,1.0,38,1100,600,500,0.5454545454545454,16,6,10,349.1677543892387,0.36735419630156474,-0.04226860055061443,0.20716075161193687,131819.1518165125,1605.3994450531652,133424.55126156565,3670,372,2915.3684210526317,36,2,18,34.30726139562086,0.638599537037037,43.2713963963964,1026.9144144144148,28.52540040040041,0
3672,4,0,0,38,0.0,0.0,1.0,38,1600,1200,400,0.75,20,12,8,353.8967010696192,0.3677394499762921,-0.04400576784426802,0.21092798153234973,131992.67415641993,1742.3543898628388,133735.02854628276,3671,373,2916.3684210526317,36,2,18,34.01095890410958,0.6403356481481481,43.10247747747748,1027.5900900900901,28.54416916916917,0
3673,4,0,0,38,0.0,0.0,1.0,38,1200,1000,200,0.8333333333333334,14,10,4,355.38725648386645,0.36793207681365575,-0.04449184296996578,0.21262684480325697,132137.36329234645,1791.987003895794,133929.35029624225,3672,374,2917.3684210526317,36,2,18,33.82689850310333,0.6417824074074074,42.961711711711715,1028.1531531531534,28.559809809809817,0
3674,4,0,0,38,0.0,0.0,1.0,38,1300,1000,300,0.7692307692307693,16,10,6,356.13055818502477,0.36713193456614507,-0.05664389069849529,0.20780754892938857,131183.87972009165,1743.7176619186712,132927.5973820103,3673,375,2918.3684210526317,36,2,16,34.76993331134807,0.6322337962962963,43.890765765765764,1024.4369369369365,28.45658158158157,2
3675,4,0,0,38,0.0,0.0,1.0,38,1150,600,550,0.5217391304347826,17,6,11,362.0118466656064,0.36716156946420103,-0.05715681908870618,0.2118758724439666,131299.26960321798,1906.3782109812423,133205.6478141992,3674,376,2919.3684210526317,36,2,16,34.502618759843244,0.6333912037037037,43.77815315315315,1024.8873873873865,28.46909409409407,0
3676,4,0,0,38,0.0,0.0,1.0,38,800,400,400,0.5,12,4,8,361.7545579681672,0.3671022996680891,-0.05880363327301019,0.21204454225268668,131356.98356718197,1903.7975052755419,133260.78107245752,3675,377,2920.3684210526317,36,2,16,34.45086784576513,0.6339699074074074,43.721846846846844,1025.112612612612,28.475350350350336,0
3677,4,0,0,38,0.0,0.0,1.0,38,700,400,300,0.5714285714285714,10,4,6,360.3096391288508,0.36679113323850165,-0.05934779844405669,0.2116761015424073,131443.5782911289,1872.0776519762944,133315.6559431052,3676,378,2921.3684210526317,36,2,16,34.400395343729414,0.634837962962963,43.637387387387385,1025.45045045045,28.484734734734722,0
3678,4,0,0,38,0.0,0.0,1.0,38,1250,700,550,0.56,18,7,11,360.4703346976587,0.36667259364627786,-0.05974293920812834,0.21193049309822962,131472.44953991147,1878.3835778345808,133350.83311774605,3677,379,2922.3684210526317,36,2,16,34.36710771933676,0.6351273148148149,43.60923423423423,1025.5630630630626,28.48786286286285,0
3679,4,0,0,38,0.0,0.0,1.0,38,950,600,350,0.631578947368421,13,6,7,359.5388387441049,0.36661332385016593,-0.06422402880531097,0.211673117460736,131524.88175448182,1857.6606503923979,133382.54240487423,3678,380,2923.3684210526317,37,1,16,34.33803224657046,0.6337274774774775,43.558114035087705,1025.7675438596466,27.7234471313418,0
3680,4,0,0,38,0.0,0.0,1.0,38,1200,1000,200,0.8333333333333334,14,10,4,361.0828037110092,0.3666429587482219,-0.059154295996401984,0.21336711128377772,131665.51246537358,1908.4304786087544,133573.94294398234,3679,381,2924.3684210526317,37,1,14,34.15642806267804,0.6351351351351351,43.421052631578924,1026.315789473681,27.738264580369755,0
3681,4,0,0,38,0.0,0.0,1.0,38,950,700,250,0.7368421052631579,12,7,5,357.41946984544086,0.3666429587482219,-0.05828151879378052,0.2115146066177629,131721.78578985808,1815.9861688211313,133537.77195867922,3680,382,2925.3684210526317,37,1,14,34.19363739941606,0.6356981981981982,43.36622807017542,1026.5350877192955,27.74419155998096,0
3682,4,0,0,38,0.0,0.0,1.0,38,1200,900,300,0.75,15,9,6,359.9685660093236,0.36612434803224275,-0.05556741752962557,0.21381265426818816,131862.5217013886,1893.2725694444105,133755.79427083302,3681,383,2926.3684210526317,37,1,15,33.98622379986477,0.6371058558558558,43.22916666666665,1027.083333333331,27.759009009008945,0
3683,4,0,0,38,0.0,0.0,1.0,38,800,700,100,0.875,9,7,2,355.4292300732967,0.3653242057847321,-0.05914244161561533,0.2120584451608534,132031.50398439888,1785.571161318845,133817.0751457177,3682,384,2927.3684210526317,37,1,15,33.93246114726696,0.638795045045045,43.06469298245613,1027.741228070174,27.77678994784254,0
3684,4,0,0,38,0.0,0.0,1.0,38,1300,1000,300,0.7692307692307693,16,10,6,356.8049493333335,0.3651315789473684,-0.05656421052631544,0.21319607393244108,132087.85545792934,1825.9201148430252,133913.77557277237,3683,385,2928.3684210526317,37,1,15,33.84033333333335,0.6393581081081081,43.00986842105263,1027.9605263157891,27.78271692745376,0
3685,4,0,0,38,0.0,0.0,1.0,38,650,400,250,0.6153846153846154,9,4,5,356.173278746782,0.36542792792792794,-0.057399684558522734,0.21313572653532684,132144.2189543897,1813.2479464835194,133957.46690087323,3684,386,2929.3684210526317,37,1,16,33.799789378265956,0.6399211711711712,42.955043859649116,1028.1798245614027,27.788643907064937,0
3686,4,0,0,38,0.0,0.0,1.0,38,1150,1000,150,0.8695652173913043,13,10,3,353.0314790952149,0.36493895211000477,-0.056804415129896424,0.21236201280958314,132341.5858725762,1744.1491612803961,134085.7350338566,3685,387,2930.3684210526317,37,1,16,33.681887610116505,0.6418918918918919,42.76315789473684,1028.9473684210527,27.809388335704128,0
3687,4,0,0,38,0.0,0.0,1.0,38,700,400,300,0.5714285714285714,10,4,6,352.9695336162825,0.3648944997629208,-0.05327930908785028,0.2124835838992183,132369.793169533,1744.5008319867682,134114.29400151977,3686,388,2931.3684210526317,37,1,17,33.65510122535962,0.6421734234234234,42.73574561403509,1029.05701754386,27.81235182550973,0
3688,4,0,0,38,0.0,0.0,1.0,38,550,400,150,0.7272727272727273,7,4,3,351.73977263843926,0.3650574917022285,-0.03144016227180513,0.20892494929006086,131862.52170138882,1676.2586805555504,133538.78038194438,3687,389,2932.3684210526317,37,1,17,34.19751521298175,0.6371058558558558,43.229166666666664,1027.0833333333328,27.759009009008995,1
3689,4,0,0,38,0.0,0.0,1.0,38,900,700,200,0.7777777777777778,11,7,4,353.7342546666366,0.3651463963963964,-0.026573009418627946,0.210641630162789,131958.55391418276,1735.6521431441165,133694.20605732687,3688,390,2933.3684210526317,38,0,17,34.0495130151468,0.6362390350877193,43.135683760683754,1027.4572649572638,27.03834907782273,0
3690,4,0,0,38,0.0,0.0,1.0,38,900,800,100,0.8888888888888888,10,8,2,354.94247883556795,0.36520566619250827,-0.027207664654932073,0.21166718561186149,132013.44515897793,1771.4358928701795,133784.88105184812,3689,391,2934.3684210526317,38,0,17,33.963163183976164,0.6367872807017544,43.082264957264954,1027.6709401709395,27.043972109761565,0
3691,4,0,0,38,0.0,0.0,1.0,38,1500,1200,300,0.8,18,12,6,349.76072909994343,0.3648944997629208,-0.025380627378920995,0.2093344065210108,132150.72320841538,1644.2266600920302,133794.94986850742,3690,392,2935.3684210526317,38,0,18,33.95807356608478,0.638157894736842,42.94871794871794,1028.2051282051273,27.058029689608613,0
3692,4,0,0,38,0.0,0.0,1.0,38,1100,800,300,0.7272727272727273,14,8,6,348.28978248423397,0.36421289710763394,-0.03219229003126867,0.20906072479789295,132260.59701219955,1613.0029129227821,133873.59992512234,3691,393,2936.3684210526317,38,0,19,33.88532578590223,0.6392543859649122,42.84188034188034,1028.6324786324785,27.069275753486277,0
3693,4,0,0,38,0.0,0.0,1.0,38,1100,900,200,0.8181818181818182,13,9,4,349.63920078581054,0.3636350165955429,-0.04102705627114234,0.2103294904914518,132343.0323275075,1654.4624105120877,133997.4947380196,3692,394,2937.3684210526317,38,0,19,33.7676945973073,0.6400767543859649,42.761752136752136,1028.9529914529917,27.077710301394518,0
3694,4,0,0,38,0.0,0.0,1.0,38,1000,700,300,0.7,13,7,6,348.94278183767955,0.36385727833096254,-0.04090774996448965,0.21037013518299172,132425.49332493255,1641.7840054058158,134067.27733033837,3693,395,2938.3684210526317,38,0,19,33.702684935298606,0.6408991228070176,42.68162393162394,1029.2735042735053,27.08614484930277,0
3695,4,0,0,38,0.0,0.0,1.0,38,550,300,250,0.5454545454545454,8,3,5,348.82473273444344,0.36399063537221427,-0.044622425629290974,0.21076012221704277,132507.98000447446,1644.4121420483618,134152.39214652282,3694,396,2939.3684210526317,38,0,20,33.62279928055065,0.6417214912280702,42.60149572649573,1029.5940170940175,27.09457939721099,0
3696,4,0,0,38,0.0,0.0,1.0,38,800,400,400,0.5,12,4,8,347.13077398505726,0.36409435751541014,-0.040677799499787226,0.20988998743211926,132535.48127145882,1601.4288388487075,134136.91011030754,3695,397,2940.3684210526317,38,0,20,33.63876495815177,0.6419956140350878,42.574786324786324,1029.7008547008545,27.09739091318038,0
3697,4,0,0,38,0.0,0.0,1.0,38,700,400,300,0.5714285714285714,10,4,6,347.13077398505726,0.36409435751541014,-0.040677799499787226,0.20988998743211926,132535.48127145882,1601.4288388487075,134136.91011030754,3696,398,2941.3684210526317,38,0,20,33.63876495815177,0.6419956140350878,42.574786324786324,1029.7008547008545,27.09739091318038,0
3698,4,0,0,38,0.0,0.0,1.0,38,1050,600,450,0.5714285714285714,15,6,9,347.23785432123697,0.3642573494547179,-0.03928124948820577,0.21041610015782813,132618.0021938235,1609.998105230475,134228.00029905397,3697,399,2942.3684210526317,38,0,20,33.55309788057947,0.6428179824561404,42.49465811965812,1030.0213675213674,27.105825461088617,0
3699,4,0,0,38,0.0,0.0,1.0,38,850,700,150,0.8235294117647058,10,7,3,359.5869354261299,0.3634868421052631,-0.02504902215975191,0.2101401108183914,131241.56832085454,1866.51564247825,133108.08396333279,3698,400,2943.3684210526317,36,2,19,34.62308129098435,0.6328125,43.83445945945945,1024.6621621621614,28.462837837837817,6
3700,4,0,0,38,0.0,0.0,1.0,38,850,400,450,0.47058823529411764,13,4,9,358.0398141148878,0.3629534139402561,-0.028940047529480872,0.20940175861813132,131271.93583602633,1800.115901046458,133072.0517370728,3699,401,2944.3684210526317,37,1,19,34.63201726228687,0.6311936936936937,43.8048245614035,1024.7807017543848,27.69677572309148,0
3701,4,0,0,38,0.0,0.0,1.0,38,950,700,250,0.7368421052631579,12,7,5,354.8553229589138,0.36196064485538165,-0.02415965779357787,0.20831448842945918,131414.71021274658,1726.653909749385,133141.36412249596,3700,402,2945.3684210526317,36,2,19,34.569375800842,0.6345486111111112,43.66554054054054,1025.3378378378382,28.481606606606615,0
3702,4,0,0,38,0.0,0.0,1.0,38,950,700,250,0.7368421052631579,12,7,5,351.8869985981845,0.36148648648648646,-0.020727260118012403,0.20688411208738963,131472.44953991147,1652.689133390138,133125.1386733016,3701,403,2946.3684210526317,36,2,19,34.58717653087367,0.6351273148148149,43.60923423423423,1025.5630630630626,28.48786286286285,0
3703,4,0,0,38,0.0,0.0,1.0,38,900,700,200,0.7777777777777778,11,7,4,349.68002978596735,0.36194582740635367,-0.014085158010283871,0.2060533681339045,131559.0823086601,1600.716764061364,133159.79907272145,3702,404,2947.3684210526317,36,2,17,34.556348335162824,0.6359953703703703,43.52477477477478,1025.9009009009014,28.497247247247262,0
3704,4,0,0,38,0.0,0.0,1.0,38,950,500,450,0.5263157894736842,14,5,9,347.6149118067156,0.3620643669985775,-0.011725428584631326,0.2051468313719424,131616.85333982628,1550.3961732002226,133167.2495130265,3703,405,2948.3684210526317,36,2,17,34.55104989757096,0.6365740740740741,43.468468468468465,1026.1261261261259,28.503503503503495,0
3705,4,0,0,38,0.0,0.0,1.0,38,1600,1200,400,0.75,20,12,8,346.3739454236522,0.3611160502607871,-0.010008204367421003,0.2055854482153309,131834.36850761753,1532.798072483821,133367.16658010136,3704,406,2949.3684210526317,37,1,17,34.363655776211836,0.6368243243243243,43.25657894736841,1026.9736842105249,27.756045519203376,0
3706,4,0,0,38,0.0,0.0,1.0,38,700,500,200,0.7142857142857143,9,5,4,345.48588967656747,0.36121977240398295,-0.013825130778263972,0.2052102935066839,131862.52170138882,1511.3281249999955,133373.84982638882,3705,407,2950.3684210526317,37,1,17,34.358096686950645,0.6371058558558558,43.229166666666664,1027.0833333333328,27.759009009008995,0
3707,4,0,0,38,0.0,0.0,1.0,38,1350,1000,350,0.7407407407407407,17,10,7,344.6185671511098,0.3613827643432907,-0.008090687568077737,0.20576142983914034,132059.6782182979,1502.0434172052885,133561.72163550317,3706,408,2951.3684210526317,37,1,17,34.181868288172964,0.6390765765765766,43.03728070175438,1027.8508771929821,27.779753437648164,0
3708,4,0,0,38,0.0,0.0,1.0,38,1400,1100,300,0.7857142857142857,17,11,6,340.3894326721554,0.3615309388335704,-0.010066210301874268,0.20414660348240518,132228.78674207444,1401.856340412427,133630.64308248687,3707,409,2952.3684210526317,37,1,19,34.120469083155626,0.6407657657657657,42.872807017543856,1028.5087719298242,27.797534376481735,0
3709,4,0,0,38,0.0,0.0,1.0,38,1000,700,300,0.7,13,7,6,340.3894326721554,0.3615309388335704,-0.010066210301874268,0.20414660348240518,132228.78674207444,1401.856340412427,133630.64308248687,3708,410,2953.3684210526317,37,1,19,34.120469083155626,0.6407657657657657,42.872807017543856,1028.5087719298242,27.797534376481735,0
3710,4,0,0,38,0.0,0.0,1.0,38,900,800,100,0.8888888888888888,10,8,2,341.0972151649754,0.3611160502607871,-0.012465373961218829,0.20549027352621724,132398.0034722224,1432.2262619267663,133830.22973414915,3709,411,2954.3684210526317,36,2,19,33.93218623481781,0.6443865740740741,42.70833333333334,1029.166666666668,28.587962962963005,0
3711,4,0,0,38,0.0,0.0,1.0,38,850,600,250,0.7058823529411765,11,6,5,341.8060689651769,0.36135312944523473,-0.010105516443411178,0.20655207459012676,132513.92598257068,1458.8128246490019,133972.7388072197,3710,412,2955.3684210526317,36,2,19,33.797486237194214,0.6455439814814814,42.595720720720735,1029.6171171171193,28.600475475475534,0
3712,4,0,0,38,0.0,0.0,1.0,38,1050,700,350,0.6666666666666666,14,7,7,337.2510620187602,0.3615457562825984,-0.014343083331415096,0.20458705008936484,132658.90045450864,1347.8710129048159,134006.77146741346,3711,413,2956.3684210526317,36,2,18,33.769220959043885,0.6469907407407407,42.454954954954964,1030.180180180181,28.61611611611614,0
3713,4,0,0,38,0.0,0.0,1.0,38,800,600,200,0.75,10,6,4,338.68855982404483,0.36156057373162637,-0.010491239570575184,0.20625524870721812,132803.95418645028,1395.8359964694787,134199.79018291977,3712,414,2957.3684210526317,36,2,19,33.5866655741287,0.6484375,42.31418918918921,1030.7432432432458,28.63175675675683,0
3714,4,0,0,38,0.0,0.0,1.0,38,750,500,250,0.6666666666666666,10,5,5,337.500436233673,0.36135312944523473,-0.010908620540975633,0.20585053255957914,132861.99787202766,1368.196448137352,134230.194320165,3713,415,2958.3684210526317,36,2,19,33.559075186601135,0.6490162037037037,42.257882882882896,1030.9684684684703,28.638013013013065,0
3715,4,0,0,38,0.0,0.0,1.0,38,600,400,200,0.6666666666666666,8,4,4,334.99924954360927,0.3613086770981508,-0.009195296605786218,0.20480127685716823,132949.08717839496,1307.5688864540634,134256.65606484903,3714,416,2959.3684210526317,36,2,19,33.53625245686832,0.6498842592592593,42.17342342342344,1031.3063063063091,28.647397397397476,0
3716,4,0,0,38,0.0,0.0,1.0,38,800,600,200,0.75,10,6,4,337.95736983157093,0.3614568515884305,-0.004928825009478999,0.20725337499309615,133065.2506391529,1394.076424397391,134459.32706355027,3715,417,2960.3684210526317,36,2,19,33.34356581532415,0.6510416666666667,42.06081081081082,1031.7567567567585,28.659909909909956,0
3717,4,0,0,38,0.0,0.0,1.0,38,850,800,50,0.9411764705882353,9,8,1,338.4302492533692,0.3617383831199621,-0.006186377911617136,0.20835393518506665,133210.52629910343,1416.4943237156317,134627.02062281905,3716,418,2961.3684210526317,36,2,19,33.18583869677466,0.6524884259259259,41.92004504504506,1032.319819819822,28.67555055055061,0
3718,4,0,1,37,0.0,0.02631578947368421,0.9736842105263158,38,1300,1200,100,0.9230769230769231,14,12,2,337.56298393723785,0.36121977240398295,-0.004901566894334852,0.2083077094686725,133297.72973987507,1399.2758806103502,134697.0056204854,3717,419,2962.3684210526317,36,2,19,33.120910577971664,0.6533564814814814,41.83558558558559,1032.657657657658,28.684934934934947,0
3719,4,0,0,37,0.0,0.0,1.0,37,600,400,200,0.6666666666666666,8,4,4,336.17093681624834,0.35857732732732733,-0.006347859144718582,0.20761102097924697,133326.80389426608,1564.1193135703463,134890.92320783643,3718,420,2943.5675675675675,36,1,19,33.12774870061426,0.6536458333333333,41.80743243243244,1032.7702702702718,28.688063063063105,0
3720,4,0,0,37,0.0,0.0,1.0,37,850,600,250,0.7058823529411765,11,6,5,327.5166898010445,0.35854604604604606,0.021753460777851563,0.19183120402632603,131328.1250000001,1202.4305555555704,132530.55555555565,3719,421,2944.5675675675675,36,1,19,35.35738482384824,0.6336805555555556,43.75000000000001,1025.0000000000007,28.472222222222243,5
3721,4,0,0,37,0.0,0.0,1.0,37,950,800,150,0.8421052631578947,11,8,3,327.58274486311046,0.3582019519519519,0.017041762385480386,0.19231647029438698,131417.1157648536,1209.9959008487913,132627.1116657024,3720,422,2945.5675675675675,35,2,19,35.26604300711141,0.6366071428571429,43.66319444444446,1025.347222222224,29.29563492063497,0
3722,4,0,0,37,0.0,0.0,1.0,37,1000,600,400,0.6,14,6,8,327.69593730413897,0.3577327327327327,0.016130803489719847,0.1925322284160923,131446.78605109744,1214.9155521262012,132661.70160322366,3721,423,2946.5675675675675,35,2,19,35.23325808878857,0.6369047619047619,43.63425925925926,1025.4629629629633,29.298941798941808,0
3723,4,0,0,37,0.0,0.0,1.0,37,700,600,100,0.8571428571428571,8,6,2,328.63857415389157,0.3571696696696696,0.007690642238763701,0.19353645732398278,131535.81700370807,1245.548670053167,132781.36567376123,3722,424,2947.5675675675675,35,2,20,35.11943378840874,0.6377976190476191,43.54745370370371,1025.8101851851857,29.308862433862448,0
3724,4,0,0,37,0.0,0.0,1.0,37,800,600,200,0.75,10,6,4,329.10922724110367,0.356981981981982,0.00894498559473167,0.194115322654184,131595.18771701396,1261.8381076388935,132857.02582465287,3723,425,2948.5675675675675,35,2,14,35.0475888324873,0.6383928571428572,43.489583333333336,1026.0416666666672,29.315476190476204,0
3725,4,0,0,37,0.0,0.0,1.0,37,850,500,350,0.5882352941176471,12,5,7,324.6833568684076,0.3567942942942943,0.00461927541972651,0.19225242826587277,131743.6731074245,1154.9956061385396,132898.66871356303,3724,426,2949.5675675675675,35,2,15,35.011743705373924,0.6398809523809523,43.344907407407405,1026.6203703703698,29.332010582010565,0
3726,4,0,0,37,0.0,0.0,1.0,37,1000,900,100,0.9,11,9,2,324.6670424482303,0.35685685685685686,0.004714653801874746,0.19284439991202137,131862.52170138902,1162.2829861111202,133024.80468750015,3725,427,2950.5675675675675,35,2,15,34.89266396213657,0.6410714285714285,43.22916666666667,1027.0833333333344,29.345238095238127,0
3727,4,0,0,37,0.0,0.0,1.0,37,700,500,200,0.7142857142857143,9,5,4,324.639460424519,0.356763013013013,0.006437761705367473,0.19297891569106532,131892.24222232937,1163.4852698473926,133055.72749217675,3726,428,2951.5675675675675,35,2,16,34.863497652582176,0.6413690476190477,43.20023148148148,1027.199074074074,29.348544973544968,0
3728,4,0,0,37,0.0,0.0,1.0,37,400,300,100,0.75,5,3,2,324.639460424519,0.356763013013013,0.006437761705367473,0.19297891569106532,131892.24222232937,1163.4852698473926,133055.72749217675,3727,429,2952.5675675675675,35,2,16,34.863497652582176,0.6413690476190477,43.20023148148148,1027.199074074074,29.348544973544968,0
3729,4,0,0,37,0.0,0.0,1.0,37,950,800,150,0.8421052631578947,11,8,3,324.82926299743104,0.35594969969969975,0.011604756367090241,0.19354591925444248,131981.42387902955,1174.2857295953459,133155.7096086249,3728,430,2953.5675675675675,35,2,16,34.76899827288429,0.6422619047619047,43.11342592592593,1027.5462962962968,29.35846560846562,0
3730,4,0,0,37,0.0,0.0,1.0,37,750,400,350,0.5333333333333333,11,4,7,324.76409034220535,0.355980980980981,0.012449661058739014,0.1936588554834413,132011.157795889,1174.4967153206442,133185.65451120966,3729,431,2954.5675675675675,35,2,17,34.74079757480198,0.6425595238095239,43.08449074074074,1027.6620370370367,29.361772486772477,0
3731,4,0,0,37,0.0,0.0,1.0,37,850,700,150,0.8235294117647058,10,7,3,328.6454264803802,0.35573073073073075,0.021346303859036908,0.18940524089720526,130706.03358892734,1191.1880304783742,131897.22161940573,3730,432,2955.5675675675675,35,2,15,35.95606960950761,0.6294642857142857,44.35763888888888,1022.5694444444434,29.216269841269813,2
3732,4,0,0,37,0.0,0.0,1.0,37,800,600,200,0.75,10,6,4,329.9821011138718,0.3556056056056056,0.02304193975575708,0.19046713439211524,130765.21675936627,1230.0361957733064,131995.2529551396,3731,433,2956.5675675675675,35,2,15,35.86211855456226,0.6300595238095238,44.29976851851851,1022.8009259259247,29.222883597883563,0
3733,4,0,0,37,0.0,0.0,1.0,37,750,500,250,0.6666666666666666,10,5,5,329.6208278727908,0.3562625125125125,0.02671819913589335,0.19055058846092846,130824.41332572431,1224.4902852794721,132048.90361100377,3732,434,2957.5675675675675,35,2,16,35.81157842139005,0.6306547619047619,44.24189814814814,1023.0324074074063,29.229497354497322,0
3734,4,0,0,37,0.0,0.0,1.0,37,1050,800,250,0.7619047619047619,13,8,5,330.7073857307762,0.35741991991991995,0.028750595914775134,0.19191444353037962,130972.46334876542,1262.7121913580236,132235.17554012345,3733,435,2958.5675675675675,35,2,17,35.634328358208954,0.6321428571428571,44.09722222222222,1023.6111111111111,29.246031746031747,0
3735,4,0,0,37,0.0,0.0,1.0,37,850,700,150,0.8235294117647058,10,7,3,330.54508350973424,0.356763013013013,0.033302576825073205,0.1921157561581544,131031.70680084023,1262.3772933813507,132294.0840942216,3734,436,2959.5675675675675,35,2,17,35.578698470118326,0.6327380952380952,44.039351851851855,1023.8425925925928,29.25264550264551,0
3736,4,0,0,37,0.0,0.0,1.0,37,700,400,300,0.5714285714285714,10,4,6,330.63624638900274,0.356544044044044,0.030932525565900315,0.1929111019636826,131179.8740381731,1274.564230752755,132454.43826892585,3735,437,2960.5675675675675,35,2,18,35.42690562271684,0.6342261904761906,43.89467592592593,1024.421296296297,29.269179894179914,0
3737,4,0,0,37,0.0,0.0,1.0,37,700,400,300,0.5714285714285714,10,4,6,332.16454321182187,0.3564502002002002,0.027753527188810967,0.19425263313061233,131268.81456832995,1320.5691658093365,132589.3837341393,3736,438,2961.5675675675675,35,2,19,35.29807619908141,0.6351190476190476,43.807870370370374,1024.768518518519,29.279100529100543,0
3738,4,0,0,37,0.0,0.0,1.0,37,1200,900,300,0.75,15,9,6,335.2903709063488,0.35660660660660665,0.02403758159965852,0.196994209962218,131446.78605109724,1414.5683299039642,132861.3543810012,3737,439,2962.5675675675675,35,2,19,35.038562829194895,0.6369047619047619,43.63425925925925,1025.4629629629617,29.29894179894176,0
3739,4,0,0,37,0.0,0.0,1.0,37,1000,600,400,0.6,14,6,8,334.49475115847656,0.35648148148148145,0.022873245622060834,0.196832170303215,131506.1366705246,1397.6224922839447,132903.75916280854,3738,440,2963.5675675675675,35,2,19,34.99915368991199,0.6375,43.576388888888886,1025.694444444444,29.30555555555554,0
3740,4,0,0,37,0.0,0.0,1.0,37,750,500,250,0.6666666666666666,10,5,5,335.76030803569137,0.3552615115115115,0.022740990482925882,0.19819246944370447,131624.87809713653,1438.8819230109818,133063.7600201475,3739,441,2964.5675675675675,35,2,15,34.84707496804272,0.6386904761904761,43.46064814814815,1026.1574074074078,29.31878306878308,0
3741,4,0,0,37,0.0,0.0,1.0,37,900,700,200,0.7777777777777778,11,7,4,336.1972040357761,0.3558871371371371,0.020447778932387584,0.19891481004625094,131713.96933138298,1456.3736443329954,133170.34297571596,3740,442,2965.5675675675675,35,2,15,34.74614293231103,0.6395833333333334,43.373842592592595,1026.5046296296305,29.328703703703727,0
3742,4,0,0,37,0.0,0.0,1.0,37,800,600,200,0.75,10,6,4,339.1832217913764,0.3564189189189189,0.011795384202958559,0.20115197484846858,131803.09070644714,1541.0793895747474,133344.17009602187,3741,443,2966.5675675675675,35,2,15,34.579764051698206,0.6404761904761904,43.28703703703703,1026.8518518518513,29.33862433862432,0
3743,4,0,0,37,0.0,0.0,1.0,37,1050,800,250,0.7619047619047619,13,8,5,339.80802225065736,0.3566378878878879,0.013266816512252921,0.20183777707177591,131862.52170138882,1561.588541666661,133424.11024305547,3742,444,2967.5675675675675,35,2,16,34.503887762001355,0.6410714285714285,43.229166666666664,1027.0833333333328,29.34523809523808,0
3744,4,0,0,37,0.0,0.0,1.0,37,550,300,250,0.5454545454545454,8,3,5,340.0656503981245,0.3564502002002002,0.01386063846631691,0.2023071523414043,131921.96609224967,1572.4258401920456,133494.3919324417,3743,445,2968.5675675675675,35,2,16,34.43743427970557,0.6416666666666666,43.1712962962963,1027.314814814815,29.35185185185186,0
3745,4,0,0,37,0.0,0.0,1.0,37,1100,900,200,0.8181818181818182,13,9,4,343.1758336837311,0.3564189189189189,0.010477196421559754,0.2046378930341065,132011.1577958889,1660.6078264317407,133671.76562232064,3744,446,2969.5675675675675,35,2,17,34.267771333108094,0.6425595238095239,43.08449074074073,1027.6620370370358,29.361772486772452,0
3746,4,0,0,37,0.0,0.0,1.0,37,750,600,150,0.8,9,6,3,343.0971512052591,0.35632507507507505,0.013075237399561512,0.20475152571926758,132040.89506172834,1660.5709876543099,133701.46604938264,3745,447,2970.5675675675675,35,2,18,34.239864864864856,0.6428571428571428,43.05555555555555,1027.7777777777774,29.365079365079353,0
3747,4,0,0,37,0.0,0.0,1.0,37,700,400,300,0.5714285714285714,10,4,6,340.8340852562543,0.35591841841841837,0.012541416796736149,0.20388075281692297,132130.12695312488,1606.8901909722074,133737.0171440971,3746,448,2971.5675675675675,35,2,18,34.20824890239783,0.64375,42.96874999999999,1028.124999999999,29.374999999999975,0
3748,4,0,0,37,0.0,0.0,1.0,37,1100,800,300,0.7272727272727273,14,8,6,341.956583293923,0.35497997997998,0.008253780955480128,0.20519703954983737,132249.1496940371,1644.6934745798899,133893.843168617,3747,449,2972.5675675675675,35,2,18,34.05969862345747,0.6449404761904762,42.85300925925925,1028.5879629629621,29.38822751322749,0
3749,4,0,0,37,0.0,0.0,1.0,37,500,400,100,0.8,6,4,2,342.1314228632585,0.35472972972972977,0.00931714793100924,0.20546378962220554,132278.91375171472,1651.3545953360815,133930.2683470508,3748,450,2973.5675675675675,35,2,18,34.025277527752785,0.6452380952380952,42.824074074074076,1028.703703703704,29.391534391534396,0
3750,4,0,0,37,0.0,0.0,1.0,37,750,400,350,0.5333333333333333,11,4,7,347.2805138389209,0.35435435435435436,0.030603591313004497,0.19431802797246486,129554.6392746913,1598.3603395061646,131152.99961419747,3749,451,2974.5675675675675,35,2,16,36.64733969986356,0.6178571428571429,45.48611111111111,1018.0555555555552,29.087301587301578,3
3751,4,0,0,37,0.0,0.0,1.0,37,650,400,250,0.6153846153846154,9,4,5,347.73140495867807,0.3542917917917918,0.026265356265356532,0.19515538033395166,129672.4965706445,1618.2398834018977,131290.7364540464,3750,452,2975.5675675675675,35,2,16,36.516098484848506,0.6190476190476191,45.37037037037036,1018.5185185185167,29.100529100529048,0
3752,4,0,0,37,0.0,0.0,1.0,37,750,600,150,0.8,9,6,3,335.7264957264958,0.3544169169169169,0.017352737352737346,0.18493408662900174,128936.76757812488,1257.4978298610965,130194.26540798598,3751,453,2976.5675675675675,35,2,19,37.56944444444444,0.6116071428571428,46.09374999999999,1015.6249999999991,29.017857142857117,2
3753,4,0,0,37,0.0,0.0,1.0,37,1400,1100,300,0.7857142857142857,17,11,6,333.84426191229795,0.35376001001001,0.015859139321553917,0.18458139921851244,129083.74592764066,1218.7735768175626,130302.51950445822,3752,454,2977.5675675675675,35,2,19,37.4677296886864,0.6130952380952381,45.949074074074076,1016.2037037037042,29.034391534391546,0
3754,4,0,0,37,0.0,0.0,1.0,37,950,700,250,0.7368421052631579,12,7,5,330.35459962946516,0.3537912912912913,0.007848843482469281,0.18090061055287446,128701.7763658478,1103.444760588118,129805.22112643592,3753,455,2978.5675675675675,35,2,17,37.94496882247822,0.6092261904761904,46.325231481481474,1014.6990740740732,28.991402116402092,6
3755,4,0,0,37,0.0,0.0,1.0,37,650,400,250,0.6153846153846154,9,4,5,343.6270710661163,0.3538538538538538,0.014387413349949307,0.1760758914057035,126014.78273158865,1260.4181402177655,127275.20087180642,3754,456,2979.5675675675675,35,2,19,40.3617915465898,0.5818452380952381,48.98726851851852,1004.050925925926,28.687169312169313,4
3756,4,0,0,37,0.0,0.0,1.0,37,850,700,150,0.8235294117647058,10,7,3,344.2993416415595,0.3546671671671671,0.016275165635052158,0.17667331180585116,126073.7244897958,1281.423417006968,127355.14790680277,3755,457,2980.5675675675675,34,3,20,40.284198672356574,0.5845588235294117,48.92857142857142,1004.2857142857133,29.53781512605039,0
3757,4,1,0,38,0.02631578947368421,0.0,1.0,38,1050,800,250,0.7619047619047619,13,8,5,337.5965324623789,0.36055298719772405,0.02093631869729551,0.17458563535911606,126392.74691358031,933.9506172839579,127326.69753086427,3756,0,2903.1052631578946,35,3,17,40.1243093922652,0.5857142857142856,48.611111111111114,1005.5555555555561,28.730158730158745,0
3758,4,0,0,38,0.0,0.0,1.0,38,800,600,200,0.75,10,6,4,337.55459220025244,0.36033072546230444,0.033907466566253985,0.17187121598163244,125753.44676997582,889.7306884430558,126643.17745841888,3757,1,2904.1052631578946,35,3,19,40.783425648126794,0.5791666666666666,49.247685185185176,1003.0092592592578,28.657407407407366,1
3759,4,0,0,38,0.0,0.0,1.0,38,750,500,250,0.6666666666666666,10,5,5,337.55459220025244,0.36033072546230444,0.033907466566253985,0.17187121598163244,125753.44676997582,889.7306884430558,126643.17745841888,3758,2,2905.1052631578946,35,3,19,40.783425648126794,0.5791666666666666,49.247685185185176,1003.0092592592578,28.657407407407366,0
3760,4,0,0,38,0.0,0.0,1.0,38,800,500,300,0.625,11,5,6,340.1301271706119,0.36046408250355616,0.03479731165495914,0.1735484445227801,125840.52861636228,960.4310003000625,126800.95961666234,3759,3,2906.1052631578946,35,3,19,40.62908543853575,0.5800595238095239,49.160879629629626,1003.3564814814812,28.667328042328034,0
3761,4,0,0,38,0.0,0.0,1.0,38,1300,900,400,0.6923076923076923,17,9,8,337.2875811366885,0.36095305832147934,0.033522603188469,0.172949589476472,126043.83680555536,902.6041666666431,126946.440972222,3760,4,2907.1052631578946,35,3,20,40.49100968188104,0.5821428571428571,48.95833333333332,1004.166666666665,28.690476190476144,0
3762,4,0,0,38,0.0,0.0,1.0,38,1200,900,300,0.75,15,9,6,337.2752720042756,0.36133831199620675,0.03748226821372702,0.17367876106412328,126218.23157793195,914.0576774691208,127132.28925540106,3761,5,2908.1052631578946,35,3,21,40.31185210780926,0.5839285714285714,48.784722222222214,1004.86111111111,28.710317460317427,0
3763,4,0,0,38,0.0,0.0,1.0,38,550,500,50,0.9090909090909091,6,5,1,337.7545273899266,0.36132349454717877,0.0396691660049584,0.1740488166959483,126247.30909475715,928.1200435099194,127175.42913826706,3762,6,2909.1052631578946,35,3,21,40.269899996161094,0.5842261904761905,48.755787037037024,1004.9768518518499,28.71362433862428,0
3764,4,0,0,38,0.0,0.0,1.0,38,800,500,300,0.625,11,5,6,341.37388968590744,0.36142721669037453,0.03380343123000884,0.17653906866614025,126392.74691357993,1029.4367283950248,127422.18364197496,3763,7,2910.1052631578946,35,3,16,40.02935082872927,0.5857142857142856,48.61111111111109,1005.5555555555529,28.730158730158657,0
3765,4,1,0,39,0.02564102564102564,0.0,1.0,39,800,600,200,0.75,10,6,4,336.70104950227477,0.3670715249662618,0.04537945276200328,0.17541418313230392,126694.89590942286,731.660883856822,127426.55679327968,3764,0,2836.4615384615386,36,3,18,39.83640939597315,0.5868055555555556,48.31081081081081,1006.7567567567562,27.96546546546545,0
3766,4,0,0,39,0.0,0.0,1.0,39,900,600,300,0.6666666666666666,12,6,6,337.47459855739726,0.36788686459739095,0.052904864712982835,0.17618419935194404,126779.94030770629,757.00189209479,127536.94219980108,3765,1,2837.4615384615386,36,3,18,39.72963025084794,0.5876736111111112,48.22635135135135,1007.0945945945941,27.974849849849836,0
3767,4,0,0,39,0.0,0.0,1.0,39,1250,900,350,0.72,16,9,7,336.10886073077035,0.3672402159244264,0.054486462937166635,0.17583800398230837,126865.01323959103,728.0910133106139,127593.10425290164,3766,2,2838.4615384615386,36,3,19,39.67671771368953,0.5885416666666667,48.141891891891895,1007.4324324324332,27.984234234234254,0
3768,4,0,0,39,0.0,0.0,1.0,39,800,700,100,0.875,9,7,2,339.0570831122625,0.3665092217723797,0.05701761925225668,0.17787578510285765,126978.48820103897,810.59116548983,127789.07936652881,3767,3,2839.4615384615386,36,3,19,39.48603351955308,0.5896990740740741,48.02927927927929,1007.8828828828837,27.99674674674677,0
3769,4,0,0,39,0.0,0.0,1.0,39,1000,800,200,0.8,12,8,4,340.04615795647976,0.36617183985605034,0.06431015476241608,0.17901900908290902,127120.40323685203,845.3609437140186,127965.76418056605,3768,4,2840.4615384615386,36,3,21,39.31555927787083,0.5911458333333333,47.88851351351353,1008.4459459459486,28.01238738738746,0
3770,4,0,0,39,0.0,0.0,1.0,39,950,600,350,0.631578947368421,13,6,7,340.51131048022927,0.36591880341880345,0.0685382869149751,0.17951499752627553,127177.19144397815,861.0544243568286,128038.24586833498,3769,5,2841.4615384615386,36,3,22,39.24560864872909,0.591724537037037,47.832207207207226,1008.6711711711744,28.01864364364373,0
3771,4,0,0,39,0.0,0.0,1.0,39,1000,900,100,0.9,11,9,2,337.2350128962784,0.3662843004948268,0.0644960069131486,0.17828689973826306,127290.8059030318,785.3833140573486,128076.18921708915,3770,6,2842.4615384615386,36,3,22,39.21181601755759,0.5928819444444444,47.71959459459462,1009.1216216216247,28.031156156156243,0
3772,4,0,0,39,0.0,0.0,1.0,39,850,500,350,0.5882352941176471,12,5,7,337.0749696666137,0.3665092217723797,0.06417409117699169,0.17832738359812278,127319.2174437956,783.2242715689097,128102.4417153645,3771,7,2843.4615384615386,36,3,15,39.18675146916608,0.5931712962962963,47.69144144144146,1009.2342342342379,28.034284284284386,0
3773,4,0,0,39,0.0,0.0,1.0,39,900,800,100,0.8888888888888888,10,8,2,334.9785137686975,0.3667622582096266,0.058231381229373325,0.17771700322190231,127432.89531085175,737.4563752942511,128170.351686146,3772,8,2844.4615384615386,36,3,16,39.12326195256152,0.5943287037037037,47.57882882882885,1009.6846846846876,28.046796796796876,0
3774,4,0,0,39,0.0,0.0,1.0,39,1300,1000,300,0.7692307692307693,16,10,6,335.5771457401117,0.3676057130004498,0.06372515382328081,0.17828529875576593,127489.75326678064,756.5295024754911,128246.28276925613,3773,9,2845.4615384615386,36,3,17,39.049955396967015,0.5949074074074074,47.52252252252254,1009.9099099099127,28.05305305305313,0
3775,4,0,0,39,0.0,0.0,1.0,39,1450,1200,250,0.8275862068965517,17,12,5,339.52305272955306,0.3679712100764732,0.06475687598932578,0.18114624703894233,127660.4032241702,868.7299630711925,128529.13318724139,3774,10,2846.4615384615386,36,3,17,38.7756760270411,0.5966435185185186,47.35360360360361,1010.5855855855862,28.07182182182184,0
3776,4,0,0,39,0.0,0.0,1.0,39,1100,900,200,0.8181818181818182,13,9,4,340.2599297025936,0.36819613135402607,0.06866366688093661,0.18166763052235452,127688.85598013566,889.4802319211178,128578.33621205678,3775,11,2847.4615384615386,36,3,17,38.727948003714005,0.5969328703703703,47.325450450450454,1010.6981981981992,28.07494994994998,0
3777,4,0,0,39,0.0,0.0,1.0,39,1000,700,300,0.7,13,7,6,340.7135513701698,0.3679430949167792,0.07065704771207182,0.1822959633016318,127774.23327043248,906.8825582339019,128681.11582866638,3776,12,2848.4615384615386,36,3,17,38.62914903096459,0.5978009259259259,47.24099099099099,1011.0360360360351,28.084334334334308,0
3778,4,0,0,39,0.0,0.0,1.0,39,300,100,200,0.3333333333333333,5,1,4,340.73255112680107,0.3677462887989204,0.06758790454079477,0.18243515662299029,127802.69870799856,909.3079143332541,128712.00662233181,3777,13,2849.4615384615386,36,3,18,38.599556372276055,0.5980902777777778,47.21283783783784,1011.1486486486488,28.087462462462465,0
3779,4,0,0,39,0.0,0.0,1.0,39,950,700,250,0.7368421052631579,12,7,5,335.6131204335976,0.36791497975708504,0.02742967238188565,0.16594710675214785,124534.42555642131,559.0774324792326,125093.50298890054,3778,14,2850.4615384615386,37,2,19,42.09132062689955,0.5627815315315315,50.46600877192983,998.1359649122816,26.976647700331934,8
3780,4,0,0,39,0.0,0.0,1.0,39,800,400,400,0.5,12,4,8,332.657084738644,0.36777440395861444,0.02554811317301664,0.16491606264098177,124643.89433527642,492.7349040089421,125136.62923928536,3779,15,2851.4615384615386,37,2,20,42.05178708685627,0.5639076576576576,50.356359649122815,998.5745614035103,26.988501659554334,0
3781,4,0,0,39,0.0,0.0,1.0,39,1350,1000,350,0.7407407407407407,17,10,7,332.9545824241102,0.3675775978407558,0.02221284021503589,0.16538801776901013,124726.02747960918,505.6204793782792,125231.64795898747,3780,16,2852.4615384615386,37,2,20,41.959385290889145,0.5647522522522522,50.27412280701755,998.9035087719303,26.99739212897109,0
3782,4,0,0,39,0.0,0.0,1.0,39,850,500,350,0.5882352941176471,12,5,7,333.56674091695606,0.3674651372019793,0.03145344159169072,0.16612717359110055,124835.58041897522,528.1995421668374,125363.77996114206,3781,17,2853.4615384615386,37,2,20,41.8307914563675,0.5658783783783784,50.164473684210535,999.342105263159,27.00924608819349,0
3783,4,0,0,39,0.0,0.0,1.0,39,1100,600,500,0.5454545454545454,16,6,10,332.6388888888889,0.36788686459739095,0.03247863247863281,0.1663194444444444,124999.99999999999,516.0804285934134,125516.0804285934,3782,18,2854.4615384615386,36,3,20,41.684027777777786,0.5694444444444444,50.0,999.9999999999999,27.777777777777775,0
3784,4,0,0,39,0.0,0.0,1.0,39,500,400,100,0.8,6,4,2,331.0909514883042,0.3680555555555556,0.028856979543762096,0.1657694380563201,125056.31264710659,481.00270878987567,125537.31535589647,3783,19,2855.4615384615386,36,3,20,41.66455565563313,0.5700231481481481,49.943693693693696,1000.2252252252254,27.784034034034036,0
3785,4,0,0,39,0.0,0.0,1.0,39,900,700,200,0.7777777777777778,11,7,4,333.90186428284386,0.3679430949167792,0.0219326724672817,0.16751654794766047,125140.80539576741,556.9496439006614,125697.75503966807,3784,20,2856.4615384615386,36,3,20,41.50698743200151,0.5708912037037037,49.859234234234236,1000.5630630630633,27.793418418418426,0
3786,4,0,0,39,0.0,0.0,1.0,39,650,400,250,0.6153846153846154,9,4,5,334.33883984694677,0.36726833108412055,0.02450713084222711,0.1679632147947889,125197.14974687519,571.6539597029396,125768.80370657812,3785,21,2857.4615384615386,36,3,20,41.43786804695999,0.5714699074074074,49.802927927927925,1000.7882882882877,27.79967467467466,0
3787,4,0,0,39,0.0,0.0,1.0,39,1100,900,200,0.8181818181818182,13,9,4,337.34647061130846,0.36729644624381463,0.025271841019872232,0.16981937280489987,125281.69005153801,652.6671942212422,125934.35724575925,3786,22,2858.4615384615386,36,3,17,41.275309336332946,0.572337962962963,49.718468468468465,1001.126126126126,27.809059059059056,0
3788,4,0,0,39,0.0,0.0,1.0,39,1150,900,250,0.782608695652174,14,9,5,339.5048282046397,0.3678587494376968,0.030953719317968753,0.17148753247474546,125422.65396731177,716.3193176284226,126138.97328494019,3787,23,2859.4615384615386,36,3,18,41.0757448004497,0.5737847222222222,49.577702702702695,1001.6891891891881,27.82469969969967,0
3789,4,0,0,39,0.0,0.0,1.0,39,1100,800,300,0.7272727272727273,14,8,6,336.65695202117274,0.36808367071524967,0.028426653300263283,0.1707455002815075,125591.91528944479,656.2782799691556,126248.19356941394,3788,24,2860.4615384615386,36,3,18,40.9724562783208,0.5755208333333333,49.40878378378378,1002.3648648648643,27.843468468468455,0
3790,4,0,0,39,0.0,0.0,1.0,39,1150,900,250,0.782608695652174,14,9,5,336.1424224371128,0.3684772829509672,0.030467436127813663,0.1708340256495464,125676.58875091306,649.046597272946,126325.635348186,3789,25,2861.4615384615386,36,3,19,40.898051437556155,0.5763888888888888,49.32432432432432,1002.7027027027026,27.85285285285285,0
3791,4,0,0,39,0.0,0.0,1.0,39,650,300,350,0.46153846153846156,10,3,7,333.6942876765504,0.3689271255060729,0.039669328849657015,0.17019524705911016,125823.72100069244,597.3313904278125,126421.05239112026,3790,26,2862.4615384615386,37,2,20,40.8078324225865,0.5760135135135135,49.17763157894736,1003.28947368421,27.115931721194862,0
3792,4,0,0,39,0.0,0.0,1.0,39,1050,900,150,0.8571428571428571,12,9,3,335.8565058193557,0.36932073774179036,0.04619419042496031,0.17152671547202789,125878.73191751288,655.4382117574421,126534.17012927032,3791,27,2863.4615384615386,37,2,20,40.69693327505827,0.5765765765765766,49.12280701754385,1003.5087719298228,27.121858700806023,0
3793,4,0,0,39,0.0,0.0,1.0,39,850,600,250,0.7058823529411765,11,6,5,335.22238774115885,0.3702204228520018,0.04377517464692526,0.17143160544036667,125933.7548572636,643.1628000923184,126576.91765735592,3792,28,2864.4615384615386,37,2,20,40.65617944796448,0.5771396396396397,49.06798245614034,1003.7280701754371,27.12778568041722,0
3794,4,0,0,39,0.0,0.0,1.0,39,1300,1100,200,0.8461538461538461,15,11,4,336.2545410719513,0.37148560503823663,0.010213852537503953,0.17241988169859618,126043.83680555547,681.8646121883565,126725.70141774383,3793,29,2865.4615384615386,36,3,21,40.516943291839546,0.580150462962963,48.95833333333333,1004.166666666666,27.893518518518498,6
3795,4,0,0,39,0.0,0.0,1.0,39,650,500,150,0.7692307692307693,8,5,3,336.2545410719513,0.37145748987854255,0.010213852537503953,0.17241988169859618,126043.83680555547,676.5624999999908,126720.39930555546,3794,30,2866.4615384615386,36,3,21,40.516943291839546,0.580150462962963,48.95833333333333,1004.166666666666,27.893518518518498,0
3796,4,0,0,39,0.0,0.0,1.0,39,700,400,300,0.5714285714285714,10,4,6,336.3155804460176,0.3710357624831309,0.004771760377141554,0.1728073143766401,126128.6624462298,683.8068642967041,126812.4693105265,3795,31,2867.4615384615386,36,3,21,40.42811098654707,0.5810185185185186,48.87387387387386,1004.5045045045028,27.902902902902856,0
3797,4,0,0,39,0.0,0.0,1.0,39,1050,700,350,0.6666666666666666,14,7,7,336.6344373404303,0.37128879892037786,0.008689730083879965,0.17332885657176322,126213.51662050556,697.5632304601794,126911.07985096573,3796,32,2868.4615384615386,36,3,21,40.332801001158046,0.5818865740740741,48.78941441441441,1004.8423423423417,27.91228728728727,0
3798,4,0,0,39,0.0,0.0,1.0,39,1050,600,450,0.5714285714285714,15,6,9,338.9205439614086,0.3714293747188484,0.00763371932726753,0.17510894771339428,126355.00365230079,764.861314016699,127119.86496631749,3797,33,2869.4615384615386,36,3,15,40.129834976105144,0.5833333333333333,48.64864864864864,1005.405405405404,27.92792792792789,0
3799,4,1,0,40,0.025,0.0,1.0,40,1450,1300,150,0.896551724137931,16,13,3,332.63329498962014,0.37582799145299145,0.012489111498258154,0.17357410120367434,126760.5417051399,432.9553324099585,127193.49703754985,3798,0,2798.7,37,3,17,39.871424941928005,0.5855855855855856,48.24561403508771,1007.017543859648,27.21669037458508,0
3800,4,0,1,39,0.0,0.025,0.975,40,900,600,300,0.6666666666666666,12,6,6,333.86879716985277,0.3757879273504274,0.010604658756939722,0.17457328626063937,126843.36917368782,469.8086189981312,127313.17779268595,3799,1,2799.7,37,3,17,39.755338158992785,0.5864301801801801,48.163377192982445,1007.3464912280682,27.225580844001843,0
3801,4,0,0,39,0.0,0.0,1.0,39,1150,700,450,0.6086956521739131,16,7,9,338.5036852508346,0.37016419253261357,0.023863981610460883,0.17709087533648932,126865.01323959102,788.8549021995025,127653.86814179052,3800,2,2871.5897435897436,36,3,20,39.61640211640211,0.5885416666666667,48.141891891891895,1007.4324324324331,27.98423423423425,0
3802,4,0,0,39,0.0,0.0,1.0,39,1350,1100,250,0.8148148148148148,16,11,5,342.6930522512679,0.37089518668466037,0.028270433766412584,0.18003451899960993,127035.24470416378,906.8191502313316,127942.0638543951,3801,3,2872.5897435897436,36,3,21,39.33618185880251,0.5902777777777778,47.97297297297298,1008.1081081081094,28.003003003003037,0
3803,4,0,0,39,0.0,0.0,1.0,39,800,500,300,0.625,11,5,6,344.0790220090738,0.37024853801169594,0.0285573869873188,0.1811456506806685,127121.19187510734,947.9597570034825,128069.15163211082,3802,4,2873.5897435897436,35,4,21,39.213077202647376,0.5931547619047619,47.88773148148149,1008.4490740740755,28.81283068783073,0
3804,4,0,0,39,0.0,0.0,1.0,39,950,700,250,0.7368421052631579,12,7,5,343.03156054940825,0.37047345928924874,0.020682215526540926,0.18135137546213886,127290.8059030317,932.9527585017778,128223.75866153347,3803,5,2874.5897435897436,36,3,22,39.06558047836924,0.5928819444444444,47.71959459459461,1009.121621621624,28.03115615615622,0
3805,4,0,0,39,0.0,0.0,1.0,39,1000,800,200,0.8,12,8,4,339.3220000779855,0.37140125955915426,0.01044168439351334,0.1802748635485414,127489.75326678052,852.0156135865864,128341.7688803671,3804,6,2875.5897435897436,36,3,18,38.95540625929231,0.5949074074074074,47.522522522522536,1009.9099099099118,28.053053053053105,0
3806,4,0,0,39,0.0,0.0,1.0,39,950,800,150,0.8421052631578947,11,8,3,338.6145931201963,0.37187921727395407,0.013913779157341821,0.18027961512648583,127575.06397867488,839.7556762844183,128414.8196549593,3805,7,2876.5897435897436,36,3,19,38.88594731170809,0.595775462962963,47.438063063063076,1010.2477477477498,28.062437437437495,0
3807,4,0,0,39,0.0,0.0,1.0,39,900,700,200,0.7777777777777778,11,7,4,350.6290223134396,0.371063877642825,0.01676816119516311,0.17991424746785117,126072.10884871357,1040.9080533235947,127113.01690203717,3806,8,2877.5897435897436,36,3,20,40.12694363459668,0.5804398148148149,48.93018018018018,1004.2792792792792,27.896646646646644,2
3808,4,1,0,40,0.025,0.0,1.0,40,1150,800,350,0.6956521739130435,15,8,7,347.0944106610899,0.37455929487179485,0.03391844744875705,0.17965857418642847,126429.50234687574,776.5947214527305,127206.09706832847,3807,0,2806.625,37,3,16,39.84772496002326,0.5822072072072072,48.57456140350876,1005.7017543859631,27.18112849691792,0
3809,4,0,0,40,0.0,0.0,1.0,40,1000,700,300,0.7,13,7,6,348.99784629738406,0.37449252136752137,0.03066335986045976,0.18076551350005102,126457.07242853566,826.6491853262473,127283.7216138619,3808,1,2807.625,37,3,16,39.771498782659265,0.5824887387387387,48.547149122807014,1005.8114035087715,27.184091986723555,0
3810,4,0,0,40,0.0,0.0,1.0,40,1000,600,400,0.6,14,6,8,349.44952782718536,0.3742654914529915,0.03841250817171549,0.1816108587994287,126594.96792282254,847.7103531856137,127442.67827600816,3809,2,2808.625,37,3,18,39.61829011404082,0.5838963963963963,48.410087719298254,1006.3596491228082,27.19890943575157,0
3811,4,0,0,40,0.0,0.0,1.0,40,1150,1000,150,0.8695652173913043,13,10,3,347.95640600658686,0.3736378205128205,0.04284275291299111,0.18144711393290686,126732.93856042255,819.5075648276515,127552.44612525021,3810,3,2809.625,37,3,18,39.514025009982205,0.5853040540540541,48.27302631578948,1006.9078947368431,27.213726884779543,0
3812,4,0,0,40,0.0,0.0,1.0,40,1200,900,300,0.75,15,9,6,348.92454848474546,0.37435897435897436,0.04286763905518676,0.1824456361371291,126843.3691736881,851.7530634426049,127695.12223713071,3811,4,2810.625,37,3,18,39.37617920249628,0.5864301801801801,48.16337719298246,1007.3464912280706,27.225580844001907,0
3813,4,0,0,40,0.0,0.0,1.0,40,850,600,250,0.7058823529411765,11,6,5,357.96045785639944,0.374599358974359,0.05599078341013852,0.18406971411099224,126160.0865912209,1032.551400549652,127192.63799177055,3812,5,2811.625,35,5,19,39.852150537634415,0.5833333333333333,48.842592592592595,1004.62962962963,28.703703703703713,1
3814,4,0,0,40,0.0,0.0,1.0,40,1000,700,300,0.7,13,7,6,359.06961316496216,0.37504006410256413,0.060350685247034574,0.18503272706892387,126247.3090947574,1066.3144879543916,127313.62358271179,3813,6,2812.625,35,5,19,39.73437080118238,0.5842261904761905,48.75578703703704,1004.9768518518521,28.713624338624346,0
3815,4,0,0,40,0.0,0.0,1.0,40,950,800,150,0.8421052631578947,11,8,3,359.0582138390977,0.37566773504273504,0.058076214598204334,0.1854209063856363,126334.56173911177,1072.2924168381337,127406.8541559499,3814,7,2813.625,35,5,16,39.64473482231944,0.5851190476190475,48.66898148148148,1005.3240740740738,28.723544973544964,0
3816,4,0,0,40,0.0,0.0,1.0,40,1200,1000,200,0.8333333333333334,14,10,4,356.7122673805559,0.37544070512820515,0.05746663598711477,0.1849966007202739,126509.15745027427,1025.4736796982104,127534.63112997248,3815,8,2814.625,35,5,16,39.52389170118118,0.5869047619047619,48.49537037037037,1006.0185185185179,28.743386243386226,0
3817,4,0,0,40,0.0,0.0,1.0,40,700,500,200,0.7142857142857143,9,5,4,355.06661274466205,0.3754273504273504,0.06202702702702689,0.1845370112262304,126596.50051708242,990.0381247856554,127586.53864186807,3816,9,2815.625,35,5,17,39.47539294613764,0.5877976190476191,48.40856481481481,1006.3657407407402,28.753306878306862,0
3818,4,0,0,40,0.0,0.0,1.0,40,1100,700,400,0.6363636363636364,15,7,8,357.7265160523186,0.3758680555555556,0.05555172413793108,0.1865839741999503,126742.13927469133,1067.8047839506123,127809.94405864195,3817,10,2816.625,35,5,18,39.25862068965515,0.5892857142857143,48.263888888888886,1006.9444444444442,28.769841269841265,0
3819,4,0,0,40,0.0,0.0,1.0,40,750,500,250,0.6666666666666666,10,5,5,359.9550417126071,0.3755876068376069,0.053903826266804344,0.18814947315464373,126829.56271701382,1130.58810763888,127960.1508246527,3818,11,2817.625,35,5,18,39.11259048603929,0.5901785714285714,48.17708333333333,1007.2916666666661,28.779761904761887,0
3820,4,0,0,40,0.0,0.0,1.0,40,800,500,300,0.625,11,5,6,371.51172617982,0.37526709401709407,0.13629051477597742,0.1846994316410573,124762.01814058948,1277.4347629676768,126039.45290355716,3819,12,2818.625,34,6,19,40.95914760088975,0.571078431372549,50.238095238095234,999.0476190476184,29.38375350140054,7
3821,4,0,0,40,0.0,0.0,1.0,40,1050,900,150,0.8571428571428571,12,9,3,372.81117940462747,0.375,0.1401578320428829,0.1857418309259254,124851.23476473904,1309.1872165532623,126160.42198129231,3820,13,2819.625,34,6,19,40.83407782410163,0.5719975490196079,50.14880952380951,999.4047619047603,29.394257703081188,0
3822,4,0,0,40,0.0,0.0,1.0,40,850,600,250,0.7058823529411765,11,6,5,373.509516979452,0.3745459401709402,0.14176193878766252,0.18635528307049642,124910.73022959173,1331.0693027210755,126241.79953231281,3821,14,2820.625,34,6,19,40.75488269620103,0.5726102941176471,50.08928571428571,999.6428571428563,29.401260504201655,0
3823,4,0,0,40,0.0,0.0,1.0,40,650,600,50,0.9230769230769231,7,6,1,374.7816509847197,0.3747596153846154,0.14371800976074312,0.18752475580241967,125029.76367630372,1371.772250566878,126401.5359268706,3822,15,2821.625,34,6,20,40.599581399039785,0.5738357843137255,49.97023809523809,1000.1190476190465,29.415266106442544,0
3824,4,0,0,40,0.0,0.0,1.0,40,1300,1000,300,0.7692307692307693,16,10,6,373.46045897016836,0.374866452991453,0.1335960737656161,0.18739911388920938,125148.85381235798,1347.6296768707155,126496.48348922869,3823,16,2822.625,34,6,20,40.50912155463018,0.5750612745098039,49.85119047619046,1000.5952380952356,29.429271708683398,0
3825,4,0,0,40,0.0,0.0,1.0,40,1150,900,250,0.782608695652174,14,9,5,375.39657985100496,0.3748130341880342,0.14058039961941038,0.18877598345617522,125238.20861677999,1402.799036281173,126641.00765306115,3824,17,2823.625,34,6,17,40.36805225182366,0.5759803921568627,49.76190476190476,1000.9523809523805,29.439775910364133,0
3826,4,0,0,40,0.0,0.0,1.0,40,950,600,350,0.631578947368421,13,6,7,374.12141572679127,0.3752136752136752,0.146935560575437,0.18854015744026603,125327.59530895685,1377.5474773242547,126705.14278628111,3825,18,2824.625,34,6,17,40.30733563191061,0.5768995098039216,49.672619047619044,1001.3095238095233,29.4502801120448,0
3827,4,0,0,40,0.0,0.0,1.0,40,900,600,300,0.6666666666666666,12,6,6,377.69324522749093,0.37554754273504276,0.14306630472450044,0.1910982129710338,125492.38207572438,1479.525007501706,126971.90708322609,3826,19,2825.625,35,5,17,40.047192060375025,0.5764880952380953,49.50810185185185,1001.967592592592,28.627645502645485,0
3828,4,0,0,40,0.0,0.0,1.0,40,650,400,250,0.6153846153846154,9,4,5,379.4761292662502,0.3758146367521367,0.13918013856812927,0.1924041732696562,125579.3734996571,1530.8749142661204,127110.24841392323,3827,20,2826.625,35,5,17,39.91243264049268,0.5773809523809523,49.4212962962963,1002.3148148148151,28.637566137566147,0
3829,4,0,0,40,0.0,0.0,1.0,40,1150,800,350,0.6956521739130435,15,8,7,379.7546059345774,0.37644230769230774,0.1440443213296403,0.19308649682025675,125695.40895061716,1546.6820987654214,127242.09104938258,3828,21,2827.625,35,5,18,39.7853185595568,0.5785714285714285,49.30555555555555,1002.7777777777767,28.65079365079362,0
3830,4,0,0,40,0.0,0.0,1.0,40,1350,900,450,0.6666666666666666,18,9,9,373.48418717666726,0.37604166666666666,0.1366835016835013,0.19059244603345402,125846.02127465315,1400.2997930362903,127246.32106768944,3829,22,2828.625,36,4,19,39.786756453423116,0.578125,49.15540540540541,1003.3783783783794,27.87162162162165,0
3831,4,0,0,40,0.0,0.0,1.0,40,900,700,200,0.7777777777777778,11,7,4,375.66875290374037,0.37602831196581193,0.13966068424004452,0.19236570546449447,125987.30223044005,1465.8985421232196,127453.20077256327,3830,23,2829.625,36,4,19,39.585903907272375,0.5795717592592593,49.01463963963965,1003.9414414414427,27.887262262262297,0
3832,4,0,0,40,0.0,0.0,1.0,40,1050,600,450,0.5714285714285714,15,6,9,375.51006353196374,0.3756944444444445,0.1391078838174271,0.19254877725787942,126043.83680555565,1466.1585149338584,127509.99532048951,3831,24,2830.625,35,5,19,39.53146611341631,0.5821428571428571,48.958333333333336,1004.1666666666674,28.69047619047621,0
3833,4,0,0,40,0.0,0.0,1.0,40,800,600,200,0.75,10,6,4,375.9962826846016,0.3757345085470085,0.13838555465960156,0.19348095613426353,126189.15741008654,1489.3308202589114,127678.48823034545,3832,25,2831.625,35,5,19,39.369144299811836,0.5836309523809524,48.813657407407405,1004.7453703703699,28.707010582010568,0
3834,4,0,0,40,0.0,0.0,1.0,40,550,400,150,0.7272727272727273,7,4,3,377.6343652916063,0.3757879273504274,0.13594091903719896,0.19459935868409595,126247.30909475731,1535.0644879543775,127782.37358271169,3833,26,2832.625,35,5,19,39.26794214749125,0.5842261904761905,48.75578703703703,1004.9768518518513,28.71362433862432,0
3835,4,0,0,40,0.0,0.0,1.0,40,550,200,350,0.36363636363636365,9,2,7,380.9498241563535,0.37533386752136755,0.13432642487046653,0.1965864065833588,126305.47417534715,1623.209635416662,127928.6838107638,3834,27,2833.625,35,5,16,39.124568221070824,0.5848214285714286,48.697916666666664,1005.2083333333327,28.720238095238077,0
3836,4,0,0,40,0.0,0.0,1.0,40,850,600,250,0.7058823529411765,11,6,5,381.2078385885658,0.37485309829059826,0.1335635359116023,0.19713891081294393,126392.74691358017,1636.3811728394985,128029.12808641966,3835,28,2834.625,35,5,16,39.02796961325966,0.5857142857142856,48.61111111111111,1005.555555555555,28.730158730158713,0
3837,4,0,0,40,0.0,0.0,1.0,40,850,500,350,0.5882352941176471,12,5,7,377.9832352413601,0.37568108974358977,0.13717211228716075,0.19602805970870538,126509.15745027439,1563.6681241426681,128072.82557441706,3836,29,2835.625,35,5,16,38.98891701181163,0.5869047619047619,48.495370370370374,1006.0185185185189,28.743386243386254,0
3838,4,0,0,40,0.0,0.0,1.0,40,1150,900,250,0.782608695652174,14,9,5,376.2960023064713,0.37585470085470085,0.13719371908432088,0.19529200883881523,126538.26845689738,1523.1689118227127,128061.43736872009,3837,30,2836.625,35,5,16,39.00132769661413,0.587202380952381,48.46643518518519,1006.1342592592599,28.74669312169314,0
3839,4,0,0,40,0.0,0.0,1.0,40,900,600,300,0.6666666666666666,12,6,6,380.080152771215,0.37593482905982906,0.136038289065195,0.1978190956703327,126654.74597318683,1627.7910397376659,128282.5370129245,3838,31,2837.625,35,5,16,38.786003794411855,0.5883928571428572,48.35069444444445,1006.5972222222231,28.75992063492066,0
3840,4,0,0,40,0.0,0.0,1.0,40,1100,800,300,0.7272727272727273,14,8,6,375.0124319717159,0.37585470085470085,0.13513443640124057,0.19602001173872938,126829.56271701395,1512.5325520833383,128342.09526909729,3839,32,2838.625,35,5,17,38.733410892795575,0.5901785714285714,48.177083333333336,1007.2916666666672,28.77976190476192,0
3841,4,0,0,40,0.0,0.0,1.0,40,1200,900,300,0.75,15,9,6,375.9596669550172,0.3759748931623932,0.13102022058823537,0.19665582579185523,126858.71056241433,1538.751714677649,128397.46227709198,3840,33,2839.625,35,5,17,38.6795343137255,0.5904761904761905,48.14814814814815,1007.407407407408,28.7830687830688,0
3842,4,1,0,41,0.024390243902439025,0.0,1.0,41,1500,1100,400,0.7333333333333333,19,11,8,364.81402392460717,0.38193597560975606,0.13451226313713205,0.1934096821102369,127404.47108848726,1095.787552755471,128500.25864124273,3841,0,2771.3414634146343,36,5,16,38.39933073061907,0.5940393518518519,47.60698198198199,1009.5720720720731,28.043668668668698,0
3843,4,0,0,41,0.0,0.0,1.0,41,1050,600,450,0.5714285714285714,15,6,9,361.79112610522805,0.38185975609756095,0.13123626552947054,0.1922122523051948,127489.75326678039,1024.9322802532392,128514.68554703363,3842,1,2772.3414634146343,36,5,16,38.38811143324412,0.5949074074074074,47.52252252252253,1009.9099099099108,28.053053053053077,0
3844,4,0,0,41,0.0,0.0,1.0,41,1250,1000,250,0.8,15,10,5,358.7683701748881,0.38165650406504065,0.12405532659874074,0.1911442884328441,127603.50722343959,956.0204630305915,128559.52768647019,3843,2,2773.3414634146343,36,5,16,38.34777641551492,0.5960648148148149,47.409909909909906,1010.3603603603599,28.065565565565553,0
3845,4,0,0,41,0.0,0.0,1.0,41,1200,1000,200,0.8333333333333334,14,10,4,355.5559004042492,0.3819867886178862,0.12058427882329026,0.1898342775804958,127688.85598013544,880.1052319211028,128568.96121205654,3844,3,2774.3414634146343,36,5,16,38.34145775301764,0.5969328703703703,47.32545045045045,1010.6981981981974,28.074949949949925,0
3846,4,0,0,41,0.0,0.0,1.0,41,1200,900,300,0.75,15,9,6,356.6838270915763,0.38208841463414633,0.12662723821626964,0.19138196743945862,127888.11404309708,923.1243912831615,128811.23843438024,3845,4,2775.3414634146343,36,5,16,38.10885660209306,0.5989583333333333,47.12837837837837,1011.486486486486,28.096846846846834,0
3847,4,0,0,41,0.0,0.0,1.0,41,900,500,400,0.5555555555555556,13,5,8,358.5727165966656,0.38234247967479673,0.12689115317594313,0.1929421815172237,128002.04554216375,979.6082399967493,128981.6537821605,3846,5,2776.3414634146343,36,5,16,37.94444135321612,0.6001157407407407,47.015765765765764,1011.9369369369366,28.10935935935935,0
3848,4,0,0,41,0.0,0.0,1.0,41,1000,800,200,0.8,12,8,4,357.00807903297476,0.3823678861788618,0.12322377757096037,0.19251023529858488,128087.5274556651,945.6564250060817,129033.18388067117,3847,6,2777.3414634146343,36,5,16,37.89654948640931,0.6009837962962963,46.931306306306304,1012.2747747747746,28.11874374374374,0
3849,4,0,0,41,0.0,0.0,1.0,41,750,400,350,0.5333333333333333,11,4,7,357.93620646349126,0.3823932926829268,0.12293876665129244,0.19314804898600146,128116.02776763242,971.4729932635238,129087.50076089594,3848,7,2778.3414634146343,36,5,16,37.84390063032999,0.6012731481481481,46.90315315315315,1012.3873873873868,28.121871871871853,0
3850,4,0,0,41,0.0,0.0,1.0,41,900,600,300,0.6666666666666666,12,6,6,356.134935211669,0.38267276422764224,0.11618043465291206,0.19272428443404033,128230.0607195033,933.4408733057369,129163.50159280903,3849,8,2779.3414634146343,36,5,18,37.7728670965829,0.6024305555555556,46.79054054054054,1012.8378378378379,28.134384384384386,0
3851,4,0,0,41,0.0,0.0,1.0,41,750,600,150,0.8,9,6,3,357.39340774663754,0.382469512195122,0.11893937545577504,0.19381967989731755,128315.61872260776,971.8312484782067,129287.44997108597,3850,9,2780.3414634146343,36,5,18,37.65352339668778,0.6032986111111112,46.70608108108108,1013.1756756756758,28.143768768768773,0
3852,4,0,0,41,0.0,0.0,1.0,41,1000,700,300,0.7,13,7,6,350.89335752124936,0.3822408536585366,0.1173001577505477,0.18840854934927548,127916.59216226345,777.016501298578,128693.60866356203,3851,10,2781.3414634146343,36,5,17,38.226140116516376,0.5992476851851851,47.100225225225216,1011.5990990990978,28.099974974974938,1
3853,4,0,0,41,0.0,0.0,1.0,41,700,300,400,0.42857142857142855,11,3,8,350.7152852576183,0.38241869918699184,0.11716653051698,0.1888483084847342,128030.53634293069,780.453215039355,128810.98955797004,3852,11,2782.3414634146343,36,5,17,38.114081450984756,0.6004050925925926,46.98761261261261,1012.0495495495489,28.11248748748747,0
3854,4,0,0,41,0.0,0.0,1.0,41,1250,900,350,0.72,16,9,7,351.1822438864167,0.38318089430894314,0.12268620851448131,0.18990871432775364,128201.54772593529,804.4214400210919,129005.96916595638,3853,12,2783.3414634146343,36,5,17,37.927415767819404,0.6021412037037037,46.81869369369369,1012.7252252252244,28.131256256256236,0
3855,4,0,0,41,0.0,0.0,1.0,41,1650,1500,150,0.9090909090909091,18,15,3,348.6049943369514,0.3832317073170732,0.12418724031667461,0.1893238590246365,128372.67324334473,750.2710058031038,129122.94424914784,3854,13,2784.3414634146343,36,5,15,37.81785939178426,0.6038773148148149,46.64977477477478,1013.4009009009012,28.150025025025034,0
3856,4,0,0,41,0.0,0.0,1.0,41,1300,900,400,0.6923076923076923,17,9,8,348.84233795270995,0.3836636178861788,0.12565459210073593,0.189995618184407,128486.82032962017,764.3285599788967,129251.14888959906,3855,14,2785.3414634146343,36,5,15,37.69530526861418,0.6050347222222222,46.53716216216216,1013.8513513513514,28.16253753753754,0
3857,4,0,0,41,0.0,0.0,1.0,41,1250,800,450,0.64,17,8,9,351.0363986699014,0.38394308943089434,0.1300415890482174,0.19187717713704328,128629.57552146743,830.7325906988092,129460.30811216624,3856,15,2786.3414634146343,36,5,15,37.493986826524576,0.6064814814814814,46.3963963963964,1014.4144144144145,28.178178178178182,0
3858,4,0,0,41,0.0,0.0,1.0,41,900,700,200,0.7777777777777778,11,7,4,350.9950672594745,0.38346036585365856,0.12632923311704847,0.19268389380492712,128800.9863748884,841.7021751481227,129642.68855003652,3857,16,2787.3414634146343,36,5,16,37.32018711633756,0.6082175925925926,46.22747747747748,1015.09009009009,28.196946946946944,0
3859,4,0,0,41,0.0,0.0,1.0,41,950,800,150,0.8421052631578947,11,8,3,350.6746782108699,0.3836636178861788,0.12524383480107648,0.19264669250889666,128829.56594685912,835.4533164921789,129665.01926335129,3858,17,2788.3414634146343,36,5,16,37.29917729709743,0.6085069444444444,46.19932432432433,1015.2027027027035,28.200075075075098,0
3860,4,0,0,41,0.0,0.0,1.0,41,950,900,50,0.9473684210526315,10,9,1,347.648999205953,0.38404471544715446,0.12567589133804113,0.1912599771714509,128886.7346020008,761.4688590617804,129648.20346106257,3859,18,2789.3414634146343,36,5,16,37.31770544527005,0.6090856481481481,46.143018018018026,1015.4279279279292,28.206331331331366,0
3861,4,0,0,41,0.0,0.0,1.0,41,950,500,450,0.5263157894736842,14,5,9,351.9633630119811,0.38353658536585367,0.13122600183873234,0.19405315002249834,128972.51136271421,878.7197670643774,129851.2311297786,3860,19,2790.3414634146343,36,5,16,37.12075018477458,0.6099537037037037,46.058558558558566,1015.7657657657669,28.215715715715746,0
3862,4,0,0,41,0.0,0.0,1.0,41,1000,700,300,0.7,13,7,6,352.8534751584663,0.38404471544715446,0.13561480888870148,0.19512207683583924,129089.93632656203,909.9665281625096,129999.90285472454,3861,20,2791.3414634146343,37,4,18,36.9784923032657,0.6092342342342343,45.94298245614035,1016.2280701754387,27.4656235182551,0
3863,4,0,0,41,0.0,0.0,1.0,41,900,600,300,0.6666666666666666,12,6,6,350.7121741467344,0.3836636178861788,0.13454618152738895,0.19448584202682567,129201.38888888908,862.5480917205498,130063.93698060964,3862,21,2792.3414634146343,36,5,19,36.919398907103826,0.6122685185185186,45.83333333333334,1016.6666666666682,28.240740740740783,0
3864,4,0,0,41,0.0,0.0,1.0,41,850,500,350,0.5882352941176471,12,5,7,351.5005684488899,0.3830538617886179,0.10411865349014171,0.19634500232639515,129487.77113261938,907.3453098368927,130395.11644245627,3863,22,2793.3414634146343,36,5,15,36.607933171055535,0.615162037037037,45.551801801801815,1017.792792792795,28.272022022022085,3
3865,4,0,0,41,0.0,0.0,1.0,41,1750,1200,550,0.6857142857142857,23,12,11,352.7522711253816,0.3828252032520325,0.1060274120440321,0.19733171602558502,129545.08562616698,939.4646335525049,130484.55025971949,3864,23,2794.3414634146343,36,5,15,36.517791297935105,0.6157407407407407,45.49549549549551,1018.0180180180203,28.27827827827834,0
3866,4,0,0,41,0.0,0.0,1.0,41,850,700,150,0.8235294117647058,10,7,3,350.1095390605235,0.3827489837398374,0.10647885548622948,0.1963657849513373,129647.68005540184,878.1779008926064,130525.85795629445,3865,24,2795.3414634146343,37,4,15,36.48076370944588,0.6148648648648649,45.394736842105274,1018.4210526315803,27.524893314367034,0
3867,4,0,0,41,0.0,0.0,1.0,41,1150,800,350,0.6956521739130435,15,8,7,352.7987008238953,0.38318089430894314,0.10560183071165774,0.1987218863913506,129815.23762119119,959.7294359803077,130774.9670571715,3866,25,2796.3414634146343,37,4,15,36.24201994118069,0.6165540540540541,45.23026315789474,1019.0789473684215,27.54267425320058,0
3868,4,0,0,41,0.0,0.0,1.0,41,1100,800,300,0.7272727272727273,14,8,6,353.35048880935545,0.38328252032520327,0.10546281648682876,0.19945959286342319,129899.05698147518,979.9790560557207,130879.0360375309,3867,26,2797.3414634146343,37,4,16,36.142819368254976,0.6173986486486487,45.14802631578948,1019.407894736843,27.55156472261738,0
3869,4,0,0,41,0.0,0.0,1.0,41,500,200,300,0.4,8,2,6,353.35048880935545,0.38328252032520327,0.10546281648682876,0.19945959286342319,129899.05698147518,979.9790560557207,130879.0360375309,3868,27,2798.3414634146343,37,4,16,36.142819368254976,0.6173986486486487,45.14802631578948,1019.407894736843,27.55156472261738,0
3870,4,0,0,41,0.0,0.0,1.0,41,550,400,150,0.7272727272727273,7,4,3,353.0707922440547,0.38295223577235776,0.1024925370785219,0.19944424218014717,129927.00277970146,974.6859610649426,130901.6887407664,3869,28,2799.3414634146343,37,4,16,36.121567362156725,0.6176801801801801,45.12061403508772,1019.5175438596493,27.554528212422955,0
3871,4,0,0,41,0.0,0.0,1.0,41,1500,1100,400,0.7333333333333333,19,11,8,359.90168784726666,0.38269817073170737,0.1085823691001413,0.20047755615826854,129377.95380015453,1113.5344395498041,130491.48823970434,3870,29,2800.3414634146343,35,6,18,36.50597269624574,0.6160714285714286,45.659722222222236,1017.3611111111128,29.067460317460366,1
3872,4,0,0,41,0.0,0.0,1.0,41,800,600,200,0.75,10,6,4,359.1614293541631,0.38193597560975606,0.1064982400079888,0.20051469513086717,129466.28146701396,1099.8589409722324,130566.1404079862,3871,30,2801.3414634146343,35,6,17,36.43487717502559,0.6169642857142856,45.57291666666667,1017.7083333333339,29.07738095238097,0
3873,4,0,0,41,0.0,0.0,1.0,41,1000,800,200,0.8,12,8,4,356.9959556216485,0.38160569105691056,0.10621235816723762,0.19975422555012862,129554.63927469144,1050.0964506172916,130604.73572530872,3872,31,2802.3414634146343,35,6,17,36.400068212823996,0.6178571428571429,45.486111111111114,1018.0555555555562,29.087301587301607,0
3874,4,0,0,41,0.0,0.0,1.0,41,900,500,400,0.5555555555555556,13,5,8,355.7676670104975,0.3817327235772358,0.1068670134491363,0.1998156501186592,129701.9692670825,1028.7534025634404,130730.72266964594,3873,32,2803.3414634146343,35,6,17,36.281506836344356,0.6193452380952381,45.34143518518518,1018.6342592592595,29.103835978835985,0
3875,4,0,0,41,0.0,0.0,1.0,41,1150,900,250,0.782608695652174,14,9,5,354.4704143520263,0.38165650406504065,0.10520293711652395,0.1996635170295597,129815.23762119122,1003.1322137580869,130818.3698349493,3874,33,2804.3414634146343,37,4,19,36.19942973961695,0.6165540540540541,45.23026315789474,1019.0789473684217,27.542674253200587,0
3876,4,0,0,41,0.0,0.0,1.0,41,1200,1100,100,0.9166666666666666,13,11,2,354.74007143759985,0.38234247967479673,0.106639268216008,0.20043129080692812,129935.60209155166,1018.6729536489196,130954.27504520057,3875,34,2805.3414634146343,38,3,19,36.07028712145027,0.615953947368421,45.11217948717949,1019.5512820512824,26.83029689608638,0
3877,4,0,0,41,0.0,0.0,1.0,41,700,400,300,0.5714285714285714,10,4,6,358.0163561453668,0.3825457317073171,0.1115420582238511,0.20270605787447624,130017.30974687697,1109.6646942800703,131126.97444115704,3876,35,2806.3414634146343,38,3,19,35.90378168866543,0.6167763157894737,45.03205128205128,1019.8717948717941,26.838731443994583,0
3878,4,0,0,41,0.0,0.0,1.0,41,1150,800,350,0.6956521739130435,15,8,7,361.9218771415258,0.382469512195122,0.11316051589835263,0.20549072096917786,130126.29323727082,1219.1104627803375,131345.40370005116,3877,36,2807.3414634146343,38,3,19,35.69349912739965,0.6178728070175439,44.925213675213676,1020.2991452991455,26.84997750787225,0
3879,4,0,0,41,0.0,0.0,1.0,41,1150,800,350,0.6956521739130435,15,8,7,361.01624323198655,0.3823170731707317,0.11607765057242392,0.20569530137636458,130262.58680555565,1205.3819444444548,131467.96875000012,3878,37,2808.3414634146343,38,3,19,35.57823129251702,0.6192434210526316,44.79166666666667,1020.8333333333342,26.86403508771932,0
3880,4,0,0,41,0.0,0.0,1.0,41,600,400,200,0.6666666666666666,8,4,4,363.42187430608783,0.38203760162601624,0.11940378806015928,0.20737231808264917,130320.07250071006,1272.2330015826496,131592.3055022927,3879,38,2809.3414634146343,36,5,19,35.45848498216977,0.6235532407407407,44.73536036036035,1021.0585585585576,28.36273773773771,0
3881,4,0,0,41,0.0,0.0,1.0,41,1150,800,350,0.6956521739130435,15,8,7,363.27666926395614,0.3826473577235772,0.11129930743751859,0.20805845603299303,130463.8422205989,1278.8940122554884,131742.7362328544,3880,39,2810.3414634146343,36,5,21,35.316312095825985,0.625,44.59459459459459,1021.621621621621,28.37837837837836,0
3882,4,0,0,41,0.0,0.0,1.0,41,1200,700,500,0.5833333333333334,17,7,10,344.0275872589583,0.38320630081300816,0.16645081990995148,0.18746158511394126,128505.5993791357,676.1853085386167,129181.78468767431,3881,40,2811.3414634146343,37,4,17,37.79818229335641,0.603322072072072,46.518640350877185,1013.9254385964897,27.40339023233756,7
3883,4,0,0,41,0.0,0.0,1.0,41,850,600,250,0.7058823529411765,11,6,5,346.41343886526187,0.3834857723577236,0.1789812711180927,0.1896869800745048,128700.2310807171,716.6979262850091,129416.92900700211,3882,41,2812.3414634146343,37,4,17,37.53917224983791,0.6052927927927928,46.32675438596491,1014.6929824561399,27.424134660976755,0
3884,4,0,0,41,0.0,0.0,1.0,41,850,600,250,0.7058823529411765,11,6,5,344.94105624401925,0.38379065040650406,0.17935366907688088,0.18914540382669667,128755.86718990447,682.6369652200544,129438.50415512452,3883,42,2813.3414634146343,37,4,17,37.51980697205416,0.6058558558558558,46.2719298245614,1014.9122807017535,27.430061640587933,0
3885,4,0,0,41,0.0,0.0,1.0,41,950,600,350,0.631578947368421,13,6,7,345.47805696897757,0.38351117886178865,0.1837109205565377,0.1898830523641526,128848.62075617303,702.8742283950799,129551.49498456811,3884,43,2814.3414634146343,38,3,17,37.41165070679434,0.6049890350877193,46.180555555555564,1015.2777777777793,26.717836257309983,0
3886,4,0,0,41,0.0,0.0,1.0,41,900,400,500,0.4444444444444444,14,4,10,343.44022870237416,0.38328252032520327,0.17987085604777464,0.18905696158212598,128910.32036675369,654.5979817708578,129564.91834852454,3885,44,2815.3414634146343,39,2,18,37.40052398536603,0.6038995726495726,46.11979166666668,1015.5208333333351,26.03899572649577,0
3887,4,0,0,41,0.0,0.0,1.0,41,1200,900,300,0.75,15,9,6,341.10010502780926,0.383739837398374,0.17707807178543344,0.1883969662764018,129042.58355034742,603.2877604166871,129645.87131076411,3886,45,2816.3414634146343,39,2,19,37.32528535301758,0.6052350427350428,45.98958333333334,1016.0416666666683,26.05235042735047,0
3888,4,0,0,41,0.0,0.0,1.0,41,1200,800,400,0.6666666666666666,16,8,8,342.84028900078795,0.38353658536585367,0.17724543713975804,0.1898658081764863,129148.44292534726,655.4578993055659,129803.90082465282,3887,46,2817.3414634146343,39,2,19,37.1733449477352,0.6063034188034189,45.88541666666667,1016.4583333333337,26.063034188034198,0
3889,4,0,0,41,0.0,0.0,1.0,41,800,600,200,0.75,10,6,4,348.0247245364146,0.38396849593495935,0.18432626949220277,0.1929955290611029,129201.38888888908,793.0881076389093,129994.47699652798,3888,47,2818.3414634146343,36,5,19,36.987704918032776,0.6122685185185186,45.83333333333334,1016.6666666666682,28.240740740740783,0
3890,4,0,0,41,0.0,0.0,1.0,41,750,500,250,0.6666666666666666,10,5,5,348.509760899732,0.38396849593495935,0.19157714811649496,0.1936745375880775,129285.0098708256,811.4175756001819,130096.42744642578,3889,48,2819.3414634146343,37,4,20,36.89027403414195,0.611204954954955,45.75109649122807,1016.9956140350873,27.48636794689425,0
3891,4,0,0,41,0.0,0.0,1.0,41,800,600,200,0.75,10,6,4,347.42246819819627,0.3842479674796748,0.18766499437310036,0.1932068833936732,129312.88954293627,785.2406509695293,130098.1301939058,3890,49,2820.3414634146343,37,4,20,36.88955368693403,0.6114864864864865,45.723684210526315,1017.1052631578946,27.489331436699853,0
3892,4,0,0,41,0.0,0.0,1.0,41,1050,800,250,0.7619047619047619,13,8,5,349.9600674629704,0.3841717479674797,0.19305155240499938,0.195585749925271,129508.13140822163,864.5348809248846,130372.66628914651,3891,50,2821.3414634146343,37,4,17,36.62642734029947,0.6134572072072072,45.53179824561403,1017.8728070175428,27.510075865338994,0
3893,4,0,0,41,0.0,0.0,1.0,41,850,500,350,0.5882352941176471,12,5,7,352.1534482117993,0.3847560975609756,0.19370360836927358,0.197231418582314,129591.85157933201,927.2434787626858,130519.0950580947,3892,51,2822.3414634146343,37,4,17,36.48547993395075,0.6143018018018018,45.44956140350877,1018.2017543859641,27.51896633475579,0
3894,4,0,0,41,0.0,0.0,1.0,41,1450,1100,350,0.7586206896551724,18,11,7,351.7121434555254,0.3846544715447155,0.1942398067683586,0.19754569605210578,129703.52055440134,923.6606455832556,130627.1811999846,3893,52,2823.3414634146343,37,4,18,36.38320775026911,0.615427927927928,45.33991228070175,1018.6403508771929,27.530820293978184,0
3895,4,0,0,41,0.0,0.0,1.0,41,1200,900,300,0.75,15,9,6,348.20053121042054,0.3841717479674797,0.19765150421810795,0.19627191859313897,129843.17440222,842.2924601800647,130685.46686240006,3894,53,2824.3414634146343,37,4,18,36.33080060964677,0.6168355855855856,45.202850877192986,1019.1885964912287,27.545637743006182,0
3896,4,0,0,41,0.0,0.0,1.0,41,1100,700,400,0.6363636363636364,15,7,8,347.83836118214396,0.38394308943089434,0.19735617203500233,0.1969108093338481,130010.85820877599,844.5527710449586,130855.41097982094,3895,54,2825.3414634146343,37,4,19,36.16983388882916,0.6185247747747749,45.038377192982466,1019.8464912280718,27.563418681839778,0
3897,4,0,0,41,0.0,0.0,1.0,41,1000,700,300,0.7,13,7,6,355.18174275599074,0.3832317073170732,0.2101240741614374,0.2017900670382941,130150.67737188395,1045.4288819637131,131196.10625384765,3896,55,2826.3414634146343,37,4,19,35.84067626620817,0.6199324324324325,44.9013157894737,1020.3947368421077,27.578236130867776,0
3898,4,0,0,41,0.0,0.0,1.0,41,1250,800,450,0.64,17,8,9,356.83425570508354,0.383130081300813,0.2049764894385735,0.20419336155703707,130430.54112803961,1108.4170129270778,131538.9581409667,3897,56,2827.3414634146343,37,4,21,35.51461643051382,0.6227477477477478,44.62719298245615,1021.4912280701772,27.607871028923707,0
3899,4,0,0,41,0.0,0.0,1.0,41,1300,1100,200,0.8461538461538461,15,11,4,353.66895005049724,0.382520325203252,0.20209208743020723,0.20326152604011957,130598.60365689457,1037.7342066789988,131636.33786357357,3898,57,2828.3414634146343,37,4,16,35.42515912179076,0.6244369369369369,44.462719298245624,1022.1491228070187,27.62565196775726,0
3900,4,0,0,41,0.0,0.0,1.0,41,1600,1400,200,0.875,18,14,4,352.05545388856126,0.3828760162601626,0.19739105429639436,0.2035116099616034,130822.85534972309,1011.3799438288771,131834.23529355196,3899,58,2829.3414634146343,37,4,17,35.23937120400142,0.6266891891891893,44.24342105263158,1023.0263157894744,27.649359886202014,0
3901,4,0,0,41,0.0,0.0,1.0,41,1200,800,400,0.6666666666666666,16,8,8,350.7042343404804,0.383155487804878,0.19395130312991538,0.2033213244306862,130935.05333371824,983.8955255463374,131918.94885926458,3900,59,2830.3414634146343,37,4,18,35.16043496893078,0.6278153153153153,44.13377192982457,1023.4649122807032,27.66121384542441,0
3902,4,0,0,41,0.0,0.0,1.0,41,1150,800,350,0.6956521739130435,15,8,7,371.24225557911535,0.38427337398373984,0.15031227687399373,0.19437863740834677,126898.60251471587,1230.741309826081,128129.34382454195,3901,60,2831.3414634146343,37,4,21,38.757277723364886,0.5869932432432432,48.10855263157894,1007.5657894736826,27.231507823613043,8
3903,4,0,0,41,0.0,0.0,1.0,41,1100,900,200,0.8181818181818182,13,9,4,369.916790603817,0.38427337398373984,0.15573355124392174,0.19421159657457943,127009.10526556234,1196.5601194598228,128205.66538502216,3902,61,2832.3414634146343,37,4,21,38.676959824504166,0.5881193693693694,47.998903508771924,1008.0043859649111,27.243361782835436,0
3904,4,0,0,41,0.0,0.0,1.0,41,1200,700,500,0.5833333333333334,17,7,10,364.73193043055545,0.3830538617886179,0.15543252517675477,0.19215683444811724,127150.37321030513,1075.214318377627,128225.58752868275,3903,62,2833.3414634146343,35,6,22,38.66240149950269,0.593452380952381,47.85879629629629,1008.5648148148142,28.81613756613755,0
3905,4,0,0,41,0.0,0.0,1.0,41,1000,800,200,0.8,12,8,4,363.8245938894034,0.383130081300813,0.1518684269411501,0.19250912977643173,127325.53155006844,1064.8319615912017,128390.36351165964,3904,63,2834.3414634146343,35,6,16,38.50535168195719,0.5952380952380952,47.685185185185176,1009.259259259258,28.8359788359788,0
3906,4,0,0,41,0.0,0.0,1.0,41,1050,700,350,0.6666666666666666,14,7,7,361.54478347801034,0.3827997967479675,0.1535937933548417,0.19181127388543445,127432.89531085145,1014.5397086275538,128447.435019479,3905,64,2835.3414634146343,36,5,17,38.45267306119415,0.5943287037037037,47.57882882882883,1009.6846846846852,28.046796796796812,0
3907,4,0,0,41,0.0,0.0,1.0,41,1250,900,350,0.72,16,9,7,341.40377996705433,0.3825711382113821,0.1288685703343786,0.17659413796265386,126401.93527094864,432.8011994117139,126834.73647036035,3906,65,2836.3414634146343,37,4,16,40.01915003816376,0.5819256756756757,48.60197368421052,1005.592105263157,27.17816500711235,8
3908,4,0,0,41,0.0,0.0,1.0,41,750,400,350,0.5333333333333333,11,4,7,343.5063033483973,0.3819613821138212,0.1347964466235747,0.17792113611602747,126457.07242853564,487.7602964373576,126944.83272497299,3907,66,2837.3414634146343,37,4,16,39.909585195682986,0.5824887387387387,48.547149122807014,1005.8114035087714,27.18409198672355,0
3909,4,0,0,41,0.0,0.0,1.0,41,700,400,300,0.5714285714285714,10,4,6,342.4231872199462,0.3816310975609756,0.13184559491841874,0.17789762826390929,126580.82133693126,468.841656622125,127049.66299355339,3908,67,2838.3414634146343,38,3,16,39.80960469972043,0.5819627192982456,48.42414529914531,1006.3034188034201,26.481668915879474,0
3910,4,0,0,41,0.0,0.0,1.0,41,600,500,100,0.8333333333333334,7,5,2,341.2680664775994,0.38127540650406505,0.12728383492707818,0.17764794046143345,126661.46746475289,445.10281978232877,127106.57028453522,3909,68,2839.3414634146343,38,3,16,39.75580202363265,0.5827850877192983,48.344017094017104,1006.6239316239329,26.490103463787708,0
3911,4,0,0,41,0.0,0.0,1.0,41,1150,900,250,0.782608695652174,14,9,5,341.54416397458556,0.38216463414634144,0.13331573799506313,0.17826109023391165,126769.03558514136,459.44485535832086,127228.48044049968,3910,69,2840.3414634146343,38,3,16,39.63836728198601,0.5838815789473684,48.23717948717949,1007.0512820512822,26.501349527665322,0
3912,4,0,0,41,0.0,0.0,1.0,41,1200,1000,200,0.8333333333333334,14,10,4,341.4295691858589,0.3828760162601626,0.12813994325925648,0.17879079772303375,126903.5599409198,465.7255597560204,127369.28550067582,3911,70,2841.3414634146343,38,3,16,39.503145654402154,0.5852521929824561,48.103632478632484,1007.5854700854708,26.515407107512388,0
3913,4,0,0,41,0.0,0.0,1.0,41,750,500,250,0.6666666666666666,10,5,5,342.064649518123,0.3830538617886179,0.12972972972972885,0.1795982174848913,127011.23078977676,489.2104289941062,127500.44121877087,3912,71,2842.3414634146343,38,3,17,39.37665606783252,0.5863486842105263,47.99679487179488,1008.0128205128229,26.526653171390077,0
3914,4,0,0,41,0.0,0.0,1.0,41,1250,1000,250,0.8,15,10,5,344.82393363467736,0.383155487804878,0.13354461742875956,0.18191594802705807,127205.59030314126,572.757769964145,127778.3480731054,3913,72,2843.3414634146343,36,5,19,39.10773424127411,0.5920138888888888,47.80405405405407,1008.783783783786,28.021771771771835,0
3915,4,0,0,41,0.0,0.0,1.0,41,1000,700,300,0.7,13,7,6,344.05448072348986,0.38401930894308944,0.13412592780095833,0.1818921652957639,127290.80590303171,558.994425168444,127849.80032820016,3914,73,2844.3414634146343,36,5,19,39.039774206747765,0.5928819444444444,47.71959459459461,1009.1216216216241,28.031156156156225,0
3916,4,1,0,42,0.023809523809523808,0.0,1.0,42,1050,900,150,0.8571428571428571,12,9,3,333.33210070355847,0.38996564072783585,0.13905959804913404,0.17807199349273697,127712.20419908343,114.11546223247609,127826.31966131591,3915,0,2777.595238095238,38,4,17,38.879126589860135,0.5934758771929824,47.30235042735044,1010.7905982906001,26.59975258659474,0
3917,4,0,0,42,0.0,0.0,1.0,42,950,700,250,0.7368421052631579,12,7,5,331.87881284204127,0.39095770421989934,0.1391517621311602,0.17777209754102571,127820.21747616718,84.16440664039129,127904.38188280757,3916,1,2778.595238095238,38,4,17,38.80546751188592,0.5945723684210527,47.19551282051283,1011.2179487179501,26.61099865047237,0
3918,4,0,0,42,0.0,0.0,1.0,42,900,500,400,0.5555555555555556,13,5,8,330.11396307826243,0.3911028842431281,0.13556420350845477,0.17754170041534495,127982.32299884951,49.75036982249833,128032.07336867202,3917,2,2779.595238095238,38,4,17,38.68453700770776,0.596217105263158,47.035256410256416,1011.8589743589749,26.627867746288814,0
3919,4,0,0,42,0.0,0.0,1.0,42,1150,800,350,0.6956521739130435,15,8,7,330.32323952832775,0.39173199767711964,0.13191392412505665,0.1782571662951595,128118.16541883704,64.08148871530221,128182.24690755234,3918,3,2780.595238095238,39,3,17,38.540594882875475,0.5958867521367521,46.90104166666668,1012.3958333333353,25.958867521367573,0
3920,4,0,0,42,0.0,0.0,1.0,42,1400,1100,300,0.7857142857142857,17,11,6,330.4286461026265,0.3915868176538908,0.1353593658161656,0.17867274023997687,128198.62349559856,72.10223144780082,128270.72572704636,3919,4,2781.595238095238,38,4,17,38.45584098181946,0.5984100877192983,46.82158119658119,1012.7136752136744,26.650359874044064,0
3921,4,0,0,42,0.0,0.0,1.0,42,1050,700,350,0.6666666666666666,14,7,7,326.69281666463746,0.3921796360820751,0.13063953766060044,0.1772104125215692,128324.66310562522,-15.45087249650362,128309.21223312872,3920,5,2782.595238095238,40,2,19,38.421932464058834,0.5963541666666667,46.69715447154473,1013.2113821138233,25.330284552845583,0
3922,4,0,0,42,0.0,0.0,1.0,42,1150,1000,150,0.8695652173913043,13,10,3,327.4903785955667,0.3923006194347658,0.1328577158902069,0.17787222523720025,128376.15258774557,8.390962720622099,128384.54355046619,3921,6,2783.595238095238,40,2,16,38.34925290814279,0.596875,46.64634146341464,1013.4146341463429,25.335365853658573,0
3923,4,0,0,42,0.0,0.0,1.0,42,950,600,350,0.631578947368421,13,6,7,332.71573890701455,0.39179248935346495,0.13461520106138303,0.18141189304995592,128530.68300118984,152.8362333928318,128683.51923458268,3922,7,2784.595238095238,40,2,16,38.059355582281015,0.5984375,46.493902439024396,1014.0243902439031,25.350609756097576,0
3924,4,0,0,42,0.0,0.0,1.0,42,950,600,350,0.631578947368421,13,6,7,331.2624349303261,0.39192557104142467,0.13731677184547064,0.18120508974846292,128659.52934967625,124.01379387270907,128783.54314354896,3923,8,2785.595238095238,40,2,16,37.96495709372601,0.5997395833333333,46.366869918699194,1014.5325203252042,25.363313008130106,0
3925,4,0,0,42,0.0,0.0,1.0,42,1150,1000,150,0.8695652173913043,13,10,3,326.0426804616387,0.39239740611691826,0.13662937636500616,0.17869715735949104,128736.86814230958,-5.257287328960103,128731.61085498062,3924,9,2786.595238095238,40,2,16,38.018642766539834,0.6005208333333334,46.29065040650407,1014.8373983739847,25.37093495934962,0
3926,4,0,0,42,0.0,0.0,1.0,42,1400,1000,400,0.7142857142857143,18,10,8,329.85077258024165,0.39214334107626786,0.13418331593324107,0.181136853617594,128814.23017259905,97.89466835217911,128912.12484095123,3925,10,2787.595238095238,40,2,17,37.8432942903861,0.6013020833333333,46.21443089430895,1015.1422764227648,25.37855691056912,0
3927,4,0,0,42,0.0,0.0,1.0,42,1300,1000,300,0.7692307692307693,16,10,6,328.175575809684,0.3918529810298103,0.12877434658969134,0.1811579917928995,129020.64252635662,68.28473048449325,129088.92725684111,3926,11,2788.595238095238,40,2,18,37.67588609916308,0.6033854166666667,46.011178861788615,1015.9552845528451,25.398882113821127,0
3928,4,0,0,42,0.0,0.0,1.0,42,800,700,100,0.875,9,7,2,328.48280015514104,0.39265147115756877,0.13124639916960734,0.1818016870144752,129123.91067031866,82.99674879371577,129206.90741911237,3927,12,2789.595238095238,40,2,18,37.5631186881312,0.6044270833333334,45.90955284552846,1016.3617886178866,25.409044715447166,0
3929,4,0,0,42,0.0,0.0,1.0,42,1150,900,250,0.782608695652174,14,9,5,326.9758424136255,0.39262727448703055,0.1302039456462245,0.18144166962553113,129227.22012566935,50.83583267236094,129278.0559583417,3928,13,2790.595238095238,40,2,19,37.49646010328168,0.60546875,45.8079268292683,1016.7682926829277,25.419207317073194,0
3930,4,0,0,42,0.0,0.0,1.0,42,1400,1000,400,0.7142857142857143,18,10,8,326.93389652786186,0.3926151761517615,0.12893494728027122,0.18177524646949106,129304.72932778098,54.819799722378264,129359.54912750336,3929,14,2791.595238095238,40,2,19,37.418814948041565,0.60625,45.731707317073166,1017.0731707317065,25.42682926829266,0
3931,4,0,0,42,0.0,0.0,1.0,42,1050,700,350,0.6666666666666666,14,7,7,325.19546260827406,0.39253048780487804,0.13354926469189365,0.18128379574799763,129408.11107806192,16.58610945864632,129424.69718752056,3930,15,2792.595238095238,40,2,19,37.358086962311894,0.6072916666666667,45.630081300813,1017.4796747967473,25.436991869918682,0
3932,4,0,0,42,0.0,0.0,1.0,42,700,400,300,0.5714285714285714,10,4,6,325.67161710592126,0.39216753774680607,0.13016792180130832,0.1820271717038452,129511.53413973158,35.646151431016506,129547.1802911626,3931,16,2793.595238095238,40,2,16,37.2410393370607,0.6083333333333334,45.52845528455284,1017.8861788617882,25.447154471544703,0
3933,4,0,0,42,0.0,0.0,1.0,42,950,700,250,0.7368421052631579,12,7,5,327.97432557174847,0.3909335075493612,0.13834801531868002,0.1840402402508434,129666.74619108994,105.47272622116378,129772.21891731111,3932,17,2794.595238095238,40,2,17,37.02500332601609,0.6098958333333333,45.3760162601626,1018.4959349593495,25.46239837398374,0
3934,4,0,0,42,0.0,0.0,1.0,42,1000,700,300,0.7,13,7,6,333.98247969108917,0.39023180410375535,0.14204038216802495,0.18815597226641803,129822.05119307282,271.6581152091916,130093.70930828202,3933,18,2795.595238095238,40,2,17,36.71449109161016,0.6114583333333333,45.22357723577235,1019.1056910569099,25.47764227642275,0
3935,4,0,0,42,0.0,0.0,1.0,42,900,500,400,0.5555555555555556,13,5,8,335.5659951182952,0.38975996902826177,0.145770123783884,0.18917320770328155,129847.94439693616,314.51093512457487,130162.45533206074,3934,19,2796.595238095238,40,2,17,36.64788779206966,0.61171875,45.19817073170731,1019.2073170731692,25.48018292682923,0
3936,4,0,0,42,0.0,0.0,1.0,42,550,300,250,0.5454545454545454,8,3,5,336.36719092754475,0.3901955090979481,0.14758296898661816,0.18987615600417543,129899.73855054846,338.80203169408423,130238.54058224254,3935,20,2797.595238095238,40,2,17,36.574950985278974,0.6122395833333334,45.14735772357723,1019.4105691056898,25.485264227642244,0
3937,4,0,0,42,0.0,0.0,1.0,42,1150,1000,150,0.8695652173913043,13,10,3,339.5367831920619,0.3901471157568719,0.15217927729138547,0.19217437221276581,130003.35784131452,428.18438512127653,130431.54222643579,3936,21,2798.595238095238,40,2,19,36.389096495598764,0.61328125,45.04573170731707,1019.8170731707303,25.495426829268258,0
3938,4,0,0,42,0.0,0.0,1.0,42,1350,1100,250,0.8148148148148148,16,11,5,336.66566959300707,0.3899172473867596,0.1483056875408999,0.19143808913097266,130184.79100568444,365.7499669508878,130550.54097263532,3937,22,2799.595238095238,40,2,19,36.2784637854345,0.6151041666666667,44.86788617886179,1020.5284552845528,25.51321138211382,0
3939,4,0,0,42,0.0,0.0,1.0,42,1300,1000,300,0.7692307692307693,16,10,6,333.9150826764468,0.389626887340302,0.14292351747548904,0.1901271593198544,130236.65229030342,297.59650340406324,130534.24879370748,3938,23,2800.595238095238,40,2,19,36.29613035975043,0.615625,44.81707317073171,1020.7317073170734,25.518292682926834,0
3940,4,0,0,42,0.0,0.0,1.0,42,800,400,400,0.5,12,4,8,333.330180809087,0.38953010065814947,0.13601171793262146,0.19032078065551128,130344.39718934939,289.549460439066,130633.94664978846,3939,24,2801.595238095238,38,4,19,36.202003557229524,0.6200657894736843,44.711538461538474,1021.1538461538483,26.87246963562759,0
3941,4,0,0,42,0.0,0.0,1.0,42,1050,800,250,0.7619047619047619,13,8,5,336.82619372742806,0.39023180410375535,0.13103455144869058,0.19285820745039936,130453.51765103375,388.03236175031776,130841.55001278406,3940,25,2802.595238095238,38,4,19,36.00231820400195,0.6211622807017544,44.60470085470086,1021.5811965811972,26.88371569950519,0
3942,4,0,0,42,0.0,0.0,1.0,42,1600,1000,600,0.625,22,10,12,338.0819911689951,0.3898567557104142,0.13461650457166097,0.1942189986738984,130581.79253472247,429.47048611113416,131011.2630208336,3941,26,2803.595238095238,39,3,17,35.84046745481724,0.6207264957264957,44.47916666666668,1022.0833333333353,26.207264957265007,0
3943,4,0,0,42,0.0,0.0,1.0,42,1050,700,350,0.6666666666666666,14,7,7,340.48497239176385,0.38934862562911343,0.14458415803159097,0.19613852634962198,130688.28125000023,499.4791666666962,131187.76041666692,3942,27,2804.595238095238,39,3,18,35.67135289323555,0.6217948717948718,44.375000000000014,1022.5000000000018,26.217948717948765,0
3944,4,0,0,42,0.0,0.0,1.0,42,1250,800,450,0.64,17,8,9,340.53573053467477,0.3889493805652342,0.13993035853714142,0.1965738000070531,130768.17626953137,506.2472873264037,131274.42355685777,3943,28,2805.595238095238,39,3,18,35.58926995281258,0.6225961538461539,44.29687500000001,1022.8125000000009,26.22596153846156,0
3945,4,0,0,42,0.0,0.0,1.0,42,1000,700,300,0.7,13,7,6,341.836678211194,0.38859852884243123,0.14167902958373335,0.19773379584159886,130848.095703125,545.7356770833337,131393.83138020834,3944,29,2806.595238095238,39,3,18,35.4752087151293,0.6233974358974359,44.21875,1023.125,26.233974358974358,0
3946,4,0,0,42,0.0,0.0,1.0,42,950,700,250,0.7368421052631579,12,7,5,343.0267811939867,0.38864692218350755,0.1415506852236974,0.1985593442350343,130874.74093967021,578.7082248263935,131453.44916449662,3945,30,2807.595238095238,39,3,18,35.417833146696516,0.6236645299145299,44.192708333333336,1023.2291666666673,26.236645299145316,0
3947,4,0,0,42,0.0,0.0,1.0,42,950,700,250,0.7368421052631579,12,7,5,341.01420080924424,0.3890219705768487,0.0752296706382638,0.18653633933666955,128658.8684345095,375.68420191680366,129034.5526364263,3946,31,2808.595238095238,38,4,17,37.71829366750914,0.6030701754385965,46.36752136752137,1014.5299145299148,26.69815564552407,7
3948,4,0,0,42,0.0,0.0,1.0,42,1100,700,400,0.6363636363636364,15,7,8,341.16728510155997,0.3882960704607046,0.07320282075571005,0.18725767624205203,128794.39153928334,388.0865795529234,129182.47811883627,3947,32,2809.595238095238,38,4,19,37.5763077570782,0.6044407894736843,46.23397435897436,1015.0641025641024,26.712213225371116,0
3949,4,0,0,42,0.0,0.0,1.0,42,1100,800,300,0.7272727272727273,14,8,6,341.5294166497971,0.3880783004258614,0.06924972576597743,0.18822725588925324,128957.11343277433,408.529544707416,129365.64297748175,3948,33,2810.595238095238,38,4,21,37.401388450615336,0.6060855263157895,46.07371794871794,1015.705128205127,26.729082321187555,0
3950,4,0,0,42,0.0,0.0,1.0,42,950,700,250,0.7368421052631579,12,7,5,342.9979385521446,0.3876790553619822,0.06485672296192102,0.18931855657606492,129016.12548828126,450.453016493056,129466.57850477433,3949,34,2811.595238095238,39,3,21,37.30401329505451,0.6049679487179487,46.015625,1015.9375000000001,26.04967948717949,0
3951,4,0,0,42,0.0,0.0,1.0,42,1450,1200,250,0.8275862068965517,17,12,5,343.58934636660746,0.38671118854045683,0.07670819121787464,0.1904082016576786,129174.9145507811,476.62489149304065,129651.53944227415,3950,35,2812.595238095238,39,3,21,37.127373877104894,0.6065705128205128,45.85937499999999,1016.5624999999989,26.0657051282051,0
3952,4,0,0,42,0.0,0.0,1.0,42,1050,700,350,0.6666666666666666,14,7,7,345.91590427547504,0.3867958768873403,0.08644905390467561,0.19239930169448533,129319.08543381312,546.7165262773963,129865.80196009051,3951,36,2813.595238095238,35,7,22,36.92155970262478,0.6154761904761905,45.717592592592574,1017.1296296296271,29.06084656084649,0
3953,4,0,0,42,0.0,0.0,1.0,42,650,500,150,0.7692307692307693,8,5,3,347.15372339806,0.3861788617886179,0.08537298878595911,0.19337650371793028,129377.95380015399,582.8076774691041,129960.76147762309,3952,37,2814.595238095238,35,7,22,36.830204778157,0.6160714285714286,45.65972222222221,1017.3611111111085,29.06746031746024,0
3954,4,0,0,42,0.0,0.0,1.0,42,1250,800,450,0.64,17,8,9,350.5165538415514,0.3858159117305459,0.09335910848305673,0.19583497931909788,129495.73072059313,678.0794538751552,130173.81017446828,3953,38,2815.595238095238,35,7,17,36.62487680994618,0.6172619047619048,45.543981481481474,1017.8240740740729,29.080687830687797,0
3955,4,0,0,42,0.0,0.0,1.0,42,600,400,200,0.6666666666666666,8,4,4,354.41254269549205,0.3856102400309718,0.10187034240904036,0.19875563818850442,129643.02722318674,789.4229841821019,130432.45020736885,3954,39,2816.595238095238,35,7,18,36.375937606546195,0.61875,45.39930555555556,1018.4027777777778,29.097222222222225,0
3956,4,0,0,42,0.0,0.0,1.0,42,1000,700,300,0.7,13,7,6,355.41091303065315,0.3853803716608595,0.111009233865079,0.19991579983443067,129760.92470689728,823.6897451560391,130584.61445205331,3955,40,2817.595238095238,35,7,19,36.230664735506856,0.6199404761904762,45.28356481481482,1018.8657407407406,29.110449735449734,0
3957,4,0,0,42,0.0,0.0,1.0,42,900,500,400,0.5555555555555556,13,5,8,353.46738623514807,0.38498112659698025,0.10866713804092765,0.1990985386466342,129815.23762119105,777.090547091404,130592.32816828245,3956,41,2818.595238095238,37,5,20,36.224983860555206,0.6165540540540541,45.23026315789473,1019.0789473684204,27.542674253200552,0
3958,4,0,0,42,0.0,0.0,1.0,42,1200,900,300,0.75,15,9,6,353.621271414648,0.3850537166085946,0.11115892139988537,0.19946986280768006,129871.11418898118,785.0377039088902,130656.15189289008,3957,42,2819.595238095238,37,5,20,36.164300057372344,0.6171171171171171,45.175438596491226,1019.2982456140348,27.54860123281175,0
3959,4,0,0,42,0.0,0.0,1.0,42,950,700,250,0.7368421052631579,12,7,5,350.2964625983668,0.3850295199380565,0.059851096787088665,0.19614132130214065,129581.83235627135,679.000621859766,130260.83297813112,3958,43,2820.595238095238,38,4,16,36.54293459251486,0.612390350877193,45.4594017094017,1018.1623931623923,26.79374718848401,3
3960,4,0,0,42,0.0,0.0,1.0,42,1000,700,300,0.7,13,7,6,348.2376263435733,0.3850537166085946,0.05825128750755537,0.19539430794192367,129663.42872242304,630.7369283731359,130294.16565079617,3959,44,2821.595238095238,38,4,16,36.5124217629987,0.6132127192982456,45.3792735042735,1018.4829059829053,26.802181736392246,0
3961,4,0,0,42,0.0,0.0,1.0,42,1100,1000,100,0.9090909090909091,12,10,2,348.5375048863934,0.38459397986837013,0.06361618551130976,0.19630065689715528,129811.04736328126,648.8037109375006,130459.85107421876,3960,45,2822.595238095238,39,3,16,36.354837473167734,0.6129807692307692,45.234375,1019.0625000000001,26.129807692307697,0
3962,4,0,0,42,0.0,0.0,1.0,42,1300,800,500,0.6153846153846154,18,8,10,348.7602894481106,0.3841463414634146,0.07716932298052082,0.19709386334400142,129943.7717013888,663.8454861111065,130607.61718749991,3961,46,2823.595238095238,39,3,17,36.21441220542162,0.6143162393162394,45.104166666666664,1019.5833333333326,26.143162393162374,0
3963,4,0,0,42,0.0,0.0,1.0,42,1000,800,200,0.8,12,8,4,345.7176811092177,0.3842673248161053,0.07527117077678858,0.1956402368820372,129996.88042534732,588.444010416672,130585.32443576399,3962,47,2824.595238095238,39,3,17,36.2380830779707,0.6148504273504274,45.052083333333336,1019.7916666666674,26.148504273504294,0
3964,4,0,0,42,0.0,0.0,1.0,42,850,600,250,0.7058823529411765,11,6,5,344.7646273782751,0.3840616531165311,0.07864947265539546,0.19549971024409085,130076.56385633687,569.1596137152824,130645.72347005215,3963,48,2825.595238095238,39,3,17,36.181562510636844,0.6156517094017093,44.973958333333336,1020.1041666666672,26.156517094017108,0
3965,4,0,0,42,0.0,0.0,1.0,42,800,600,200,0.75,10,6,4,343.8740859333474,0.38436411149825783,0.08217373124459137,0.1951276244282273,130103.13042534716,547.8190104166617,130650.94943576382,3964,49,2826.595238095238,39,3,17,36.177336464502076,0.6159188034188035,44.947916666666664,1020.2083333333328,26.15918803418802,0
3966,4,0,0,42,0.0,0.0,1.0,42,700,300,400,0.42857142857142855,11,3,8,345.96387490612557,0.38346883468834686,0.0836504210828124,0.19698431203980954,130236.00396050338,611.3905164930458,130847.39447699643,3965,50,2827.595238095238,39,3,18,35.98932289009084,0.6172542735042735,44.81770833333333,1020.7291666666658,26.172542735042715,0
3967,4,0,0,42,0.0,0.0,1.0,42,800,600,200,0.75,10,6,4,346.81064372007984,0.3841705381339528,0.08584262653842867,0.19802866492735155,130346.55044100108,641.1196383743095,130987.67007937538,3966,51,2828.595238095238,37,5,19,35.8556811267404,0.6219031531531531,44.709429824561404,1021.1622807017543,27.598980559506874,0
3968,4,0,0,42,0.0,0.0,1.0,42,1100,700,400,0.6363636363636364,15,7,8,346.2920177055865,0.38421893147502906,0.0873527081256551,0.19801781122943737,130402.54122662733,631.4718230609328,131034.01304968826,3967,52,2829.595238095238,37,5,19,35.812198067632856,0.6224662162162162,44.65460526315789,1021.3815789473678,27.60490753911805,0
3969,4,0,0,42,0.0,0.0,1.0,42,1350,1000,350,0.7407407407407407,17,10,7,349.5767944257914,0.38360191637630664,0.09434943867771839,0.20058200591977787,130535.38795976709,726.4284964204935,131261.81645618757,3968,53,2830.595238095238,38,4,16,35.59374455480048,0.621984649122807,44.524572649572654,1021.9017094017104,26.89215024741343,0
3970,4,0,0,42,0.0,0.0,1.0,42,950,600,350,0.631578947368421,13,6,7,349.5767944257914,0.3835172280294232,0.09434943867771839,0.20058200591977787,130535.38795976709,726.4284964204935,131261.81645618757,3969,54,2831.595238095238,38,4,16,35.59374455480048,0.621984649122807,44.524572649572654,1021.9017094017104,26.89215024741343,0
3971,4,0,0,42,0.0,0.0,1.0,42,850,500,350,0.5882352941176471,12,5,7,348.59382502162293,0.3825251645373597,0.08979868976735172,0.20115061404050613,130753.83434007235,715.995849769892,131469.83018984224,3970,55,2832.595238095238,38,4,18,35.39773320798079,0.6241776315789473,44.31089743589744,1022.7564102564105,26.914642375168697,0
3972,4,0,0,42,0.0,0.0,1.0,42,650,400,250,0.6153846153846154,9,4,5,350.58388836245393,0.3822348044909021,0.09666293671515613,0.2025854394128241,130808.4744708342,771.8687221491659,131580.34319298336,3971,56,2833.595238095238,38,4,18,35.291557876414274,0.6247258771929824,44.25747863247863,1022.9700854700851,26.920265407107504,0
3973,4,0,0,42,0.0,0.0,1.0,42,850,400,450,0.47058823529411764,13,4,9,347.8237755644811,0.3819081494386372,0.09409720668724764,0.20156103727357322,130917.78897518085,707.2639299802834,131625.05290516114,3972,57,2834.595238095238,38,4,18,35.25159202421966,0.6258223684210527,44.15064102564103,1023.3974358974363,26.931511470985164,0
3974,4,0,0,42,0.0,0.0,1.0,42,1200,800,400,0.6666666666666666,16,8,8,344.73616866941967,0.3822469028261711,0.09591652128965578,0.20005555614910417,130972.4633487654,630.1890432098749,131602.65239197528,3973,58,2835.595238095238,38,4,18,35.27532790592492,0.6263706140350878,44.09722222222222,1023.611111111111,26.93713450292397,0
3975,4,0,0,42,0.0,0.0,1.0,42,1600,1200,400,0.75,20,12,8,343.61368826237305,0.3826582462253194,0.10021112370105678,0.20042093774449463,131168.01757812515,614.2252604166812,131782.24283854183,3974,59,2836.595238095238,39,3,19,35.10651820215579,0.6266025641025641,43.90625000000001,1024.3750000000011,26.26602564102567,0
3976,4,0,0,42,0.0,0.0,1.0,42,1350,1100,250,0.8148148148148148,16,11,5,342.27963221715663,0.3819686411149826,0.1059303575058812,0.20019899059169982,131274.74500868068,586.5342881944634,131861.27929687515,3975,60,2837.595238095238,39,3,19,35.0329504641865,0.6276709401709402,43.80208333333334,1024.7916666666679,26.276709401709432,0
3977,4,0,0,42,0.0,0.0,1.0,42,800,500,300,0.625,11,5,6,340.68566942305085,0.3821501161440186,0.10726264283536358,0.1994054908657586,131301.43364800367,546.5033637153015,131847.93701171898,3976,61,2838.595238095238,39,3,19,35.04685858996512,0.6279380341880342,43.77604166666668,1024.895833333335,26.279380341880387,0
3978,4,0,0,42,0.0,0.0,1.0,42,1150,800,350,0.6956521739130435,15,8,7,340.37364637655566,0.3822348044909021,0.10324738482304108,0.19964703610204335,131382.88498064148,543.8570391401224,131926.7420197816,3977,62,2839.595238095238,38,4,19,34.97268827289147,0.6304824561403508,43.6965811965812,1025.2136752136757,26.97930724246515,0
3979,4,0,0,42,0.0,0.0,1.0,42,1550,1300,250,0.8387096774193549,18,13,5,338.5432746078469,0.38207752613240414,0.101275708821154,0.19926094590935284,131515.04041883696,504.70648871529727,132019.74690755227,3978,63,2840.595238095238,39,3,20,34.88636555973054,0.6300747863247863,43.56770833333334,1025.729166666668,26.3007478632479,0
3980,4,0,0,42,0.0,0.0,1.0,42,750,600,150,0.8,9,6,3,338.85654969343915,0.3814000193573364,0.10047967196626817,0.19958488644623162,131541.75347222242,514.7569444444691,132056.5104166669,3979,64,2841.595238095238,39,3,20,34.851408069320335,0.6303418803418803,43.54166666666668,1025.833333333335,26.303418803418847,0
3981,4,0,0,42,0.0,0.0,1.0,42,1350,900,450,0.6666666666666666,18,9,9,340.0238264437916,0.38121854432830043,0.09981052916497446,0.20083421691392317,131648.63281250017,552.7343750000148,132201.3671875002,3980,65,2842.595238095238,39,3,16,34.71376370280146,0.6314102564102564,43.43750000000001,1026.2500000000014,26.314102564102598,0
3982,4,0,0,42,0.0,0.0,1.0,42,1300,1000,300,0.7692307692307693,16,10,6,338.6461178244377,0.38131533101045295,0.0980484551478158,0.2001607797794954,131675.35942925364,518.269856770853,132193.6292860245,3981,66,2843.595238095238,39,3,16,34.72218698196827,0.6316773504273504,43.41145833333334,1026.354166666668,26.31677350427354,0
3983,4,0,0,42,0.0,0.0,1.0,42,800,600,200,0.75,10,6,4,338.65539258675085,0.38187185443283006,0.0946752851490602,0.20072917647189467,131782.29302300367,525.7568359375257,132308.0498589412,3982,67,2844.595238095238,39,3,17,34.61425467518854,0.6327457264957265,43.30729166666668,1026.770833333335,26.32745726495731,0
3984,4,0,0,42,0.0,0.0,1.0,42,950,700,250,0.7368421052631579,12,7,5,337.23713411308904,0.3821985094850948,0.09233496604160019,0.2000291015696049,131809.03320312515,490.1801215277933,132299.21332465293,3983,68,2845.595238095238,39,3,17,34.623740447690544,0.6330128205128205,43.28125000000001,1026.8750000000011,26.330128205128233,0
3985,4,0,0,42,0.0,0.0,1.0,42,850,500,350,0.5882352941176471,12,5,7,335.56785119879623,0.3817508710801394,0.08570317894930013,0.19945958894944746,131889.2700195314,451.5597873264045,132340.8298068578,3984,69,2846.595238095238,39,3,18,34.58584744616841,0.6338141025641026,43.20312500000001,1027.1875000000011,26.338141025641054,0
3986,4,0,0,42,0.0,0.0,1.0,42,1250,1100,150,0.88,14,11,3,335.14022662796333,0.381145954316686,0.0800409377051714,0.19962700455665663,131969.53125000015,445.6597222222373,132415.1909722224,3985,70,2847.595238095238,39,3,18,34.51608542849419,0.6346153846153846,43.12500000000001,1027.5000000000011,26.346153846153875,0
3987,4,0,0,42,0.0,0.0,1.0,42,1100,800,300,0.7272727272727273,14,8,6,341.193787357682,0.380783004258614,0.01263645419349535,0.18947492119491874,129257.13320444748,429.54755309325355,129686.68075754074,3986,71,2848.595238095238,37,5,15,37.10462942994752,0.6109234234234234,45.77850877192982,1016.8859649122803,27.483404457088657,8
3988,4,0,0,42,0.0,0.0,1.0,42,1150,900,250,0.782608695652174,14,9,5,340.6218968492158,0.3809039876113047,0.01607405924534322,0.18955904841452745,129340.77222077934,411.25983475683404,129752.03205553617,3987,72,2849.595238095238,37,5,16,37.03413010671552,0.6117680180180181,45.696271929824555,1017.2149122807007,27.492294926505423,0
3989,4,0,0,42,0.0,0.0,1.0,42,1100,800,300,0.7272727272727273,14,8,6,324.53400337810933,0.37992402245451024,-0.042191099976859214,0.17395463623879853,127847.22792935923,-101.8454598582895,127745.38246950094,3988,73,2850.595238095238,38,4,14,38.963571378266074,0.5948464912280702,47.168803418803414,1011.3247863247854,26.61381016644172,8
3990,4,0,0,42,0.0,0.0,1.0,42,1100,900,200,0.8181818181818182,13,9,4,324.75964007715504,0.3797304490902052,-0.03886140604890598,0.17477973356879611,128009.35057345305,-85.54587625101081,127923.80469720204,3989,74,2851.595238095238,38,4,15,38.79240568693696,0.5964912280701755,47.008547008547005,1011.9658119658112,26.63067926225819,0
3991,4,0,0,42,0.0,0.0,1.0,42,950,700,250,0.7368421052631579,12,7,5,325.59895851463045,0.3793795973674023,-0.03896218117853989,0.1755862340310826,128090.45041867551,-58.776549601875246,128031.67386907364,3990,75,2852.595238095238,38,4,16,38.68843447669307,0.5973135964912281,46.9284188034188,1012.2863247863241,26.639113810166425,0
3992,4,0,0,42,0.0,0.0,1.0,42,1250,700,550,0.56,18,7,11,325.35050472680643,0.3787867789392179,-0.04409282700421979,0.17604582105080624,128225.67389875084,-56.342455621299735,128169.33144312954,3991,76,2853.595238095238,38,4,16,38.55683016877638,0.5986842105263157,46.794871794871796,1012.820512820513,26.6531713900135,0
3993,4,0,0,42,0.0,0.0,1.0,42,500,300,200,0.6,7,3,4,325.35050472680643,0.3787867789392179,-0.04409282700421979,0.17604582105080624,128225.67389875084,-56.342455621299735,128169.33144312954,3992,77,2854.595238095238,38,4,16,38.55683016877638,0.5986842105263157,46.794871794871796,1012.820512820513,26.6531713900135,0
3994,4,0,0,42,0.0,0.0,1.0,42,1600,1300,300,0.8125,19,13,6,323.5714447080489,0.37895615563298485,-0.03965576108131985,0.17555787080155233,128333.90404704504,-94.96265249470457,128238.94139455033,3993,78,2855.595238095238,38,4,16,38.49158231407282,0.5997807017543859,46.68803418803419,1013.2478632478629,26.66441745389113,0
3995,4,0,0,42,0.0,0.0,1.0,42,1250,900,350,0.72,16,9,7,306.0572396777864,0.379524777390631,-0.042962856181826714,0.15980122472112035,126784.7810909512,-639.3199732302111,126145.46111772099,3994,79,2856.595238095238,40,2,15,40.51568281197445,0.5807291666666667,48.22154471544716,1007.1138211382117,25.177845528455293,3
3996,4,0,0,42,0.0,0.0,1.0,42,850,400,450,0.47058823529411764,13,4,9,306.9828791347421,0.379512679055362,-0.04152913309406059,0.16038520374825682,126810.36962332287,-614.2775257782937,126196.09209754458,3995,80,2857.595238095238,40,2,15,40.46619076447046,0.5809895833333334,48.19613821138212,1007.2154471544724,25.18038617886181,0
3997,4,0,0,42,0.0,0.0,1.0,42,1200,900,300,0.75,15,9,6,306.2856604726815,0.38021438250096784,-0.04550083095574298,0.16032291646917468,126887.15071220855,-627.2570477228927,126259.89366448566,3996,81,2858.595238095238,40,2,15,40.405192993073776,0.5817708333333333,48.119918699187004,1007.5203252032537,25.188008130081343,0
3998,4,0,0,42,0.0,0.0,1.0,42,1000,900,100,0.9,11,9,2,308.9175172299834,0.38034746418892756,-0.04728066007170917,0.16241498083935718,127066.3969549377,-549.3928258642137,126517.0041290735,3997,82,2859.595238095238,40,2,16,40.155562275308284,0.58359375,47.94207317073172,1008.2317073170746,25.205792682926862,0
3999,4,0,0,42,0.0,0.0,1.0,42,1050,700,350,0.6666666666666666,14,7,7,309.671317409328,0.38095238095238093,-0.04475441930097335,0.16311985955255695,127143.25550267703,-525.4761137550373,126617.77938892199,3998,83,2860.595238095238,40,2,16,40.05798233239285,0.584375,47.86585365853659,1008.5365853658541,25.213414634146353,0
4000,4,0,0,42,0.0,0.0,1.0,42,550,300,250,0.5454545454545454,8,3,5,310.9268916396812,0.3809039876113047,-0.04208763900482615,0.16398832765225696,127194.50744431232,-490.36143333993334,126704.14601097238,3999,84,2861.595238095238,40,2,16,39.97393209752167,0.5848958333333334,47.81504065040651,1008.7398373983746,25.218495934959364,0
4001,4,0,0,42,0.0,0.0,1.0,42,950,700,250,0.7368421052631579,12,7,5,311.2097909458697,0.38083139759969026,-0.03661472646264663,0.1644492822938553,127271.4047214787,-478.3785486482852,126793.02617283042,4000,85,2862.595238095238,40,2,16,39.88820626447778,0.5856770833333333,47.738821138211385,1009.0447154471551,25.226117886178876,0
4002,4,0,0,42,0.0,0.0,1.0,42,1350,1100,250,0.8148148148148148,16,11,5,308.19500916695193,0.3796094657375145,-0.02269601100412655,0.16354581873311982,127442.37075617297,-544.5794753086307,126897.79128086433,4001,86,2863.595238095238,41,1,12,39.7896607060981,0.5858739837398375,47.56944444444445,1009.7222222222233,24.627371273712765,0
4003,4,0,0,42,0.0,0.0,1.0,42,1350,1100,250,0.8148148148148148,16,11,5,307.3062092550205,0.38033536585365857,-0.018692113387594356,0.16327647234948406,127492.46110481248,-564.1550138573747,126928.3060909551,4002,87,2864.595238095238,41,1,12,39.76096922069418,0.5863821138211383,47.51984126984128,1009.9206349206363,24.632210607820397,0
4004,4,0,0,42,0.0,0.0,1.0,42,1000,700,300,0.7,13,7,6,308.1524613259006,0.38096447928765004,-0.023454157782515583,0.16413308923341896,127592.67132779027,-536.4008566389584,127056.27047115132,4003,88,2865.595238095238,41,1,12,39.63733961770099,0.5873983739837398,47.42063492063492,1010.3174603174594,24.641889276035595,0
4005,4,0,0,42,0.0,0.0,1.0,42,1050,700,350,0.6666666666666666,14,7,7,306.82938580304506,0.38085559427022847,-0.020593473474595836,0.1637334181862556,127667.85483001063,-565.5501031431102,127102.30472686753,4004,89,2866.595238095238,41,1,12,39.5940700566081,0.588160569105691,47.34623015873016,1010.6150793650787,24.649148277197042,0
4006,4,0,0,42,0.0,0.0,1.0,42,1000,800,200,0.8,12,8,4,303.96425606995615,0.38015389082462253,-0.023902958613053915,0.16281175313300394,127818.28826727447,-629.5618189405436,127188.72644833392,4005,90,2867.595238095238,41,1,13,39.51312583799337,0.5896849593495934,47.19742063492063,1011.2103174603172,24.663666279519934,0
4007,4,0,0,42,0.0,0.0,1.0,42,900,400,500,0.4444444444444444,14,4,10,303.70197835214685,0.38044425087108014,-0.02100757926000618,0.16307788695402006,127918.62643494895,-630.1720167233582,127288.45441822559,4006,91,2868.595238095238,41,1,14,39.41753702069238,0.5907012195121951,47.098214285714285,1011.6071428571425,24.673344947735185,0
4008,4,0,0,42,0.0,0.0,1.0,42,1200,800,400,0.6666666666666666,16,8,8,307.03716008167237,0.37981513743708867,-0.026937135014774127,0.16528158680702565,128019.00397022218,-538.6817168997368,127480.32225332245,4007,92,2869.595238095238,41,1,16,39.230937326405915,0.5917174796747968,46.99900793650793,1012.003968253967,24.683023615950415,0
4009,4,0,0,42,0.0,0.0,1.0,42,650,400,250,0.6153846153846154,9,4,5,307.5952410974845,0.37958526906697637,-0.025135127566022986,0.16568567316137972,128044.10450522782,-522.8485607206014,127521.25594450723,4008,93,2870.595238095238,41,1,16,39.191253349016534,0.5919715447154472,46.97420634920634,1012.103174603173,24.68544328300422,0
4010,4,0,0,42,0.0,0.0,1.0,42,1400,1000,400,0.7142857142857143,18,10,8,306.19483251029186,0.3795489740611692,-0.025535696790717877,0.16544894946704836,128169.64408738016,-551.0234591521958,127618.62062822796,4009,94,2871.595238095238,41,1,17,39.09888230299468,0.5932418699186992,46.850198412698404,1012.599206349205,24.69754161827329,0
4011,4,0,0,42,0.0,0.0,1.0,42,1200,1000,200,0.8333333333333334,14,10,4,306.5254430996351,0.37921022067363536,-0.030162461693463705,0.16583562525724285,128219.87714356565,-539.4690688775595,127680.4080746881,4010,95,2872.595238095238,41,1,17,39.039389264374584,0.59375,46.800595238095234,1012.7976190476182,24.70238095238093,0
4012,4,0,0,42,0.0,0.0,1.0,42,950,600,350,0.631578947368421,13,6,7,303.70450058040643,0.37918602400309714,-0.02687750905708397,0.16472299864193785,128320.37278163574,-605.7050540123512,127714.6677276234,4011,96,2873.595238095238,41,1,17,39.008596070367844,0.5947662601626016,46.701388888888886,1013.194444444444,24.712059620596197,0
4013,4,0,0,42,0.0,0.0,1.0,42,800,500,300,0.625,11,5,6,305.9653571559491,0.3788956639566396,-0.026998112020138465,0.16615822027368507,128370.63536352027,-544.6065405328917,127826.02882298738,4012,97,2874.595238095238,41,1,14,38.900208027410685,0.5952743902439024,46.65178571428571,1013.3928571428561,24.716898954703808,0
4014,4,0,0,42,0.0,0.0,1.0,42,1250,700,550,0.56,18,7,11,308.35582435627543,0.37944008904374754,-0.02626060699257704,0.16787896478938627,128471.19005298885,-477.0320570357727,127994.15799595308,4013,98,2875.595238095238,41,1,14,38.737380532994095,0.5962906504065041,46.55257936507937,1013.7896825396831,24.7265776229191,0
4015,4,0,0,42,0.0,0.0,1.0,42,500,200,300,0.4,8,2,6,308.877989823339,0.3786295005807201,-0.02262626827291281,0.16848190031879262,128546.63190507697,-458.9549477198184,128087.67695735715,4014,99,2876.595238095238,41,1,15,38.64744342268311,0.5970528455284553,46.47817460317461,1014.0873015873026,24.733836624080553,0
4016,4,0,0,42,0.0,0.0,1.0,42,1100,800,300,0.7272727272727273,14,8,6,309.63460733099674,0.3786657955865273,-0.028420523138832587,0.16910813169616007,128596.93877551037,-436.38747165531004,128160.55130385506,4015,100,2877.595238095238,41,1,15,38.57712245696403,0.5975609756097561,46.42857142857144,1014.2857142857156,24.738675958188185,0
4017,4,0,0,42,0.0,0.0,1.0,42,1100,800,300,0.7272727272727273,14,8,6,310.36939903613035,0.37843592721641506,-0.037498777745184175,0.16983134531527588,128672.4175347223,-412.8038194444349,128259.61371527787,4016,101,2878.595238095238,41,1,16,38.48177618069816,0.5983231707317074,46.35416666666667,1014.583333333334,24.74593495934961,0
4018,4,0,0,42,0.0,0.0,1.0,42,1400,1200,200,0.8571428571428571,16,12,4,308.6195418747907,0.37823025551684086,-0.04277895677426535,0.16940961118363004,128798.2646762411,-450.06771227006953,128348.19696397103,4017,102,2879.595238095238,41,1,17,38.39832551472505,0.5995934959349594,46.23015873015874,1015.079365079367,24.758033294618706,0
4019,4,0,0,42,0.0,0.0,1.0,42,1050,800,250,0.7619047619047619,13,8,5,307.86303641171384,0.37779471544715443,-0.041528239202658135,0.16920893204282944,128848.62075617306,-466.4544753086244,128382.16628086443,4018,103,2880.595238095238,41,1,17,38.36639306885544,0.6001016260162602,46.180555555555564,1015.2777777777795,24.76287262872633,0
4020,4,0,0,42,0.0,0.0,1.0,42,1100,800,300,0.7272727272727273,14,8,6,306.196374623393,0.377528552071235,-0.04180266131056998,0.16915120112690374,129050.14349489806,-497.06278344670375,128553.08071145136,4019,104,2881.595238095238,41,1,18,38.20420816246825,0.6021341463414633,45.98214285714286,1016.0714285714294,24.782229965156812,0
4021,4,0,0,42,0.0,0.0,1.0,42,700,200,500,0.2857142857142857,12,2,10,304.8071873077391,0.3767179636082075,-0.04383322875270179,0.1687060850333759,129125.75511975626,-528.3083545918375,128597.44676516442,4020,105,2882.595238095238,41,1,19,38.16282332845291,0.6028963414634146,45.907738095238095,1016.3690476190478,24.78948896631824,0
4022,4,0,0,42,0.0,0.0,1.0,42,1400,1000,400,0.7142857142857143,18,10,8,303.34587476484796,0.3763913085559427,-0.0396174863387978,0.1682190760059613,129201.38888888896,-561.4583333333283,128639.93055555563,4021,106,2883.595238095238,41,1,19,38.12329234972677,0.6036585365853658,45.833333333333336,1016.6666666666673,24.79674796747969,0
4023,4,0,0,42,0.0,0.0,1.0,42,1400,1100,300,0.7857142857142857,17,11,6,303.0111008864401,0.37706881533101044,-0.032520721599219926,0.16878755239491802,129377.95380015431,-559.4087577160506,128818.54504243826,4022,107,2884.595238095238,41,1,20,37.952929465301466,0.6054369918699187,45.65972222222222,1017.3611111111111,24.813685636856366,0
4024,4,0,0,42,0.0,0.0,1.0,42,1000,800,200,0.8,12,8,4,304.4902705105843,0.3774438637243515,-0.028237259816207283,0.17015632763826777,129504.14540816327,-513.4495464852629,128990.695861678,4023,108,2885.595238095238,41,1,15,37.78752436647171,0.6067073170731707,45.535714285714285,1017.8571428571429,24.825783972125436,0
4025,4,0,0,42,0.0,0.0,1.0,42,850,500,350,0.5882352941176471,12,5,7,306.0152311654525,0.3770930120015486,-0.030657980818752262,0.1713384788571214,129579.8898986677,-469.3160076530727,129110.57389101462,4024,109,2886.595238095238,41,1,16,37.67203790314722,0.6074695121951219,45.46130952380952,1018.154761904761,24.833042973286855,0
4026,4,0,0,42,0.0,0.0,1.0,42,1200,900,300,0.75,15,9,6,305.1549217245831,0.3777342237708092,-0.02267794535032519,0.17140758951137938,129706.17992567383,-483.90416351727094,129222.27576215655,4025,110,2887.595238095238,41,1,16,37.56614400727178,0.608739837398374,45.33730158730158,1018.6507936507925,24.845141308555913,0
4027,4,0,0,42,0.0,0.0,1.0,42,1600,1300,300,0.8125,19,13,6,306.91814682945545,0.3768631436314363,-0.0389952353088685,0.17085443417965449,129352.72285997728,-459.86040249432995,128892.86245748294,4026,111,2888.595238095238,41,1,19,37.87912034328069,0.6051829268292683,45.68452380952381,1017.2619047619044,24.811265969802545,2
4028,4,0,0,42,0.0,0.0,1.0,42,1450,1300,150,0.896551724137931,16,13,3,303.38700448415085,0.37530245838172666,-0.033422163002442495,0.1698288362341486,129571.08126201833,-537.963557628764,129033.11770438956,4027,112,2889.595238095238,42,0,14,37.74785063925637,0.6059027777777778,45.46996124031007,1018.1201550387582,24.240956072351384,0
4029,4,0,0,42,0.0,0.0,1.0,42,1000,800,200,0.8,12,8,4,305.97904374674516,0.37454026325977546,-0.0455958046032825,0.17513430869706664,130439.87509645034,-405.79328363599194,130034.08181281434,4028,113,2890.595238095238,41,1,20,36.80390324042602,0.6161077235772358,44.61805555555554,1021.5277777777756,24.915311653116476,1
4030,4,0,0,42,0.0,0.0,1.0,42,850,600,250,0.7058823529411765,11,6,5,307.7955082235105,0.37388695315524584,-0.034573841183566545,0.17686654329207058,130591.93244716852,-360.87795650669125,130231.05449066183,4029,114,2891.595238095238,41,1,15,36.60412420330648,0.6176321138211383,44.469246031746025,1022.1230158730147,24.92982965543938,0
4031,4,0,0,42,0.0,0.0,1.0,42,900,700,200,0.7777777777777778,11,7,4,306.3285124063565,0.37415311653116534,-0.03326496958274994,0.17671743897018063,130744.07837498421,-389.87219309020196,130354.20618189401,4030,115,2892.595238095238,41,1,16,36.48824247421347,0.6191565040650406,44.320436507936506,1022.7182539682536,24.944347657762282,0
4032,4,0,0,42,0.0,0.0,1.0,42,1300,1000,300,0.7692307692307693,16,10,6,306.99225571488444,0.3747822299651568,-0.03050140626515352,0.17733317359530362,130794.81336805546,-369.4010416666758,130425.41232638879,4031,116,2893.595238095238,41,1,16,36.420145960624566,0.6196646341463414,44.27083333333333,1022.9166666666658,24.949186991869897,0
4033,4,0,0,42,0.0,0.0,1.0,42,600,300,300,0.5,9,3,6,307.9073770595566,0.37469754161827334,-0.033062733704944836,0.17396174348768897,129933.65698420565,-398.49369724742695,129535.16328695822,4032,117,2894.595238095238,41,1,18,37.26596201874736,0.6110264227642277,45.1140873015873,1019.5436507936502,24.866918312040248,1
4034,4,0,0,42,0.0,0.0,1.0,42,1300,800,500,0.6153846153846154,18,8,10,306.3679093366376,0.3747459349593496,-0.027861519011961322,0.1737662003148728,130085.41907793212,-429.2004243827146,129656.21865354941,4033,118,2895.595238095238,41,1,19,37.15183231223053,0.6125508130081301,44.96527777777778,1020.138888888889,24.881436314363146,0
4035,4,0,0,42,0.0,0.0,1.0,42,1100,900,200,0.8181818181818182,13,9,4,323.57649590817334,0.3748669183120403,-0.05373506791032523,0.1846289417828988,130318.55955678664,80.3831200198326,130398.94267680647,4034,119,2896.595238095238,37,5,20,36.477126288659804,0.6216216216216216,44.73684210526316,1021.0526315789468,27.596017069701265,4
4036,4,0,0,42,0.0,0.0,1.0,42,1250,1000,250,0.8,15,10,5,321.1889721922265,0.3748427216415022,-0.058639854184719065,0.18390472767078261,130453.5176510336,-19.95374936080799,130433.5639016728,4035,120,2897.595238095238,38,4,21,36.40168549118037,0.6211622807017544,44.60470085470085,1021.5811965811961,26.88371569950516,0
4037,4,0,0,42,0.0,0.0,1.0,42,1100,800,300,0.7272727272727273,14,8,6,319.5713323877166,0.3750362950058072,-0.06039773168647555,0.18308152033053315,130475.3472222223,-60.76388888888488,130414.58333333342,4036,121,2898.595238095238,39,3,21,36.42094888526371,0.6196581196581197,44.583333333333336,1021.6666666666673,26.196581196581214,0
4038,4,0,0,42,0.0,0.0,1.0,42,1200,800,400,0.6666666666666666,16,8,8,322.6800703383201,0.37485481997677117,-0.006855736552208391,0.17798507047167955,128989.67013888877,-72.74305555556134,128916.92708333321,4037,122,2899.595238095238,39,3,17,37.84693738036646,0.6047008547008548,46.041666666666664,1015.8333333333323,26.04700854700852,4
4039,4,0,0,42,0.0,0.0,1.0,42,1250,900,350,0.72,16,9,7,321.33187809889637,0.3750362950058072,-0.008398481343757425,0.1779543965090257,129148.44292534736,-100.09765624999159,129048.34526909738,4038,123,2900.595238095238,39,3,17,37.7199050351848,0.6063034188034189,45.88541666666667,1016.4583333333345,26.06303418803422,0
4040,4,0,0,42,0.0,0.0,1.0,42,1250,900,350,0.72,16,9,7,326.19805625032836,0.3756170150987224,-0.0012307507579623067,0.18114078759571942,129255.70371283537,32.60271277351154,129288.30642560888,4039,124,2901.595238095238,38,4,17,37.4873047559011,0.6091008771929824,45.77991452991454,1016.8803418803438,26.760008996851155,0
4041,4,0,0,42,0.0,0.0,1.0,42,700,700,0,1.0,7,7,0,327.15182435598206,0.37533875338753386,0.0020931174696530164,0.18204631909370608,129337.19735051895,62.58001406241215,129399.77736458136,4040,125,2902.595238095238,38,4,17,37.38030844099009,0.6099232456140351,45.69978632478634,1017.200854700857,26.768443544759396,0
4042,4,0,0,42,0.0,0.0,1.0,42,1000,500,500,0.5,15,5,10,325.61572323144605,0.3748427216415022,0.0019722534683166426,0.18169242904390925,129445.8954840569,29.92377547669838,129475.8192595336,4041,126,2903.595238095238,38,4,16,37.30905511811024,0.6110197368421053,45.59294871794874,1017.628205128208,26.779689608637053,0
4043,4,0,0,42,0.0,0.0,1.0,42,1450,1200,250,0.8275862068965517,17,12,5,328.2861590060662,0.3747459349593496,-0.001064084886996941,0.18407198044975434,129636.22708013743,111.55581123530641,129747.78289137273,4042,127,2904.595238095238,38,4,17,37.04801370821095,0.6129385964912281,45.40598290598291,1018.376068376069,26.79937022042287,0
4044,4,0,0,42,0.0,0.0,1.0,42,1150,800,350,0.6956521739130435,15,8,7,325.3329981567514,0.3747822299651568,0.0006424483121130198,0.1833558786846577,129837.58680555563,48.09027777778243,129885.67708333342,4043,128,2905.595238095238,39,3,18,36.91911965113108,0.6132478632478633,45.208333333333336,1019.1666666666673,26.132478632478648,0
4045,4,0,0,42,0.0,0.0,1.0,42,950,600,350,0.631578947368421,13,6,7,326.4465974533615,0.37479432830042586,-0.0003061326194981895,0.18452049083096217,129951.54303200812,84.4478113226346,130035.99084333076,4044,129,2906.595238095238,40,2,19,36.77530814977243,0.6127604166666667,45.09654471544716,1019.6138211382118,25.490345528455297,0
4046,4,0,0,42,0.0,0.0,1.0,42,1300,900,400,0.6923076923076923,17,9,8,324.3893567067181,0.3750241966705381,-0.003946906517139581,0.18396725212553885,130081.0994199882,39.38483211052926,130120.48425209873,4045,130,2907.595238095238,40,2,20,36.69659460715946,0.6140625,44.96951219512196,1020.1219512195129,25.503048780487823,0
4047,4,0,0,42,0.0,0.0,1.0,42,1400,1000,400,0.7142857142857143,18,10,8,322.0324864639734,0.37630662020905925,-0.009037900874635296,0.183483626008543,130262.58680555562,-10.116539427579823,130252.47026612805,4046,131,2908.595238095238,40,2,20,36.573129251700685,0.6158854166666667,44.79166666666667,1020.8333333333339,25.52083333333335,0
4048,4,0,0,42,0.0,0.0,1.0,42,900,600,300,0.6666666666666666,12,6,6,322.75282581343873,0.3762824235385211,-0.012796916060819896,0.18442452881143379,130374.54433094813,15.750519390598924,130390.29485033873,4047,132,2909.595238095238,37,5,20,36.441557511989124,0.6221846846846847,44.68201754385966,1021.2719298245627,27.601944049312504,0
4049,4,0,0,42,0.0,0.0,1.0,42,700,500,200,0.7142857142857143,9,5,4,324.455064002657,0.37654858691444054,-0.014950976730753185,0.18590555884106694,130480.80490037614,67.03158101394189,130547.83648139008,4048,133,2910.595238095238,38,4,20,36.290695039910744,0.6214364035087719,44.57799145299145,1021.6880341880336,26.88652721547457,0
4050,4,0,0,42,0.0,0.0,1.0,42,1300,1000,300,0.7692307692307693,16,10,6,323.45921780941694,0.3766453735965931,-0.006936045035762728,0.18585791812508637,130589.9824334318,48.106714332661625,130638.08914776446,4049,134,2911.595238095238,38,4,16,36.20583777568727,0.622532894736842,44.47115384615384,1022.1153846153834,26.897773279352194,0
4051,4,0,0,42,0.0,0.0,1.0,42,1050,700,350,0.6666666666666666,14,7,7,323.45201010210207,0.3771414053426248,-0.0004926108374381233,0.18624763758586743,130671.89554569361,53.21745562130337,130725.11300131491,4050,135,2912.595238095238,38,4,17,36.12330198537097,0.6233552631578947,44.39102564102564,1022.4358974358973,26.906207827260456,0
4052,4,0,0,42,0.0,0.0,1.0,42,1100,800,300,0.7272727272727273,14,8,6,322.70229622819835,0.37630662020905925,0.005752786855889314,0.1862103123443365,130753.83434007231,38.91251643655727,130792.74685650886,4051,136,2913.595238095238,38,4,17,36.059751384101126,0.6241776315789473,44.31089743589744,1022.7564102564102,26.91464237516869,0
4053,4,0,0,42,0.0,0.0,1.0,42,1000,800,200,0.8,12,8,4,318.6771212426659,0.37579849012775846,0.007328990228013366,0.18459221928584593,130901.3888888888,-56.94444444445048,130844.44444444435,4052,137,2914.595238095238,39,3,18,36.01384364820848,0.6239316239316239,44.166666666666664,1023.3333333333326,26.23931623931622,0
4054,4,0,0,42,0.0,0.0,1.0,42,1450,1100,350,0.7586206896551724,18,11,7,317.84940738743614,0.375544425087108,0.008112533852691062,0.18475114282738686,131034.66932508696,-70.14160156248113,130964.52772352447,4053,138,2915.595238095238,39,3,19,35.900672330179425,0.625267094017094,44.03645833333334,1023.8541666666679,26.252670940170972,0
4055,4,0,0,42,0.0,0.0,1.0,42,800,500,300,0.625,11,5,6,318.00004508304767,0.37553232675183895,0.00904700473024378,0.18512342312546945,131093.85456945284,-62.42966736068769,131031.42490209216,4054,139,2916.595238095238,40,2,20,35.83717872382653,0.62421875,43.97865853658537,1024.0853658536596,25.60213414634149,0
4056,4,0,0,42,0.0,0.0,1.0,42,1000,800,200,0.8,12,8,4,316.68235465076384,0.37516937669376693,0.004689146221044105,0.18460621472094016,131145.8965913976,-93.68173293010182,131052.21485846752,4055,140,2917.595238095238,40,2,20,35.818492244601,0.6247395833333333,43.9278455284553,1024.2886178861813,25.607215447154534,0
4057,4,0,0,42,0.0,0.0,1.0,42,1000,700,300,0.7,13,7,6,318.48720678398195,0.37582268679829656,0.0067261609651301235,0.18641575626328863,131302.08462431445,-36.3931646175962,131265.69145969686,4056,141,2918.595238095238,40,2,20,35.61498099487687,0.6263020833333333,43.77540650406505,1024.8983739837417,25.622459349593544,0
4058,4,0,0,42,0.0,0.0,1.0,42,950,700,250,0.7368421052631579,12,7,5,319.40636564829015,0.3752298683701123,0.006359846396409852,0.18786589463399433,131488.330078125,-0.3554909548718115,131487.97458717012,4057,142,2919.595238095238,39,3,22,35.40397115579931,0.6298076923076923,43.59375,1025.625,26.298076923076923,0
4059,4,0,1,41,0.0,0.023809523809523808,0.9761904761904762,42,750,300,450,0.4,12,3,9,312.22272828879056,0.3752540650406504,0.03929832144658185,0.19287777887746785,133337.70751953125,-6.317816840276237,133331.38970269097,4058,143,2920.595238095238,39,3,18,33.73518658598085,0.6482371794871795,41.796875,1032.8125,26.482371794871796,5
4060,4,0,0,41,0.0,0.0,1.0,41,1350,1200,150,0.8888888888888888,15,12,3,315.22656154838495,0.37436483739837395,0.0313331717396681,0.1947506106392849,133340.98755907532,206.52420434266065,133547.51176341798,4059,144,2894.2195121951218,40,1,18,33.65435074945063,0.6466145833333333,41.79369918699187,1032.825203252033,25.820630081300823,0
4061,4,0,0,41,0.0,0.0,1.0,41,800,500,300,0.625,11,5,6,314.03688625197685,0.3747459349593496,0.03663694353083957,0.19456508363947914,133445.97012566932,181.39138822791398,133627.36151389722,4060,145,2895.2195121951218,40,1,18,33.580251467165,0.64765625,41.69207317073171,1033.2317073170739,25.830792682926848,0
4062,4,0,0,41,0.0,0.0,1.0,41,850,600,250,0.7058823529411765,11,6,5,315.3467624481985,0.3748221544715447,0.04032865368441452,0.19566446583767383,133500.54974848006,219.80097553293837,133720.350724013,4061,146,2896.2195121951218,37,4,18,33.49193191865605,0.6534346846846847,41.6392543859649,1033.4429824561382,27.930891417733466,0
4063,4,0,0,41,0.0,0.0,1.0,41,600,400,200,0.6666666666666666,8,4,4,315.91430328114586,0.37370426829268294,0.044284757196919156,0.1966175554876516,133613.8899108378,242.10778797319972,133855.997698811,4062,147,2897.2195121951218,37,4,18,33.36415579594866,0.6545608108108107,41.52960526315788,1033.8815789473672,27.94274537695587,0
4064,4,0,0,41,0.0,0.0,1.0,41,500,300,200,0.6,7,3,4,315.0086041448145,0.3742378048780488,0.04920979333852249,0.19635466924585218,133670.57802641185,221.47643986609353,133892.05446627794,4063,148,2898.2195121951218,37,4,19,33.33101385501712,0.6551238738738738,41.474780701754376,1034.1008771929814,27.948672356567066,0
4065,4,0,0,41,0.0,0.0,1.0,41,1100,900,200,0.8181818181818182,13,9,4,314.88368428548785,0.37413617886178857,0.05570924057767179,0.1967293163939926,133755.63274276673,223.49328639578698,133979.12602916252,4064,149,2899.2195121951218,37,4,16,33.249417002331995,0.6559684684684685,41.39254385964911,1034.4298245614013,27.95756282598382,0
4066,4,0,0,41,0.0,0.0,1.0,41,950,700,250,0.7368421052631579,12,7,5,315.36524834944396,0.37446646341463413,0.056303074954438204,0.19718165130397614,133783.99032635015,238.16426688978754,134022.15459323995,4065,150,2900.2195121951218,37,4,16,33.208686627804276,0.65625,41.365131578947356,1034.5394736842084,27.960526315789416,0
4067,4,0,0,41,0.0,0.0,1.0,41,850,700,150,0.8235294117647058,10,7,3,314.540418743905,0.3744410569105691,0.05807545570156836,0.19681720101243258,133812.35091566603,217.8785780239702,134030.22949368999,4066,151,2901.2195121951218,37,4,16,33.201745089727275,0.6565315315315315,41.337719298245595,1034.649122807015,27.963489805594996,0
4068,4,0,0,41,0.0,0.0,1.0,41,1000,700,300,0.7,13,7,6,315.47433308851805,0.37405995934959346,0.05927441543242895,0.19816321880829638,133954.19894823382,251.82231552013246,134206.02126375397,4067,152,2902.2195121951218,37,4,17,33.03620290929632,0.6579391891891893,41.20065789473683,1035.1973684210507,27.97830725462299,0
4069,4,0,0,41,0.0,0.0,1.0,41,750,500,250,0.6666666666666666,10,5,5,313.5213671535156,0.3736280487804878,0.06101210325899564,0.19716648728648373,133997.1318782414,202.19279622321613,134199.32467446462,4068,153,2903.2195121951218,38,3,17,33.04397550992329,0.6565241228070176,41.15918803418802,1035.3632478632458,27.2464012595591,0
4070,4,0,0,41,0.0,0.0,1.0,41,850,700,150,0.8235294117647058,10,7,3,313.7902789260762,0.373145325203252,0.06685236768802238,0.19763282479730035,134052.44545118322,212.8708497698653,134265.31630095307,4069,154,2904.2195121951218,38,3,19,32.981919942226334,0.6570723684210527,41.10576923076922,1035.5769230769213,27.25202429149793,0
4071,4,0,0,41,0.0,0.0,1.0,41,1200,1000,200,0.8333333333333334,14,10,4,316.90014303272545,0.3729166666666666,0.07094749231674635,0.20034534466306148,134190.77932098723,305.0154320987215,134495.79475308597,4070,155,2905.2195121951218,38,3,19,32.76362823949956,0.6584429824561404,40.9722222222222,1036.1111111111077,27.266081871344937,0
4072,4,0,0,41,0.0,0.0,1.0,41,900,600,300,0.6666666666666666,12,6,6,315.7549155064306,0.37301829268292686,0.06619059592657806,0.1999231514629483,134246.13284388886,277.7752666374077,134523.90811052627,4071,156,2906.2195121951218,38,3,19,32.738187285223354,0.6589912280701755,40.9188034188034,1036.3247863247832,27.27170490328377,0
4073,4,0,0,41,0.0,0.0,1.0,41,1000,800,200,0.8,12,8,4,316.2726345328739,0.3723577235772358,0.06334827981420776,0.20085796109339038,134356.8741325149,298.68050989843164,134655.55464241334,4072,157,2907.2195121951218,38,3,20,32.61455757076117,0.6600877192982456,40.8119658119658,1036.752136752135,27.282950967161444,0
4074,4,0,0,41,0.0,0.0,1.0,41,1250,800,450,0.64,17,8,9,314.235716947341,0.37164634146341463,0.057603793874636544,0.20018202390560913,134469.7387695311,251.038953993042,134720.77772352414,4073,158,2908.2195121951218,39,2,20,32.555091058217,0.6594551282051282,40.70312499999999,1037.1874999999989,26.594551282051253,0
4075,4,0,0,41,0.0,0.0,1.0,41,850,500,350,0.5882352941176471,12,5,7,312.70546432477795,0.37134146341463414,0.05532004661068024,0.1998023335211998,134578.49368105747,216.71048499533282,134795.2041660528,4074,159,2909.2195121951218,38,3,20,32.486657399780334,0.6622807017543859,40.59829059829058,1037.6068376068351,27.305443094916715,0
4076,4,0,0,41,0.0,0.0,1.0,41,1150,800,350,0.6956521739130435,15,8,7,312.56036356807203,0.37134146341463414,0.05691475339869201,0.20016637653683692,134661.64809564236,217.97873748993834,134879.6268331323,4075,160,2910.2195121951218,38,3,20,32.40778864299193,0.6631030701754386,40.518162393162385,1037.9273504273492,27.31387764282498,0
4077,4,0,0,41,0.0,0.0,1.0,41,1100,1000,100,0.9090909090909091,12,10,2,309.1993814490038,0.37144308943089427,0.05148235708726756,0.19829350292926443,134712.93945312485,130.6315104166527,134843.5709635415,4076,161,2911.2195121951218,39,2,20,32.44405980333133,0.6618589743589743,40.46874999999999,1038.1249999999989,26.618589743589716,0
4078,4,0,0,41,0.0,0.0,1.0,41,650,200,450,0.3076923076923077,11,2,9,311.10500510015567,0.3714684959349594,0.04987678852408073,0.19966410726550202,134739.97531466992,183.65614149303173,134923.63145616296,4077,162,2912.2195121951218,39,2,20,32.36775107855924,0.6621260683760684,40.44270833333332,1038.229166666665,26.62126068376064,0
4079,4,0,0,41,0.0,0.0,1.0,41,700,500,200,0.7142857142857143,9,5,4,311.0252677069606,0.37134146341463414,0.054104308722894734,0.19991043802518943,134794.0551757811,184.87141927081893,134978.92659505192,4078,163,2913.2195121951218,39,2,16,32.316117464138834,0.6626602564102564,40.39062499999999,1038.4374999999989,26.626602564102534,0
4080,4,0,0,41,0.0,0.0,1.0,41,950,500,450,0.5263157894736842,14,5,9,312.8397434689484,0.37116361788617885,0.06501619903417066,0.20197905767655377,134956.35986328108,243.9425998263746,135200.30246310745,4079,164,2914.2195121951218,39,2,17,32.1078738512949,0.6642628205128205,40.23437499999999,1039.0624999999986,26.64262820512817,0
4081,4,0,0,41,0.0,0.0,1.0,41,750,600,150,0.8,9,6,3,316.0446668780759,0.3709349593495935,0.061960703792245164,0.20450672413161095,135037.548828125,335.5794270833336,135373.12825520834,4080,165,2915.2195121951218,39,2,17,31.944026859090002,0.6650641025641026,40.15625,1039.375,26.650641025641026,0
4082,4,0,0,41,0.0,0.0,1.0,41,550,200,350,0.36363636363636365,9,2,7,314.1754450785339,0.3703760162601626,0.060315753458136,0.20360200921323154,135091.6883680554,288.49826388886925,135380.18663194426,4081,166,2916.2195121951218,39,2,17,31.938877755511005,0.6655982905982907,40.10416666666666,1039.583333333332,26.65598290598287,0
4083,4,0,0,41,0.0,0.0,1.0,41,1350,1000,350,0.7407407407407407,17,10,7,313.51362365954435,0.369385162601626,0.058511183950213264,0.20409042019975293,135254.17209201385,280.8051215277734,135534.97721354163,4082,167,2917.2195121951218,39,2,18,31.794929568061956,0.6672008547008548,39.947916666666664,1040.208333333333,26.672008547008538,0
4084,4,0,0,41,0.0,0.0,1.0,41,750,300,450,0.4,12,3,9,315.1568637604679,0.36895325203252033,0.05858639625539297,0.20562390020269844,135335.45057508675,330.3792317708289,135665.8298068576,4083,168,2918.2195121951218,39,2,19,31.6716096038976,0.6680021367521367,39.869791666666664,1040.520833333333,26.68002136752136,0
4085,4,0,0,41,0.0,0.0,1.0,41,1050,800,250,0.7619047619047619,13,8,5,336.414154202964,0.3691056910569106,-0.009432371629661596,0.20252852113312805,132371.85723610286,706.3532784718097,133078.21051457466,4084,169,2919.2195121951218,40,1,18,34.07893870564223,0.6369791666666667,42.733739837398375,1029.0650406504067,25.726626016260166,8
4086,4,0,0,41,0.0,0.0,1.0,41,1000,700,300,0.7,13,7,6,340.84419602499077,0.36872459349593495,-0.004437282053686875,0.20577661510781833,132478.41932508687,830.9026470659674,133309.32197215283,4085,170,2920.2195121951218,39,2,18,33.85790836115889,0.639690170940171,42.630208333333336,1029.4791666666672,26.396901709401725,0
4087,4,0,0,41,0.0,0.0,1.0,41,950,800,150,0.8421052631578947,11,8,3,339.5420876501698,0.3691056910569106,-0.0038100502413362936,0.20513655222092156,132505.23003472216,798.2204861111065,133303.45052083326,4086,171,2921.2195121951218,39,2,18,33.86449480642115,0.6399572649572649,42.604166666666664,1029.583333333333,26.39957264957264,0
4088,4,0,0,41,0.0,0.0,1.0,41,1350,1100,250,0.8148148148148148,16,11,5,344.0998177760059,0.36900406504065036,-0.0050867485513126365,0.20833526627993706,132585.6784396702,924.5415581597318,133510.21999782993,4087,172,2922.2195121951218,39,2,18,33.666367452209975,0.6407585470085471,42.52604166666667,1029.895833333334,26.407585470085486,0
4089,4,0,0,41,0.0,0.0,1.0,41,500,300,200,0.6,7,3,4,342.4030604611579,0.3686229674796748,-0.0020569788062125838,0.20760416093809902,132639.32427300367,883.2221137152969,133522.54638671898,4088,173,2923.2195121951218,39,2,16,33.65618785182189,0.6412927350427351,42.47395833333334,1030.1041666666683,26.412927350427392,0
4090,4,0,0,41,0.0,0.0,1.0,41,1050,700,350,0.6666666666666666,14,7,7,342.50959133137985,0.3693343495934959,0.00044870356719362015,0.20826351487654243,132746.64849175364,893.4000651041902,133640.04855685783,4089,174,2924.2195121951218,39,2,17,33.54570992957984,0.6423611111111112,42.36979166666668,1030.5208333333348,26.42361111111115,0
4091,4,0,0,41,0.0,0.0,1.0,41,1200,900,300,0.75,15,9,6,343.88734440905955,0.3693343495934959,0.007948573272983817,0.21000251834085648,132907.7162000869,941.0563151041754,133848.77251519109,4090,175,2925.2195121951218,39,2,19,33.34859160857999,0.6439636752136753,42.21354166666667,1031.1458333333342,26.439636752136774,0
4092,4,0,0,41,0.0,0.0,1.0,41,550,300,250,0.5454545454545454,8,3,5,341.0145655605276,0.36915650406504064,0.0048627756250294585,0.20854757341660216,132961.42713758696,868.3566623264076,133829.78379991336,4091,176,2926.2195121951218,39,2,19,33.3687885062115,0.6444978632478633,42.16145833333334,1031.354166666668,26.44497863247867,0
4093,4,0,0,41,0.0,0.0,1.0,41,650,400,250,0.6153846153846154,9,4,5,342.83014544352454,0.36900406504065036,0.0037144503943522533,0.2098086588493068,132988.28667534742,918.4787326389126,133906.76540798633,4092,177,2927.2195121951218,39,2,19,33.29504140577662,0.6447649572649572,42.13541666666668,1031.458333333335,26.447649572649617,0
4094,4,0,0,41,0.0,0.0,1.0,41,1300,1000,300,0.7692307692307693,16,10,6,346.6873027574309,0.3697154471544715,0.003722047717044985,0.2130879525881285,133149.5008680558,1032.2482638889126,134181.7491319447,4093,178,2928.2195121951218,39,2,19,33.033911990310855,0.6463675213675213,41.97916666666668,1032.0833333333353,26.463675213675263,0
4095,4,0,0,41,0.0,0.0,1.0,41,1250,1000,250,0.8,15,10,5,341.2695155626167,0.3699695121951219,0.0007086753676257551,0.21036464168262828,133257.03125000023,895.3125000000284,134152.34375000026,4094,179,2929.2195121951218,39,2,19,33.06598062953996,0.6474358974358974,41.875000000000014,1032.5000000000018,26.47435897435902,0
4096,4,0,0,41,0.0,0.0,1.0,41,950,600,350,0.631578947368421,13,6,7,340.6666986690342,0.37075711382113824,0.0028480288836363332,0.21075431383036933,133391.50526258716,888.4087456597615,134279.9140082469,4095,180,2930.2195121951218,39,2,19,32.94689674296662,0.6487713675213675,41.744791666666686,1033.0208333333362,26.487713675213747,0
4097,4,0,0,41,0.0,0.0,1.0,41,650,400,250,0.6153846153846154,9,4,5,344.6930280957331,0.37057926829268295,0.000590086546026436,0.21370967741935498,133472.2222222226,1001.3888888889285,134473.61111111153,4096,181,2931.2195121951218,39,2,19,32.762096774193566,0.6495726495726496,41.666666666666686,1033.3333333333362,26.49572649572657,0
4098,4,0,0,41,0.0,0.0,1.0,41,850,500,350,0.5882352941176471,12,5,7,343.32491229803816,0.37085873983739837,0.0018455301360955634,0.2131787677516832,133527.42735955887,968.6584575206532,134496.08581707953,4097,182,2932.2195121951218,38,3,19,32.74218696161534,0.6518640350877193,41.61324786324787,1033.5470085470095,27.198605488079195,0
4099,4,0,0,41,0.0,0.0,1.0,41,600,400,200,0.6666666666666666,8,4,4,348.5272216985354,0.3704776422764227,-0.0004233454877169418,0.21721796386478595,133665.49014034998,1117.21238311784,134782.70252346783,4098,183,2933.2195121951218,38,3,19,32.46956469332231,0.653234649122807,41.47970085470086,1034.0811965811972,27.212663067926243,0
4100,4,0,0,41,0.0,0.0,1.0,41,750,400,350,0.5333333333333333,11,4,7,347.1418541769761,0.3706808943089431,-0.001843814782256148,0.21700287759817075,133775.99172921706,1087.8491626488621,134863.84089186593,4099,184,2934.2195121951218,38,3,16,32.39483286860133,0.6543311403508771,41.37286324786326,1034.5085470085485,27.223909131803907,0
4101,4,0,0,41,0.0,0.0,1.0,41,1150,800,350,0.6956521739130435,15,8,7,322.3736323372867,0.3708841463414634,-0.008745308377410943,0.18947871106630382,131461.6224500869,275.9521484375104,131737.5745985244,4100,185,2935.2195121951218,39,2,17,35.35476976468596,0.6295405982905983,43.61979166666667,1025.5208333333342,26.295405982906004,7
4102,4,0,0,41,0.0,0.0,1.0,41,850,500,350,0.5882352941176471,12,5,7,321.7169847295724,0.37090955284552846,-0.007718870607353212,0.1892249361796517,131488.330078125,260.40581597222274,131748.73589409722,4101,186,2936.2195121951218,39,2,17,35.344725438418315,0.6298076923076923,43.59375,1025.625,26.298076923076923,0
4103,4,0,0,41,0.0,0.0,1.0,41,1150,900,250,0.782608695652174,14,9,5,321.97686103738806,0.37151930894308943,-0.0042094837192026,0.18990850785738178,131595.18771701405,274.12109375002035,131869.30881076408,4102,187,2937.2195121951218,39,2,13,35.23054145516074,0.6308760683760684,43.48958333333334,1026.041666666668,26.30876068376072,0
4104,4,0,0,41,0.0,0.0,1.0,41,600,400,200,0.6666666666666666,8,4,4,320.90200909308356,0.37141768292682925,-0.0073081607795371095,0.1895399636441883,131648.63281250012,249.26215277779295,131897.8949652779,4103,188,2938.2195121951218,39,2,13,35.20435782920558,0.6314102564102564,43.43750000000001,1026.250000000001,26.314102564102587,0
4105,4,0,0,41,0.0,0.0,1.0,41,850,500,350,0.5882352941176471,12,5,7,319.72222286574896,0.3717987804878049,-0.0018561829453911383,0.18924099137188954,131728.82080078154,223.3262803819742,131952.1470811635,4104,189,2939.2195121951218,39,2,13,35.15400388973449,0.6322115384615384,43.359375000000014,1026.5625000000023,26.322115384615444,0
4106,4,0,0,41,0.0,0.0,1.0,41,950,700,250,0.7368421052631579,12,7,5,320.8703780279975,0.3714684959349594,0.0001930038576023474,0.19018757163090663,131782.2930230037,257.0068359375248,132039.29985894123,4105,190,2940.2195121951218,39,2,13,35.07078303067194,0.6327457264957265,43.30729166666668,1026.7708333333353,26.327457264957314,0
4107,4,0,0,41,0.0,0.0,1.0,41,1150,900,250,0.782608695652174,14,9,5,322.1570266001048,0.37118902439024387,0.006601312845363472,0.19202894667130127,131996.29041883687,304.706488715283,132300.99690755215,4106,191,2941.2195121951218,39,2,15,34.822710761953026,0.6348824786324787,43.098958333333336,1027.6041666666672,26.3488247863248,0
4108,4,0,0,41,0.0,0.0,1.0,41,1100,900,200,0.8181818181818182,13,9,4,320.1324317861787,0.37113821138211384,0.0039690679610207,0.19136202115674145,132103.35422092027,258.11360677084303,132361.4678276911,4107,192,2942.2195121951218,39,2,15,34.7672214341203,0.6359508547008548,42.99479166666667,1028.0208333333344,26.359508547008573,0
4109,4,0,0,41,0.0,0.0,1.0,41,750,500,250,0.6666666666666666,10,5,5,321.58755504129624,0.37136686991869916,0.0005484284560257624,0.19277680212038373,132210.4614257814,303.4478081597375,132513.90923394114,4108,193,2943.2195121951218,39,2,15,34.62230747155542,0.6370192307692308,42.89062500000001,1028.4375000000011,26.37019230769234,0
4110,4,0,0,41,0.0,0.0,1.0,41,1250,900,350,0.72,16,9,7,325.24175287254496,0.3708079268292683,0.013274243567177768,0.18557911781551106,130318.55955678683,448.98000466491067,130767.53956145173,4109,194,2944.2195121951218,37,4,22,36.43461841351662,0.6216216216216216,44.736842105263165,1021.0526315789484,27.596017069701308,8
4111,4,0,0,41,0.0,0.0,1.0,41,650,500,150,0.7692307692307693,8,5,3,325.41609281854363,0.3704268292682927,0.009626211787133743,0.18594634898846124,130374.54433094816,285.19496383504236,130659.73929478321,4110,195,2945.2195121951218,37,4,23,36.373559516140574,0.6221846846846847,44.68201754385966,1021.2719298245629,27.60194404931251,0
4112,4,0,0,41,0.0,0.0,1.0,41,950,400,550,0.42105263157894735,15,4,11,325.24345558888945,0.36951219512195127,0.005421798666007449,0.1867895409454123,130570.5857210874,293.4456996383671,130864.03142072576,4111,196,2946.2195121951218,37,4,19,36.17984032471481,0.6241554054054055,44.49013157894738,1022.0394736842117,27.622688477951666,0
4113,4,0,0,41,0.0,0.0,1.0,41,650,400,250,0.6153846153846154,9,4,5,324.3516658790169,0.3698678861788618,0.003380169671261868,0.18650220788043492,130617.28395061752,273.18672839508764,130890.47067901261,4112,197,2947.2195121951218,38,3,19,36.15545742753625,0.6228070175438596,44.44444444444446,1022.2222222222241,26.900584795321688,0
4114,4,0,0,41,0.0,0.0,1.0,41,1550,1100,450,0.7096774193548387,20,11,9,322.21388187115826,0.3697154471544715,0.003408621928292055,0.18606005458591499,130781.1529786691,227.9005953685582,131009.05357403765,4113,198,2948.2195121951218,38,3,19,36.04466959125411,0.6244517543859649,44.28418803418804,1022.8632478632486,26.91745389113812,0
4115,4,0,0,41,0.0,0.0,1.0,41,900,500,400,0.5555555555555556,13,5,8,324.0141410722315,0.3694359756097561,0.0089849410554248,0.18749748816004624,130863.1260158707,280.30067481192384,131143.42669068262,4114,199,2949.2195121951218,38,3,21,35.91590964463472,0.6252741228070176,44.204059829059844,1023.183760683763,26.925888439046396,0
4116,4,0,0,41,0.0,0.0,1.0,41,650,500,150,0.7692307692307693,8,5,3,325.6114686360283,0.3692073170731707,0.004094322183435084,0.18868918681576038,130917.78897518099,325.66670775807546,131243.45568293906,4115,200,2950.2195121951218,38,3,21,35.81989247311827,0.6258223684210527,44.150641025641036,1023.3974358974374,26.931511470985196,0
4117,4,0,0,41,0.0,0.0,1.0,41,850,600,250,0.7058823529411765,11,6,5,326.3787510948159,0.3688770325203252,0.01298030302644615,0.18967177512077782,131027.14913662453,352.89545894515703,131380.0445955697,4116,201,2951.2195121951218,38,3,22,35.68993704128839,0.6269188596491229,44.04380341880343,1023.8247863247882,26.942757534862846,0
4118,4,0,0,41,0.0,0.0,1.0,41,1000,700,300,0.7,13,7,6,324.9583889225059,0.3690294715447155,0.016365329520184213,0.18924976404684946,131109.19922017682,321.0068303017084,131430.20605047853,4117,202,2952.2195121951218,38,3,22,35.643560052854845,0.6277412280701755,43.96367521367522,1024.1452991452995,26.95119208277104,0
4119,4,0,0,41,0.0,0.0,1.0,41,550,400,150,0.7272727272727273,7,4,3,327.7967034221647,0.3700965447154472,0.016312724128283662,0.191447648344614,131218.6392815401,402.6074768062124,131621.2467583463,4118,203,2953.2195121951218,38,3,23,35.4605491831769,0.6288377192982456,43.856837606837615,1024.572649572651,26.96243814664871,0
4120,4,0,0,41,0.0,0.0,1.0,41,1300,1100,200,0.8461538461538461,15,11,4,327.79389599526627,0.3698678861788618,0.012677274856903287,0.1918598538190024,131301.4336480037,407.9616970486352,131709.39534505233,4119,204,2954.2195121951218,39,2,23,35.37717671172545,0.6279380341880342,43.77604166666668,1024.8958333333353,26.279380341880394,0
4121,4,0,0,41,0.0,0.0,1.0,41,1650,1200,450,0.7272727272727273,21,12,9,308.2632359343114,0.3692073170731707,0.042080445276768685,0.17648205223629831,130448.74267578124,-139.69184027777771,130309.05083550345,4120,205,2955.2195121951218,39,2,21,36.736620951021386,0.6193910256410257,44.609375,1021.5624999999999,26.193910256410252,5
4122,4,0,0,41,0.0,0.0,1.0,41,900,700,200,0.7777777777777778,11,7,4,322.4102664837557,0.36821646341463415,0.06675697318495133,0.18084940765414131,129651.86767578138,160.218641493071,129812.08631727446,4121,206,2956.2195121951218,39,2,17,37.18175735569876,0.6113782051282051,45.39062500000001,1018.437500000001,26.113782051282076,4
4123,4,0,0,41,0.0,0.0,1.0,41,850,700,150,0.8235294117647058,10,7,3,320.46537108827755,0.36841971544715446,0.06883136316025795,0.18012363961168712,129731.4453125001,114.88715277779323,129846.3324652779,4122,207,2957.2195121951218,39,2,18,37.15064758009544,0.6121794871794872,45.31250000000001,1018.7500000000008,26.121794871794894,0
4124,4,0,0,41,0.0,0.0,1.0,41,850,600,250,0.7058823529411765,11,6,5,319.7831040498996,0.36821646341463415,0.07269953104314841,0.1801058207783632,129811.04736328138,102.2759331597374,129913.32329644111,4123,208,2958.2195121951218,39,2,19,37.08740076322875,0.6129807692307692,45.23437500000001,1019.062500000001,26.12980769230772,0
4125,4,0,0,41,0.0,0.0,1.0,41,1050,700,350,0.6666666666666666,14,7,7,320.84554769652783,0.3681910569105691,0.07408053641088275,0.18094949188533305,129864.12896050357,133.26551649306555,129997.39447699663,4124,209,2959.2195121951218,39,2,19,37.0065789473684,0.6135149572649572,45.18229166666667,1019.2708333333342,26.135149572649595,0
4126,4,0,0,41,0.0,0.0,1.0,41,800,500,300,0.625,11,5,6,321.3713062657806,0.36847052845528455,0.08033729703868309,0.1816156088758353,129943.77170138927,152.039930555595,130095.81163194486,4125,210,2960.2195121951218,39,2,20,36.912545974662855,0.6143162393162394,45.104166666666686,1019.5833333333364,26.143162393162473,0
4127,4,0,0,41,0.0,0.0,1.0,41,1200,700,500,0.5833333333333334,17,7,10,318.3398873796091,0.3680386178861788,0.07952365529783978,0.18014725418765182,129996.88042534742,76.63845486113087,130073.51888020855,4126,211,2961.2195121951218,39,2,20,36.93607422540007,0.6148504273504274,45.05208333333334,1019.7916666666682,26.14850427350431,0
4128,4,0,0,41,0.0,0.0,1.0,41,1150,700,450,0.6086956521739131,16,7,9,319.3927038494222,0.367530487804878,0.0727026461771354,0.18148323241931236,130156.27170138907,114.19270833335264,130270.46440972242,4127,212,2962.2195121951218,39,2,20,36.747992377841285,0.6164529914529915,44.89583333333334,1020.4166666666681,26.16452991452995,0
4129,4,0,0,41,0.0,0.0,1.0,41,1000,800,200,0.8,12,8,4,320.4217972964515,0.36821646341463415,0.07455685208826379,0.18269075248996627,130289.17236328124,149.49815538194417,130438.67051866317,4128,213,2963.2195121951218,39,2,20,36.58735928306637,0.6177884615384616,44.765625,1020.9374999999999,26.177884615384613,0
4130,4,0,0,41,0.0,0.0,1.0,41,950,700,250,0.7368421052631579,12,7,5,323.5325892178666,0.3682926829268293,0.07941009642654606,0.18484344432936844,130368.94531249999,235.72048611111074,130604.6657986111,4129,214,2964.2195121951218,39,2,20,36.427308581531335,0.6185897435897436,44.6875,1021.2499999999999,26.185897435897434,0
4131,4,0,0,41,0.0,0.0,1.0,41,700,400,300,0.5714285714285714,10,4,6,324.23051664872486,0.36806402439024394,0.08118474005462084,0.18549617539424687,130422.14084201369,257.36762152775805,130679.50846354144,4130,215,2965.2195121951218,39,2,20,36.35571758787138,0.6191239316239316,44.63541666666666,1021.4583333333317,26.191239316239272,0
4132,4,0,0,41,0.0,0.0,1.0,41,700,400,300,0.5714285714285714,10,4,6,323.2168717540193,0.367530487804878,0.08106044971144,0.18529715342110875,130501.9544813366,236.0866970485916,130738.04117838519,4131,216,2966.2195121951218,39,2,14,36.30095235667924,0.6199252136752137,44.55729166666666,1021.7708333333317,26.199252136752094,0
4133,4,0,0,41,0.0,0.0,1.0,41,1200,700,500,0.5833333333333334,17,7,10,337.6086746972967,0.3679878048780488,0.08820935466212498,0.20206131127405358,132150.72320841538,725.6529838767522,132876.37619229214,4132,217,2967.2195121951218,38,3,19,34.2704436824605,0.638157894736842,42.94871794871794,1028.2051282051273,27.058029689608613,6
4134,4,0,0,41,0.0,0.0,1.0,41,950,700,250,0.7368421052631579,12,7,5,338.3725659205503,0.36796239837398376,0.08725859334221853,0.20281284679646414,132205.65440317037,746.9533019212422,132952.60770509162,4133,218,2968.2195121951218,38,3,19,34.19558141145509,0.6387061403508771,42.89529914529914,1028.4188034188028,27.06365272154744,0
4135,4,0,0,41,0.0,0.0,1.0,41,900,700,200,0.7777777777777778,11,7,4,333.66191155094333,0.36808943089430896,0.08712918234893152,0.20044069577111412,132290.8203125,628.0815972222224,132918.90190972222,4134,219,2969.2195121951218,39,2,19,34.231132712299186,0.6378205128205128,42.8125,1028.75,26.378205128205128,0
4136,4,0,0,41,0.0,0.0,1.0,41,650,400,250,0.6153846153846154,9,4,5,333.1862248460958,0.368114837398374,0.08009105296033203,0.20058176205085804,132371.20361328125,620.8523220486106,132992.05593532987,4135,220,2970.2195121951218,39,2,19,34.162638762357865,0.6386217948717949,42.734375,1029.0625,26.38621794871795,0
4137,4,0,0,41,0.0,0.0,1.0,41,800,500,300,0.625,11,5,6,333.80960449882707,0.36824186991869917,0.08574390633647466,0.20125053034235635,132426.21678064397,641.0340351117574,133067.25081575572,4136,221,2971.2195121951218,37,4,19,34.091363055289236,0.6427364864864865,42.680921052631575,1029.276315789473,27.818278805120894,0
4138,4,0,0,41,0.0,0.0,1.0,41,800,600,200,0.75,10,6,4,333.29953507135014,0.3674288617886179,0.08807703494411401,0.20169775988338398,132567.32840874104,636.9257848568673,133204.2541935979,4137,222,2972.2195121951218,37,4,21,33.962858461101646,0.6441441441441442,42.5438596491228,1029.824561403508,27.833096254148863,0
4139,4,0,0,41,0.0,0.0,1.0,41,1000,900,100,0.9,11,9,2,329.61595359029707,0.3673526422764228,0.08856812783135815,0.19991877882381148,132652.03145438977,544.8451687057503,133196.8766230955,4138,223,2973.2195121951218,37,4,17,33.9727470285613,0.6449887387387387,42.46162280701754,1030.1535087719294,27.84198672356566,0
4140,4,0,0,41,0.0,0.0,1.0,41,1100,900,200,0.8181818181818182,13,9,4,329.62605186385986,0.3678607723577236,0.09060494137983821,0.20022598638427205,132708.51518015144,548.8367815096791,133257.35196166113,4139,224,2974.2195121951218,37,4,18,33.915855237487136,0.6455518018018018,42.40679824561403,1030.3728070175428,27.847913703176832,0
4141,4,0,0,41,0.0,0.0,1.0,41,1150,900,250,0.782608695652174,14,9,5,330.0651878678135,0.36821646341463415,0.08715101193565156,0.20094642266563775,132793.26331178827,566.0866805170878,133359.34999230536,4140,225,2975.2195121951218,37,4,18,33.81959219858157,0.6463963963963963,42.324561403508774,1030.7017543859652,27.85680417259365,0
4142,4,0,0,41,0.0,0.0,1.0,41,1600,1200,400,0.75,20,12,8,329.44371290404615,0.3679878048780488,0.08577522161462814,0.2012525770221428,132920.79863393973,557.9842848272438,133478.78291876698,4141,226,2976.2195121951218,38,3,18,33.707823939770684,0.6458333333333333,42.200854700854705,1031.196581196582,27.136752136752158,0
4143,4,0,0,41,0.0,0.0,1.0,41,850,500,350,0.5882352941176471,12,5,7,332.4640007766654,0.366895325203252,0.08691566356367852,0.2035472370005521,133003.4394061839,643.7711164073457,133647.21052259125,4142,227,2977.2195121951218,38,3,20,33.547168997065434,0.6466557017543859,42.1207264957265,1031.517094017095,27.14518668466039,0
4144,4,0,0,41,0.0,0.0,1.0,41,800,400,400,0.5,12,4,8,333.4465302708606,0.366895325203252,0.08864633893802165,0.20460143515603402,133086.1058605451,675.4200452918531,133761.52590583696,4143,228,2978.2195121951218,38,3,20,33.43903154552357,0.6474780701754386,42.0405982905983,1031.8376068376078,27.15362123256863,0
4145,4,0,0,41,0.0,0.0,1.0,41,1450,1300,150,0.896551724137931,16,13,3,332.91551307886,0.3670223577235772,0.08466441879353193,0.20491880339201898,133203.2606336807,669.0863715277976,133872.34700520852,4144,229,2979.2195121951218,39,2,20,33.33543558694921,0.6469017094017093,41.92708333333334,1032.291666666668,26.46901709401713,0
4146,4,0,0,41,0.0,0.0,1.0,41,800,600,200,0.75,10,6,4,332.69959974007776,0.3672256097560975,0.08691992883000133,0.20493385537749612,133230.14458550359,665.1231553819547,133895.26774088555,4145,230,2980.2195121951218,39,2,20,33.31409965358354,0.6471688034188035,41.90104166666667,1032.3958333333344,26.471688034188062,0
4147,4,0,0,41,0.0,0.0,1.0,41,1050,900,150,0.8571428571428571,12,9,3,332.00228440277283,0.3673780487804878,0.08955062316408902,0.20494835912634457,133310.81271701402,651.8988715277874,133962.7115885418,4146,231,2981.2195121951218,39,2,21,33.25137852195549,0.6479700854700854,41.82291666666667,1032.7083333333344,26.479700854700884,0
4148,4,0,0,41,0.0,0.0,1.0,41,650,500,150,0.7692307692307693,8,5,3,333.3808883324699,0.367505081300813,0.08668806809096852,0.20594838054931086,133337.70751953125,690.448676215278,134028.15619574653,4147,232,2982.2195121951218,39,2,21,33.18887628172802,0.6482371794871795,41.796875,1032.8125,26.482371794871796,0
4149,4,0,0,41,0.0,0.0,1.0,41,1000,500,500,0.5,15,5,10,333.3808883324699,0.367505081300813,0.08668806809096852,0.20594838054931086,133337.70751953125,690.448676215278,134028.15619574653,4148,233,2983.2195121951218,39,2,21,33.18887628172802,0.6482371794871795,41.796875,1032.8125,26.482371794871796,0
4150,4,0,0,41,0.0,0.0,1.0,41,850,700,150,0.8235294117647058,10,7,3,331.6076684631685,0.36765752032520327,0.08538306798675976,0.20529868013843366,133418.40820312512,648.5134548611261,134066.92165798624,4149,234,2984.2195121951218,39,2,21,33.15394568797474,0.6490384615384616,41.71875000000001,1033.125000000001,26.490384615384638,0
4151,4,0,0,41,0.0,0.0,1.0,41,1100,800,300,0.7272727272727273,14,8,6,330.1096164416461,0.36780995934959354,0.08605277524081045,0.20513799302540509,133557.2138181939,617.7258266966628,134174.93964489058,4150,235,2985.2195121951218,37,4,21,33.05388334924507,0.6539977477477478,41.5844298245614,1033.6622807017534,27.936818397344688,0
4152,4,0,0,41,0.0,0.0,1.0,41,1150,1000,150,0.8695652173913043,13,10,3,330.1096164416461,0.36780995934959354,0.08605277524081045,0.20513799302540509,133557.2138181939,617.7041253077739,134174.91794350167,4151,236,2986.2195121951218,37,4,21,33.05388334924507,0.6539977477477478,41.5844298245614,1033.6622807017534,27.936818397344688,0
4153,4,0,1,40,0.0,0.024390243902439025,0.975609756097561,41,1050,800,250,0.7619047619047619,13,8,5,330.99277808456264,0.36730182926829263,0.08638263880314123,0.20628970373988928,133665.4901403499,648.4623831178258,134313.9525234677,4152,237,2987.2195121951218,38,3,21,32.92286565416536,0.653234649122807,41.47970085470085,1034.0811965811965,27.212663067926226,0
4154,4,0,0,40,0.0,0.0,1.0,40,650,400,250,0.6153846153846154,9,4,5,334.815277262674,0.36601228632478633,0.09251139857915436,0.2087007851860064,133670.57802641188,950.9903287549962,134621.56835516688,4153,238,3053.0,37,3,22,32.81896140388081,0.6551238738738738,41.47478070175438,1034.100877192982,27.94867235656708,0
4155,4,0,0,40,0.0,0.0,1.0,40,1000,600,400,0.6,14,6,8,331.1083384879945,0.3663995726495726,0.0901685393258429,0.20686596458912176,133755.63274276702,857.521064173593,134613.15380694062,4154,239,3054.0,37,3,16,32.829835347325286,0.6559684684684685,41.39254385964912,1034.4298245614034,27.957562825983874,0
4156,4,0,0,40,0.0,0.0,1.0,40,1050,800,250,0.7619047619047619,13,8,5,331.2186607204204,0.36668002136752137,0.09567924128430616,0.2074127738034908,133840.7145107148,866.1084420206141,134706.8229527354,4155,240,3055.0,37,3,16,32.74202165236126,0.6568130630630631,41.310307017543856,1034.7587719298242,27.966453295400655,0
4157,4,0,0,40,0.0,0.0,1.0,40,800,600,200,0.75,10,6,4,330.16782217658,0.3661725427350427,0.0949226612988665,0.20707336036709215,133897.45071800938,841.7259397122154,134739.1766577216,4156,241,3056.0,37,3,17,32.71257107038174,0.6573761261261262,41.25548245614035,1034.9780701754385,27.97238027501185,0
4158,4,0,0,40,0.0,0.0,1.0,40,850,600,250,0.7058823529411765,11,6,5,328.74505535461174,0.3656650641025641,0.09582860385925107,0.20674032001567444,133997.13187824166,810.1789073343559,134807.31078557603,4157,242,3057.0,38,2,18,32.64992432841467,0.6565241228070176,41.159188034188034,1035.363247863248,27.24640125955916,0
4159,4,0,0,40,0.0,0.0,1.0,40,1100,900,200,0.8181818181818182,13,9,4,329.5283421073565,0.36546474358974357,0.0934069335534462,0.20738887608470763,134024.78723792822,832.993187961132,134857.78042588936,4158,243,3058.0,38,2,18,32.602060118310625,0.6567982456140351,41.13247863247863,1035.4700854700852,27.24921277552856,0
4160,4,0,0,40,0.0,0.0,1.0,40,1300,900,400,0.6923076923076923,17,9,8,329.5283421073565,0.3658253205128205,0.0934069335534462,0.20738887608470763,134024.78723792822,832.993187961132,134857.78042588936,4159,244,3059.0,38,2,18,32.602060118310625,0.6567982456140351,41.13247863247863,1035.4700854700852,27.24921277552856,0
4161,4,0,0,40,0.0,0.0,1.0,40,1150,700,450,0.6086956521739131,16,7,9,328.13608850171073,0.3655715811965812,0.0919640094874703,0.20729222476880083,134163.10683988978,804.7514199357173,134967.8582598255,4160,245,3060.0,38,2,20,32.50017187446288,0.6581688596491229,40.998931623931625,1036.0042735042741,27.263270355375635,0
4162,4,0,0,40,0.0,0.0,1.0,40,1100,600,500,0.5454545454545454,16,6,10,326.926808932717,0.3652644230769231,0.09095174262734584,0.2066842368337347,134190.77932098764,774.1126543209855,134964.89197530862,4161,246,3061.0,38,2,20,32.50390974084004,0.6584429824561404,40.97222222222222,1036.111111111111,27.26608187134503,0
4163,4,0,0,40,0.0,0.0,1.0,40,950,400,550,0.42105263157894735,15,4,11,323.99139956023976,0.3649839743589744,0.090314851076986,0.20560422170915688,134329.18453000596,704.3000995324769,135033.48462953843,4162,247,3062.0,38,2,21,32.442071180734445,0.6598135964912281,40.83867521367522,1036.6452991453002,27.28013945119211,0
4164,4,0,0,40,0.0,0.0,1.0,40,650,500,150,0.7692307692307693,8,5,3,325.02024562300375,0.3647970085470085,0.09592735703245747,0.2065698417662903,134384.56658859312,735.5409681130943,135120.1075567062,4163,248,3063.0,38,2,21,32.36025244719219,0.6603618421052632,40.785256410256416,1036.858974358975,27.285762483130924,0
4165,4,0,0,40,0.0,0.0,1.0,40,1300,1000,300,0.7692307692307693,16,10,6,327.9240083959012,0.364463141025641,0.10091143151390303,0.20920776094114343,134523.0716725108,822.6689769157763,135345.74064942656,4164,249,3064.0,38,2,21,32.14705629934774,0.6617324561403508,40.651709401709404,1037.3931623931626,27.29982006297796,0
4166,4,0,0,40,0.0,0.0,1.0,40,800,500,300,0.625,11,5,6,318.55816217400485,0.36367521367521366,0.0827683315621679,0.19541279700504466,133075.95245652506,496.29814376455613,133572.2506002896,4165,250,3065.0,37,3,19,33.833244775062,0.6492117117117118,42.050438596491226,1031.7982456140348,27.88643907064959,4
4167,4,0,0,40,0.0,0.0,1.0,40,800,800,0,1.0,8,8,0,319.9386122444263,0.3637019230769231,0.08332979175520605,0.19655758606034845,133132.52635426284,518.8471452754686,133651.3734995383,4166,251,3066.0,37,3,20,33.74105751522879,0.6497747747747749,41.99561403508772,1032.017543859649,27.892366050260787,0
4168,4,0,0,40,0.0,0.0,1.0,40,850,300,550,0.35294117647058826,14,3,11,320.63090879523503,0.3637019230769231,0.08732207350754195,0.19728231211753877,133189.11227493075,540.9092220683319,133730.02149699908,4167,252,3067.0,37,3,20,33.66661355428086,0.6503378378378378,41.94078947368421,1032.2368421052633,27.898293029871983,0
4169,4,0,0,40,0.0,0.0,1.0,40,1300,1100,200,0.8461538461538461,15,11,4,318.039250660189,0.36440972222222223,0.08947558957385215,0.19659868768431626,133361.84619037178,482.8603258090409,133844.70651618083,4168,253,3068.0,38,2,21,33.56088815335817,0.6502192982456141,41.77350427350427,1032.9059829059825,27.181736392262696,0
4170,4,0,0,40,0.0,0.0,1.0,40,1100,1000,100,0.9090909090909091,12,10,2,317.05254942767925,0.36424946581196577,0.0836693548387093,0.19657258064516134,133472.2222222223,463.5873237636148,133935.80954598592,4169,254,3069.0,37,3,21,33.47614247311827,0.6531531531531531,41.66666666666667,1033.3333333333342,27.92792792792795,0
4171,4,0,0,40,0.0,0.0,1.0,40,1000,700,300,0.7,13,7,6,315.81070912225664,0.3634882478632479,0.08938951946536555,0.19625231080392305,133557.21381819402,435.7596808633436,133992.97349905738,4170,255,3070.0,37,3,21,33.42338937802764,0.6539977477477478,41.584429824561404,1033.6622807017543,27.936818397344712,0
4172,4,0,0,40,0.0,0.0,1.0,40,750,500,250,0.6666666666666666,10,5,5,314.9397913241913,0.36375534188034186,0.08762594124509504,0.19601104240236308,133613.88991083798,416.0661213065616,134029.95603214455,4171,256,3071.0,37,3,21,33.38934404496766,0.6545608108108107,41.5296052631579,1033.8815789473688,27.942745376955912,0
4173,4,0,0,40,0.0,0.0,1.0,40,900,700,200,0.7777777777777778,11,7,4,314.6839045855056,0.3639690170940171,0.09351871487647156,0.19615227390257114,133670.57802641188,412.7958843105515,134083.37391072244,4172,257,3072.0,37,3,21,33.33940815749479,0.6551238738738738,41.47478070175438,1034.100877192982,27.94867235656708,0
4174,4,0,0,40,0.0,0.0,1.0,40,500,300,200,0.6,7,3,4,313.2612188652371,0.36334134615384617,0.09057133771464931,0.19571565157447984,133755.63274276702,380.09050861803775,134135.72325138506,4173,258,3073.0,37,3,17,33.29137516783267,0.6559684684684685,41.39254385964912,1034.4298245614034,27.957562825983874,0
4175,4,0,0,40,0.0,0.0,1.0,40,1000,700,300,0.7,13,7,6,312.8655171653495,0.36283386752136754,0.08704704386522577,0.19607070059804585,133869.08111149594,376.6038588796645,134245.6849703756,4174,259,3074.0,37,3,17,33.1885286430741,0.6570945945945945,41.28289473684211,1034.8684210526321,27.969416785206274,0
4176,4,0,1,39,0.0,0.025,0.975,40,900,700,200,0.7777777777777778,11,7,4,315.56982123122646,0.36315438034188036,0.08996504977758946,0.19837618189515574,133982.57757194512,456.1716104955251,134438.74918244063,4175,260,3075.0,37,3,17,33.005454352891334,0.6582207207207207,41.17324561403508,1035.3070175438588,27.981270744428617,0
4177,4,0,0,39,0.0,0.0,1.0,39,1100,800,300,0.7272727272727273,14,8,6,316.83488870107334,0.3621513720197931,0.09233592295205684,0.1997878744105697,134096.12212411495,697.2659856878859,134793.38810980282,4176,261,3074.74358974359,37,2,17,32.859587832592275,0.6593468468468469,41.06359649122806,1035.7456140350864,27.993124703650984,0
4178,4,0,0,39,0.0,0.0,1.0,39,1150,900,250,0.782608695652174,14,9,5,316.8862528883571,0.36209514170040485,0.09078448456028676,0.19997491189287286,134124.51577648876,700.4430449753609,134824.95882146413,4177,262,3075.74358974359,37,2,18,32.829976888606616,0.6596283783783784,41.03618421052631,1035.8552631578934,27.99608819345658,0
4179,4,0,0,39,0.0,0.0,1.0,39,1050,900,150,0.8571428571428571,12,9,3,313.45543803996753,0.3615890688259109,0.08704874588721023,0.19873200910743208,134294.9408111149,619.0958996999041,134914.0367108148,4178,263,3076.74358974359,37,2,18,32.749193377763675,0.6613175675675675,40.87171052631579,1036.5131578947364,28.013869132290175,0
4180,4,0,0,39,0.0,0.0,1.0,39,900,700,200,0.7777777777777778,11,7,4,314.0478225268479,0.3612235717498875,0.08611002646535648,0.19957232592835178,134380.1939058172,640.3614573715015,135020.5553631887,4179,264,3077.74358974359,37,2,19,32.64902354765933,0.6621621621621622,40.78947368421053,1036.8421052631581,28.022759601706976,0
4181,4,0,0,39,0.0,0.0,1.0,39,1050,700,350,0.6666666666666666,14,7,7,315.5292731196913,0.361082995951417,0.0905283531353942,0.2009825854841184,134465.4740521121,685.5586574715235,135151.03270958364,4180,265,3078.74358974359,37,2,19,32.525791133664576,0.6630067567567568,40.70723684210526,1037.1710526315783,28.03165007112374,0
4182,4,0,0,39,0.0,0.0,1.0,39,750,500,250,0.6666666666666666,10,5,5,316.84206330994164,0.360801844354476,0.08804060077440656,0.20244945611762155,134579.22299409422,728.071738419502,135307.29473251372,4181,266,3079.74358974359,37,2,19,32.37862816583888,0.6641328828828829,40.59758771929824,1037.609649122806,28.04350403034611,0
4183,4,0,0,39,0.0,0.0,1.0,39,1050,900,150,0.8571428571428571,12,9,3,318.33550910626286,0.361082995951417,0.08534910742579505,0.2040407762159099,134693.02002779694,775.5142207217568,135468.5342485187,4182,267,3080.74358974359,37,2,19,32.22674817788107,0.665259009009009,40.487938596491226,1038.0482456140346,28.055357989568503,0
4184,4,0,0,39,0.0,0.0,1.0,39,1200,900,300,0.75,15,9,6,317.74065258287186,0.3607456140350877,0.0843129131227136,0.20397872808862463,134749.93657904354,763.1065568251768,135513.0431358687,4183,268,3081.74358974359,37,2,19,32.18561886154821,0.665822072072072,40.43311403508772,1038.267543859649,28.061284969179706,0
4185,4,0,0,39,0.0,0.0,1.0,39,1150,900,250,0.782608695652174,14,9,5,316.1455994108174,0.3609424201529465,0.0795735429881772,0.2032732499674032,134806.86515322013,723.719437711593,135530.5845909317,4184,269,3082.74358974359,37,2,15,32.17046334424382,0.6663851351351351,40.378289473684205,1038.4868421052624,28.067211948790877,0
4186,4,0,0,39,0.0,0.0,1.0,39,1100,900,200,0.8181818181818182,13,9,4,317.26946170882536,0.3613922627080522,0.08264002186129438,0.20495996514073211,134977.72301333107,764.8619046245012,135742.58491795557,4185,270,3083.74358974359,37,2,16,31.97159350708732,0.6680743243243243,40.213815789473685,1039.1447368421057,28.084992887624477,0
4187,4,0,0,39,0.0,0.0,1.0,39,750,500,250,0.6666666666666666,10,5,5,319.23566572021787,0.36201079622132254,0.0828323313293251,0.20688129505764782,135091.68836805565,825.2170138888991,135916.90538194455,4186,271,3084.74358974359,37,2,16,31.807364729458918,0.6692004504504505,40.10416666666667,1039.5833333333342,28.09684684684687,0
4188,4,0,0,39,0.0,0.0,1.0,39,900,700,200,0.7777777777777778,11,7,4,320.96831029788933,0.3620670265407107,0.08446964473538321,0.208332819066043,135148.68907981316,875.6892745845021,136024.37835439766,4187,272,3085.74358974359,37,2,17,31.705749762733305,0.6697635135135135,40.049342105263165,1039.8026315789486,28.102773826458073,0
4189,4,0,0,39,0.0,0.0,1.0,39,1200,900,300,0.75,15,9,6,324.0042581167334,0.3620670265407107,0.08856383769422638,0.21096969092336673,135262.72657211855,965.1398747691825,136227.86644688773,4188,273,3086.74358974359,37,2,18,31.513628298373217,0.6708896396396397,39.93969298245615,1040.2412280701772,28.114627785680465,0
4190,4,0,0,39,0.0,0.0,1.0,39,1050,1000,50,0.9523809523809523,11,10,1,323.5176978412898,0.36136414754835805,0.08392757022261188,0.21136055631603,135383.39548405667,959.7848865877866,136343.18037064446,4189,274,3087.74358974359,38,1,18,31.40655476850426,0.6702302631578947,39.823717948717956,1040.7051282051293,27.386977058029718,0
4191,4,0,0,39,0.0,0.0,1.0,39,1150,600,550,0.5217391304347826,17,6,11,321.03120677521883,0.3609143049932524,0.08001768346595939,0.2102236612108694,135466.79815910602,897.8139381985702,136364.6120973046,4190,275,3088.74358974359,38,1,18,31.388546798029555,0.6710526315789473,39.74358974358975,1041.0256410256422,27.395411605937955,0
4192,4,0,0,39,0.0,0.0,1.0,39,1150,800,350,0.6956521739130435,15,8,7,322.2400000000001,0.3604363472784526,0.07856410256410262,0.21200000000000005,135633.6805555556,941.4221729125625,136575.10272846816,4191,276,3089.74358974359,37,2,18,31.19166666666667,0.6745495495495495,39.583333333333336,1041.666666666667,28.153153153153163,0
4193,4,0,0,39,0.0,0.0,1.0,39,750,400,350,0.5333333333333333,11,4,7,333.2843167269069,0.36004273504273504,0.04769819243095408,0.20679019856955538,133499.82336410612,1098.679482613769,134598.5028467199,4192,277,3090.74358974359,38,1,17,33.02922223370896,0.6515899122807017,41.63995726495726,1033.4401709401702,27.195793972109744,5
4194,4,0,0,39,0.0,0.0,1.0,39,900,700,200,0.7777777777777778,11,7,4,332.04523537639204,0.3600708502024292,0.05004212567758781,0.20679110604715065,133637.87187705454,1074.7637245233393,134712.63560157787,4193,278,3091.74358974359,38,1,17,32.92325377144038,0.6529605263157895,41.506410256410255,1033.974358974359,27.209851551956813,0
4195,4,0,0,39,0.0,0.0,1.0,39,950,600,350,0.631578947368421,13,6,7,333.8396624616579,0.3598178137651822,0.043915188395204696,0.20868750494617394,133775.99172921685,1131.9463848710566,134907.9381140879,4194,279,3092.74358974359,38,1,15,32.7388636441874,0.6543311403508771,41.37286324786324,1034.5085470085467,27.22390913180386,0
4196,4,0,0,39,0.0,0.0,1.0,39,1050,700,350,0.6666666666666666,14,7,7,335.41711983667483,0.36004273504273504,0.04047830781934847,0.21046120835347829,133914.18292059316,1183.4219081013946,135097.60482869454,4195,280,3093.74358974359,38,1,16,32.560039911918544,0.6557017543859649,41.23931623931624,1035.0427350427349,27.237966711650916,0
4197,4,0,0,39,0.0,0.0,1.0,39,1000,900,100,0.9,11,9,2,334.89931228697,0.3601833108412056,0.03986252113380395,0.21061059282109196,133997.13187824163,1175.1094628899123,135172.24134113154,4196,281,3094.74358974359,38,1,16,32.490627042272905,0.6565241228070176,41.159188034188034,1035.3632478632478,27.246401259559153,0
4198,4,0,0,39,0.0,0.0,1.0,39,950,600,350,0.631578947368421,13,6,7,334.30546414102787,0.3597334682860998,0.0421355001507675,0.21071242973882465,134080.10651800706,1164.742448316154,135244.84896632322,4197,282,3095.74358974359,38,1,16,32.42319132109208,0.6573464912280702,41.07905982905982,1035.6837606837598,27.254835807467362,0
4199,4,0,0,39,0.0,0.0,1.0,39,1300,1100,200,0.8461538461538461,15,11,4,337.6003565036765,0.3604363472784526,0.04413281088884302,0.2134320897896123,134190.77932098752,1260.5709876543056,135451.35030864182,4198,283,3096.74358974359,38,1,16,32.22743521000893,0.6584429824561404,40.972222222222214,1036.1111111111102,27.266081871345005,0
4200,4,0,0,39,0.0,0.0,1.0,39,450,300,150,0.6666666666666666,6,3,3,336.3808635601256,0.360801844354476,0.04633308747134923,0.2128217870625997,134218.454655654,1229.7039365548783,135448.15859220887,4199,284,3097.74358974359,38,1,16,32.23141560985668,0.658717105263158,40.94551282051281,1036.2179487179474,27.268893387314403,0
4201,4,0,0,39,0.0,0.0,1.0,39,450,300,150,0.6666666666666666,6,3,3,336.55245423069437,0.36113922627080525,0.0424178995607567,0.21341385038864016,134301.49778106494,1239.8997370151028,135541.39751808005,4200,285,3098.74358974359,38,1,16,32.14414553700267,0.6595394736842105,40.865384615384606,1036.5384615384603,27.27732793522264,0
4202,4,0,0,39,0.0,0.0,1.0,39,450,200,250,0.4444444444444444,7,2,5,336.94725796180285,0.3609143049932524,0.040221320312004094,0.2139879706322862,134356.87413251508,1254.236065454001,135611.11019796907,4201,286,3099.74358974359,38,1,16,32.078696070348975,0.6600877192982456,40.811965811965806,1036.7521367521363,27.28295096716148,0
4203,4,0,0,39,0.0,0.0,1.0,39,650,500,150,0.7692307692307693,8,5,3,338.28222656821055,0.36026765632028795,0.03940059116735739,0.21532495562607348,134439.9600614545,1295.7298058660274,135735.68986732053,4202,287,3100.74358974359,38,1,16,31.961256481576864,0.6609100877192983,40.73183760683761,1037.0726495726499,27.291385515069734,0
4204,4,0,0,39,0.0,0.0,1.0,39,950,700,250,0.7368421052631579,12,7,5,338.1275431158326,0.35925551057130006,0.03746304771349673,0.21605002974376267,134579.22299409437,1301.0340621831222,135880.25705627748,4203,288,3101.74358974359,37,2,17,31.82647768501885,0.6641328828828829,40.59758771929825,1037.6096491228072,28.043504030346142,0
4205,4,0,0,39,0.0,0.0,1.0,39,1100,900,200,0.8181818181818182,13,9,4,340.2231636818069,0.3585807467386415,0.00403829870383654,0.21486821192952577,134152.91243459497,1366.7658558402309,135519.6782904352,4204,289,3102.74358974359,37,2,18,32.197290431837416,0.6599099099099099,41.00877192982455,1035.9649122806995,27.99905168326215,5
4206,4,0,0,39,0.0,0.0,1.0,39,900,800,100,0.8888888888888888,10,8,2,339.3106355719873,0.35835582546108863,-0.007285707698275079,0.21512430838779265,134294.94081111465,1313.5403441443198,135608.48115525898,4205,290,3103.74358974359,37,2,20,32.07921206671603,0.6613175675675675,40.87171052631577,1036.5131578947344,28.013869132290118,0
4207,4,0,0,39,0.0,0.0,1.0,39,800,600,200,0.75,10,6,4,339.3106355719873,0.35835582546108863,-0.007285707698275079,0.21512430838779265,134294.94081111465,1313.5403441443198,135608.48115525898,4206,291,3104.74358974359,37,2,20,32.07921206671603,0.6613175675675675,40.87171052631577,1036.5131578947344,28.013869132290118,0
4208,4,0,0,39,0.0,0.0,1.0,39,1100,900,200,0.8181818181818182,13,9,4,341.5015417386003,0.3577372919478183,-0.015434509089331083,0.21701872168549746,134380.19390581705,1378.2086795937098,135758.40258541077,4207,292,3105.74358974359,37,2,20,31.93739424703892,0.6621621621621622,40.78947368421052,1036.842105263157,28.022759601706944,0
4209,4,0,0,39,0.0,0.0,1.0,39,1250,700,550,0.56,18,7,11,342.64280065554334,0.35756860098965365,-0.01451337892822191,0.21825308090240952,134465.474052112,1414.7253241381768,135880.19937625018,4208,293,3106.74358974359,37,2,21,31.8227569862917,0.6630067567567568,40.70723684210525,1037.1710526315774,28.031650071123714,0
4210,4,0,0,39,0.0,0.0,1.0,39,700,400,300,0.5714285714285714,10,4,6,348.59515198297277,0.35742802519118305,-0.027379169020118277,0.21174845786580426,132708.51518015144,1452.3090037319018,134160.82418388335,4209,294,3107.74358974359,37,2,16,33.42722411407896,0.6455518018018018,42.40679824561403,1030.3728070175428,27.847913703176832,3
4211,4,0,0,39,0.0,0.0,1.0,39,1050,800,250,0.7619047619047619,13,8,5,350.0027161611592,0.3575967161493477,-0.03577741407528656,0.21308455517583494,132793.26331178803,1495.600569405946,134288.86388119397,4210,295,3108.74358974359,37,2,16,33.305851063829785,0.6463963963963963,42.32456140350876,1030.7017543859633,27.856804172593606,0
4212,4,0,0,39,0.0,0.0,1.0,39,800,600,200,0.75,10,6,4,348.57667584940333,0.3565002249212776,-0.0332556332556333,0.21301907968574613,132934.57031249977,1467.578124999971,134402.14843749974,4211,296,3109.74358974359,37,2,16,33.20075757575757,0.6478040540540541,42.187499999999986,1031.2499999999982,27.87162162162157,0
4213,4,0,0,39,0.0,0.0,1.0,39,550,300,250,0.5454545454545454,8,3,5,348.5189267492192,0.35731556455240665,-0.034843889238617476,0.2136296144484298,133047.67001625468,1473.9262321098454,134521.5962483645,4212,297,3110.74358974359,37,2,17,33.088775817479714,0.6489301801801801,42.077850877192965,1031.6885964912256,27.883475580843935,0
4214,4,0,0,39,0.0,0.0,1.0,39,850,700,150,0.8235294117647058,10,7,3,348.5640008086002,0.3572593342330184,-0.03529251478241935,0.21381924691062085,133075.95245652494,1477.097279932269,134553.0497364572,4213,298,3111.74358974359,37,2,18,33.05924548352816,0.6492117117117118,42.05043859649122,1031.798245614034,27.886439070649566,0
4215,4,0,0,39,0.0,0.0,1.0,39,800,400,400,0.5,12,4,8,346.67158182923936,0.35728744939271256,-0.033083788289907656,0.21298126163033892,133132.52635426255,1430.6527008309963,134563.17905509355,4214,299,3112.74358974359,37,2,19,33.05133517495398,0.6497747747747749,41.995614035087705,1032.0175438596468,27.892366050260726,0
4216,4,0,0,39,0.0,0.0,1.0,39,1250,900,350,0.72,16,9,7,347.00415558706914,0.35655645524066576,-0.03449843844874134,0.21399725822943183,133274.01369892628,1449.3273170590621,134723.34101598535,4215,300,3113.74358974359,37,2,20,32.90093713496865,0.6511824324324325,41.85855263157893,1032.565789473682,27.9071834992887,0
4217,4,0,0,39,0.0,0.0,1.0,39,1200,1100,100,0.9166666666666666,13,11,2,346.6534648232372,0.35644399460188936,-0.03432597698896256,0.21394379631095964,133302.32018505677,1441.942232225284,134744.26241728207,4216,301,3114.74358974359,37,2,20,32.881627380193954,0.6514639639639639,41.831140350877185,1032.67543859649,27.910146989094326,0
4218,4,0,0,39,0.0,0.0,1.0,39,1000,600,400,0.6,14,6,8,347.17645575431453,0.35680949167791276,-0.03463620553101476,0.21475701836253397,133387.25767784292,1461.7830726761829,134849.0407505191,4217,302,3115.74358974359,37,2,21,32.78303347132292,0.6523085585585586,41.74890350877192,1033.0043859649104,27.91903745851109,0
4219,4,0,0,39,0.0,0.0,1.0,39,400,100,300,0.25,7,1,6,348.742770468913,0.35644399460188936,-0.031154580931698095,0.21589056395256878,133415.57618690358,1505.5435326254155,134921.119719529,4218,303,3116.74358974359,37,2,21,32.71421495789994,0.6525900900900901,41.72149122807017,1033.1140350877188,27.922000948316725,0
4220,4,0,0,39,0.0,0.0,1.0,39,750,600,150,0.8,9,6,3,348.3481212788916,0.35610661268556004,-0.03408463198339018,0.2158109366739641,133443.8977016966,1496.9862121037181,134940.88391380032,4219,304,3117.74358974359,37,2,21,32.69604071597863,0.6528716216216216,41.69407894736842,1033.2236842105258,27.92496443812232,0
4221,4,0,0,39,0.0,0.0,1.0,39,1150,900,250,0.782608695652174,14,9,5,351.77022218704224,0.3565283400809716,-0.06480994591346145,0.21964189482898258,133733.2925211714,1622.3991738089817,135355.69169498037,4220,305,3118.74358974359,32,7,20,32.31786092122396,0.6666666666666667,41.41414141414142,1034.3434343434349,32.32323232323234,3
4222,4,0,0,39,0.0,0.0,1.0,39,1050,800,250,0.7619047619047619,13,8,5,351.19076383967285,0.35627530364372473,-0.0662620961128424,0.219611290987742,133788.99491782006,1597.0918637062655,135386.08678152633,4221,306,3119.74358974359,33,6,20,32.27710653083787,0.6647727272727273,41.36029411764706,1034.5588235294117,31.350267379679142,0
4223,4,0,0,39,0.0,0.0,1.0,39,1350,1100,250,0.8148148148148148,16,11,5,350.8343566901297,0.3559379217273954,-0.07253556011605677,0.2204375408798678,133964.73922902506,1599.886621315206,135564.62585034026,4222,307,3120.74358974359,34,5,20,32.11054891137688,0.6642156862745099,41.1904761904762,1035.238095238096,30.44817927170871,0
4224,4,0,0,39,0.0,0.0,1.0,39,700,500,200,0.7142857142857143,9,5,4,351.46657639004644,0.3553756185335133,-0.07377800572420634,0.221390857930269,134057.18714569169,1623.3241213152048,135680.5112670069,4223,308,3121.74358974359,34,5,20,32.00176265471127,0.6651348039215687,41.10119047619048,1035.5952380952388,30.458683473389375,0
4225,4,0,0,39,0.0,0.0,1.0,39,1050,600,450,0.5714285714285714,15,6,9,347.6218550411551,0.3539698605488079,-0.06677565207145919,0.2200762362278734,134242.17864229044,1533.1030328798406,135775.2816751703,4224,309,3122.74358974359,34,5,20,31.916523071031985,0.6669730392156863,40.92261904761906,1036.3095238095252,30.479691876750742,0
4226,4,0,0,39,0.0,0.0,1.0,39,1000,800,200,0.8,12,8,4,348.5245326841022,0.3541947818263608,-0.06108510700933223,0.22158019559697306,134396.43565759642,1568.0909863945612,135964.52664399098,4225,310,3123.74358974359,34,5,20,31.73914083429009,0.6685049019607843,40.773809523809526,1036.9047619047622,30.497198879551828,0
4227,4,0,0,39,0.0,0.0,1.0,39,1150,900,250,0.782608695652174,14,9,5,347.0754481116363,0.3538011695906433,-0.0648677921405193,0.2210322590605686,134458.16326530627,1533.425453514755,135991.58871882103,4226,311,3124.74358974359,34,5,20,31.715115166819714,0.6691176470588236,40.71428571428572,1037.1428571428582,30.504201680672303,0
4228,4,0,0,39,0.0,0.0,1.0,39,700,500,200,0.7142857142857143,9,5,4,344.87860508862525,0.3538011695906433,-0.06409255142938053,0.22001045817860146,134520.76266986033,1478.666597007897,135999.42926686822,4227,312,3125.74358974359,35,4,21,31.709644278329424,0.6675595238095238,40.65393518518519,1037.38425925926,29.639550264550287,0
4229,4,0,0,39,0.0,0.0,1.0,39,800,600,200,0.75,10,6,4,345.52149176479514,0.3535762483130904,-0.06344102624655212,0.22118076445623966,134646.1566014273,1504.6348758238128,136150.7914772511,4228,313,3126.74358974359,33,6,21,31.567948793639534,0.6732954545454546,40.533088235294116,1037.8676470588234,31.450534759358284,0
4230,4,0,0,39,0.0,0.0,1.0,39,1050,900,150,0.8571428571428571,12,9,3,345.3940315734973,0.3535200179937022,-0.06173097354776025,0.22148621055708517,134709.7589418733,1505.589346645516,136215.3482885188,4229,314,3127.74358974359,33,6,21,31.507865069059147,0.6739267676767677,40.47181372549019,1038.1127450980389,31.457961972667846,0
4231,4,0,0,39,0.0,0.0,1.0,39,1150,800,350,0.6956521739130435,15,8,7,347.7056170761314,0.3536043634727845,-0.06050483227731285,0.22355518961328824,134805.19061178388,1574.5043973471652,136379.69500913104,4230,315,3128.74358974359,33,6,17,31.35276532137519,0.6748737373737373,40.37990196078431,1038.4803921568623,31.469102792632192,0
4232,4,0,0,39,0.0,0.0,1.0,39,1000,700,300,0.7,13,7,6,348.7670041230149,0.35318263607737294,-0.059413608257402606,0.2246313926251269,134868.83049788524,1607.559592464411,136476.39009034965,4231,316,3129.74358974359,33,6,18,31.261798017932996,0.6755050505050505,40.31862745098038,1038.7254901960769,31.476530005941722,0
4233,4,0,0,39,0.0,0.0,1.0,39,950,500,450,0.5263157894736842,14,5,9,349.60443450721755,0.3535481331533963,-0.0572227112276662,0.2253685772865157,134900.65607278442,1632.373516195682,136533.0295889801,4232,317,3130.74358974359,33,6,18,31.20834316385512,0.6758207070707071,40.287990196078425,1038.8480392156857,31.48024361259654,0
4234,4,0,0,39,0.0,0.0,1.0,39,1200,1000,200,0.8333333333333334,14,10,4,366.8836053164166,0.3538855150697256,-0.09690229449265575,0.21950506661460575,132137.36329234645,1895.8064483402393,134033.1697406867,4233,318,3131.74358974359,36,3,20,33.53139832055495,0.6417824074074074,42.961711711711715,1028.1531531531534,28.559809809809817,8
4235,4,0,0,39,0.0,0.0,1.0,39,1050,700,350,0.6666666666666666,14,7,7,368.972387071553,0.3541666666666667,-0.09899855974530192,0.22126229882629653,132224.21481870388,1957.4168340637993,134181.63165276768,4234,319,3132.74358974359,36,3,20,33.39013285156393,0.642650462962963,42.877252252252255,1028.4909909909913,28.569194194194203,0
4236,4,0,0,39,0.0,0.0,1.0,39,1050,700,350,0.6666666666666666,14,7,7,370.84624507866926,0.35422289698605486,-0.10467398018026863,0.2227451646176744,132285.18029586025,2011.4924784549066,134296.67277431514,4235,320,3133.74358974359,37,2,20,33.280483905350664,0.6413288288288288,42.81798245614035,1028.7280701754385,27.80346135609293,0
4237,4,0,0,39,0.0,0.0,1.0,39,900,600,300,0.6666666666666666,12,6,6,372.2401612876788,0.3538011695906433,-0.10879269178864281,0.2242519996050165,132398.00347222236,2056.8189250538817,134454.82239727624,4236,321,3134.74358974359,36,3,20,33.130904183535776,0.6443865740740741,42.70833333333334,1029.1666666666679,28.587962962962997,0
4238,4,0,0,39,0.0,0.0,1.0,39,700,600,100,0.8571428571428571,8,6,2,371.68361167153313,0.35349190283400805,-0.11080173055424558,0.2242811018927943,132459.27047902468,2046.5880102040571,134505.85848922873,4237,322,3135.74358974359,34,5,22,33.083487529393636,0.649203431372549,42.64880952380951,1029.4047619047599,30.276610644257644,0
4239,4,0,0,39,0.0,0.0,1.0,39,950,500,450,0.5263157894736842,14,5,9,371.7659537870768,0.35301394511920825,-0.1125347892195655,0.2250627897979005,132581.84700963704,2057.883361677991,134639.73037131503,4238,323,3136.74358974359,34,5,23,32.95789504103572,0.6504289215686274,42.5297619047619,1029.8809523809514,30.29061624649857,0
4240,4,0,0,39,0.0,0.0,1.0,39,550,300,250,0.5454545454545454,8,3,5,373.7261863616849,0.3530982905982906,-0.1088706331424778,0.22643410114855006,132612.49999999985,2112.152777777764,134724.6527777776,4239,324,3137.74358974359,34,5,23,32.876550701186645,0.6507352941176471,42.49999999999999,1029.9999999999989,30.29411764705879,0
4241,4,0,0,39,0.0,0.0,1.0,39,550,300,250,0.5454545454545454,8,3,5,373.0024519742449,0.35245164192532613,-0.11011865084655381,0.22654991030435706,132704.4802295917,2099.8193027210727,134804.29953231275,4240,325,3138.74358974359,34,5,18,32.802570768341994,0.6516544117647058,42.41071428571428,1030.3571428571418,30.304621848739462,0
4242,4,0,0,39,0.0,0.0,1.0,39,900,600,300,0.6666666666666666,12,6,6,370.5460427397786,0.3526484480431849,-0.1114387036806802,0.22635189155232424,132919.22477324243,2050.538548752814,134969.76332199524,4241,326,3139.74358974359,34,5,19,32.64979219579774,0.6537990196078431,42.20238095238094,1031.1904761904748,30.329131652661022,0
4243,4,0,0,39,0.0,0.0,1.0,39,1350,1100,250,0.8148148148148148,16,11,5,368.9617049531186,0.35225483580746736,-0.10433641762187518,0.2258369996251504,132994.2558299038,2013.9574759944921,135008.21330589827,4242,327,3140.74358974359,35,4,19,32.615200478755234,0.6523809523809524,42.12962962962962,1031.48148148148,29.470899470899425,0
4244,4,0,0,39,0.0,0.0,1.0,39,900,600,300,0.6666666666666666,12,6,6,367.0020374762997,0.35141138101664415,-0.10880012539220041,0.22489001105821932,133036.2050183628,1964.9116599707656,135001.11667833355,4243,328,3141.74358974359,36,3,19,32.62357639267911,0.6507523148148149,42.088963963963955,1031.644144144143,28.65678178178175,0
4245,4,0,0,39,0.0,0.0,1.0,39,600,500,100,0.8333333333333334,7,5,2,365.33256462328205,0.35138326585695007,-0.10919612600284878,0.22421582649987462,133094.29943034227,1924.7363495251743,135019.03577986744,4244,329,3142.74358974359,36,3,20,32.60827058095966,0.6513310185185186,42.032657657657644,1031.8693693693674,28.663038038037982,0
4246,4,0,0,39,0.0,0.0,1.0,39,1050,600,450,0.5714285714285714,15,6,9,371.7014078332212,0.35233918128654973,-0.13939864038240835,0.220311650765288,131781.48275686137,1998.8157239027146,133780.2984807641,4245,330,3143.74358974359,32,7,17,33.76680603377602,0.6471354166666667,43.308080808080796,1026.7676767676753,32.08648989898985,2
4247,4,0,0,39,0.0,0.0,1.0,39,1000,700,300,0.7,13,7,6,370.33616419902506,0.3521986054880792,-0.13938505665610756,0.22006462350321868,131878.73247946618,1967.8927851749581,133846.62526464113,4246,331,3144.74358974359,32,7,19,33.70364679368982,0.6481119791666667,43.21338383838383,1027.146464646463,32.09832702020197,0
4248,4,0,0,39,0.0,0.0,1.0,39,1300,1000,300,0.7692307692307693,16,10,6,368.81803393959973,0.35208614484930273,-0.13808305779108743,0.21968726369445693,131969.53124999977,1934.5486111110827,133904.07986111086,4247,332,3145.74358974359,34,5,19,33.65098675317653,0.6443014705882353,43.124999999999986,1027.4999999999982,30.220588235294063,0
4249,4,0,0,39,0.0,0.0,1.0,39,700,500,200,0.7142857142857143,9,5,4,370.01792558673503,0.35208614484930273,-0.13476832795804294,0.22093601448934067,132061.28826530595,1973.0087868480546,134034.297052154,4248,333,3146.74358974359,34,5,19,33.52757509072659,0.6452205882352942,43.03571428571428,1027.8571428571415,30.231092436974752,0
4250,4,0,0,39,0.0,0.0,1.0,39,400,100,300,0.25,7,1,6,367.879071754206,0.3518612235717499,-0.13525752379255596,0.2198363864773402,132091.88102324252,1918.7677154194837,134010.648738662,4249,334,3147.74358974359,34,5,19,33.55167921250723,0.6455269607843137,43.00595238095237,1027.9761904761895,30.234593837534984,0
4251,4,0,0,39,0.0,0.0,1.0,39,1000,700,300,0.7,13,7,6,371.8238275891632,0.3523672964462438,-0.13230056980057003,0.22309429655349788,132244.89795918364,2034.3608276643918,134279.25878684802,4250,335,3148.74358974359,34,5,19,33.29595871913579,0.6470588235294117,42.857142857142854,1028.5714285714282,30.252100840336123,0
4252,4,0,0,39,0.0,0.0,1.0,39,1100,900,200,0.8181818181818182,13,9,4,348.1725935133127,0.35214237516869096,-0.08392634022377743,0.20225156853862752,131010.89000740589,1322.8802704731572,132333.77027787906,4251,336,3149.74358974359,36,3,16,35.14854434788986,0.6304976851851851,44.059684684684676,1023.76126126126,28.437812812812776,8
4253,4,0,0,39,0.0,0.0,1.0,39,900,600,300,0.6666666666666666,12,6,6,351.7442589548234,0.35233918128654973,-0.0762635913218459,0.2054023920392157,131212.72243527306,1430.6643636880026,132643.38679896106,4252,337,3150.74358974359,36,3,17,34.8531270608925,0.6325231481481481,43.86261261261261,1024.549549549549,28.459709709709696,0
4254,4,0,0,39,0.0,0.0,1.0,39,700,500,200,0.7142857142857143,9,5,4,349.89324960753527,0.35214237516869096,-0.07899126514511134,0.2046290855673888,131270.4173768363,1386.1265826637396,132656.54395950004,4253,338,3151.74358974359,36,3,18,34.8422619047619,0.6331018518518519,43.806306306306304,1024.7747747747746,28.465965965965964,0
4255,4,0,0,39,0.0,0.0,1.0,39,900,700,200,0.7777777777777778,11,7,4,350.1899103874368,0.35281713900134953,-0.07359647566172933,0.20526585668105835,131356.98356718203,1399.9780608310957,132756.96162801312,4254,339,3152.74358974359,36,3,20,34.74724449815078,0.6339699074074074,43.721846846846844,1025.1126126126126,28.47535035035035,0
4256,4,0,0,39,0.0,0.0,1.0,39,1350,1000,350,0.7407407407407407,17,10,7,353.04522101481984,0.35202991452991456,-0.08091593595656843,0.20740837306844825,131443.5782911289,1481.1054297540722,132924.68372088298,4255,340,3153.74358974359,36,3,20,34.586627864411746,0.634837962962963,43.637387387387385,1025.45045045045,28.484734734734722,0
4257,4,0,0,39,0.0,0.0,1.0,39,800,600,200,0.75,10,6,4,352.231637351126,0.3530420602789024,-0.08929335224330837,0.20787141706887688,131616.85333982625,1471.923950977999,133088.77729080425,4256,341,3154.74358974359,36,3,17,34.43261633011413,0.6365740740740741,43.468468468468465,1026.1261261261257,28.50350350350349,0
4258,4,0,0,39,0.0,0.0,1.0,39,1050,700,350,0.6666666666666666,14,7,7,354.4147525150064,0.352929599640126,-0.090556652768634,0.20947704633085415,131674.63705259323,1533.4867806996326,133208.12383329286,4257,342,3155.74358974359,36,3,17,34.318310657596385,0.6371527777777778,43.41216216216217,1026.3513513513522,28.50975975975978,0
4259,4,0,0,39,0.0,0.0,1.0,39,500,400,100,0.8,6,4,2,351.617184661602,0.3534356725146199,-0.08952982077159322,0.2081391074918939,131732.43344696064,1463.8774754484402,133196.3109224091,4258,343,3156.74358974359,36,3,17,34.33180671347082,0.6377314814814814,43.355855855855864,1026.5765765765777,28.51601601601605,0
4260,4,0,0,39,0.0,0.0,1.0,39,900,600,300,0.6666666666666666,12,6,6,354.18288980632303,0.35374493927125505,-0.0910212836536699,0.21045616533703426,131876.9799148813,1541.713969036627,133418.6938839179,4259,344,3157.74358974359,36,3,17,34.12020794503528,0.6391782407407407,43.2150900900901,1027.139639639641,28.531656656656693,0
4261,4,0,0,39,0.0,0.0,1.0,39,950,600,350,0.631578947368421,13,6,7,353.22013884625915,0.3538011695906433,-0.09310823649784383,0.21004394436477078,131905.89871966589,1518.3639720802205,133424.26269174612,4260,345,3158.74358974359,36,3,17,34.1157823576701,0.6394675925925926,43.18693693693695,1027.2522522522545,28.534784784784847,0
4262,4,0,0,39,0.0,0.0,1.0,39,1250,800,450,0.64,17,8,9,351.2040943066221,0.3538011695906433,-0.07942875120789217,0.20980307413814475,132079.4781267757,1477.370698401135,133556.84882517683,4261,346,3159.74358974359,36,3,17,33.99270559450774,0.6412037037037037,43.01801801801803,1027.92792792793,28.553553553553613,0
4263,4,0,0,39,0.0,0.0,1.0,39,750,500,250,0.6666666666666666,10,5,5,341.24473597391784,0.3539136302294197,-0.0847509318874956,0.19660546971086112,130694.03863322774,1142.6366822903915,131836.67531551814,4262,347,3160.74358974359,36,3,18,35.64610866372982,0.6273148148148149,44.369369369369366,1022.5225225225219,28.403403403403384,4
4264,4,0,0,39,0.0,0.0,1.0,39,1150,700,450,0.6086956521739131,16,7,9,345.26241486828053,0.35374493927125505,-0.082781056634464,0.19987523917808883,130878.94833025543,1237.5163511849769,132116.4646814404,4263,348,3161.74358974359,37,2,18,35.3563901985998,0.6272522522522522,44.18859649122807,1023.2456140350874,27.655286865813174,0
4265,4,0,0,39,0.0,0.0,1.0,39,800,600,200,0.75,10,6,4,348.77018575093774,0.35335132703553757,-0.08545177372172552,0.20234740111777508,130963.11034404807,1335.2056642428306,132298.3160082909,4264,349,3162.74358974359,37,2,18,35.1815524013569,0.6280968468468469,44.1063596491228,1023.5745614035079,27.664177335229944,0
4266,4,0,0,39,0.0,0.0,1.0,39,1300,900,400,0.6923076923076923,17,9,8,348.21848017948616,0.3541947818263608,-0.08707734045065374,0.2024697489362417,131047.29940943363,1326.618286395808,132373.91769582944,4265,350,3163.74358974359,37,2,18,35.110569715142425,0.6289414414414414,44.02412280701754,1023.9035087719295,27.673067804646745,0
4267,4,0,0,39,0.0,0.0,1.0,39,850,600,250,0.7058823529411765,11,6,5,351.2278096704505,0.35447593342330186,-0.08014844948792055,0.20466743419411593,131131.51552641197,1411.4069954216684,132542.92252183362,4266,351,3164.74358974359,37,2,18,34.94841291082324,0.6297860360360361,43.94188596491228,1024.232456140351,27.68195827406354,0
4268,4,0,0,39,0.0,0.0,1.0,39,1250,900,350,0.72,16,9,7,352.8297039195909,0.35422289698605486,-0.07635230066736898,0.206052547089041,131215.75869498303,1459.3634579870654,132675.12215297009,4267,352,3165.74358974359,37,2,18,34.822256706621005,0.6306306306306306,43.859649122807014,1024.5614035087715,27.69084874348031,0
4269,4,0,0,39,0.0,0.0,1.0,39,750,600,150,0.8,9,6,3,351.448285441193,0.3546727395411606,-0.07033115918743116,0.2060077739346556,131357.78523930465,1433.1898637822696,132790.9751030869,4268,353,3166.74358974359,35,4,18,34.71418557826201,0.6360119047619048,43.72106481481481,1025.1157407407402,29.289021164021147,0
4270,4,0,0,39,0.0,0.0,1.0,39,1100,700,400,0.6363636363636364,15,7,8,354.20910502027965,0.35447593342330186,-0.07564695771444441,0.2082711930713137,131476.45968632106,1514.0318233453277,132990.49150966638,4269,354,3167.74358974359,35,4,18,34.523591204905394,0.637202380952381,43.60532407407407,1025.578703703703,29.302248677248656,0
4271,4,0,0,39,0.0,0.0,1.0,39,1350,1100,250,0.8148148148148148,16,11,5,354.0462080973875,0.35441970310391363,-0.0810109443754935,0.2084991058051259,131535.81700370798,1513.9514478309316,133049.76845153893,4270,355,3168.74358974359,35,4,18,34.467848546391366,0.6377976190476191,43.5474537037037,1025.810185185185,29.30886243386243,0
4272,4,0,0,39,0.0,0.0,1.0,39,900,700,200,0.7777777777777778,11,7,4,354.50539823236886,0.35486954565901935,-0.08741377066250144,0.20909450135262464,131595.18771701382,1530.2408854166576,133125.42860243047,4271,356,3169.74358974359,35,4,15,34.396150592216586,0.6383928571428572,43.48958333333333,1026.041666666666,29.315476190476172,0
4273,4,0,0,39,0.0,0.0,1.0,39,600,400,200,0.6666666666666666,8,4,4,359.6949343023591,0.3551788124156545,-0.08366537234897486,0.20925822377551812,131068.54056336729,1628.9380174092885,132697.47858077657,4272,357,3170.74358974359,36,3,18,34.795309578796875,0.6310763888888888,44.00337837837837,1023.9864864864855,28.444069069069045,1
4274,4,0,0,39,0.0,0.0,1.0,39,1050,800,250,0.7619047619047619,13,8,5,359.17263135692303,0.3551225820962663,-0.08273211442376338,0.20914416314673684,131103.44048168656,1617.753539550615,132721.19402123717,4273,358,3171.74358974359,37,2,19,34.77337615988578,0.6295045045045045,43.96929824561403,1024.122807017543,27.678994784257917,0
4275,4,0,0,39,0.0,0.0,1.0,39,850,500,350,0.5882352941176471,12,5,7,357.37854897087425,0.35472896986054886,-0.08791365564316556,0.20901501368471764,131271.9358360263,1582.7547899353474,132854.69062596164,4274,359,3172.74358974359,37,2,19,34.648958556245084,0.6311936936936937,43.8048245614035,1024.7807017543846,27.696775723091477,0
4276,4,0,0,39,0.0,0.0,1.0,39,1450,1000,450,0.6896551724137931,19,10,9,356.5066897544391,0.35374493927125505,-0.07929708951125736,0.2092839078152268,131414.71021274655,1570.0566875271625,132984.7669002737,4275,360,3173.74358974359,36,3,19,34.527045579352,0.6345486111111112,43.66554054054054,1025.337837837838,28.481606606606608,0
4277,4,0,0,39,0.0,0.0,1.0,39,500,300,200,0.6,7,3,4,359.47994976310406,0.3534356725146199,-0.07858705475923,0.21134821836620962,131472.44953991144,1652.3419111679161,133124.79145107936,4276,361,3174.74358974359,36,3,19,34.392500274514106,0.6351273148148149,43.60923423423423,1025.5630630630624,28.487862862862844,0
4278,4,0,0,39,0.0,0.0,1.0,39,1150,700,450,0.6086956521739131,16,7,9,357.09435394881433,0.3535481331533963,-0.07410574319509755,0.21038883976984293,131553.00188519532,1595.3668436441862,133148.3687288395,4277,362,3175.74358974359,37,2,19,34.372327917913644,0.634009009009009,43.53070175438596,1025.8771929824552,27.726410621147437,0
4279,4,0,0,39,0.0,0.0,1.0,39,1150,800,350,0.6956521739130435,15,8,7,351.08874891634247,0.35312640575798465,-0.06796350452907474,0.20807563575016622,131778.07113727275,1453.1596260387569,133231.2307633115,4278,363,3176.74358974359,37,2,19,34.29935568845223,0.6362612612612613,43.31140350877192,1026.7543859649104,27.750118539592172,0
4280,4,0,0,39,0.0,0.0,1.0,39,1200,1000,200,0.8333333333333334,14,10,4,355.7186836573934,0.35287336932073776,-0.023398089513791742,0.20370196531259582,130458.54403518388,1492.1289483302503,131950.67298351412,4279,364,3177.74358974359,37,2,20,35.51471772029621,0.6230292792792793,44.59978070175438,1021.6008771929822,27.61083451872925,5
4281,4,0,0,39,0.0,0.0,1.0,39,650,500,150,0.7692307692307693,8,5,3,353.3187502066249,0.35312640575798465,-0.023421162693433084,0.20258636252854695,130508.09500328742,1422.1914036818032,131930.28640696922,4280,365,3178.74358974359,38,1,14,35.5257998745295,0.6217105263157895,44.55128205128206,1021.7948717948726,26.889338731444017,0
4282,4,0,0,39,0.0,0.0,1.0,39,1350,1100,250,0.8148148148148148,16,11,5,354.9223180529299,0.3538011695906433,-0.027731326644369947,0.2040803328804349,130617.2839506174,1471.7978395061848,132089.0817901236,4281,366,3179.74358974359,38,1,15,35.37420742753622,0.6228070175438596,44.44444444444445,1022.2222222222232,26.900584795321663,0
4283,4,0,0,39,0.0,0.0,1.0,39,550,200,350,0.36363636363636365,9,2,7,356.5295771176735,0.35430724246513723,-0.03273778427889751,0.20543916812722765,130699.20562358457,1519.6265021184877,132218.83212570305,4282,367,3180.74358974359,38,1,15,35.25014801657785,0.6236293859649122,44.36431623931624,1022.5427350427345,26.909019343229858,0
4284,4,0,0,39,0.0,0.0,1.0,39,1250,1000,250,0.8,15,10,5,354.3293971563652,0.35450404858299595,-0.03180900675158349,0.20518542720457478,130890.4560687413,1475.667278471762,132366.12334721306,4283,368,3181.74358974359,38,1,16,35.112801907148324,0.6255482456140351,44.177350427350426,1023.2905982905982,26.92869995501574,0
4285,4,0,0,39,0.0,0.0,1.0,39,450,300,150,0.6666666666666666,6,3,3,354.1137911605553,0.3546446243814665,-0.03047380505113728,0.20564353617578415,130999.80481591048,1477.7675049309596,132477.57232084143,4284,369,3182.74358974359,38,1,18,35.007696723022335,0.6266447368421053,44.07051282051282,1023.7179487179479,26.939946018893366,0
4286,4,0,0,39,0.0,0.0,1.0,39,1100,800,300,0.7272727272727273,14,8,6,350.4486970684396,0.355038236617184,-0.028513804854300884,0.20409484873013725,131109.19922017664,1389.4096080794693,132498.6088282561,4285,370,3183.74358974359,38,1,18,34.99091557131929,0.6277412280701755,43.96367521367521,1024.1452991452982,26.951192082771005,0
4287,4,0,0,39,0.0,0.0,1.0,39,900,600,300,0.6666666666666666,12,6,6,350.9208117841866,0.35531938821412506,-0.02829631174609737,0.20480703981731951,131191.27498584604,1407.549743407092,132598.82472925313,4286,371,3184.74358974359,38,1,19,34.89588764904231,0.6285635964912281,43.883547008547,1024.46581196581,26.95962663067921,0
4288,4,0,0,39,0.0,0.0,1.0,39,700,600,100,0.8571428571428571,8,6,2,352.2940307367061,0.3557973459289249,-0.026274632467938486,0.20590201394245852,131246.00643080196,1447.4369247205614,132693.44335552253,4287,372,3185.74358974359,38,1,19,34.80541653633614,0.6291118421052632,43.8301282051282,1024.679487179486,26.96524966261805,0
4289,4,0,0,39,0.0,0.0,1.0,39,750,700,50,0.9333333333333333,8,7,1,351.9588677553477,0.35545996401259555,-0.022442244224422758,0.20629476701970398,131355.50356353613,1446.3468615311224,132801.85042506724,4288,373,3186.74358974359,38,1,19,34.703404550981396,0.6302083333333333,43.72329059829058,1025.1068376068354,26.976495726495667,0
4290,4,0,0,39,0.0,0.0,1.0,39,850,500,350,0.5882352941176471,12,5,7,350.1646355342629,0.35458839406207826,-0.025488766190921996,0.20583161889120538,131465.0463533674,1406.8820083643577,132871.92836173176,4289,374,3187.74358974359,38,1,20,34.63880786193007,0.6313048245614035,43.61645299145298,1025.534188034186,26.987741790373313,0
4291,4,0,0,39,0.0,0.0,1.0,39,1250,800,450,0.64,17,8,9,352.7602253746489,0.35486954565901935,-0.018672775232542183,0.2081025309888282,131602.03904594906,1484.792990722447,133086.83203667152,4290,375,3188.74358974359,38,1,15,34.43400319311398,0.6326754385964912,43.48290598290597,1026.068376068374,27.00179937022037,0
4292,4,0,0,39,0.0,0.0,1.0,39,1000,700,300,0.7,13,7,6,351.6450175783295,0.35458839406207826,-0.013599777962808757,0.20804220005496224,131711.68456424854,1463.151526773303,133174.83609102183,4291,376,3189.74358974359,38,1,16,34.352015681376606,0.6337719298245614,43.37606837606837,1026.4957264957254,27.013045434098036,0
4293,4,0,0,39,0.0,0.0,1.0,39,1000,700,300,0.7,13,7,6,348.7303483082683,0.35385739991003146,-0.017204301075268713,0.20661520636513275,131766.52444480947,1390.1971930016532,133156.72163781113,4292,377,3190.74358974359,38,1,16,34.371531390912224,0.6343201754385965,43.32264957264956,1026.7094017093998,27.018668466036836,0
4294,4,0,0,39,0.0,0.0,1.0,39,1000,600,400,0.6,14,6,8,348.3465577337826,0.35337944219523165,-0.011577925679423284,0.2072834467306962,131931.11257213805,1391.5497844984786,133322.66235663655,4293,378,3191.74358974359,38,1,16,34.21554353854685,0.6359649122807017,43.16239316239315,1027.350427350426,27.035537561853314,0
4295,4,0,0,39,0.0,0.0,1.0,39,1050,500,550,0.47619047619047616,16,5,11,351.547647910636,0.3525922177237966,-0.011436889166146269,0.20949103330882843,131985.99810979582,1479.8734385272523,133465.87154832308,4294,379,3192.74358974359,38,1,16,34.07803077562903,0.6365131578947368,43.10897435897434,1027.5641025640998,27.0411605937921,0
4296,4,0,0,39,0.0,0.0,1.0,39,600,300,300,0.5,9,3,6,353.72534696859054,0.35276090868196136,-0.009009009009008695,0.21109415867480366,132040.89506172802,1541.242283950576,133582.1373456786,4295,380,3193.74358974359,38,1,17,33.96677927927926,0.6370614035087719,43.055555555555536,1027.7777777777749,27.046783625730917,0
4297,4,0,0,39,0.0,0.0,1.0,39,1150,800,350,0.6956521739130435,15,8,7,359.7270647537527,0.3526484480431849,-0.013061376426021676,0.21382761057190042,131890.6779008924,1712.5596871686832,133603.23758806108,4296,381,3194.74358974359,37,2,13,33.96402647309991,0.6373873873873874,43.201754385964904,1027.192982456139,27.761972498814565,5
4298,4,0,0,39,0.0,0.0,1.0,39,850,600,250,0.7058823529411765,11,6,5,359.8755764725182,0.35245164192532613,-0.013178994609090333,0.21423342767137812,131946.9993170974,1696.900488611866,133643.89980570925,4297,382,3195.74358974359,37,2,13,33.90341515474922,0.6379504504504505,43.1469298245614,1027.4122807017532,27.76789947842576,0
4299,4,0,0,39,0.0,0.0,1.0,39,1150,1000,150,0.8695652173913043,13,10,3,359.2231664565728,0.35250787224471436,-0.008590529633863309,0.21484179806162818,132123.26189139075,1692.3472998392763,133815.60919123003,4298,383,3196.74358974359,38,1,14,33.74250926599466,0.6378837719298245,42.975427350427346,1028.0982905982896,27.0552181736392,0
4300,4,0,0,39,0.0,0.0,1.0,39,950,600,350,0.631578947368421,13,6,7,358.43506902185067,0.35301394511920825,-0.017866417367819798,0.21499404420394735,132233.12428090064,1679.3978057199074,133912.52208662053,4299,384,3197.74358974359,38,1,14,33.65209826529552,0.6389802631578947,42.86858974358974,1028.5256410256402,27.066464237516847,0
4301,4,0,0,39,0.0,0.0,1.0,39,1550,1300,250,0.8387096774193549,18,13,5,358.3334481483775,0.352676563202879,-0.014716109204298,0.21670641864211432,132542.91453615797,1699.1173756116823,134242.03191176965,4300,385,3198.74358974359,36,3,16,33.342902449693796,0.6458333333333333,42.56756756756758,1029.7297297297314,28.60360360360365,0
4302,4,0,0,39,0.0,0.0,1.0,39,1050,800,250,0.7619047619047619,13,8,5,355.4296868575802,0.35253598740440845,-0.014375134783950028,0.2152515182884108,132595.55975155823,1625.6796562403863,134221.23940779862,4301,386,3199.74358974359,37,2,16,33.36471752013911,0.6444256756756757,42.516447368421055,1029.9342105263163,27.836059743954493,0
4303,4,0,0,39,0.0,0.0,1.0,39,1200,800,400,0.6666666666666666,16,8,8,356.7714882412108,0.3519174538911381,-0.008922651255310665,0.21671504040094758,132708.51518015162,1669.322892620805,134377.83807277243,4302,387,3200.74358974359,37,2,12,33.216607250540946,0.6455518018018018,42.406798245614034,1030.3728070175441,27.847913703176868,0
4304,4,0,0,39,0.0,0.0,1.0,39,1350,1200,150,0.8888888888888888,15,12,3,360.3704009896016,0.35239541160593796,-0.013046869460398236,0.2197277892415196,132849.7770948753,1775.0254886118744,134624.80258348715,4303,388,3201.74358974359,37,2,12,32.98190101396866,0.6469594594594594,42.26973684210526,1030.9210526315785,27.862731152204823,0
4305,4,0,0,39,0.0,0.0,1.0,39,1500,1200,300,0.8,18,12,6,362.4954446064137,0.35276090868196136,-0.02072431536717234,0.22202845982142863,133019.39058171766,1843.784626038802,134863.17520775646,4304,389,3202.74358974359,37,2,14,32.75669642857143,0.6486486486486487,42.10526315789475,1031.5789473684226,27.88051209103845,0
4306,4,0,0,39,0.0,0.0,1.0,39,950,600,350,0.631578947368421,13,6,7,361.3174042710594,0.3527890238416554,-0.02580177588146959,0.22181070395270333,133104.23790252785,1818.5755472837923,134922.81344981166,4305,390,3203.74358974359,37,2,14,32.70186926646123,0.6494932432432432,42.02302631578948,1031.9078947368432,27.88940256045522,0
4307,4,0,0,39,0.0,0.0,1.0,39,700,600,100,0.8571428571428571,8,6,2,360.0542315148557,0.35245164192532613,-0.02463042110338365,0.22137103078049225,133160.81781173052,1789.02318501847,134949.840996749,4306,391,3204.74358974359,37,2,14,32.6776576720139,0.6500563063063063,41.968201754385966,1032.127192982456,27.89532954006638,0
4308,4,0,0,39,0.0,0.0,1.0,39,1250,900,350,0.72,16,9,7,364.8868725552355,0.3528452541610436,-0.021290382301212274,0.2251968915940503,133302.3201850569,1928.053343336409,135230.3735283933,4307,392,3205.74358974359,37,2,16,32.410897572025206,0.6514639639639639,41.83114035087719,1032.675438596491,27.91014698909435,0
4309,4,0,0,39,0.0,0.0,1.0,39,1100,700,400,0.6363636363636364,15,7,8,365.3982529324664,0.35295771479982,-0.020363671993010257,0.22602868948632734,133387.25767784318,1947.8941837873226,135335.1518616305,4308,393,3206.74358974359,37,2,16,32.31245356119309,0.6523085585585586,41.74890350877193,1033.0043859649124,27.91903745851115,0
4310,4,0,0,39,0.0,0.0,1.0,39,850,500,350,0.5882352941176471,12,5,7,366.15504682622276,0.35323886639676116,-0.024607113316790885,0.22701612903225793,133472.22222222207,1974.3596587411325,135446.5818809632,4309,394,3207.74358974359,35,4,17,32.20766129032257,0.6571428571428571,41.66666666666666,1033.3333333333321,29.52380952380949,0
4311,4,0,0,39,0.0,0.0,1.0,39,900,700,200,0.7777777777777778,11,7,4,366.29703602533135,0.3523672964462438,-0.01985148699578332,0.22802309566650047,133621.7625412593,1989.0511134687779,135610.81365472806,4310,395,3208.74358974359,35,4,18,32.054017873801264,0.6586309523809524,41.52199074074073,1033.912037037036,29.540343915343886,0
4312,4,0,0,39,0.0,0.0,1.0,39,1050,700,350,0.6666666666666666,14,7,7,365.4917210939588,0.3521704903283851,-0.02249615499391666,0.22807500137539188,133711.5269204388,1974.0912208504615,135685.61814128928,4311,396,3209.74358974359,35,4,14,31.98485526708445,0.6595238095238095,41.435185185185176,1034.259259259258,29.550264550264515,0
4313,4,0,0,39,0.0,0.0,1.0,39,450,200,250,0.4444444444444444,7,2,5,363.1134589247698,0.352676563202879,-0.02278334058917375,0.22726747006817327,133821.5495901306,1918.481150068982,135740.03074019958,4312,397,3210.74358974359,36,3,14,31.93613046002032,0.6585648148148149,41.328828828828826,1034.684684684684,28.741241241241223,0
4314,4,0,0,39,0.0,0.0,1.0,39,700,500,200,0.7142857142857143,9,5,4,365.2320752346499,0.3519174538911381,-0.02382486769386971,0.2291363824902161,133908.95276611065,1981.5689422530572,135890.52170836373,4313,398,3211.74358974359,36,3,15,31.79378377398179,0.6594328703703703,41.244369369369366,1035.022522522522,28.75062562562561,0
4315,4,0,0,39,0.0,0.0,1.0,39,1050,700,350,0.6666666666666666,14,7,7,366.9522975455323,0.3519174538911381,-0.016828229941201478,0.23131324746581608,134083.84471887408,2040.474976665833,136124.31969553992,4314,399,3212.74358974359,36,3,15,31.57415461563553,0.6611689814814814,41.07545045045044,1035.6981981981967,28.769394394394354,0
4316,4,0,0,39,0.0,0.0,1.0,39,1050,700,350,0.6666666666666666,14,7,7,371.11978063378893,0.3514957264957265,-0.019723437051407222,0.23431234468429799,134142.167399663,2156.562347820776,136298.7297474838,4315,400,3213.74358974359,36,3,15,31.407852302786534,0.6617476851851851,41.019144144144136,1035.9234234234223,28.77565065065062,0
4317,4,0,0,39,0.0,0.0,1.0,39,750,400,350,0.5333333333333333,11,4,7,373.9974007561441,0.35188933873144396,-0.01601449275362299,0.23631703893932146,134171.3334956576,2235.9459966723252,136407.27949232992,4316,401,3214.74358974359,36,3,15,31.30412137681159,0.662037037037037,40.99099099099098,1036.0360360360344,28.778778778778733,0
4318,4,0,0,39,0.0,0.0,1.0,39,750,300,450,0.4,12,3,9,370.5380726517449,0.35138326585695007,-0.01334982560536635,0.23487826588751087,134288.02958363757,2151.7655324243037,136439.79511606187,4317,402,3215.74358974359,36,3,15,31.276935752571347,0.6631944444444444,40.87837837837837,1036.4864864864855,28.791291291291266,0
4319,4,0,0,39,0.0,0.0,1.0,39,800,400,400,0.5,12,4,8,366.61826946084744,0.351102114260009,-0.0172815166299094,0.23313681113228446,134404.7763980195,2055.0493060628023,136459.8257040823,4318,403,3216.74358974359,36,3,15,31.26176513176946,0.6643518518518519,40.76576576576576,1036.9369369369358,28.803803803803774,0
4320,4,0,0,39,0.0,0.0,1.0,39,550,400,150,0.7272727272727273,7,4,3,364.6375618659425,0.3505116959064327,-0.019146561107259874,0.23243436556035946,134492.36979800728,2008.1939625436064,136500.5637605509,4319,404,3217.74358974359,36,3,16,31.225572684833352,0.6652199074074074,40.6813063063063,1037.2747747747733,28.813188188188146,0
4321,4,0,0,39,0.0,0.0,1.0,39,950,800,150,0.8421052631578947,11,8,3,366.2818265884996,0.35073661718398563,-0.0168955298635165,0.2342322714790438,134609.20538359293,2060.981124705777,136670.1865082987,4320,405,3218.74358974359,36,3,17,31.066196418882257,0.6663773148148149,40.56869369369369,1037.7252252252244,28.82570070070068,0
4322,4,0,0,39,0.0,0.0,1.0,39,1550,1000,550,0.6451612903225806,21,10,11,362.28863672205506,0.3498369320737742,-0.01548137397194016,0.2329864580091208,134813.7897187728,1968.3008177096008,136782.0905364824,4321,406,3219.74358974359,36,3,14,30.965580495915567,0.6684027777777778,40.37162162162162,1038.5135135135133,28.84759759759759,0
4323,4,0,0,39,0.0,0.0,1.0,39,950,800,150,0.8421052631578947,11,8,3,346.31977668943716,0.34992127755285646,0.027585226262841767,0.20723934562966467,132144.21895438945,1352.8312798168236,133497.05023420628,4322,407,3220.74358974359,37,2,20,34.05306867868188,0.6399211711711712,42.9550438596491,1028.1798245614007,27.788643907064884,6
4324,4,0,0,39,0.0,0.0,1.0,39,700,500,200,0.7142857142857143,9,5,4,350.17594025779374,0.34893724696356276,0.017884765699730965,0.2103297484954297,132285.1802958598,1464.6174784548616,133749.79777431468,4323,408,3221.74358974359,37,2,21,33.81208697505861,0.6413288288288288,42.81798245614033,1028.728070175435,27.80346135609284,0
4325,4,0,0,39,0.0,0.0,1.0,39,1200,1100,100,0.9166666666666666,13,11,2,352.35114909924033,0.34795321637426896,0.009714351798311593,0.2126155189295972,132459.27047902474,1534.5795075878673,133993.8499866126,4324,409,3222.74358974359,34,5,22,33.5810107551752,0.649203431372549,42.64880952380951,1029.4047619047603,30.27661064425766,0
4326,4,0,0,39,0.0,0.0,1.0,39,850,600,250,0.7058823529411765,11,6,5,352.09303160618504,0.34840305892937473,0.010500695204129329,0.212805914071411,132520.55165816314,1531.9125566893308,134052.46421485246,4325,410,3223.74358974359,34,5,23,33.52603383820866,0.6498161764705883,42.58928571428571,1029.6428571428562,30.283613445378123,0
4327,4,0,0,39,0.0,0.0,1.0,39,450,300,150,0.6666666666666666,6,3,3,353.1069008493838,0.3481781376518219,0.00701186623516703,0.21394123992639122,132612.49999999988,1565.2777777777637,134177.77777777764,4326,411,3224.74358974359,34,5,23,33.407497303128366,0.6507352941176471,42.49999999999999,1029.999999999999,30.294117647058798,0
4328,4,0,0,39,0.0,0.0,1.0,39,1000,900,100,0.9,11,9,2,354.321876889856,0.3478969860548808,0.005681548888572641,0.21537992741282252,132735.14739229015,1606.1933106575793,134341.34070294772,4327,412,3225.74358974359,34,5,20,33.25294593345654,0.6519607843137255,42.38095238095237,1030.4761904761897,30.308123249299697,0
4329,4,0,0,39,0.0,0.0,1.0,39,950,700,250,0.7368421052631579,12,7,5,354.6414357067898,0.3473065677013045,0.012931532155640024,0.21645873676226246,132888.53635204065,1625.5562641723147,134514.09261621296,4328,413,3226.74358974359,34,5,21,33.0906265635223,0.6534926470588236,42.23214285714285,1031.0714285714273,30.325630252100805,0
4330,4,0,0,39,0.0,0.0,1.0,39,650,500,150,0.7692307692307693,8,5,3,351.5025250184989,0.34654745838956363,0.013301485539740199,0.21489529811116806,132949.91673752814,1546.4462868480502,134496.3630243762,4329,414,3227.74358974359,34,5,21,33.109921505252224,0.6541053921568627,42.17261904761904,1031.3095238095223,30.332633053221244,0
4331,4,0,0,39,0.0,0.0,1.0,39,500,100,400,0.2,9,1,8,350.1530688144149,0.3462100764732344,0.014995236319953698,0.21459876197635921,133042.01388888882,1517.0138888888796,134559.0277777777,4330,415,3228.74358974359,34,5,21,33.052302100161555,0.6550245098039216,42.08333333333333,1031.666666666666,30.343137254901944,0
4332,4,0,0,39,0.0,0.0,1.0,39,800,500,300,0.625,11,5,6,359.0704204197785,0.34668803418803423,-0.038016811276632034,0.22751579913934444,134273.0229591837,1843.3886054421832,136116.4115646259,4331,416,3229.74358974359,34,5,20,31.589086070908955,0.6672794117647058,40.892857142857146,1036.4285714285718,30.483193277310935,7
4333,4,0,0,39,0.0,0.0,1.0,39,1100,700,400,0.6363636363636364,15,7,8,359.1817473614002,0.34618196131354023,-0.03338337896317245,0.22835569485531368,134396.43565759642,1854.5493197278956,136250.98497732432,4332,417,3230.74358974359,34,5,20,31.462877918101796,0.6685049019607843,40.773809523809526,1036.9047619047622,30.497198879551828,0
4334,4,0,0,39,0.0,0.0,1.0,39,1000,700,300,0.7,13,7,6,357.3395587638468,0.346097615834458,-0.0362899764818978,0.2277721995477667,134490.74743870046,1811.7728695130536,136302.5203082135,4333,418,3231.74358974359,35,4,20,31.41644350219445,0.6672619047619048,40.68287037037038,1037.26851851852,29.636243386243432,0
4335,4,0,0,39,0.0,0.0,1.0,39,1000,600,400,0.6,14,6,8,354.7678119985879,0.3448605488079172,-0.040883305248484714,0.22727557331489281,134674.32149943322,1755.6362700687405,136429.95776950195,4334,419,3232.74358974359,34,5,20,31.29993883090568,0.6712622549019608,40.50595238095239,1037.9761904761915,30.528711484593867,0
4336,4,0,0,39,0.0,0.0,1.0,39,950,700,250,0.7368421052631579,12,7,5,357.3360000055749,0.34500112460638777,-0.04391992214489626,0.229310320533379,134736.11288265313,1829.212726757381,136565.3256094105,4335,420,3233.74358974359,34,5,20,31.17164507128388,0.671875,40.44642857142858,1038.2142857142862,30.535714285714302,0
4337,4,0,0,39,0.0,0.0,1.0,39,700,500,200,0.7142857142857143,9,5,4,356.0285369039675,0.3450292397660819,-0.047701362308103734,0.22866575102182668,134767.01388888896,1796.1805555555661,136563.19444444453,4336,421,3234.74358974359,34,5,20,31.174759229534512,0.6721813725490196,40.41666666666667,1038.333333333334,30.539215686274527,0
4338,4,0,0,39,0.0,0.0,1.0,39,1000,600,400,0.6,14,6,8,359.34158468476926,0.34471997300944673,-0.031909595204973495,0.22829658975930225,134370.72000385798,1859.7752700617198,136230.4952739197,4337,422,3235.74358974359,35,4,20,31.48442732752847,0.6660714285714286,40.79861111111111,1036.805555555555,29.623015873015856,2
4339,4,0,0,39,0.0,0.0,1.0,39,700,400,300,0.5714285714285714,10,4,6,358.31279082241946,0.3445512820512821,-0.03471700214371232,0.22821997257776513,134463.1688276114,1835.974657089522,136299.1434847009,4338,423,3236.74358974359,36,3,21,31.418747737965976,0.6649305555555556,40.70945945945946,1037.1621621621623,28.810060060060064,0
4340,4,0,0,39,0.0,0.0,1.0,39,650,300,350,0.46153846153846156,10,3,7,357.7221577926356,0.34401709401709407,-0.0395136778115498,0.2282089001098171,134521.5739388037,1824.2695398100848,136345.84347861377,4339,424,3237.74358974359,36,3,22,31.375741786076144,0.6655092592592593,40.653153153153156,1037.3873873873874,28.816316316316318,0
4341,4,0,0,39,0.0,0.0,1.0,39,600,300,300,0.5,9,3,6,358.25748977315067,0.34407332433648224,-0.03861451383250358,0.22892758657351767,134581.66099773243,1842.9839485100085,136424.64494624242,4340,425,3238.74358974359,34,5,23,31.30186821171792,0.670343137254902,40.595238095238095,1037.6190476190475,30.51820728291316,0
4342,4,0,0,39,0.0,0.0,1.0,39,900,800,100,0.8888888888888888,10,8,2,354.5716417024829,0.34390463337831756,-0.038070762444338935,0.2274736231632004,134726.0916955807,1754.010302532261,136480.10199811295,4341,426,3239.74358974359,36,3,23,31.25338973858336,0.6675347222222222,40.45608108108108,1038.1756756756756,28.838213213213212,0
4343,4,0,0,39,0.0,0.0,1.0,39,700,400,300,0.5714285714285714,10,4,6,352.7521986062555,0.34365159694107067,-0.03542466210579032,0.2264885286315929,134755.3211995779,1707.0471654086473,136462.36836498656,4342,427,3240.74358974359,36,3,23,31.271466015907443,0.6678240740740741,40.427927927927925,1038.288288288288,28.841341341341334,0
4344,4,0,0,39,0.0,0.0,1.0,39,900,700,200,0.7777777777777778,11,7,4,347.98707687376407,0.342161493477283,-0.031955869177446194,0.22409799994732607,134863.80575032695,1586.1723078254788,136449.97805815242,4343,428,3241.74358974359,37,2,20,31.287057074492427,0.6669481981981982,40.3234649122807,1038.7061403508767,28.073138928402074,0
4345,4,0,0,39,0.0,0.0,1.0,39,850,600,250,0.7058823529411765,11,6,5,347.1532301396725,0.34168353576248317,-0.031827998895763376,0.22373671444511925,134892.28055747907,1565.6581832871477,136457.93874076623,4344,429,3242.74358974359,37,2,20,31.28034621068186,0.6672297297297297,40.29605263157894,1038.815789473683,28.07610241820765,0
4346,4,0,0,39,0.0,0.0,1.0,39,850,600,250,0.7058823529411765,11,6,5,346.0731364341726,0.34151484480431854,-0.02666623386108591,0.2239199495057691,135034.69967922807,1546.376409087391,136581.07608831546,4345,430,3243.74358974359,37,2,22,31.16659194007805,0.6686373873873874,40.158991228070164,1039.3640350877179,28.09091986723562,0
4347,4,0,0,39,0.0,0.0,1.0,39,1450,1200,250,0.8275862068965517,17,12,5,345.6347752314433,0.3406713900134953,-0.03074709918113161,0.22424784217016008,135133.3415516105,1541.3564266929334,136674.69797830345,4346,431,3244.74358974359,38,1,22,31.079814015618567,0.6677631578947368,40.06410256410255,1039.7435897435876,27.361673414304935,0
4348,4,0,0,39,0.0,0.0,1.0,39,650,400,250,0.6153846153846154,9,4,5,343.26902890357974,0.3398841655420603,-0.029745064879644567,0.22305612332092395,135188.88911717414,1481.2317371611982,136670.12085433534,4347,432,3245.74358974359,38,1,22,31.086055749606185,0.6683114035087719,40.01068376068375,1039.957264957263,27.367296446243767,0
4349,4,0,0,39,0.0,0.0,1.0,39,1000,800,200,0.8,12,8,4,343.5109741337361,0.3401934322986955,-0.02670226969292422,0.22373019097927677,135272.23186728387,1493.4992283950512,136765.73109567893,4348,433,3246.74358974359,38,1,22,30.996884735202478,0.6691337719298245,39.93055555555555,1040.2777777777771,27.37573099415203,0
4350,4,0,0,39,0.0,0.0,1.0,39,550,500,50,0.9090909090909091,6,5,1,342.0262800988963,0.3400809716599191,-0.025906940374544773,0.2231074308026222,135327.8079685331,1457.133350683026,136784.94131921613,4349,434,3247.74358974359,38,1,22,30.98025122360271,0.6696820175438596,39.87713675213675,1040.4914529914527,27.38135402609086,0
4351,4,0,0,39,0.0,0.0,1.0,39,1000,700,300,0.7,13,7,6,339.2936767453713,0.33918128654970764,-0.024946318049766214,0.22218263348164616,135466.79815910576,1392.6056048652085,136859.40376397097,4350,435,3248.74358974359,38,1,22,30.91325431034482,0.6710526315789473,39.74358974358974,1041.0256410256402,27.3954116059379,0
4352,4,0,0,39,0.0,0.0,1.0,39,800,400,400,0.5,12,4,8,334.4000000000001,0.33909694107062527,-0.03425641025641035,0.22,135633.68055555547,1271.3860124917728,136905.06656804724,4351,436,3249.74358974359,36,3,22,30.875,0.6765046296296297,39.58333333333333,1041.666666666666,28.93518518518517,0
4353,4,0,0,39,0.0,0.0,1.0,39,650,300,350,0.46153846153846156,10,3,7,332.4753010034914,0.3395186684660369,-0.024645388635707643,0.21925834735851324,135719.3574585448,1224.6668446060148,136944.02430315083,4352,437,3250.74358974359,37,2,22,30.840151355712226,0.6753941441441442,39.50109649122806,1041.9956140350866,28.16204362256991,0
4354,4,0,0,39,0.0,0.0,1.0,39,600,500,100,0.8333333333333334,7,5,2,333.1748483106845,0.3396030139451192,-0.021931776797636804,0.22007136436365915,135776.49042253377,1247.4623201369527,137023.95274267072,4353,438,3251.74358974359,37,2,22,30.765277047168148,0.6759572072072072,39.446271929824555,1042.214912280701,28.167970602181107,0
4355,4,0,0,39,0.0,0.0,1.0,39,500,300,200,0.6,7,3,4,336.7043355741348,0.3391531713900135,-0.01589317542624924,0.22311648271598916,135890.7924193019,1351.0037944367302,137241.79621373862,4354,439,3252.74358974359,37,2,16,30.559973884390228,0.6770833333333333,39.336622807017534,1042.6535087719283,28.179824561403468,0
4356,4,0,0,39,0.0,0.0,1.0,39,750,200,550,0.26666666666666666,13,2,11,337.61692201276236,0.3390688259109312,-0.016051589387725995,0.22408056840637683,135947.96145208125,1379.6664598722534,137327.6279119535,4355,440,3253.74358974359,37,2,16,30.479510566712225,0.6776463963963963,39.28179824561403,1042.8728070175425,28.185751541014664,0
4357,4,0,0,39,0.0,0.0,1.0,39,1050,700,350,0.6666666666666666,14,7,7,334.34559704293093,0.338225371120108,-0.014571153644001189,0.22226622394614953,136005.14250779073,1294.5441145352308,137299.68662232597,4356,441,3254.74358974359,37,2,16,30.508142366586085,0.6782094594594594,39.22697368421052,1043.092105263157,28.191678520625864,0
4358,4,0,0,39,0.0,0.0,1.0,39,700,300,400,0.42857142857142855,11,3,8,334.45285305626436,0.338225371120108,-0.015469780027274282,0.22251639468372691,136033.73754424416,1299.3743267158882,137333.11187096004,4357,442,3255.74358974359,37,2,17,30.477016326816624,0.678490990990991,39.19956140350876,1043.201754385963,28.194642010431437,0
4359,4,0,0,39,0.0,0.0,1.0,39,1050,700,350,0.6666666666666666,14,7,7,331.0906715627429,0.3371569950517319,-0.016968325791855365,0.22134713435936154,136205.37088334849,1219.2655432440492,137424.63642659254,4358,443,3256.74358974359,37,2,17,30.39478291316527,0.6801801801801801,39.03508771929823,1043.8596491228052,28.212422949265004,0
4360,4,0,0,39,0.0,0.0,1.0,39,950,500,450,0.5263157894736842,14,5,9,331.8441943654681,0.33735380116959063,-0.016796043048274756,0.22238932181156554,136291.22813028976,1245.4905595952252,137536.718689885,4359,444,3257.74358974359,37,2,18,30.290152787986976,0.6810247747747749,38.952850877192965,1044.1885964912256,28.22131341868177,0
4361,4,0,0,39,0.0,0.0,1.0,39,1150,700,450,0.6086956521739131,16,7,9,331.5645757553865,0.33687584345479077,-0.011918797138197101,0.22274218255612183,136377.112428824,1243.5638850415216,137620.67631386552,4360,445,3258.74358974359,37,2,18,30.21248862761564,0.6818693693693694,38.870614035087705,1044.5175438596473,28.230203888098576,0
4362,4,0,0,39,0.0,0.0,1.0,39,950,800,150,0.8421052631578947,11,8,3,333.13805401693793,0.33659469185784974,-0.010032508773062387,0.22416238549953263,136434.3836565096,1290.297014465979,137724.6806709756,4361,446,3259.74358974359,37,2,19,30.114749510215514,0.6824324324324325,38.815789473684205,1044.7368421052624,28.236130867709797,0
4363,4,0,0,39,0.0,0.0,1.0,39,650,400,250,0.6153846153846154,9,4,5,333.0469285428249,0.3361729644624381,-0.008635787672614859,0.2246475779151919,136520.31304103168,1293.5341884041054,137813.84722943578,4362,447,3260.74358974359,37,2,19,30.03215384884412,0.683277027027027,38.73355263157894,1045.065789473683,28.24502133712657,0
4364,4,0,0,39,0.0,0.0,1.0,39,1200,1000,200,0.8333333333333334,14,10,4,329.7014045191908,0.33597615834457945,-0.012145465889959128,0.22293426884297624,136606.2694771467,1207.8557825484636,137814.12525969517,4363,448,3261.74358974359,37,2,19,30.03461296412837,0.6841216216216216,38.65131578947368,1045.3947368421045,28.253911806543364,0
4365,4,0,0,39,0.0,0.0,1.0,39,950,700,250,0.7368421052631579,12,7,5,330.8180797036169,0.3361729644624381,-0.008830235759765825,0.22405406307199524,136663.58879655282,1242.1572022160728,137905.7459987689,4364,449,3262.74358974359,37,2,19,29.948790548098433,0.6846846846846847,38.59649122807018,1045.6140350877197,28.259838786154585,0
4366,4,0,0,39,0.0,0.0,1.0,39,1000,700,300,0.7,13,7,6,336.3108972017908,0.3370445344129555,-0.005143792377834577,0.228705792601731,136806.93969538703,1401.9329264773787,138208.8726218644,4365,450,3263.74358974359,37,2,20,29.66353544352444,0.6860923423423424,38.459429824561404,1046.1622807017543,28.274656235182547,0
4367,4,0,0,39,0.0,0.0,1.0,39,450,200,250,0.4444444444444444,7,2,5,336.3108972017908,0.3370445344129555,-0.005143792377834577,0.228705792601731,136806.93969538703,1401.9329264773787,138208.8726218644,4366,451,3264.74358974359,37,2,20,29.66353544352444,0.6860923423423424,38.459429824561404,1046.1622807017543,28.274656235182547,0
4368,4,0,0,39,0.0,0.0,1.0,39,1000,800,200,0.8,12,8,4,336.6689085968354,0.3368196131354026,-0.008775394503153011,0.229324153800114,136864.3010950484,1415.590975107717,138279.89207015611,4367,452,3265.74358974359,37,2,20,29.597501659156798,0.6866554054054055,38.40460526315789,1046.3815789473679,28.280583214793726,0
4369,4,0,0,39,0.0,0.0,1.0,39,1150,900,250,0.782608695652174,14,9,5,336.0413755141275,0.33701641925326137,-0.0032182240668359174,0.22927197493083243,136921.67451764,1402.2695685210776,138323.94408616106,4368,453,3266.74358974359,37,2,20,29.557250742098834,0.6872184684684685,38.34978070175438,1046.6008771929821,28.286510194404922,0
4370,4,0,0,39,0.0,0.0,1.0,39,650,300,350,0.46153846153846156,10,3,7,337.797074106473,0.3367352676563203,-0.01857089982682658,0.22064914179934866,135376.81215614427,1345.9782096414292,136722.7903657857,4369,454,3267.74358974359,37,2,19,31.04157886418712,0.6720157657657657,39.83004385964912,1040.6798245614038,28.126481744902808,5
4371,4,0,0,39,0.0,0.0,1.0,39,1000,700,300,0.7,13,7,6,338.3432570742294,0.33575123706702653,-0.01778181091431552,0.22153316432156786,135462.40790435512,1366.5584602954684,136828.96636465058,4370,455,3268.74358974359,37,2,19,30.942349554104347,0.6728603603603603,39.747807017543856,1041.008771929824,28.135372214319567,0
4372,4,0,0,39,0.0,0.0,1.0,39,700,300,400,0.42857142857142855,11,3,8,338.87722157123403,0.33586369770580293,-0.019171365001188434,0.22223605635638374,135519.4867651585,1384.8934287473035,136904.38019390582,4371,456,3269.74358974359,37,2,19,30.87177057006459,0.6734234234234234,39.69298245614035,1041.2280701754385,28.14129919393077,0
4373,4,0,0,39,0.0,0.0,1.0,39,700,500,200,0.7142857142857143,9,5,4,336.15032419552216,0.3359199280251912,-0.05348843559706162,0.20311785998686957,132510.8747403047,1114.0649045860264,133624.93964489072,4372,457,3270.74358974359,37,2,20,33.94613063542777,0.6435810810810811,42.598684210526315,1029.6052631578946,27.82716927453769,8
4374,4,0,0,39,0.0,0.0,1.0,39,750,600,150,0.8,9,6,3,335.46243117115205,0.3356668915879442,-0.05078522740611524,0.20315916286206528,132595.5597515582,1096.165767351497,133691.7255189097,4373,458,3271.74358974359,37,2,20,33.87884151318357,0.6444256756756757,42.516447368421055,1029.934210526316,27.83605974395449,0
4375,4,0,0,39,0.0,0.0,1.0,39,950,600,350,0.631578947368421,13,6,7,338.1294415724277,0.33462663067926224,-0.05153854339764752,0.20539123222082115,132708.5151801516,1174.5312259541386,133883.0464061057,4374,459,3272.74358974359,37,2,15,33.69681369940762,0.6455518018018018,42.406798245614034,1030.372807017544,27.84791370317686,0
4376,4,0,0,39,0.0,0.0,1.0,39,550,400,150,0.7272727272727273,7,4,3,338.1294415724277,0.33462663067926224,-0.05153854339764752,0.20539123222082115,132708.5151801516,1174.5312259541386,133883.0464061057,4375,460,3273.74358974359,37,2,15,33.69681369940762,0.6455518018018018,42.406798245614034,1030.372807017544,27.84791370317686,0
4377,4,0,0,39,0.0,0.0,1.0,39,950,800,150,0.8421052631578947,11,8,3,337.17429716760205,0.33535762483130904,-0.05118387249848644,0.20558448391503192,132849.7770948753,1158.7060441674305,134008.4831390427,4376,461,3274.74358974359,37,2,17,33.57973480819684,0.6469594594594594,42.26973684210526,1030.9210526315785,27.862731152204823,0
4378,4,0,0,39,0.0,0.0,1.0,39,350,0,350,0.0,7,0,7,336.303751037887,0.3353295096716149,-0.05297818208591354,0.2052085769636114,132878.03849501768,1137.4765552862386,134015.51505030392,4377,462,3275.74358974359,37,2,17,33.573837250522885,0.647240990990991,42.24232456140351,1031.0307017543857,27.865694642010425,0
4379,4,0,1,38,0.0,0.02564102564102564,0.9743589743589743,39,700,500,200,0.7142857142857143,9,5,4,336.905668989745,0.3351889338731444,-0.05214347634079708,0.2060425697345606,132962.84072983998,1159.1869613727322,134122.02769121272,4378,463,3276.74358974359,37,2,17,33.47331490537954,0.6480855855855856,42.16008771929825,1031.3596491228072,27.874585111427223,0
4380,4,0,0,38,0.0,0.0,1.0,38,900,700,200,0.7777777777777778,11,7,4,343.9251168625793,0.3345039118065434,-0.045379196021549606,0.20799280876927437,132542.91453615797,1517.941331571733,134060.8558677297,4379,464,3349.842105263158,36,2,21,33.71381962671333,0.6458333333333333,42.56756756756758,1029.7297297297314,28.60360360360365,2
4381,4,0,0,38,0.0,0.0,1.0,38,950,700,250,0.7368421052631579,12,7,5,344.5570193065935,0.33444464201043145,-0.046542331344812005,0.20918063501234427,132687.90486009684,1543.7097993263824,134231.6146594232,4380,465,3350.842105263158,36,2,18,33.551936459358025,0.6472800925925926,42.426801801801815,1030.292792792795,28.619244244244303,0
4382,4,0,0,38,0.0,0.0,1.0,38,1050,800,250,0.7619047619047619,13,8,5,344.328943832303,0.33426683262209583,-0.04839229220592456,0.20920384037620018,132716.91243608482,1539.6548575602724,134256.5672936451,4381,466,3351.842105263158,36,2,18,33.52868852459015,0.6475694444444444,42.39864864864865,1030.405405405406,28.622372372372393,0
4383,4,0,0,38,0.0,0.0,1.0,38,1050,500,550,0.47619047619047616,16,5,11,345.72669062480065,0.3343705547652916,-0.04683698646682288,0.21021561102375752,132745.92318247302,1578.761743162086,134324.6849256351,4382,467,3352.842105263158,36,2,18,33.46355589553054,0.6478587962962963,42.3704954954955,1030.5180180180182,28.625500500500507,0
4384,4,0,0,38,0.0,0.0,1.0,38,800,600,200,0.75,10,6,4,346.2053833629537,0.3346669037458511,-0.05159941807977875,0.21083285920965522,132803.95418645,1595.488774247214,134399.4429606972,4383,468,3353.842105263158,36,2,18,33.392967697294125,0.6484375,42.314189189189186,1030.7432432432433,28.631756756756758,0
4385,4,0,0,38,0.0,0.0,1.0,38,850,600,250,0.7058823529411765,11,6,5,347.62738097830305,0.3349039829302987,-0.04955301963264247,0.21202722670595356,132861.9978720274,1637.293670359547,134499.29154238693,4384,469,3354.842105263158,36,2,19,33.29806116876024,0.6490162037037037,42.25788288288288,1030.9684684684682,28.63801301301301,0
4386,4,0,0,38,0.0,0.0,1.0,38,750,700,50,0.9333333333333333,8,7,1,348.65090721079287,0.3354522285443338,-0.04863649950564475,0.2128165137614679,132891.0244704163,1666.515248356459,134557.53971877275,4385,470,3355.842105263158,36,2,19,33.24254587155964,0.6493055555555556,42.229729729729726,1031.0810810810806,28.641141141141127,0
4387,4,0,0,38,0.0,0.0,1.0,38,1050,800,250,0.7619047619047619,13,8,5,352.64988272534856,0.3349188003793267,-0.05198804872443097,0.2159273346099059,133007.16256797337,1780.992056245437,134788.15462421882,4386,471,3356.842105263158,36,2,20,33.02288027656478,0.650462962962963,42.11711711711712,1031.5315315315315,28.653653653653652,0
4388,4,0,0,38,0.0,0.0,1.0,38,1200,900,300,0.75,15,9,6,354.1270380928026,0.334740990990991,-0.04543105527291935,0.2178475457153442,133181.46482631282,1832.6315335605889,135014.0963598734,4387,472,3357.842105263158,36,2,20,32.80988617353989,0.6521990740740741,41.9481981981982,1032.2072072072074,28.67242242242243,0
4389,4,0,0,38,0.0,0.0,1.0,38,800,600,200,0.75,10,6,4,352.24081976732856,0.334755808440019,-0.04395281885009916,0.21689648908498368,133217.40974386354,1784.921923091727,135002.33166695526,4388,473,3358.842105263158,37,1,20,32.82251283412993,0.6506193693693694,41.91337719298246,1032.3464912280706,27.901256519677585,0
4390,4,0,0,38,0.0,0.0,1.0,38,1000,700,300,0.7,13,7,6,351.863009889522,0.33423719772403987,-0.04217567703501712,0.2171589663918427,133302.32018505692,1780.8311211141868,135083.15130617112,4389,474,3359.842105263158,37,1,20,32.747133149288594,0.6514639639639639,41.83114035087719,1032.6754385964912,27.910146989094358,0
4391,4,0,0,38,0.0,0.0,1.0,38,850,600,250,0.7058823529411765,11,6,5,352.7080727548244,0.3345483641536273,-0.044220917435293106,0.21817877566797142,133387.25767784333,1809.3525171206709,135196.61019496399,4390,475,3360.842105263158,37,1,21,32.640178855747806,0.6523085585585586,41.74890350877194,1033.0043859649136,27.919037458511177,0
4392,4,0,0,38,0.0,0.0,1.0,38,700,600,100,0.8571428571428571,8,6,2,353.89521890460924,0.33451872925557136,-0.06421140150313442,0.21150185070187236,132095.80342793453,1749.6146541017984,133845.41808203634,4391,476,3361.842105263158,38,0,19,33.90710524492482,0.637609649122807,43.002136752136735,1027.9914529914504,27.052406657669746,4
4393,4,0,0,38,0.0,0.0,1.0,38,950,800,150,0.8421052631578947,11,8,3,354.3588037387833,0.3340149359886202,-0.06313164457277909,0.21208638850634595,132150.72320841512,1765.7544378697785,133916.4776462849,4392,477,3362.842105263158,38,0,19,33.83987946799665,0.638157894736842,42.94871794871793,1028.205128205125,27.058029689608553,0
4394,4,0,0,38,0.0,0.0,1.0,38,900,700,200,0.7777777777777778,11,7,4,350.60760443635553,0.33426683262209583,-0.06448447945078228,0.21060515428057786,132288.0725970668,1676.2408457520435,133964.31344281885,4393,478,3363.842105263158,38,0,19,33.7980752587669,0.6395285087719298,42.81517094017093,1028.7393162393148,27.072087269455654,0
4395,4,0,0,38,0.0,0.0,1.0,38,1100,900,200,0.8181818181818182,13,9,4,350.19713667822623,0.3350225225225225,-0.0683223719253393,0.21113041245976286,132426.21678064397,1675.1020446392522,134101.31882528323,4394,479,3364.842105263158,37,1,19,33.669680586626896,0.6427364864864865,42.680921052631575,1029.276315789473,27.818278805120894,0
4396,4,0,0,38,0.0,0.0,1.0,38,650,500,150,0.7692307692307693,8,5,3,350.19713667822623,0.3350225225225225,-0.0683223719253393,0.21113041245976286,132426.21678064397,1675.0563875423131,134101.27316818628,4395,480,3365.842105263158,37,1,19,33.669680586626896,0.6427364864864865,42.680921052631575,1029.276315789473,27.818278805120894,0
4397,4,0,0,38,0.0,0.0,1.0,38,1150,700,450,0.6086956521739131,16,7,9,351.50170213238135,0.3332444286391655,-0.06147074809348552,0.2128726942701133,132595.5597515581,1721.5129895737032,134317.0727411318,4396,481,3366.842105263158,37,1,19,33.46585666631179,0.6444256756756757,42.51644736842105,1029.9342105263152,27.836059743954465,0
4398,4,0,0,38,0.0,0.0,1.0,38,1100,700,400,0.6363636363636364,15,7,8,352.4847935902527,0.3344298245614035,-0.06548009026716184,0.21443395307150687,132765.01092884335,1759.529494652188,134524.54042349552,4397,482,3367.842105263158,37,1,17,33.270272546724826,0.6461148648648649,42.35197368421052,1030.5921052631568,27.85384068278802,0
4399,4,0,0,38,0.0,0.0,1.0,38,950,700,250,0.7368421052631579,12,7,5,364.47954945396214,0.33459281650071127,-0.10959390382430911,0.22027242336565522,132517.14677640592,2083.81749524544,134600.96427165135,4398,483,3368.842105263158,35,3,21,33.21061900479617,0.6476190476190475,42.59259259259259,1029.6296296296289,29.417989417989396,2
4400,4,0,0,38,0.0,0.0,1.0,38,800,600,200,0.75,10,6,4,362.7431696209581,0.3349039829302987,-0.10818187732506945,0.21974482412912885,132606.53941883135,2020.4232842506733,134626.962703082,4399,484,3369.842105263158,35,3,21,33.165360340113125,0.6485119047619048,42.50578703703703,1029.976851851851,29.42791005291003,0
4401,4,0,0,38,0.0,0.0,1.0,38,800,600,200,0.75,10,6,4,360.5851276210136,0.33441500711237554,-0.10792378804701175,0.2189113027607603,132687.90486009675,1969.0570215485911,134656.96188164534,4400,485,3370.842105263158,36,2,18,33.13909534739678,0.6472800925925926,42.42680180180181,1030.292792792794,28.61924424424428,0
4402,4,0,0,38,0.0,0.0,1.0,38,450,300,150,0.6666666666666666,6,3,3,351.7038644149171,0.3342964675201517,-0.12349935375274279,0.19089692082781137,128349.69142500425,1432.8389375165632,129782.5303625208,4401,486,3371.842105263158,35,3,19,37.7628260041881,0.6056547619047619,46.6724537037037,1013.3101851851849,28.95171957671957,7
4403,4,0,0,38,0.0,0.0,1.0,38,750,600,150,0.8,9,6,3,352.111090260837,0.33440018966334756,-0.12509012256669094,0.19182171335105294,128496.33487654311,1448.9969135802341,129945.33179012335,4402,487,3372.842105263158,35,3,18,37.60273972602739,0.6071428571428572,46.52777777777777,1013.8888888888881,28.968253968253947,0
4404,4,0,0,38,0.0,0.0,1.0,38,1000,600,400,0.6,14,6,8,350.51808297757736,0.33377785680417255,-0.12256874782253513,0.191235332692997,128555.01570001709,1412.1715320644666,129967.18723208156,4403,488,3373.842105263158,35,3,18,37.5832192041391,0.6077380952380953,46.469907407407405,1014.1203703703699,28.97486772486771,0
4405,4,0,0,38,0.0,0.0,1.0,38,700,500,200,0.7142857142857143,9,5,4,350.51808297757736,0.33377785680417255,-0.12256874782253513,0.191235332692997,128555.01570001709,1412.1715320644666,129967.18723208156,4404,489,3374.842105263158,35,3,18,37.5832192041391,0.6077380952380953,46.469907407407405,1014.1203703703699,28.97486772486771,0
4406,4,0,0,38,0.0,0.0,1.0,38,900,500,400,0.5555555555555556,13,5,8,351.9251508338434,0.3336000474158369,-0.11896754666218312,0.1922862856551,128613.70991941007,1452.4798525377118,130066.18977194779,4405,490,3375.842105263158,35,3,18,37.487638825498244,0.6083333333333334,46.41203703703703,1014.3518518518513,28.981481481481467,0
4407,4,0,0,38,0.0,0.0,1.0,38,850,700,150,0.8235294117647058,10,7,3,348.1899252674031,0.3330962541488857,-0.11386102958388122,0.19094918415696424,128760.50407503857,1366.622058256166,130127.12613329473,4406,491,3376.842105263158,35,3,19,37.43264625384877,0.6098214285714285,46.26736111111111,1014.9305555555554,28.99801587301587,0
4408,4,0,0,38,0.0,0.0,1.0,38,1150,900,250,0.782608695652174,14,9,5,349.46101504864646,0.33339260312944524,-0.11804151240031424,0.1919300289913386,128819.24518014828,1403.4608356910153,130222.7060158393,4407,492,3377.842105263158,35,3,19,37.340501843195405,0.6104166666666666,46.20949074074074,1015.1620370370367,29.00462962962962,0
4409,4,0,0,38,0.0,0.0,1.0,38,950,600,350,0.631578947368421,13,6,7,350.69245090227327,0.3330962541488857,-0.11617282691511654,0.19289184149000904,128877.9996811772,1439.3083151148905,130317.30799629209,4408,493,3378.842105263158,35,3,19,37.24934932938181,0.6110119047619047,46.151620370370374,1015.3935185185192,29.011243386243404,0
4410,4,0,0,38,0.0,0.0,1.0,38,1150,900,250,0.782608695652174,14,9,5,351.79228342151333,0.3325776434329066,-0.1166098930096433,0.19392770598663325,128966.15655006861,1473.8597393690025,130440.01628943761,4409,494,3379.842105263158,35,3,19,37.13157095107871,0.611904761904762,46.06481481481482,1015.7407407407409,29.021164021164026,0
4411,4,0,0,38,0.0,0.0,1.0,38,800,600,200,0.75,10,6,4,350.992367204404,0.3324442863916548,-0.12215561683251419,0.19406253048203223,129083.74592764079,1461.4819101509097,130545.2278377917,4410,495,3380.842105263158,35,3,19,37.03208048595293,0.6130952380952381,45.94907407407408,1016.2037037037052,29.034391534391577,0
4412,4,0,0,38,0.0,0.0,1.0,38,1250,900,350,0.72,16,9,7,350.1498594073627,0.33308143669985774,-0.12403191317316853,0.1946089066801073,129289.65627411265,1454.1509934413584,130743.80726755402,4411,496,3381.842105263158,35,3,19,36.843846022533285,0.6151785714285714,45.74652777777778,1017.0138888888889,29.057539682539684,0
4413,4,0,0,38,0.0,0.0,1.0,38,800,600,200,0.75,10,6,4,349.2671180379734,0.33361486486486486,-0.12611881769034172,0.19469925394241114,129407.39300679431,1439.5494416580796,130846.94244845239,4412,497,3382.842105263158,35,3,19,36.74650684412088,0.6163690476190475,45.63078703703703,1017.476851851851,29.07076719576717,0
4414,4,0,0,38,0.0,0.0,1.0,38,900,500,400,0.5555555555555556,13,5,8,346.94549860503383,0.33327406353722144,-0.12597831550226157,0.19413057288358015,129554.63927469138,1389.6797839506223,130944.319058642,4413,498,3383.842105263158,35,3,18,36.655866302864936,0.6178571428571429,45.486111111111114,1018.0555555555558,29.087301587301592,0
4415,4,0,0,38,0.0,0.0,1.0,38,850,700,150,0.8235294117647058,10,7,3,345.6834539623662,0.3328147226173542,-0.13035857431712972,0.19371484254528035,129613.56122470862,1361.05270490399,130974.61392961262,4414,499,3384.842105263158,35,3,18,36.62811623853906,0.618452380952381,45.42824074074075,1018.2870370370381,29.093915343915373,0
4416,4,0,0,38,0.0,0.0,1.0,38,750,500,250,0.6666666666666666,10,5,5,346.3978957985026,0.3326517306780465,-0.1303589903061252,0.1945531513032946,129701.96926708268,1385.6978470079114,131087.66711409058,4415,500,3385.842105263158,35,3,18,36.52011608529336,0.6193452380952381,45.3414351851852,1018.6342592592608,29.103835978836024,0
4417,4,0,0,38,0.0,0.0,1.0,38,750,600,150,0.8,9,6,3,346.3798815190706,0.3325628259838786,-0.13215291437727594,0.1948359167420053,129760.92470689747,1389.3147451560533,131150.23945205353,4416,501,3386.842105263158,35,3,18,36.46069995077434,0.6199404761904762,45.283564814814824,1018.8657407407422,29.110449735449777,0
4418,4,0,0,38,0.0,0.0,1.0,38,1000,700,300,0.7,13,7,6,345.5609498771768,0.33164414414414417,-0.1305749613047037,0.19496190170200509,129878.87577428429,1376.2135363083175,131255.0893105926,4417,502,3387.842105263158,35,3,18,36.361819196850995,0.6211309523809524,45.16782407407408,1019.328703703705,29.123677248677286,0
4419,4,0,0,38,0.0,0.0,1.0,38,700,500,200,0.7142857142857143,9,5,4,345.0602048162019,0.33134779516358465,-0.13656020227266108,0.19516053432921399,129975.34855379067,1369.8640786056772,131345.21263239635,4418,503,3388.842105263158,36,2,19,36.27668875391128,0.6200810185185186,45.07319819819822,1019.7072072072103,28.325200200200285,0
4420,4,0,0,38,0.0,0.0,1.0,38,1350,1200,150,0.8888888888888888,15,12,3,344.2787022383798,0.33136261261261263,-0.13276429094374265,0.19514871619995322,130061.48674011887,1355.479973216504,131416.96671333537,4419,504,3389.842105263158,36,2,19,36.20924413041879,0.6209490740740741,44.98873873873876,1020.045045045048,28.334584584584668,0
4421,4,0,0,38,0.0,0.0,1.0,38,450,200,250,0.4444444444444444,7,2,5,344.2787022383798,0.33136261261261263,-0.13276429094374265,0.19514871619995322,130061.48674011887,1355.479973216504,131416.96671333537,4420,505,3390.842105263158,36,2,19,36.20924413041879,0.6209490740740741,44.98873873873876,1020.045045045048,28.334584584584668,0
4422,4,0,0,38,0.0,0.0,1.0,38,750,600,150,0.8,9,6,3,349.0841562261521,0.3309921763869132,-0.13842726781637904,0.1983104413520484,130147.65346004817,1486.4967585829354,131634.1502186311,4421,506,3391.842105263158,36,2,19,35.99929183680977,0.6218171296296297,44.904279279279294,1020.3828828828852,28.343968968969033,0
4423,4,0,0,38,0.0,0.0,1.0,38,700,500,200,0.7142857142857143,9,5,4,348.8008972578249,0.33125889046941676,-0.13570748362521468,0.19858865155432953,130233.84871357855,1485.1366569272127,131718.98537050578,4422,507,3392.842105263158,36,2,19,35.919112238893796,0.6226851851851851,44.81981981981983,1020.7207207207216,28.353353353353377,0
4424,4,0,0,38,0.0,0.0,1.0,38,650,500,150,0.7692307692307693,8,5,3,349.30655266575843,0.33121443812233287,-0.13830853488288875,0.19932615831936093,130321.66950660139,1504.4457929995701,131826.11529960096,4423,508,3393.842105263158,35,3,19,35.81718053351469,0.6255952380952381,44.73379629629629,1021.064814814814,29.1732804232804,0
4425,4,0,0,38,0.0,0.0,1.0,38,900,800,100,0.8888888888888888,10,8,2,346.85834266315453,0.3314366998577525,-0.1291462200306479,0.19868387999270995,130469.4348663621,1450.882389188936,131920.31725555105,4424,509,3394.842105263158,35,3,20,35.729980929723204,0.6270833333333333,44.58912037037036,1021.6435185185169,29.189814814814767,0
4426,4,0,0,38,0.0,0.0,1.0,38,800,300,500,0.375,13,3,10,348.7876584274568,0.33229611190137504,-0.13143591057816673,0.20039972749335502,130587.70743580656,1509.4761391889356,132097.1835749955,4425,510,3395.842105263158,35,3,18,35.560926471143326,0.6282738095238095,44.47337962962962,1022.1064814814799,29.203042328042283,0
4427,4,0,0,38,0.0,0.0,1.0,38,1200,1000,200,0.8333333333333334,14,10,4,345.4964271704141,0.33268136557610245,-0.12287990893568601,0.1917363305554067,129230.80800165045,1329.756488983206,130560.56449063365,4426,511,3396.842105263158,35,3,19,37.02203092392335,0.6145833333333333,45.80439814814815,1016.7824074074081,29.050925925925945,3
4428,4,0,0,38,0.0,0.0,1.0,38,1450,1100,350,0.7586206896551724,18,11,7,347.3248031486883,0.33290362731152207,-0.12518120934021837,0.19289479901797577,129260.23046339172,1379.0568201303277,130639.28728352205,4427,512,3397.842105263158,35,3,19,36.945614234767454,0.6148809523809524,45.77546296296297,1016.8981481481488,29.054232804232825,0
4429,4,0,0,38,0.0,0.0,1.0,38,800,700,100,0.875,9,7,2,348.0497199349596,0.3342075628259839,-0.12949500272469816,0.19373077824625476,129348.51794249412,1403.943088777444,130752.46103127157,4428,513,3398.842105263158,35,3,19,36.83735825084384,0.6157738095238094,45.68865740740741,1017.2453703703713,29.06415343915347,0
4430,4,0,0,38,0.0,0.0,1.0,38,950,700,250,0.7368421052631579,12,7,5,347.82466889538597,0.3337334044570887,-0.12942338782108864,0.19375024332005358,129377.95380015444,1400.1687885802603,130778.1225887347,4429,514,3399.842105263158,35,3,20,36.813139931740615,0.6160714285714286,45.65972222222223,1017.3611111111121,29.067460317460345,0
4431,4,0,0,38,0.0,0.0,1.0,38,900,500,400,0.5555555555555556,13,5,8,348.0983815054337,0.33351114272166904,-0.12166675645100455,0.19433835356046214,129466.28146701395,1413.4006076388996,130879.68207465285,4430,515,3400.842105263158,35,3,16,36.71635107471853,0.6169642857142856,45.57291666666667,1017.7083333333338,29.077380952380967,0
4432,4,0,0,38,0.0,0.0,1.0,38,1150,1000,150,0.8695652173913043,13,10,3,348.9555900083566,0.33308143669985774,-0.12210095497953599,0.1952553034168899,129554.63927469155,1441.7631172839726,130996.40239197553,4431,516,3401.842105263158,35,3,17,36.60470668485676,0.6178571428571429,45.48611111111112,1018.0555555555571,29.08730158730163,0
4433,4,0,0,38,0.0,0.0,1.0,38,1200,1100,100,0.9166666666666666,13,11,2,349.0320833316754,0.33343705547652913,-0.11872913700482146,0.19559135472306252,129613.5612247086,1447.8582604595497,131061.41948516814,4432,517,3402.842105263158,35,3,17,36.54286959157386,0.618452380952381,45.42824074074075,1018.2870370370379,29.093915343915366,0
4434,4,0,0,38,0.0,0.0,1.0,38,1050,600,450,0.5714285714285714,15,6,9,350.7481467183574,0.3334815078236131,-0.11744179788181963,0.19699645432471397,129701.96926708259,1498.545069230121,131200.5143363127,4433,518,3403.842105263158,35,3,17,36.40933321970989,0.6193452380952381,45.34143518518519,1018.6342592592601,29.103835978836003,0
4435,4,0,0,38,0.0,0.0,1.0,38,1400,1000,400,0.7142857142857143,18,10,8,349.2369176025621,0.33451872925557136,-0.11336377164097966,0.19703584454361076,129878.87577428417,1471.6996474194148,131350.57542170357,4434,519,3404.842105263158,35,3,18,36.26814371144165,0.6211309523809524,45.167824074074076,1019.328703703704,29.123677248677257,0
4436,4,0,0,38,0.0,0.0,1.0,38,950,500,450,0.5263157894736842,14,5,9,348.09664197638494,0.33431128496917967,-0.11085886039521653,0.19658882718728748,129917.93894823907,1444.799656075021,131362.7386043141,4435,520,3405.842105263158,36,2,18,36.257548142420546,0.6195023148148149,45.12950450450452,1019.4819819819843,28.318943943944006,0
4437,4,0,0,38,0.0,0.0,1.0,38,1000,900,100,0.9,11,9,2,349.3325898911979,0.33423719772403987,-0.11777165670054557,0.19786774650685343,130032.77084094263,1484.9369217190524,131517.70776266168,4436,521,3406.842105263158,36,2,18,36.1095009385006,0.6206597222222222,45.01689189189191,1019.9324324324351,28.331456456456532,0
4438,4,0,0,38,0.0,0.0,1.0,38,700,600,100,0.8571428571428571,8,6,2,347.7502012412137,0.33370376955903275,-0.11586672785041696,0.1975526378336452,130147.65346004814,1451.7745363607153,131599.42799640886,4437,522,3407.842105263158,36,2,18,36.033320457638965,0.6218171296296297,44.904279279279294,1020.3828828828849,28.343968968969026,0
4439,4,0,0,38,0.0,0.0,1.0,38,950,700,250,0.7368421052631579,12,7,5,345.35610162432334,0.3343557373162636,-0.110955961331901,0.19677266255339365,130262.5868055556,1397.3958333333449,131659.98263888896,4438,523,3408.842105263158,36,2,18,35.97789115646258,0.622974537037037,44.79166666666667,1020.8333333333338,28.356481481481495,0
4440,4,0,0,38,0.0,0.0,1.0,38,1050,800,250,0.7619047619047619,13,8,5,344.99039079850587,0.3348298956851588,-0.11786688330528616,0.19729273925236124,130406.32482144317,1397.7857925493236,131804.1106139925,4439,524,3409.842105263158,36,2,20,35.841602352076436,0.6244212962962963,44.65090090090091,1021.3963963963972,28.372122122122146,0
4441,4,0,0,38,0.0,0.0,1.0,38,300,100,200,0.3333333333333333,5,1,4,345.821321795824,0.33440018966334756,-0.11937696186226798,0.19791452429084683,130435.08193582107,1421.446488718459,131856.52842453955,4440,525,3410.842105263158,36,2,20,35.7912578547018,0.6247106481481481,44.62274774774775,1021.5090090090099,28.375250250250275,0
4442,4,0,0,38,0.0,0.0,1.0,38,700,400,300,0.5714285714285714,10,4,6,353.15583930497473,0.3343557373162636,-0.12563498874997137,0.20286344288176913,130578.9150637124,1622.9412689716746,132201.85633268408,4441,526,3411.842105263158,36,2,16,35.458213970912276,0.6261574074074074,44.48198198198198,1022.0720720720724,28.3908908908909,0
4443,4,0,0,38,0.0,0.0,1.0,38,1000,900,100,0.9,11,9,2,351.20757243493955,0.3342964675201517,-0.125875260839323,0.2023454795500795,130694.03863322789,1580.147208018838,132274.1858412467,4442,527,3412.842105263158,36,2,16,35.39142804698973,0.6273148148148149,44.36936936936937,1022.522522522523,28.403403403403416,0
4444,4,0,0,38,0.0,0.0,1.0,38,900,600,300,0.6666666666666666,12,6,6,353.7172793374385,0.33434091986723563,-0.12760970465357535,0.20424755551315654,130780.41459956572,1651.8584885561181,132432.27308812184,4443,528,3413.842105263158,36,2,16,35.23982531469045,0.6281828703703703,44.284909909909906,1022.8603603603599,28.412787787787774,0
4445,4,0,0,38,0.0,0.0,1.0,38,1000,900,100,0.9,11,9,2,355.8241499770951,0.3351114272166904,-0.125062987610989,0.2060786520613041,130895.62694028478,1715.1650383491487,132610.79197863393,4444,529,3414.842105263158,36,2,17,35.06932981181909,0.6293402777777778,44.17229729729729,1023.31081081081,28.42530030030028,0
4446,4,0,0,38,0.0,0.0,1.0,38,400,300,100,0.75,5,3,2,355.8241499770951,0.3351114272166904,-0.125062987610989,0.2060786520613041,130895.62694028478,1715.1650383491487,132610.79197863393,4445,530,3415.842105263158,36,2,17,35.06932981181909,0.6293402777777778,44.17229729729729,1023.31081081081,28.42530030030028,0
4447,4,0,0,38,0.0,0.0,1.0,38,900,600,300,0.6666666666666666,12,6,6,361.77862010623494,0.3344890943575154,-0.12915291529152884,0.2099979346593665,130982.0694850257,1877.3024713903264,132859.37195641603,4446,531,3416.842105263158,36,2,17,34.829482948294824,0.6302083333333333,44.087837837837846,1023.6486486486497,28.43468468468471,0
4448,4,0,0,38,0.0,0.0,1.0,38,1150,800,350,0.6956521739130435,15,8,7,362.41812260130564,0.3346224513987672,-0.12980159672087488,0.2105267190139602,131010.89000740631,1896.1441593620896,132907.0341667684,4447,532,3417.842105263158,36,2,17,34.783943827228384,0.6304976851851851,44.0596846846847,1023.7612612612634,28.437812812812872,0
4449,4,0,0,38,0.0,0.0,1.0,38,1150,900,250,0.782608695652174,14,9,5,364.88135589122317,0.33518551446183026,-0.1326090101559566,0.21259423009805745,131126.2038009294,1969.1014071503996,133095.30520807978,4448,533,3418.842105263158,36,2,18,34.604178119846075,0.6316550925925926,43.947072072072075,1024.2117117117123,28.45032532532534,0
4450,4,0,0,38,0.0,0.0,1.0,38,750,600,150,0.8,9,6,3,360.8858390976,0.33431128496917967,-0.11624602555292829,0.20158752866280025,129487.77113261906,1746.2159372210037,131233.98706984008,4449,534,3419.842105263158,36,2,15,36.36912665043889,0.615162037037037,45.5518018018018,1017.7927927927924,28.27202202202201,4
4451,4,0,0,38,0.0,0.0,1.0,38,950,600,350,0.631578947368421,13,6,7,362.68730695216914,0.33444464201043145,-0.11684746216686726,0.2027415316970103,129516.4267941929,1794.7928080107215,131311.2196022036,4450,535,3420.842105263158,36,2,15,36.29411439318509,0.6154513888888888,45.52364864864865,1017.9054054054059,28.275150150150164,0
4452,4,0,0,38,0.0,0.0,1.0,38,900,700,200,0.7777777777777778,11,7,4,363.4735492207688,0.33478544333807486,-0.11443292966930607,0.2033292626829056,129545.08562616688,1817.2424113302663,131362.32803749715,4451,536,3421.842105263158,36,2,15,36.24492994100294,0.6157407407407407,45.495495495495504,1018.0180180180195,28.278278278278318,0
4453,4,0,0,38,0.0,0.0,1.0,38,800,500,300,0.625,11,5,6,363.76546821299235,0.3350966097676624,-0.1160216975037397,0.20393869367948508,129631.08114448928,1831.062185496326,131462.1433299856,4452,537,3422.842105263158,36,2,16,36.14996866821482,0.6166087962962963,45.411036036036045,1018.3558558558574,28.287662662662704,0
4454,4,0,0,38,0.0,0.0,1.0,38,950,600,350,0.631578947368421,13,6,7,362.6301335075672,0.335304054054054,-0.11603141236663617,0.20353300967684548,129675.59880203521,1804.8559412511524,131480.45474328636,4453,538,3423.842105263158,37,1,17,36.13357645243479,0.6151463963963963,45.36732456140351,1018.5307017543857,27.527856804172586,0
4455,4,0,0,38,0.0,0.0,1.0,38,1200,1000,200,0.8333333333333334,14,10,4,363.16332469830775,0.3354077761972499,-0.11486188033026423,0.20455999634824676,129815.23762119109,1828.8266582025158,131644.0642793936,4454,539,3424.842105263158,37,1,18,35.977960691485535,0.6165540540540541,45.23026315789473,1019.0789473684207,27.54267425320056,0
4456,4,0,0,38,0.0,0.0,1.0,38,1150,800,350,0.6956521739130435,15,8,7,363.1698462249972,0.33644499762920815,-0.12038483305036818,0.20544279622216985,129982.90339335172,1841.1742074484341,131824.07760080014,4455,540,3425.842105263158,37,1,19,35.80734767025089,0.6182432432432432,45.065789473684205,1019.7368421052626,27.560455192034123,0
4457,4,0,0,38,0.0,0.0,1.0,38,700,600,100,0.8571428571428571,8,6,2,363.55186188160764,0.33666725936462777,-0.11314686264193252,0.2061013388838875,130066.7768568213,1857.2037790473955,131923.9806358687,4456,541,3426.842105263158,37,1,19,35.71238220645669,0.6190878378378378,44.983552631578945,1020.065789473684,27.56934566145092,0
4458,4,0,0,38,0.0,0.0,1.0,38,650,500,150,0.7692307692307693,8,5,3,361.54809847039206,0.33677098150782364,-0.11231162601258093,0.20511240903466638,130094.7406894429,1807.1012234533675,131901.84191289626,4457,542,3427.842105263158,37,1,19,35.73507810260819,0.6193693693693694,44.95614035087719,1020.1754385964913,27.572309151256523,0
4459,4,0,0,38,0.0,0.0,1.0,38,700,600,100,0.8571428571428571,8,6,2,360.65219312643666,0.337156235182551,-0.11002380322665961,0.20505653266331644,130180.8021038788,1789.9983563444903,131970.80046022328,4458,543,3428.842105263158,38,0,19,35.67054020100503,0.618421052631579,44.87179487179486,1020.5128205128187,26.855600539811018,0
4460,4,0,0,38,0.0,0.0,1.0,38,650,400,250,0.6153846153846154,9,4,5,362.5570728256043,0.3373340445708867,-0.11563737271703423,0.20672593850546733,130291.32806793283,1847.6598680081047,132138.98793594094,4459,544,3429.842105263158,36,2,19,35.509734171630264,0.6232638888888888,44.763513513513516,1020.9459459459462,28.359609609609617,0
4461,4,0,0,38,0.0,0.0,1.0,38,1100,800,300,0.7272727272727273,14,8,6,339.0786002685248,0.3368598862019914,-0.07470362026987076,0.18541106440215094,128644.6069944599,1124.1266543551938,129768.73364881509,4460,545,3430.842105263158,37,1,15,37.78192102608444,0.6047297297297297,46.381578947368425,1014.4736842105269,27.418207681365594,4
4462,4,0,0,38,0.0,0.0,1.0,38,1000,800,200,0.8,12,8,4,341.0748761377886,0.33712660028449504,-0.07638912576320933,0.18728773447708452,128811.51532202208,1186.8743267159036,129998.38964873798,4461,546,3431.842105263158,37,1,16,37.5612083243321,0.6064189189189189,46.21710526315789,1015.1315789473678,27.43598862019913,0
4463,4,0,0,38,0.0,0.0,1.0,38,900,900,0,1.0,9,9,0,344.87134062749163,0.3372006875296349,-0.07922089763169304,0.18648897552901142,128200.04712988617,1242.504424438293,129442.55155432445,4462,547,3432.842105263158,37,1,19,38.08872888696405,0.6002252252252251,46.82017543859649,1012.7192982456144,27.370791844476063,3
4464,4,0,0,38,0.0,0.0,1.0,38,400,100,300,0.25,7,1,6,346.3499817436031,0.3368006164058796,-0.08233688995733213,0.18767903116299994,128283.34349270926,1286.18673534164,129569.5302280509,4463,548,3433.842105263158,37,1,19,37.96620756214596,0.6010698198198199,46.737938596491226,1013.0482456140348,27.379682313892832,0
4465,4,0,0,38,0.0,0.0,1.0,38,1250,900,350,0.72,16,9,7,346.1616698780356,0.3368006164058796,-0.07481817301613525,0.18783793255096465,128338.88942992076,1285.2008550707892,129624.09028499154,4464,549,3434.842105263158,37,1,19,37.91425440969591,0.6016328828828829,46.68311403508772,1013.2675438596493,27.385609293504036,0
4466,4,0,0,38,0.0,0.0,1.0,38,1100,800,300,0.7272727272727273,14,8,6,348.71699171727147,0.3369487908961593,-0.07752981697076688,0.1897521240980679,128450.017373134,1358.540728878109,129808.55810201212,4465,550,3435.842105263158,37,1,14,37.73605101856859,0.602759009009009,46.5734649122807,1013.7061403508769,27.397463252726403,0
4467,4,1,0,39,0.02564102564102564,0.0,1.0,39,1150,800,350,0.6956521739130435,15,8,7,339.4823212898967,0.34494489428699954,-0.07149045039793367,0.18633284428511313,128794.39153928333,944.6838017751452,129739.07534105847,4466,0,3348.7179487179487,38,1,15,37.61906641406168,0.6044407894736843,46.23397435897436,1015.0641025641023,26.712213225371112,0
4468,4,0,0,39,0.0,0.0,1.0,39,650,400,250,0.6153846153846154,9,4,5,337.15403869590625,0.3465193432298695,-0.07063621137461473,0.1858158519351873,128957.11343277451,895.6823224852058,129852.79575525972,4467,1,3349.7179487179487,38,1,16,37.51249079625539,0.6060855263157895,46.07371794871795,1015.7051282051284,26.72908232118759,0
4469,4,0,0,39,0.0,0.0,1.0,39,1000,900,100,0.9,11,9,2,334.47060983037,0.3462100764732344,-0.06543960665070792,0.1849700256224696,129092.79348381901,835.5490722477828,129928.3425560668,4468,2,3350.7179487179487,38,1,18,37.44261634426691,0.6074561403508771,45.94017094017094,1016.2393162393153,26.743139901034613,0
4470,4,0,0,39,0.0,0.0,1.0,39,1150,900,250,0.782608695652174,14,9,5,335.209013751125,0.34708164642375167,-0.060539697550373806,0.18601993922885574,129229.25954380175,863.8081849901142,130093.06772879187,4469,3,3351.7179487179487,37,2,18,37.28510640209928,0.6106418918918919,45.80592105263157,1016.776315789472,27.480440967283027,0
4471,4,0,0,39,0.0,0.0,1.0,39,900,600,300,0.6666666666666666,12,6,6,336.25949741844727,0.34784075573549256,-0.06057992885631125,0.18713133518601852,129340.77222077918,898.412612534596,130239.18483331378,4470,4,3352.7179487179487,37,2,18,37.145067550573096,0.6117680180180181,45.69627192982455,1017.2149122806994,27.49229492650539,0
4472,4,0,0,39,0.0,0.0,1.0,39,850,700,150,0.8235294117647058,10,7,3,332.2560567776459,0.3469410706252811,-0.05263041556144976,0.18529664704907148,129424.43828870398,800.4107032932974,130224.84899199728,4471,5,3353.7179487179487,37,2,18,37.16190732758623,0.6126126126126126,45.61403508771929,1017.5438596491209,27.501185395922185,0
4473,4,0,0,39,0.0,0.0,1.0,39,900,700,200,0.7777777777777778,11,7,4,328.51139279232785,0.3474190283400809,-0.051823432411604364,0.18359851049314718,129508.13140822158,708.979325369326,130217.1107335909,4472,6,3354.7179487179487,37,2,16,37.172227907644796,0.6134572072072072,45.53179824561403,1017.8728070175424,27.510075865338983,0
4474,4,0,0,39,0.0,0.0,1.0,39,900,600,300,0.6666666666666666,12,6,6,329.15985985644124,0.3485436347278452,-0.04685442665849582,0.18474718659857872,129675.59880203506,736.8003856955787,130412.39918773064,4473,7,3355.7179487179487,37,2,16,36.985838985179605,0.6151463963963963,45.3673245614035,1018.5307017543846,27.527856804172558,0
4475,4,0,0,39,0.0,0.0,1.0,39,950,700,250,0.7368421052631579,12,7,5,331.53556797593325,0.34851551956815113,-0.04919588948861453,0.1864787226169716,129759.37307633106,803.9694906124818,130563.34256694354,4474,8,3356.7179487179487,37,2,17,36.840382407806,0.615990990990991,45.28508771929824,1018.8596491228061,27.536747273589356,0
4476,4,0,0,39,0.0,0.0,1.0,39,650,500,150,0.7692307692307693,8,5,3,331.53556797593325,0.34851551956815113,-0.04919588948861453,0.1864787226169716,129759.37307633106,803.9694906124818,130563.34256694354,4475,9,3357.7179487179487,37,2,17,36.840382407806,0.615990990990991,45.28508771929824,1018.8596491228061,27.536747273589356,0
4477,4,0,0,39,0.0,0.0,1.0,39,600,300,300,0.5,9,3,6,331.53556797593325,0.34851551956815113,-0.04919588948861453,0.1864787226169716,129759.37307633106,803.9694906124818,130563.34256694354,4476,10,3358.7179487179487,37,2,17,36.840382407806,0.615990990990991,45.28508771929824,1018.8596491228061,27.536747273589356,0
4478,4,0,0,39,0.0,0.0,1.0,39,1150,1000,150,0.8695652173913043,13,10,3,335.1639712131293,0.349274628879892,-0.05195514544626967,0.18892353622959576,129843.17440221985,903.7507935133813,130746.92519573323,4477,11,3359.7179487179487,37,2,17,36.66296844181459,0.6168355855855856,45.20285087719298,1019.1885964912276,27.54563774300615,0
4479,4,0,1,38,0.0,0.02564102564102564,0.9743589743589743,39,750,500,250,0.6666666666666666,10,5,5,335.5745331954818,0.3493589743589744,-0.05427203318769591,0.18929010076366473,129871.11418898105,916.2877039088758,130787.40189288993,4478,12,3360.7179487179487,37,2,17,36.624175272518634,0.6171171171171171,45.17543859649122,1019.2982456140337,27.548601232811723,0
4480,4,0,0,38,0.0,0.0,1.0,38,1050,900,150,0.8571428571428571,12,9,3,342.2391407195521,0.3416014698909436,-0.05755941726895808,0.19249915832724446,129759.37307633118,1281.747268390275,131041.12034472145,4479,564,3449.842105263158,37,1,17,36.56774644855792,0.615990990990991,45.28508771929825,1018.859649122807,27.536747273589377,0
4481,4,0,0,38,0.0,0.0,1.0,38,500,300,200,0.6,7,3,4,341.3379057668339,0.3414384779516359,-0.05565309485917502,0.19212920401521424,129787.3038458949,1260.2652979763034,131047.56914387121,4480,565,3450.842105263158,37,1,17,36.56235428100003,0.6162725225225225,45.25767543859649,1018.9692982456141,27.539710763394975,0
4482,4,0,0,38,0.0,0.0,1.0,38,450,200,250,0.4444444444444444,7,2,5,341.0967061269784,0.34154220009483166,-0.05697507163648319,0.19213047192388702,129815.23762119105,1255.909991535848,131071.1476127269,4481,566,3451.842105263158,37,1,17,36.54015135212682,0.6165540540540541,45.23026315789473,1019.0789473684204,27.542674253200552,0
4483,4,0,0,38,0.0,0.0,1.0,38,300,200,100,0.6666666666666666,4,2,2,341.0967061269784,0.34154220009483166,-0.05697507163648319,0.19213047192388702,129815.23762119105,1255.909991535848,131071.1476127269,4482,567,3452.842105263158,37,1,17,36.54015135212682,0.6165540540540541,45.23026315789473,1019.0789473684204,27.542674253200552,0
4484,4,0,0,38,0.0,0.0,1.0,38,950,500,450,0.5263157894736842,14,5,9,339.3745331846032,0.3421645329540066,-0.06720743566811227,0.1917074367892127,129927.00277970143,1218.7831832871657,131145.7859629886,4483,568,3453.842105263158,37,1,17,36.47065677206568,0.6176801801801801,45.12061403508772,1019.5175438596491,27.554528212422948,0
4485,4,0,0,38,0.0,0.0,1.0,38,950,600,350,0.631578947368421,13,6,7,341.84994582744173,0.34269796111901374,-0.06840068349760675,0.1936594516496262,130038.81602993222,1290.7524430593967,131329.5684729916,4484,569,3454.842105263158,37,1,17,36.294166129147854,0.6188063063063063,45.0109649122807,1019.9561403508767,27.566382171645316,0
4486,4,0,0,38,0.0,0.0,1.0,38,700,500,200,0.7142857142857143,9,5,4,335.483334849338,0.34209044570886676,-0.05608398884823507,0.1907356992940004,130178.65022170269,1134.5535405124538,131313.20376221515,4485,570,3455.842105263158,37,1,17,36.31484814297484,0.6202139639639639,44.873903508771924,1020.5043859649111,27.58119962067327,0
4487,4,0,0,38,0.0,0.0,1.0,38,950,700,250,0.7368421052631579,12,7,5,337.2316030160251,0.3434684684684685,-0.04914993669741374,0.19242038525031996,130318.55955678657,1189.5073484148816,131508.06690520144,4486,571,3456.842105263158,37,1,17,36.12856171248568,0.6216216216216216,44.73684210526315,1021.0526315789463,27.59601706970125,0
4488,4,0,0,38,0.0,0.0,1.0,38,1350,900,450,0.6666666666666666,18,9,9,340.82505938451914,0.34241642958748225,-0.04979922173714191,0.19545530636334357,130514.55886667043,1296.5264552554486,131811.08532192587,4487,572,3457.842105263158,37,1,14,35.83840809099688,0.6235923423423424,44.54495614035087,1021.8201754385958,27.616761498340427,0
4489,4,0,0,38,0.0,0.0,1.0,38,750,500,250,0.6666666666666666,10,5,5,339.5370228126064,0.3423571597913703,-0.04492684882466902,0.19499843435836742,130570.58572108719,1266.7095885272283,131837.29530961442,4488,573,3458.842105263158,37,1,14,35.814625576654855,0.6241554054054055,44.49013157894736,1022.0394736842101,27.622688477951623,0
4490,4,0,0,38,0.0,0.0,1.0,38,550,200,350,0.36363636363636365,9,2,7,339.9832842529207,0.3432017543859649,-0.048731898371277116,0.1959631711336675,130710.70545744848,1287.8909856879031,131998.59644313637,4489,574,3459.842105263158,37,1,15,35.66150189434554,0.6255630630630631,44.353070175438596,1022.5877192982459,27.63750592697962,0
4491,4,0,0,38,0.0,0.0,1.0,38,850,500,350,0.5882352941176471,12,5,7,345.7518705003741,0.3433351114272167,-0.05271619563377927,0.19986771696211192,130822.85534972281,1446.4493882732927,132269.3047379961,4490,575,3460.842105263158,37,1,15,35.40058949624865,0.6266891891891893,44.24342105263157,1023.0263157894722,27.64935988620195,0
4492,4,0,0,38,0.0,0.0,1.0,38,650,600,50,0.9230769230769231,7,6,1,344.93078951270184,0.3438092697961119,-0.049349155142464185,0.19968325854420177,130878.94833025544,1428.8357956294215,132307.78412588488,4491,576,3461.842105263158,37,1,15,35.36487355336476,0.6272522522522522,44.18859649122807,1023.2456140350876,27.655286865813178,0
4493,4,0,0,38,0.0,0.0,1.0,38,950,600,350,0.631578947368421,13,6,7,345.45606334931205,0.343764817449028,-0.04323006230090465,0.2004246333975033,130963.11034404818,1448.4001086872918,132411.51045273547,4492,577,3462.842105263158,37,1,15,35.26635868594895,0.6280968468468469,44.10635964912281,1023.5745614035088,27.66417733522997,0
4494,4,0,0,38,0.0,0.0,1.0,38,1400,1000,400,0.7142857142857143,18,10,8,371.81489424050295,0.34352773826458033,-0.06487706492508671,0.20375456204379558,128731.13854595338,2004.4572504977814,130735.59579645116,4493,578,3463.842105263158,35,3,15,36.86321472019465,0.6095238095238096,46.2962962962963,1014.814814814815,28.994708994709,6
4495,4,0,0,38,0.0,0.0,1.0,38,1000,700,300,0.7,13,7,6,369.67667974241846,0.3426683262209578,-0.06489987938721509,0.20303282141645276,128819.24518014827,1924.2941690243467,130743.53934917261,4494,579,3464.842105263158,35,3,16,36.827447459430715,0.6104166666666666,46.20949074074074,1015.1620370370366,29.00462962962962,0
4496,4,0,0,38,0.0,0.0,1.0,38,500,400,100,0.8,6,4,2,371.6401458938809,0.34232752489331436,-0.06353949168406636,0.20426236590107283,128848.62075617285,1977.06404320988,130825.68479938273,4495,580,3465.842105263158,35,3,16,36.74760601915185,0.6107142857142858,46.18055555555556,1015.2777777777778,29.00793650793651,0
4497,4,0,0,38,0.0,0.0,1.0,38,550,300,250,0.5454545454545454,8,3,5,364.6522505390129,0.342549786628734,-0.08339367463570835,0.20388534923653023,129525.18332315247,1846.3299200531592,131371.5132432056,4496,581,3466.842105263158,35,3,17,36.23519518665907,0.6175595238095238,45.5150462962963,1017.9398148148151,29.08399470899472,4
4498,4,0,0,38,0.0,0.0,1.0,38,1050,600,450,0.5714285714285714,15,6,9,362.11263972554957,0.34330547652916077,-0.08119044628277128,0.20307387615966266,129643.02722318661,1789.0757619598671,131432.10298514648,4497,582,3467.842105263158,35,3,17,36.179892601431995,0.61875,45.39930555555555,1018.4027777777768,29.097222222222193,0
4499,4,0,0,38,0.0,0.0,1.0,38,1500,1300,200,0.8666666666666667,17,13,4,363.7088652780719,0.34472795163584635,-0.08294629247736018,0.20489165443208096,129819.89354263127,1843.329234182111,131663.22277681337,4498,583,3468.842105263158,35,3,19,35.95932708688246,0.6205357142857143,45.22569444444445,1019.097222222223,29.11706349206351,0
4500,4,0,0,38,0.0,0.0,1.0,38,1000,800,200,0.8,12,8,4,363.9407885041018,0.34517247510668564,-0.07808083283034462,0.20533161591003377,129878.87577428418,1853.6440918638598,131732.51986614804,4499,584,3469.842105263158,35,3,19,35.89344176980431,0.6211309523809524,45.167824074074076,1019.3287037037042,29.12367724867726,0
4501,4,0,0,38,0.0,0.0,1.0,38,900,700,200,0.7777777777777778,11,7,4,362.7585395221117,0.3451428402086297,-0.07301868697143199,0.20517042944239375,129975.3485537904,1829.9335230500956,131805.2820768405,4500,585,3470.842105263158,36,2,19,35.825510767531775,0.6200810185185186,45.073198198198206,1019.7072072072083,28.32520020020023,0
4502,4,0,0,38,0.0,0.0,1.0,38,850,500,350,0.5882352941176471,12,5,7,359.7557961056627,0.3447872214319583,-0.0761476309690462,0.20437286949927333,130147.65346004789,1764.2745363606864,131911.92799640857,4501,586,3471.842105263158,36,2,19,35.72706287017622,0.6218171296296297,44.90427927927928,1020.3828828828829,28.34396896896897,0
4503,4,0,0,38,0.0,0.0,1.0,38,950,700,250,0.7368421052631579,12,7,5,356.79932989999924,0.3451132053105737,-0.06997607655502414,0.20314253305361765,130233.84871357844,1693.469990260531,131927.31870383897,4502,587,3472.842105263158,36,2,19,35.715008090614894,0.6226851851851851,44.81981981981982,1020.7207207207207,28.353353353353352,0
4504,4,0,0,38,0.0,0.0,1.0,38,650,400,250,0.6153846153846154,9,4,5,356.01832569762587,0.3448316737790422,-0.06842105263157927,0.2028476506881823,130262.58680555565,1675.1736111111213,131937.76041666677,4503,588,3473.842105263158,36,2,19,35.705782312925166,0.622974537037037,44.79166666666667,1020.8333333333342,28.356481481481506,0
4505,4,0,0,38,0.0,0.0,1.0,38,550,500,50,0.9090909090909091,6,5,1,359.4253039901025,0.3451428402086297,-0.07003709228956434,0.20509183330889005,130320.07250071033,1768.0663349160122,132088.13883562633,4504,589,3474.842105263158,36,2,19,35.560503290320206,0.6235532407407407,44.73536036036037,1021.0585585585599,28.362737737737774,0
4506,4,0,0,38,0.0,0.0,1.0,38,900,500,400,0.5555555555555556,13,5,8,359.46327418291884,0.3449057610241821,-0.06671367469285205,0.20541729260018218,130377.57087746533,1773.1897015258553,132150.76057899118,4505,590,3475.842105263158,36,2,19,35.50120373433308,0.6241319444444444,44.679054054054056,1021.2837837837841,28.368993993994003,0
4507,4,0,0,38,0.0,0.0,1.0,38,900,800,100,0.8888888888888888,10,8,2,361.46075349840316,0.3453799193930773,-0.06167427719336949,0.20686501545640473,130435.08193582093,1829.4325998295537,132264.5145356505,4506,591,3476.842105263158,36,2,19,35.39186234520265,0.6247106481481481,44.622747747747745,1021.5090090090088,28.375250250250243,0
4508,4,0,0,38,0.0,0.0,1.0,38,950,800,150,0.8421052631578947,11,8,3,361.091898103224,0.3455280938833571,-0.11222253784036063,0.20788543708808951,130665.25298524876,1851.0927735167581,132516.34575876553,4507,592,3477.842105263158,36,2,15,35.16792414729964,0.627025462962963,44.39752252252252,1022.40990990991,28.400275275275277,2
4509,4,0,0,38,0.0,0.0,1.0,38,1100,800,300,0.7272727272727273,14,8,6,361.06011682925725,0.344979848269322,-0.10971864933138653,0.20864313621354771,130809.21292914523,1845.997940508063,132655.2108696533,4508,593,3478.842105263158,36,2,17,35.022888228386925,0.6284722222222222,44.25675675675675,1022.9729729729719,28.415915915915885,0
4510,4,0,0,38,0.0,0.0,1.0,38,900,400,500,0.4444444444444444,14,4,10,358.14523167819004,0.3456021811284969,-0.11747551447122262,0.20742292672146018,130895.62694028477,1775.9289272380372,132671.5558675228,4509,594,3479.842105263158,36,2,17,35.00995011188145,0.6293402777777778,44.17229729729729,1023.3108108108099,28.425300300300275,0
4511,4,0,0,38,0.0,0.0,1.0,38,700,400,300,0.5714285714285714,10,4,6,358.8095671947203,0.3448316737790422,-0.1177160361570666,0.20811870811951563,130953.2521330451,1797.4559441197878,132750.7080771649,4510,595,3480.842105263158,36,2,17,34.934627938533765,0.6299189814814814,44.11599099099099,1023.5360360360352,28.431556556556533,0
4512,4,0,0,38,0.0,0.0,1.0,38,900,800,100,0.8888888888888888,10,8,2,357.4708846022116,0.34517247510668564,-0.11751490938567566,0.2074974674989847,130982.06948502547,1764.4552491680734,132746.52473419355,4511,596,3481.842105263158,36,2,17,34.93972313898056,0.6302083333333333,44.08783783783783,1023.6486486486478,28.43468468468466,0
4513,4,0,0,38,0.0,0.0,1.0,38,600,500,100,0.8333333333333334,7,5,2,357.4708846022116,0.34517247510668564,-0.11751490938567566,0.2074974674989847,130982.06948502547,1764.4552491680734,132746.52473419355,4512,597,3482.842105263158,36,2,17,34.93972313898056,0.6302083333333333,44.08783783783783,1023.6486486486478,28.43468468468466,0
4514,4,0,0,38,0.0,0.0,1.0,38,1050,800,250,0.7619047619047619,13,8,5,355.34078518867733,0.34508357041251775,-0.12249256305487666,0.20688022410408646,131097.3705969482,1716.8485208181114,132814.2191177663,4513,598,3483.842105263158,36,2,17,34.87762077560298,0.6313657407407407,43.97522522522522,1024.0990990990983,28.447197197197177,0
4515,4,0,0,38,0.0,0.0,1.0,38,800,700,100,0.875,9,7,2,356.20753785092313,0.34481685633001424,-0.1261572466787022,0.20769639514692287,131155.04017531045,1743.6827875172476,132898.7229628277,4514,599,3484.842105263158,36,2,18,34.79711778070948,0.6319444444444444,43.91891891891892,1024.3243243243244,28.453453453453456,0
4516,4,0,0,38,0.0,0.0,1.0,38,800,700,100,0.875,9,7,2,359.9176445020205,0.3448909435751541,-0.1272638404451616,0.210333374908406,131241.56832085448,1847.2312261585753,133088.79954701304,4515,600,3485.842105263158,36,2,19,34.614609664065654,0.6328125,43.83445945945945,1024.662162162161,28.462837837837803,0
4517,4,0,0,38,0.0,0.0,1.0,38,950,700,250,0.7368421052631579,12,7,5,359.3673367359504,0.34509838786154573,-0.12792983998288276,0.21032811135909224,131299.26960321804,1836.933766536798,133136.20336975483,4516,601,3486.842105263158,36,2,19,34.570376881661346,0.6333912037037037,43.77815315315315,1024.887387387387,28.469094094094082,0
4518,4,0,0,38,0.0,0.0,1.0,38,950,800,150,0.8421052631578947,11,8,3,358.4038644782904,0.3455280938833571,-0.12894142806225528,0.21057415379825264,131446.7860510973,1822.2103891929814,133268.99644029027,4517,602,3487.842105263158,35,3,19,34.44601203912716,0.6369047619047619,43.63425925925925,1025.4629629629621,29.298941798941776,0
4519,4,0,0,38,0.0,0.0,1.0,38,900,700,200,0.7777777777777778,11,7,4,361.3055320812432,0.3454540066382172,-0.1340730535579614,0.21277414822830965,131535.81700370813,1904.9236700531671,133440.7406737613,4518,603,3488.842105263158,35,3,20,34.28168133438639,0.6377976190476191,43.54745370370371,1025.8101851851861,29.308862433862462,0
4520,4,0,0,38,0.0,0.0,1.0,38,950,600,350,0.631578947368421,13,6,7,362.1792663531726,0.3466986723565671,-0.1350691208680319,0.21395360124940585,131654.5718262389,1936.5112472136607,133591.08307345258,4519,604,3489.842105263158,35,3,18,34.13934156610656,0.6389880952380953,43.43171296296297,1026.2731481481487,29.322089947089964,0
4521,4,0,0,38,0.0,0.0,1.0,38,1350,1200,150,0.8888888888888888,15,12,3,363.5514330248211,0.3468912991939308,-0.13407052346827375,0.2156034969115117,131803.0907064473,1983.4405006858883,133786.5312071332,4520,605,3490.842105263158,35,3,18,33.95420048091375,0.6404761904761904,43.287037037037045,1026.8518518518529,29.338624338624367,0
4522,4,0,0,38,0.0,0.0,1.0,38,1100,900,200,0.8181818181818182,13,9,4,363.09588967093754,0.3468023944997629,-0.12844809183842887,0.2160079836943193,131921.9660922498,1980.0647290809497,133902.03082133073,4521,606,3491.842105263158,35,3,18,33.8459516298633,0.6416666666666666,43.171296296296305,1027.314814814816,29.351851851851883,0
4523,4,0,0,38,0.0,0.0,1.0,38,1150,1000,150,0.8695652173913043,13,10,3,366.2038129301154,0.34788406827880514,-0.1374078132867339,0.21940127295239878,132189.63162562152,2081.669426225989,134271.30105184752,4522,607,3492.842105263158,35,3,18,33.496178015381716,0.6443452380952381,42.910879629629626,1028.356481481481,29.381613756613746,0
4524,4,0,0,38,0.0,0.0,1.0,38,1200,900,300,0.75,15,9,6,372.7655200391763,0.348565670934092,-0.14571506372499698,0.22439121453407687,132368.2260186257,2268.462121699248,134636.68814032493,4523,608,3493.842105263158,35,3,18,33.147400929779174,0.6461309523809524,42.73726851851852,1029.050925925926,29.401455026455032,0
4525,4,0,0,38,0.0,0.0,1.0,38,1000,400,600,0.4,16,4,12,372.94987689910636,0.34815078236130864,-0.14396069980642112,0.22486224795464937,132428.63520408157,2277.8519884355396,134706.48719251712,4524,609,3494.842105263158,34,4,19,33.08177191764978,0.6488970588235294,42.67857142857142,1029.2857142857138,30.273109243697462,0
4526,4,0,0,38,0.0,0.0,1.0,38,400,200,200,0.5,6,2,4,373.55772375294674,0.3480915125651968,-0.14052542824176817,0.22558017330498717,132487.35592689048,2298.3350212191376,134785.6909481096,4525,610,3495.842105263158,35,3,19,33.006956155143335,0.6473214285714286,42.62152777777778,1029.5138888888891,29.41468253968255,0
4527,4,0,0,38,0.0,0.0,1.0,38,600,100,500,0.16666666666666666,11,1,10,372.42360900022896,0.34712837837837834,-0.14400182202161582,0.22525172326818743,132546.94097490137,2272.722023962614,134819.662998864,4526,611,3496.842105263158,35,3,19,32.976120227792144,0.6479166666666667,42.563657407407405,1029.74537037037,29.421296296296287,0
4528,4,0,0,38,0.0,0.0,1.0,38,1150,1000,150,0.8695652173913043,13,10,3,371.25309852165884,0.3472617354196301,-0.13917294077986286,0.22490002203840975,132606.53941883135,2246.117728695118,134852.65714752648,4527,612,3497.842105263158,35,3,19,32.946234595647454,0.6485119047619048,42.50578703703703,1029.976851851851,29.42791005291003,0
4529,4,0,0,38,0.0,0.0,1.0,38,600,300,300,0.5,9,3,6,371.96313596768096,0.347365457562826,-0.14123004139562412,0.22550898570247663,132636.34366426605,2267.166066529486,134903.50973079554,4528,613,3498.842105263158,35,3,17,32.89794007490636,0.6488095238095238,42.47685185185185,1030.0925925925922,29.43121693121692,0
4530,4,0,0,38,0.0,0.0,1.0,38,1400,1100,300,0.7857142857142857,17,11,6,369.8115239997723,0.3476321716453295,-0.1350538371529545,0.2252764317880966,132815.23946544924,2223.321223422496,135038.56068887174,4529,614,3499.842105263158,35,3,18,32.77331761359384,0.6505952380952381,42.30324074074074,1030.787037037037,29.4510582010582,0
4531,4,0,0,38,0.0,0.0,1.0,38,950,700,250,0.7368421052631579,12,7,5,369.8115239997723,0.34720246562351825,-0.1350538371529545,0.2252764317880966,132815.23946544924,2223.321223422496,135038.56068887174,4530,615,3500.842105263158,35,3,18,32.77331761359384,0.6505952380952381,42.30324074074074,1030.787037037037,29.4510582010582,0
4532,4,0,0,38,0.0,0.0,1.0,38,1050,900,150,0.8571428571428571,12,9,3,368.12204306042463,0.34712837837837834,-0.12994842589693478,0.2247840494602689,132904.73257726766,2185.0323377486257,135089.76491501628,4531,616,3501.842105263158,35,3,18,32.726853930482285,0.6514880952380953,42.21643518518518,1031.1342592592591,29.460978835978832,0
4533,4,0,0,38,0.0,0.0,1.0,38,850,600,250,0.7058823529411765,11,6,5,367.0036003339253,0.3474691797060218,-0.13079939525654383,0.22463846745713884,132994.25582990394,2161.8741426611714,135156.1299725651,4532,617,3502.842105263158,35,3,18,32.66569419509276,0.6523809523809524,42.129629629629626,1031.481481481481,29.470899470899457,0
4534,4,0,0,38,0.0,0.0,1.0,38,1150,800,350,0.6956521739130435,15,8,7,368.318754313476,0.3470839260312944,-0.12966635970815354,0.22616597888835738,133113.66705246898,2205.65200617282,135319.3190586418,4533,618,3503.842105263158,35,3,18,32.51177658142663,0.6535714285714286,42.01388888888888,1031.9444444444432,29.48412698412695,0
4535,4,0,0,38,0.0,0.0,1.0,38,1150,1000,150,0.8695652173913043,13,10,3,369.9389357904289,0.34686166429587484,-0.1349779595305115,0.22770775488715195,133203.26063368036,2255.4144965277546,135458.6751302081,4534,619,3504.842105263158,35,3,18,32.37996131853346,0.6544642857142857,41.92708333333332,1032.2916666666652,29.494047619047574,0
4536,4,0,0,38,0.0,0.0,1.0,38,900,500,400,0.5555555555555556,13,5,8,370.67783497974926,0.3474988146040778,-0.13598069429379833,0.22892164475416032,133326.80389426582,2284.2582024592075,135611.062096725,4535,620,3505.842105263158,36,2,19,32.236806237051574,0.6536458333333333,41.80743243243243,1032.7702702702697,28.688063063063048,0
4537,4,0,0,38,0.0,0.0,1.0,38,700,500,200,0.7142857142857143,9,5,4,374.4276073027496,0.3479137031768611,-0.14621253405994594,0.23196308555048767,133443.13221583044,2392.9585413115537,135836.090757142,4536,621,3506.842105263158,36,2,19,32.02316076294277,0.6548032407407407,41.694819819819806,1033.2207207207189,28.700575575575524,0
4538,4,0,0,38,0.0,0.0,1.0,38,950,700,250,0.7368421052631579,12,7,5,373.41204076600343,0.3478544333807492,-0.14345939130909147,0.23209282390631425,133564.50007086172,2374.924849870563,135939.42492073227,4537,622,3507.842105263158,34,4,19,31.927569196514256,0.6602328431372548,41.577380952380956,1033.6904761904766,30.402661064425782,0
4539,4,0,0,38,0.0,0.0,1.0,38,1050,900,150,0.8571428571428571,12,9,3,372.1167912596804,0.34797297297297297,-0.139212858899868,0.2320587627905849,133687.58680555568,2349.4791666666865,136037.06597222236,4538,623,3508.842105263158,34,4,19,31.837563792640346,0.6614583333333333,41.45833333333334,1034.1666666666679,30.416666666666703,0
4540,4,0,0,38,0.0,0.0,1.0,38,1550,1300,250,0.8387096774193549,18,13,5,369.3135792596625,0.3481655998103366,-0.12988349843776492,0.2312733163490626,133841.5249433107,2285.8985260770987,136127.4234693878,4539,624,3509.842105263158,34,4,17,31.75573324129467,0.6629901960784313,41.30952380952381,1034.761904761905,30.434173669467796,0
4541,4,0,0,38,0.0,0.0,1.0,38,650,500,150,0.7692307692307693,8,5,3,368.478165584315,0.34822486960644855,-0.13069616342096435,0.23124913928565127,133921.0943528164,2269.39983603396,136190.49418885037,4540,625,3510.842105263158,35,3,17,31.69762663535726,0.6616071428571428,41.23263888888889,1035.069444444445,29.573412698412714,0
4542,4,0,0,38,0.0,0.0,1.0,38,1050,700,350,0.6666666666666666,14,7,7,367.13059313215393,0.34760253674727354,-0.11969439728353148,0.22762096774193555,133472.22222222228,2201.8241222993925,135674.04634452166,4541,626,3511.842105263158,34,4,20,32.18245967741936,0.6593137254901961,41.66666666666667,1033.333333333334,30.392156862745114,1
4543,4,0,0,38,0.0,0.0,1.0,38,1350,800,550,0.5925925925925926,19,8,11,369.4305847074608,0.3475432669511617,-0.12065093998328358,0.23022564798829817,133662.24078479444,2275.7839532872154,135938.02473808164,4542,627,3512.842105263158,33,5,20,31.932428695583482,0.663510101010101,41.48284313725491,1034.0686274509815,31.335412953060043,0
4544,4,0,0,38,0.0,0.0,1.0,38,700,400,300,0.5714285714285714,10,4,6,370.9198095723113,0.34742472735893787,-0.1153737125578762,0.22703553179316188,132994.25582990394,2266.040809327839,135260.2966392318,4543,628,3513.842105263158,35,3,18,32.564706762417714,0.6523809523809524,42.129629629629626,1031.481481481481,29.470899470899457,2
4545,4,0,0,38,0.0,0.0,1.0,38,550,300,250,0.5454545454545454,8,3,5,372.8117454477769,0.3476469890943575,-0.11928466403302107,0.22837601973718452,133024.1036120756,2318.5896508487635,135342.69326292435,4544,629,3514.842105263158,35,3,18,32.48590541905082,0.6526785714285714,42.10069444444444,1031.597222222222,29.47420634920634,0
4546,4,0,0,38,0.0,0.0,1.0,38,400,100,300,0.25,7,1,6,374.8399145728004,0.3475729018492177,-0.12399943330736041,0.2301702946509015,133113.6670524691,2379.263117283944,135492.93016975303,4545,630,3515.842105263158,35,3,20,32.34353970390309,0.6535714285714286,42.013888888888886,1031.9444444444443,29.48412698412698,0
4547,4,0,0,38,0.0,0.0,1.0,38,600,300,300,0.5,9,3,6,384.2228819225361,0.3484026789947843,-0.11279681416981213,0.22487069526926984,131298.46810967493,2497.7734642918203,133796.24157396675,4546,631,3516.842105263158,35,3,19,33.93433559194428,0.6354166666666667,43.778935185185176,1024.884259259258,29.282407407407373,4
4548,4,0,0,38,0.0,0.0,1.0,38,800,600,200,0.75,10,6,4,384.1443656859618,0.3482989568515884,-0.1111545701224732,0.2253577164364786,131389.14399092973,2494.4832242632124,133883.62721519294,4547,632,3517.842105263158,34,4,19,33.844490246168135,0.6384803921568627,43.69047619047619,1025.2380952380954,30.154061624649867,0
4549,4,0,0,38,0.0,0.0,1.0,38,1300,900,400,0.6923076923076923,17,9,8,378.9744350731813,0.34767662399241345,-0.11309436544006257,0.22303577408405253,131511.2244897959,2367.8784013605405,133879.10289115642,4548,633,3518.842105263158,34,4,19,33.85344127205199,0.6397058823529411,43.57142857142857,1025.7142857142853,30.168067226890745,0
4550,4,0,0,38,0.0,0.0,1.0,38,800,600,200,0.75,10,6,4,380.6232520178694,0.34742472735893787,-0.1136360860377913,0.2243646501976742,131572.28599773237,2415.8942743764114,133988.1802721088,4549,634,3519.842105263158,34,4,16,33.749371470565485,0.6403186274509804,43.51190476190476,1025.9523809523805,30.17507002801119,0
4551,4,0,0,38,0.0,0.0,1.0,38,700,600,100,0.8571428571428571,8,6,2,383.8449961028173,0.3478544333807492,-0.11167040091819858,0.22680793087062304,131663.9048327665,2507.7062074830005,134171.6110402495,4550,635,3520.842105263158,34,4,16,33.57402466844527,0.6412377450980392,43.42261904761905,1026.3095238095243,30.18557422969189,0
4552,4,0,0,38,0.0,0.0,1.0,38,1300,1100,200,0.8461538461538461,15,11,4,385.82797337206614,0.3475580844001897,-0.1151597984062871,0.22889629286846236,131816.6737528345,2571.7120181405935,134388.3857709751,4551,636,3521.842105263158,34,4,17,33.36859494551357,0.6427696078431373,43.273809523809526,1026.9047619047622,30.203081232493005,0
4553,4,0,0,38,0.0,0.0,1.0,38,600,400,200,0.6666666666666666,8,4,4,386.50454949144864,0.3475432669511617,-0.10700453184183101,0.229851671782337,131908.3776218821,2596.6376133786857,134505.0152352608,4552,637,3522.842105263158,34,4,18,33.25848881678062,0.6436887254901961,43.18452380952381,1027.2619047619048,30.21358543417367,0
4554,4,0,0,38,0.0,0.0,1.0,38,1000,900,100,0.9,11,9,2,385.77789091777385,0.3476469890943575,-0.10781791132139917,0.22997477585650722,132000.1133786848,2584.545068027209,134584.658446712,4553,638,3523.842105263158,34,4,18,33.184420373802915,0.6446078431372548,43.095238095238095,1027.6190476190475,30.224089635854337,0
4555,4,0,0,38,0.0,0.0,1.0,38,600,300,300,0.5,9,3,6,377.5757166035691,0.3476469890943575,-0.08393512851897178,0.2194021055939661,131023.24263038569,2302.4022108843737,133325.64484127006,4554,639,3524.842105263158,34,4,17,34.38347868217054,0.6348039215686274,44.04761904761906,1023.8095238095254,30.11204481792722,6
4556,4,0,0,38,0.0,0.0,1.0,38,700,500,200,0.7142857142857143,9,5,4,375.38043525036704,0.34775071123755336,-0.08485717956404415,0.21864576062687283,131114.67013888902,2243.5763888889087,133358.24652777793,4555,640,3525.842105263158,34,4,17,34.34703010577706,0.6357230392156863,43.95833333333334,1024.1666666666679,30.122549019607877,0
4557,4,0,0,38,0.0,0.0,1.0,38,1000,500,500,0.5,15,5,10,377.9263540615801,0.34684684684684686,-0.09723513011152429,0.2210047592229675,131267.12018140592,2321.8608276644013,133588.98100907032,4556,641,3526.842105263158,34,4,17,34.127410548327134,0.6372549019607843,43.80952380952381,1024.7619047619048,30.140056022408967,0
4558,4,0,0,38,0.0,0.0,1.0,38,750,600,150,0.8,9,6,3,377.2443519619501,0.3470098387861546,-0.1061122634171634,0.22133122383894763,131392.84256708506,2313.4698940029148,133706.31246108797,4557,642,3527.842105263158,32,6,17,34.01760057471265,0.6432291666666667,43.68686868686869,1025.2525252525259,32.03914141414143,0
4559,4,0,0,38,0.0,0.0,1.0,38,350,0,350,0.0,7,0,7,378.79192106715084,0.3470246562351826,-0.10482569556510435,0.2224272733901903,131425.20732897156,2356.561352157946,133781.7686811295,4558,643,3528.842105263158,32,6,17,33.94517300825022,0.6435546875,43.65530303030303,1025.378787878788,32.043087121212125,0
4560,4,0,0,38,0.0,0.0,1.0,38,700,500,200,0.7142857142857143,9,5,4,378.01724877591624,0.3468764817449028,-0.10460866522375867,0.2221603541648329,131457.5760764207,2338.6462478318463,133796.22232425254,4559,644,3529.842105263158,32,6,17,33.932272428794235,0.6438802083333333,43.62373737373737,1025.50505050505,32.04703282828281,0
4561,4,0,0,38,0.0,0.0,1.0,38,850,700,150,0.8235294117647058,10,7,3,380.26043099570614,0.34766180654338547,-0.09989120087039338,0.22442821515628938,131619.47959710748,2409.9360078053296,134029.41560491282,4560,645,3530.842105263158,32,6,16,33.71093269349084,0.6455078125,43.46590909090909,1026.136363636364,32.066761363636374,0
4562,4,0,0,38,0.0,0.0,1.0,38,650,500,150,0.7692307692307693,8,5,3,376.9223825399655,0.34730618776671407,-0.09637116221710762,0.22271746812042806,131663.90483276662,2325.4145408163477,133989.31937358298,4561,646,3531.842105263158,34,4,16,33.751643274175464,0.6412377450980392,43.42261904761906,1026.3095238095252,30.18557422969192,0
4563,4,0,0,38,0.0,0.0,1.0,38,900,700,200,0.7777777777777778,11,7,4,376.21979904890685,0.3472321005215742,-0.09737025235322128,0.22248059721534127,131694.45153061228,2309.2120181405944,134003.66354875287,4562,647,3532.842105263158,34,4,16,33.7387883708343,0.6415441176470589,43.392857142857146,1026.4285714285718,30.189075630252113,0
4564,4,0,0,38,0.0,0.0,1.0,38,700,400,300,0.5714285714285714,10,4,6,378.80280185107546,0.3470098387861546,-0.10050538034754053,0.2241878215759659,131725.00177154198,2379.5599489795977,134104.56172052157,4563,648,3533.842105263158,34,4,16,33.64161737987553,0.6418504901960784,43.36309523809524,1026.5476190476193,30.19257703081233,0
4565,4,0,0,38,0.0,0.0,1.0,38,1050,700,350,0.6666666666666666,14,7,7,381.2182463050014,0.3470246562351826,-0.10029653312506848,0.22616152631547054,131816.67375283447,2450.184240362814,134266.85799319728,4564,649,3534.842105263158,34,4,16,33.48693871241982,0.6427696078431373,43.273809523809526,1026.904761904762,30.203081232493,0
4566,4,0,0,38,0.0,0.0,1.0,38,1250,1000,250,0.8,15,10,5,382.9600819317904,0.3468023944997629,-0.1020830665471466,0.2281110053245883,131969.53125000012,2507.8125000000136,134477.34375000012,4565,650,3535.842105263158,34,4,16,33.28771289537713,0.6443014705882353,43.12500000000001,1027.500000000001,30.220588235294144,0
4567,4,0,0,38,0.0,0.0,1.0,38,950,500,450,0.5263157894736842,14,5,9,380.80191564676403,0.3468023944997629,-0.10544983673009822,0.22743119118082808,132070.63567654754,2458.550213263037,134529.1858898106,4566,651,3536.842105263158,35,3,17,33.24102484705176,0.643154761904762,43.026620370370374,1027.893518518519,29.368386243386254,0
4568,4,0,0,38,0.0,0.0,1.0,38,850,700,150,0.8235294117647058,10,7,3,382.75508981538246,0.34739509246088196,-0.10643617147325768,0.22913721145012503,132159.87761488333,2516.9731652949135,134676.85078017824,4567,652,3537.842105263158,35,3,18,33.10070538796338,0.644047619047619,42.93981481481481,1028.24074074074,29.378306878306855,0
4569,4,0,0,38,0.0,0.0,1.0,38,850,600,250,0.7058823529411765,11,6,5,383.78999170679145,0.3466838549075391,-0.10425032872525708,0.23011861446063084,132219.3889853395,2548.8956404320957,134768.2846257716,4568,653,3538.842105263158,35,3,18,33.01401080351113,0.6446428571428571,42.88194444444444,1028.4722222222222,29.384920634920633,0
4570,4,0,0,38,0.0,0.0,1.0,38,1000,600,400,0.6,14,6,8,382.6520770411098,0.34678757705073493,-0.10081254108603332,0.22961708363702507,132249.14969403707,2521.082363468779,134770.23205750584,4569,654,3539.842105263158,35,3,18,33.01322624807772,0.6449404761904762,42.85300925925925,1028.587962962962,29.388227513227484,0
4571,4,0,0,38,0.0,0.0,1.0,38,750,600,150,0.8,9,6,3,382.48964410392455,0.34703947368421056,-0.10270500734283972,0.22970053762132966,132278.9137517146,2519.0629286693998,134797.976680384,4570,655,3540.842105263158,35,3,19,32.98736123612361,0.6452380952380952,42.82407407407407,1028.703703703703,29.39153439153437,0
4572,4,0,0,38,0.0,0.0,1.0,38,1100,600,500,0.5454545454545454,16,6,10,383.6195937636334,0.347958155523945,-0.09682480243789038,0.23130672547049852,132430.49178655242,2560.7470432438977,134991.23882979632,4571,656,3541.842105263158,32,6,19,32.80534429178936,0.6536458333333333,42.67676767676768,1029.2929292929296,32.16540404040405,0
4573,4,0,0,38,0.0,0.0,1.0,38,850,700,150,0.8235294117647058,10,7,3,383.6195937636334,0.347958155523945,-0.09682480243789038,0.23130672547049852,132430.49178655242,2560.5862922150914,134991.07807876752,4572,657,3542.842105263158,32,6,19,32.80534429178936,0.6536458333333333,42.67676767676768,1029.2929292929296,32.16540404040405,0
4574,4,0,0,38,0.0,0.0,1.0,38,1000,800,200,0.8,12,8,4,382.2044753105804,0.34806187766714086,-0.09722930532513074,0.23065233806122593,132462.9840864453,2525.589066166718,134988.57315261202,4573,658,3543.842105263158,32,6,19,32.808986467149104,0.6539713541666667,42.64520202020202,1029.4191919191921,32.169349747474755,0
4575,4,0,0,38,0.0,0.0,1.0,38,800,500,300,0.625,11,5,6,382.6680541125537,0.34822486960644855,-0.10012388455508014,0.23173150092027486,132592.9931416438,2547.820534894407,135140.8136765382,4574,659,3544.842105263158,32,6,19,32.665961750643625,0.6552734375,42.5189393939394,1029.924242424243,32.18513257575759,0
4576,4,0,0,38,0.0,0.0,1.0,38,900,600,300,0.6666666666666666,12,6,6,379.26633761088584,0.34778034613560926,-0.0539879999511198,0.22285131188132148,131450.1771541951,2370.925453514754,133821.10260770985,4575,660,3545.842105263158,34,4,17,33.907737404225685,0.639093137254902,43.63095238095239,1025.4761904761913,30.16106442577033,3
4577,4,0,0,38,0.0,0.0,1.0,38,850,700,150,0.8235294117647058,10,7,3,380.60802996630844,0.34823968705547653,-0.05076605541001844,0.2245352916002475,131602.82206632663,2417.818168934249,134020.6402352609,4576,661,3546.842105263158,34,4,17,33.71886723131067,0.640625,43.48214285714286,1026.0714285714294,30.178571428571452,0
4578,4,0,0,38,0.0,0.0,1.0,38,1100,900,200,0.8181818181818182,13,9,4,381.37491566874644,0.3470987434803224,-0.048188653451812,0.22589129620379622,131755.55555555574,2449.6527777777997,134205.20833333355,4577,662,3547.842105263158,34,4,17,33.54471049783549,0.642156862745098,43.33333333333334,1026.6666666666683,30.196078431372598,0
4579,4,0,0,38,0.0,0.0,1.0,38,750,400,350,0.5333333333333333,11,4,7,381.3120895559563,0.34658013276434324,-0.04793074199078229,0.22631318867090305,131832.80452942822,2453.888433427647,134286.69296285586,4578,663,3548.842105263158,35,3,17,33.46822288590856,0.6407738095238096,43.258101851851855,1026.967592592593,29.34193121693123,0
4580,4,0,0,38,0.0,0.0,1.0,38,500,300,200,0.6,7,3,4,384.20249950406674,0.3466097676623992,-0.0503928836174945,0.22838561172796998,131892.24222232937,2534.66582540295,134426.90804773232,4579,664,3549.842105263158,35,3,17,33.33392018779344,0.6413690476190477,43.20023148148148,1027.199074074074,29.348544973544968,0
4581,4,0,0,38,0.0,0.0,1.0,38,600,400,200,0.6666666666666666,8,4,4,384.092339590718,0.3466986723565671,-0.0569093399263626,0.2286779140541117,131951.6933111498,2536.326919367293,134488.0202305171,4580,665,3550.842105263158,35,3,17,33.27665596485298,0.6419642857142858,43.142361111111114,1027.4305555555563,29.355158730158752,0
4582,4,0,0,38,0.0,0.0,1.0,38,800,600,200,0.75,10,6,4,380.1602593789953,0.3471431958274063,-0.039915020027515125,0.22920959571762856,132428.6352040817,2494.1692895329475,134922.80449361465,4581,666,3551.842105263158,34,4,17,32.89623332562263,0.6488970588235294,42.67857142857143,1029.2857142857147,30.27310924369749,2
4583,4,0,0,38,0.0,0.0,1.0,38,1150,800,350,0.6956521739130435,15,8,7,378.31327210503946,0.347365457562826,-0.04291867687946038,0.2290264602505735,132581.84700963707,2431.4944727891025,135013.34148242619,4582,667,3552.842105263158,34,4,18,32.78932108041458,0.6504289215686274,42.5297619047619,1029.8809523809516,30.290616246498576,0
4584,4,0,0,38,0.0,0.0,1.0,38,700,300,400,0.42857142857142855,11,3,8,376.273085919888,0.34846194879089615,-0.03850831585028425,0.22853639007976317,132704.48022959154,2386.624858276614,135091.10508786817,4583,668,3553.842105263158,34,4,14,32.71832274215289,0.6516544117647058,42.41071428571427,1030.3571428571406,30.30462184873943,0
4585,4,0,0,38,0.0,0.0,1.0,38,1050,700,350,0.6666666666666666,14,7,7,375.2178907951075,0.3478988857278331,-0.042747585972204516,0.22901776970940257,132888.53635204062,2372.4312641723154,135260.96761621293,4584,669,3554.842105263158,34,4,14,32.56023168995113,0.6534926470588236,42.23214285714285,1031.071428571427,30.325630252100797,0
4586,4,0,0,38,0.0,0.0,1.0,38,1500,1100,400,0.7333333333333333,19,11,8,374.47379170207773,0.3477655286865813,-0.0369161743902956,0.23007181433489107,133134.14292800458,2371.0494614512513,135505.19238945583,4585,670,3555.842105263158,34,4,17,32.33240089206752,0.6559436274509804,41.99404761904762,1032.0238095238099,30.353641456582643,0
4587,4,0,0,38,0.0,0.0,1.0,38,1150,700,450,0.6086956521739131,16,7,9,376.4457820798207,0.34740990990990994,-0.03594085467182595,0.23300973586937823,133410.72137188204,2444.3806689342364,135855.10204081627,4586,671,3556.842105263158,34,4,17,32.00358185449796,0.6587009803921569,41.726190476190474,1033.0952380952378,30.385154061624643,0
4588,4,0,0,38,0.0,0.0,1.0,38,800,600,200,0.75,10,6,4,376.94324720202417,0.34740990990990994,-0.00013345951323673333,0.23293159634791713,133349.23469387725,2453.0187074829623,135802.2534013602,4587,672,3557.842105263158,34,4,17,32.052501152604876,0.6580882352941176,41.78571428571427,1032.8571428571406,30.378151260504136,3
4589,4,0,0,38,0.0,0.0,1.0,38,1050,800,250,0.7619047619047619,13,8,5,378.1867845993758,0.3477655286865813,0.0021222410865868735,0.23447580645161284,133472.22222222207,2495.4861111110918,135967.70833333317,4588,673,3558.842105263158,34,4,17,31.896841397849457,0.6593137254901961,41.66666666666666,1033.3333333333321,30.39215686274506,0
4590,4,0,0,38,0.0,0.0,1.0,38,1100,1000,100,0.9090909090909091,12,10,2,379.2751102691336,0.34800260787102894,0.00819413803970992,0.23593302704707386,133595.26643990912,2533.8718820861454,136129.13832199527,4589,674,3559.842105263158,34,4,17,31.745163519115614,0.6605392156862745,41.54761904761904,1033.8095238095223,30.40616246498595,0
4591,4,0,0,38,0.0,0.0,1.0,38,550,500,50,0.9090909090909091,6,5,1,381.87784641828165,0.3482545045045045,0.010135442232523939,0.2377497559958977,133626.03635204068,2605.7645975056475,136231.80094954633,4590,675,3560.842105263158,34,4,17,31.646996737670296,0.6608455882352942,41.51785714285713,1033.9285714285702,30.409663865546182,0
4592,4,0,0,38,0.0,0.0,1.0,38,1150,1100,50,0.9565217391304348,12,11,1,383.77906996462616,0.3472321005215742,0.010655956188814653,0.23953107470205945,133718.36734693858,2663.6621315192506,136382.02947845784,4591,676,3561.842105263158,34,4,14,31.50514119091466,0.6617647058823529,41.428571428571416,1034.2857142857129,30.42016806722685,0
4593,4,0,0,38,0.0,0.0,1.0,38,800,600,200,0.75,10,6,4,383.3212717946897,0.3466245851114272,0.006301134264726338,0.23984486487888002,133810.7302295916,2658.4998582766184,136469.23008786823,4592,677,3562.842105263158,34,4,14,31.42427031795344,0.6626838235294117,41.3392857142857,1034.6428571428553,30.430672268907507,0
4594,4,0,0,38,0.0,0.0,1.0,38,600,400,200,0.6666666666666666,8,4,4,374.8708315977523,0.34678757705073493,0.02486990049599469,0.2225747188020517,131847.23816609988,2318.4842687075,134165.7224348074,4593,678,3563.842105263158,34,4,15,33.61901588037558,0.6430759803921569,43.24404761904763,1027.0238095238105,30.20658263305325,7
4595,4,0,0,38,0.0,0.0,1.0,38,500,300,200,0.6,7,3,4,376.74451694077914,0.3465949502133712,0.028402020349901136,0.22386719643009945,131877.8061224491,2336.8480725623735,134214.65419501148,4594,679,3564.842105263158,34,4,15,33.540024725699276,0.6433823529411764,43.21428571428572,1027.1428571428582,30.210084033613477,0
4596,4,0,0,38,0.0,0.0,1.0,38,950,500,450,0.5263157894736842,14,5,9,372.6471761928977,0.34641714082503555,0.029522207185789462,0.22250592802555183,132061.2882653062,2242.4532312925294,134303.74149659876,4595,680,3565.842105263158,34,4,17,33.46001274032894,0.6452205882352942,43.03571428571429,1027.8571428571436,30.231092436974812,0
4597,4,0,0,38,0.0,0.0,1.0,38,750,700,50,0.9333333333333333,8,7,1,370.80053418136913,0.34675794215267897,0.03657554127299112,0.22215527621048298,132189.6316256215,2203.1972040037654,134392.82882962527,4596,681,3566.842105263158,35,3,20,33.37800131307449,0.6443452380952381,42.910879629629626,1028.3564814814808,29.38161375661374,0
4598,4,0,0,38,0.0,0.0,1.0,38,900,700,200,0.7777777777777778,11,7,4,369.52449841298505,0.346743124703651,0.03766293758476302,0.2217396500605129,132249.14969403707,2173.860141246556,134423.00983528362,4597,682,3567.842105263158,35,3,20,33.350797982071185,0.6449404761904762,42.85300925925925,1028.587962962962,29.388227513227484,0
4599,4,0,0,38,0.0,0.0,1.0,38,450,100,350,0.2222222222222222,8,1,7,369.52449841298505,0.346743124703651,0.03766293758476302,0.2217396500605129,132249.14969403707,2173.860141246556,134423.00983528362,4598,683,3568.842105263158,35,3,20,33.350797982071185,0.6449404761904762,42.85300925925925,1028.587962962962,29.388227513227484,0
4600,4,0,0,38,0.0,0.0,1.0,38,900,700,200,0.7777777777777778,11,7,4,370.9288793456703,0.34675794215267897,0.03931387172384393,0.22346203219117217,132398.00347222228,2222.1323356052853,134620.13580782755,4599,684,3569.842105263158,34,4,20,33.164642375168704,0.6485906862745099,42.708333333333336,1029.166666666667,30.269607843137265,0
4601,4,0,0,38,0.0,0.0,1.0,38,800,500,300,0.625,11,5,6,370.08070182044406,0.34705429113323855,0.03518306636155599,0.22349566406027943,132489.9092970522,2206.3917233560114,134696.3010204082,4600,685,3570.842105263158,34,4,21,33.0938752698119,0.6495098039215687,42.61904761904762,1029.5238095238096,30.28011204481793,0
4602,4,0,0,38,0.0,0.0,1.0,38,950,700,250,0.7368421052631579,12,7,5,373.73014928246545,0.34760253674727354,0.03999841819321115,0.2262518909337024,132581.84700963707,2309.9666950113246,134891.8137046484,4601,686,3571.842105263158,34,4,21,32.90732285284936,0.6504289215686274,42.5297619047619,1029.8809523809516,30.290616246498576,0
4603,4,0,0,38,0.0,0.0,1.0,38,1100,900,200,0.8181818181818182,13,9,4,374.63776894706626,0.34739509246088196,0.04045425522211099,0.2275431501920601,132704.4802295917,2343.22208049885,135047.70231009054,4602,687,3572.842105263158,34,4,16,32.76044675524744,0.6516544117647058,42.41071428571428,1030.3571428571418,30.304621848739462,0
4604,4,0,0,38,0.0,0.0,1.0,38,550,400,150,0.7272727272727273,7,4,3,374.5951223345554,0.347350640113798,0.04163221130460193,0.22770332717190395,132735.14739229018,2344.387755102038,135079.53514739222,4603,688,3573.842105263158,34,4,17,32.730668515095495,0.6519607843137255,42.38095238095238,1030.4761904761901,30.30812324929971,0
4605,4,0,0,38,0.0,0.0,1.0,38,850,600,250,0.7058823529411765,11,6,5,365.3985992317407,0.34628378378378377,0.08537509317756875,0.2147028331365767,131450.17715419497,2006.3421201814035,133456.51927437636,4604,689,3574.842105263158,34,4,20,34.26326329231484,0.639093137254902,43.63095238095238,1025.4761904761904,30.161064425770306,5
4606,4,0,0,38,0.0,0.0,1.0,38,1300,1100,200,0.8461538461538461,15,11,4,369.080370947913,0.3471580132764343,0.08484757792124542,0.2173865725535314,131541.75347222213,2109.8958333333285,133651.64930555545,4605,690,3575.842105263158,34,4,20,34.076292986731666,0.6400122549019608,43.541666666666664,1025.8333333333328,30.171568627450966,0
4607,4,0,0,38,0.0,0.0,1.0,38,850,400,450,0.47058823529411764,13,4,9,369.3947868057575,0.3466245851114272,0.08656212407105457,0.21792016888972107,131602.82206632654,2122.6792800453463,133725.5013463719,4606,691,3576.842105263158,34,4,17,34.00650694202729,0.640625,43.482142857142854,1026.0714285714284,30.178571428571423,0
4608,4,0,0,38,0.0,0.0,1.0,38,900,600,300,0.6666666666666666,12,6,6,370.3616474932843,0.3468172119487909,0.08496153376480597,0.21866557543781592,131633.3616780046,2150.3897392290332,133783.75141723364,4607,692,3577.842105263158,34,4,17,33.950841067285396,0.6409313725490196,43.452380952380956,1026.1904761904768,30.18207282913167,0
4609,4,0,0,38,0.0,0.0,1.0,38,1250,900,350,0.72,16,9,7,374.0558706154169,0.34733582266477003,0.08807017543859641,0.22173415010707703,131786.1128826531,2259.0738378684855,134045.1867205216,4608,693,3578.842105263158,34,4,17,33.70169082125603,0.6424632352941176,43.30357142857143,1026.7857142857147,30.199579831932784,0
4610,4,0,0,38,0.0,0.0,1.0,38,550,300,250,0.5454545454545454,8,3,5,374.0558706154169,0.34733582266477003,0.08807017543859641,0.22173415010707703,131786.1128826531,2259.0738378684855,134045.1867205216,4609,694,3579.842105263158,34,4,17,33.70169082125603,0.6424632352941176,43.30357142857143,1026.7857142857147,30.199579831932784,0
4611,4,0,0,38,0.0,0.0,1.0,38,850,600,250,0.7058823529411765,11,6,5,372.2362235807346,0.3483137743006164,0.08242361407574572,0.22154473168977498,131938.95266439897,2222.4914965986263,134161.4441609976,4610,695,3580.842105263158,34,4,18,33.59405175743532,0.6439950980392157,43.1547619047619,1027.3809523809514,30.217086834733863,0
4612,4,0,0,38,0.0,0.0,1.0,38,650,600,50,0.9230769230769231,7,6,1,371.2640969902861,0.3483878615457563,0.0822913146333224,0.22104033460648986,131951.69331114946,2197.785252700595,134149.47856385005,4611,696,3581.842105263158,35,3,18,33.6061591753971,0.6419642857142858,43.1423611111111,1027.4305555555536,29.355158730158674,0
4613,4,0,0,38,0.0,0.0,1.0,38,1100,800,300,0.7272727272727273,14,8,6,374.5578874148005,0.3489509246088194,0.08425734418243613,0.22370199045937064,132070.6356765474,2293.6196577074693,134364.25533425485,4612,697,3582.842105263158,35,3,18,33.40147975077882,0.643154761904762,43.02662037037037,1027.8935185185178,29.368386243386222,0
4614,4,0,0,38,0.0,0.0,1.0,38,850,600,250,0.7058823529411765,11,6,5,377.3672788260172,0.3492176386913229,0.0847288451855579,0.22608956657917473,132189.63162562152,2376.808315114877,134566.4399407364,4613,698,3583.842105263158,35,3,18,33.20917745263552,0.6443452380952381,42.910879629629626,1028.356481481481,29.381613756613746,0
4615,4,0,0,38,0.0,0.0,1.0,38,650,300,350,0.46153846153846156,10,3,7,361.7798759982055,0.34899537695590327,0.0781172173335547,0.2152250790455813,131921.96609224967,1945.3425068587135,133867.3085991084,4614,699,3584.842105263158,35,3,17,33.87975063842571,0.6416666666666666,43.1712962962963,1027.314814814815,29.35185185185186,4
4616,4,0,0,38,0.0,0.0,1.0,38,850,500,350,0.5882352941176471,12,5,7,361.7798759982055,0.3490694642010432,0.0781172173335547,0.2152250790455813,131921.96609224967,1945.3425068587135,133867.3085991084,4615,700,3585.842105263158,35,3,17,33.87975063842571,0.6416666666666666,43.1712962962963,1027.314814814815,29.35185185185186,0
4617,4,0,0,38,0.0,0.0,1.0,38,600,300,300,0.5,9,3,6,361.7798759982055,0.34923245614035087,0.0781172173335547,0.2152250790455813,131921.96609224967,1945.3425068587135,133867.3085991084,4616,701,3586.842105263158,35,3,17,33.87975063842571,0.6416666666666666,43.1712962962963,1027.314814814815,29.35185185185186,0
4618,4,0,0,38,0.0,0.0,1.0,38,700,400,300,0.5714285714285714,10,4,6,360.6744799888309,0.3500770507349455,0.07878137560616993,0.21490389485509,131981.4238790295,1920.4662851508883,133901.89016418037,4617,702,3587.842105263158,35,3,18,33.84818277389802,0.6422619047619047,43.113425925925924,1027.5462962962963,29.358465608465607,0
4619,4,0,0,38,0.0,0.0,1.0,38,1100,900,200,0.8181818181818182,13,9,4,364.91280265940804,0.3523293029871977,0.07550585115581954,0.21832594287551746,132137.36329234645,2043.723115006906,134181.08640735334,4618,703,3588.842105263158,36,2,20,33.582055494706104,0.6417824074074074,42.961711711711715,1028.1531531531534,28.559809809809817,0
4620,4,0,0,38,0.0,0.0,1.0,38,800,500,300,0.625,11,5,6,367.6593816485362,0.35326280227596013,0.07601410731471181,0.22047492663139062,132224.2148187038,2122.6946118415635,134346.90943054535,4619,704,3589.842105263158,36,2,20,33.423893207781305,0.642650462962963,42.87725225225225,1028.4909909909904,28.56919419419418,0
4621,4,0,0,38,0.0,0.0,1.0,38,1350,900,450,0.6666666666666666,18,9,9,366.2688459975259,0.35427038880986245,0.07832525935611745,0.22031589505460114,132340.06123944875,2094.408301882951,134434.4695413317,4620,705,3590.842105263158,36,2,20,33.34290978074496,0.6438078703703703,42.76463963963963,1028.9414414414402,28.581706706706672,0
4622,4,0,0,38,0.0,0.0,1.0,38,1350,900,450,0.6666666666666666,18,9,9,364.51161941909794,0.3542259364627786,0.07544184234870266,0.22013243608494082,132489.90929705193,2058.847642112578,134548.7569391645,4621,706,3591.842105263158,34,4,20,33.237212843046564,0.6495098039215687,42.619047619047606,1029.5238095238076,30.28011204481787,0
4623,4,0,0,38,0.0,0.0,1.0,38,800,400,400,0.5,12,4,8,363.90123291790593,0.35446301564722615,0.07502281715850345,0.22012207445733437,132551.19756235805,2047.1088435373872,134598.30640589545,4622,707,3592.842105263158,34,4,20,33.19123314065509,0.6501225490196079,42.559523809523796,1029.761904761903,30.287114845938323,0
4624,4,0,0,38,0.0,0.0,1.0,38,1300,1000,300,0.7692307692307693,16,10,6,342.6849741513225,0.3545222854433381,0.035540859819297665,0.20227995877667287,131624.87809713656,1456.6044286799163,133081.48252581648,4623,708,3593.842105263158,35,3,17,34.66943003233325,0.6386904761904761,43.46064814814815,1026.157407407408,29.318783068783087,8
4625,4,0,0,38,0.0,0.0,1.0,38,1300,1000,300,0.7692307692307693,16,10,6,342.4762233094094,0.3548779042200095,0.03243794789046506,0.2031048832353663,131803.09070644714,1427.8849451303026,133230.97565157744,4624,709,3594.842105263158,35,3,17,34.495228434024625,0.6404761904761904,43.28703703703703,1026.8518518518513,29.33862433862432,0
4626,4,0,0,38,0.0,0.0,1.0,38,1150,800,350,0.6956521739130435,15,8,7,343.12188158614606,0.35455192034139404,0.03540901730263912,0.20364685319825243,131832.8045294282,1446.9439889832013,133279.7485184114,4625,710,3595.842105263158,35,3,17,34.44872553439273,0.6407738095238096,43.258101851851855,1026.9675925925928,29.341931216931226,0
4627,4,0,0,38,0.0,0.0,1.0,38,700,600,100,0.8571428571428571,8,6,2,343.0678040071415,0.3542259364627786,0.037292809488510104,0.20393347358093625,131892.24222232925,1449.5963809584878,133341.83860328773,4626,711,3596.842105263158,35,3,17,34.39025821596245,0.6413690476190477,43.200231481481474,1027.199074074073,29.348544973544943,0
4628,4,0,0,38,0.0,0.0,1.0,38,500,300,200,0.6,7,3,4,344.013691416321,0.35465564248458986,0.04026232774364935,0.20465586628761842,131921.96609224967,1476.592506858712,133398.5585991084,4627,712,3597.842105263158,35,3,17,34.336037254018315,0.6416666666666666,43.1712962962963,1027.314814814815,29.35185185185186,0
4629,4,0,0,38,0.0,0.0,1.0,38,1500,1100,400,0.7333333333333333,19,11,8,344.8894303045446,0.35398885727833096,0.04385174470305042,0.20549854780159396,131981.42387902958,1503.799618484234,133485.2234975138,4628,713,3598.842105263158,35,3,17,34.25367950739656,0.6422619047619047,43.11342592592593,1027.546296296297,29.35846560846563,0
4630,4,0,0,38,0.0,0.0,1.0,38,1250,1000,250,0.8,15,10,5,348.3892425236277,0.3536036036036036,0.04887218045112762,0.20840011052777022,132130.12695312512,1606.5429687500139,133736.66992187512,4629,714,3599.842105263158,35,3,18,34.01405775075988,0.64375,42.96875000000001,1028.125000000001,29.375000000000025,0
4631,4,0,0,38,0.0,0.0,1.0,38,1150,1000,150,0.8695652173913043,13,10,3,352.7639719027536,0.3532183499288763,0.048496705716602806,0.2123510138244671,132368.22601862554,1738.9482328103431,134107.17425143588,4630,715,3600.842105263158,35,3,20,33.661966220522636,0.6461309523809524,42.73726851851851,1029.050925925925,29.401455026455,0
4632,4,0,0,38,0.0,0.0,1.0,38,850,600,250,0.7058823529411765,11,6,5,354.2684313830306,0.352729374110953,0.04324482267431229,0.21359866511420358,132428.63520408145,1783.0603217688579,134211.69552585031,4631,716,3601.842105263158,34,4,20,33.56248554244737,0.6488970588235294,42.678571428571416,1029.2857142857129,30.273109243697437,0
4633,4,0,0,38,0.0,0.0,1.0,38,1150,1000,150,0.8695652173913043,13,10,3,352.13045673071946,0.3530109056424846,-0.0019691684482952,0.2113020505716344,132249.14969403733,1713.7906968021407,133962.94039083947,4632,717,3602.842105263158,35,3,17,33.79808052961255,0.6449404761904762,42.85300925925927,1028.587962962964,29.38822751322754,3
4634,4,0,0,38,0.0,0.0,1.0,38,1100,700,400,0.6363636363636364,15,7,8,351.9152911865461,0.35323316737790417,-0.004155124653739906,0.21200750469043156,132398.0034722223,1718.6601133830632,134116.66358560536,4633,718,3603.842105263158,34,4,17,33.653846153846146,0.6485906862745099,42.708333333333336,1029.1666666666672,30.26960784313727,0
4635,4,0,0,38,0.0,0.0,1.0,38,1050,600,450,0.5714285714285714,15,6,9,350.38513595629536,0.35250711237553345,-0.0016099286031661109,0.21142918845876388,132459.27047902494,1682.3518990929738,134141.62237811793,4634,719,3604.842105263158,34,4,18,33.63160633745808,0.649203431372549,42.648809523809526,1029.404761904762,30.276610644257705,0
4636,4,0,0,38,0.0,0.0,1.0,38,950,700,250,0.7368421052631579,12,7,5,349.1147445447861,0.35304054054054057,-0.001296314328838255,0.21083409991782895,132489.9092970521,1650.8361678004417,134140.74546485255,4635,720,3605.842105263158,34,4,18,33.63349907493061,0.6495098039215687,42.61904761904761,1029.523809523809,30.280112044817912,0
4637,4,0,0,38,0.0,0.0,1.0,38,950,800,150,0.8421052631578947,11,8,3,349.1453756002876,0.3531294452347084,-0.004816498408699577,0.21102434336595993,132520.55165816325,1653.7875566893442,134174.3392148526,4636,721,3606.842105263158,34,4,18,33.60190966200332,0.6498161764705883,42.589285714285715,1029.642857142857,30.28361344537815,0
4638,4,0,0,38,0.0,0.0,1.0,38,1250,1100,150,0.88,14,11,3,349.5067081408867,0.3529220009483167,-0.006429909725770955,0.21175994669712556,132612.5,1669.791666666667,134282.29166666666,4637,722,3607.842105263158,34,4,18,33.50020226537216,0.6507352941176471,42.5,1030.0,30.294117647058822,0
4639,4,0,0,38,0.0,0.0,1.0,38,850,600,250,0.7058823529411765,11,6,5,351.44394341291365,0.3524033902323376,-5.473586902327021e-05,0.21328161895479353,132673.81660997742,1725.4818594104443,134399.29846938787,4638,723,3608.842105263158,34,4,17,33.38870271935907,0.6513480392156863,42.4404761904762,1030.238095238096,30.301120448179297,0
4640,4,0,0,38,0.0,0.0,1.0,38,950,800,150,0.8421052631578947,11,8,3,349.54616402912905,0.3520181365576103,-0.0035196075534145166,0.21276203627336943,132785.41512613604,1682.9264992712722,134468.3416254073,4639,724,3609.842105263158,35,3,18,33.32549597604343,0.6502976190476191,42.33217592592593,1030.6712962962968,29.447751322751337,0
4641,4,0,0,38,0.0,0.0,1.0,38,1100,700,400,0.6363636363636364,15,7,8,350.5111070022981,0.35206258890469416,-0.003225958925153094,0.21385979049153905,132874.89819101503,1714.8255315500614,134589.7237225651,4640,725,3610.842105263158,35,3,18,33.21078431372549,0.6511904761904762,42.24537037037037,1031.018518518518,29.457671957671945,0
4642,4,0,0,38,0.0,0.0,1.0,38,850,600,250,0.7058823529411765,11,6,5,345.8415903267465,0.35222558084400185,-0.004846168839223175,0.21151643180519128,132964.41139671206,1596.9246988597283,134561.33609557178,4641,726,3611.842105263158,35,3,18,33.241335615157304,0.6520833333333333,42.15856481481481,1031.3657407407402,29.467592592592577,0
4643,4,0,0,38,0.0,0.0,1.0,38,1000,800,200,0.8,12,8,4,345.0781542343407,0.35249229492650547,-0.0037998901663447437,0.21138705076911857,133024.1036120754,1580.742428626526,134604.84604070193,4642,727,3612.842105263158,35,3,18,33.20115281050152,0.6526785714285714,42.100694444444436,1031.5972222222208,29.47420634920631,0
4644,4,0,0,38,0.0,0.0,1.0,38,550,100,450,0.18181818181818182,10,1,9,343.2997314639509,0.3522848506401138,-0.006367151754878009,0.2106343500344888,133083.8092233581,1537.527193715697,134621.33641707382,4643,728,3613.842105263158,35,3,18,33.187161151617126,0.6532738095238095,42.04282407407407,1031.828703703703,29.480820105820086,0
4645,4,0,0,38,0.0,0.0,1.0,38,1100,600,500,0.5454545454545454,16,6,10,341.82540337277123,0.3522848506401138,-0.0055365388591515075,0.20995227858633214,133123.35139193246,1500.9886575764922,134624.34004950896,4644,729,3614.842105263158,36,2,18,33.18556307289393,0.6516203703703703,42.0045045045045,1031.9819819819818,28.66616616616616,0
4646,4,0,0,38,0.0,0.0,1.0,38,800,500,300,0.625,11,5,6,339.73353297977195,0.3520922238027501,-0.003195099125582246,0.20915629931669372,133210.52629910313,1451.2165459378261,134661.74284504095,4645,730,3615.842105263158,36,2,18,33.15220355623431,0.6524884259259259,41.92004504504504,1032.3198198198197,28.675550550550547,0
4647,4,0,0,38,0.0,0.0,1.0,38,700,500,200,0.7142857142857143,9,5,4,336.6668387046923,0.35250711237553345,-0.0005022644953533995,0.20759234997197878,133268.65875588427,1373.4276083515956,134642.08636423587,4646,731,3616.842105263158,36,2,18,33.173146835351005,0.6530671296296297,41.86373873873874,1032.545045045045,28.681806806806808,0
4648,4,0,0,38,0.0,0.0,1.0,38,1100,800,300,0.7272727272727273,14,8,6,335.74685199213576,0.35207740635372214,-0.009628847522207495,0.20751146404796977,133355.8812190569,1354.7634627871116,134710.64468184402,4647,732,3617.842105263158,36,2,18,33.10959986916703,0.6539351851851851,41.77927927927928,1032.882882882883,28.691191191191194,0
4649,4,0,0,38,0.0,0.0,1.0,38,1150,800,350,0.6956521739130435,15,8,7,334.54679861556986,0.3523293029871977,-0.007360618682088038,0.2070939494263992,133414.04537983923,1326.648354435507,134740.69373427474,4648,733,3618.842105263158,36,2,19,33.082397718189085,0.6545138888888888,41.72297297297297,1033.1081081081074,28.69744744744743,0
4650,4,0,0,38,0.0,0.0,1.0,38,900,700,200,0.7777777777777778,11,7,4,332.45570972588865,0.3522848506401138,-0.006056551390796416,0.2062888834011436,133502.12358806998,1276.7213310775273,134778.84491914752,4649,734,3619.842105263158,35,3,19,33.04833034681003,0.6574404761904762,41.637731481481474,1033.4490740740728,29.527116402116366,0
4651,4,0,0,38,0.0,0.0,1.0,38,900,500,400,0.5555555555555556,13,5,8,334.191152036055,0.35221076339497387,-0.0021394471621385414,0.20753317021432335,133532.0283028977,1325.0444744512915,134857.07277734898,4650,735,3620.842105263158,35,3,19,32.97359089212392,0.6577380952380952,41.60879629629629,1033.564814814814,29.53042328042326,0
4652,4,0,0,38,0.0,0.0,1.0,38,950,900,50,0.9473684210526315,10,9,1,345.9300677677856,0.35167733522996686,0.02246860806839379,0.20403659685704723,131595.18771701385,1504.5464409722117,133099.73415798607,4651,736,3621.842105263158,35,3,17,34.61611675126903,0.6383928571428572,43.48958333333333,1026.0416666666663,29.31547619047618,4
4653,4,0,0,38,0.0,0.0,1.0,38,1150,800,350,0.6956521739130435,15,8,7,349.0252160235551,0.35121799431009953,0.028096289438074074,0.20634370771312585,131684.268904321,1592.2260802469145,133276.49498456792,4652,737,3622.842105263158,35,3,17,34.44688768606225,0.6392857142857142,43.40277777777778,1026.3888888888891,29.325396825396833,0
4654,4,0,0,38,0.0,0.0,1.0,38,850,700,150,0.8235294117647058,10,7,3,350.05522167640356,0.35146989094357517,0.030089172881476722,0.2074375331657568,131773.38023244622,1625.5919656636083,133398.9721981098,4653,738,3623.842105263158,35,3,17,34.33061379776801,0.6401785714285715,43.315972222222236,1026.736111111113,29.335317460317512,0
4655,4,0,0,38,0.0,0.0,1.0,38,1150,800,350,0.6956521739130435,15,8,7,348.89690476388995,0.35188477951635844,0.03257679514772094,0.20772352941576483,131951.6933111498,1607.5074749228602,133559.20078607267,4654,739,3624.842105263158,35,3,17,34.180677593781695,0.6419642857142858,43.14236111111112,1027.4305555555566,29.35515873015876,0
4656,4,0,0,38,0.0,0.0,1.0,38,750,300,450,0.4,12,3,9,349.82225833088415,0.3517810573731626,0.03629907162589929,0.20843771875581155,131981.42387902958,1634.0079518175685,133615.43183084714,4655,740,3625.842105263158,35,3,17,34.12696177817828,0.6422619047619047,43.11342592592593,1027.546296296297,29.35846560846563,0
4657,4,0,0,38,0.0,0.0,1.0,38,1000,800,200,0.8,12,8,4,349.9104075517847,0.351558795637743,0.03786024570490509,0.2089814612957232,132070.63567654768,1642.5779910408319,133713.2136675885,4656,741,3626.842105263158,35,3,18,34.034854370754026,0.643154761904762,43.02662037037038,1027.89351851852,29.368386243386286,0
4658,4,0,1,37,0.0,0.02631578947368421,0.9736842105263158,38,950,800,150,0.8421052631578947,11,8,3,347.61509645253096,0.35222558084400185,0.03792743903883955,0.20810057391403558,132159.87761488356,1588.1537208504988,133748.03133573406,4657,742,3627.842105263158,35,3,18,34.00401470808944,0.644047619047619,42.939814814814824,1028.240740740742,29.378306878306915,0
4659,4,0,0,37,0.0,0.0,1.0,37,1500,1100,400,0.7333333333333333,19,11,8,353.5515297605642,0.35188313313313313,0.044495600796955026,0.21230290261716703,132275.51197562352,1953.2419217687002,134228.75389739222,4658,743,3616.4324324324325,34,3,18,33.7350036646993,0.6473651960784313,42.82738095238095,1028.6904761904757,30.255602240896344,0
4660,4,0,0,37,0.0,0.0,1.0,37,1000,700,300,0.7,13,7,6,354.21003458506163,0.35266516516516516,0.04223656855235869,0.21338994766465877,132398.0034722221,1979.3969671201712,134377.40043934228,4659,744,3617.4324324324325,33,4,18,33.59480431848854,0.6508838383838385,42.70833333333333,1029.1666666666656,31.186868686868653,0
4661,4,0,0,37,0.0,0.0,1.0,37,750,500,250,0.6666666666666666,10,5,5,350.2126711580482,0.35241491491491495,0.04224722282096405,0.21151234007180172,132492.61289227701,1880.1183739427152,134372.73126621972,4660,745,3618.4324324324325,33,4,18,33.602522517160665,0.6518308080808081,42.61642156862745,1029.5343137254902,31.198009506833035,0
4662,4,0,0,37,0.0,0.0,1.0,37,500,200,300,0.4,8,2,6,348.4836067158314,0.3520708208208208,0.046264043407920896,0.21082129209741754,132555.70461180783,1838.6980067762242,134394.40261858405,4661,746,3619.4324324324325,33,4,19,33.58361597048673,0.6524621212121212,42.55514705882352,1029.779411764705,31.205436720142576,0
4663,4,0,0,37,0.0,0.0,1.0,37,1000,800,200,0.8,12,8,4,349.4911099830159,0.3516641641641642,0.04532902118247639,0.21214236546044857,132681.93310565632,1874.231215157612,134556.16432081393,4662,747,3620.4324324324325,33,4,17,33.430846318544056,0.6537247474747474,42.43259803921568,1030.269607843136,31.2202911467617,0
4664,4,0,1,36,0.0,0.02702702702702703,0.972972972972973,37,750,600,150,0.8,9,6,3,348.70418471454667,0.3511011011011011,0.050513002599556156,0.2123787760777733,132808.22167255374,1862.1565323433197,134670.37820489708,4663,748,3621.4324324324325,33,4,18,33.324292593032915,0.6549873737373737,42.31004901960784,1030.759803921568,31.235145573380848,0
4665,4,0,0,36,0.0,0.0,1.0,36,1050,900,150,0.8571428571428571,12,9,3,354.3529822937733,0.3524305555555556,0.06671089337960168,0.21607857359437313,132853.20255904994,2215.385706815611,135068.58826586555,4664,749,3685.1111111111113,32,4,19,33.133547662788324,0.6578776041666667,42.26641414141413,1030.9343434343423,32.216698232323196,0
4666,4,0,0,36,0.0,0.0,1.0,36,700,400,300,0.5714285714285714,10,4,6,352.32779361134084,0.3518849206349206,0.06551311350527778,0.2154051959743587,132950.84685236204,2168.4557060503994,135119.30255841243,4665,750,3686.1111111111113,32,4,19,33.08771016976818,0.6588541666666667,42.17171717171717,1031.3131313131314,32.22853535353536,0
4667,4,0,0,36,0.0,0.0,1.0,36,750,700,50,0.9333333333333333,8,7,1,341.2999413822377,0.35142195767195766,0.015720562170798758,0.20724775431000522,132695.9622020746,1857.8248242455263,134553.78702632012,4666,751,3687.1111111111113,35,1,16,33.627742829326756,0.6494047619047619,42.418981481481474,1030.3240740740728,29.43783068783065,3
4668,4,0,0,36,0.0,0.0,1.0,36,550,500,50,0.9090909090909091,6,5,1,341.00716006297455,0.3517361111111111,0.012539468593607772,0.2072345901734238,132725.77649444848,1852.0880219049814,134577.86451635347,4667,752,3688.1111111111113,35,1,16,33.60536242465087,0.649702380952381,42.39004629629628,1030.439814814813,29.441137566137513,0
4669,4,0,0,36,0.0,0.0,1.0,36,950,700,250,0.7368421052631579,12,7,5,342.3551550602295,0.35226521164021163,0.014264770104186253,0.2083850072324908,132785.41512613583,1891.9542770490211,134677.36940318486,4668,753,3689.1111111111113,35,1,16,33.510785139434766,0.6502976190476191,42.33217592592592,1030.6712962962952,29.44775132275129,0
4670,4,0,0,36,0.0,0.0,1.0,36,650,500,150,0.7692307692307693,8,5,3,341.70429114774316,0.3523313492063492,0.014642041839751707,0.2083203368414063,132845.0671537422,1878.7459008487547,134723.81305459095,4669,754,3690.1111111111113,35,1,16,33.467707982485685,0.6508928571428572,42.27430555555555,1030.902777777777,29.454365079365054,0
4671,4,0,0,36,0.0,0.0,1.0,36,200,200,0,1.0,2,2,0,342.99829681407283,0.35264550264550265,0.017075787057826197,0.20927594712464082,132874.8981910149,1915.1727537722695,134790.07094478715,4670,755,3691.1111111111113,35,1,16,33.40443047447987,0.6511904761904762,42.24537037037036,1031.0185185185169,29.45767195767191,0
4672,4,0,0,36,0.0,0.0,1.0,36,1300,1000,300,0.7692307692307693,16,10,6,341.22188951455155,0.352281746031746,0.015808896868142908,0.2088577939116537,132994.2558299038,1876.11025377227,134870.36608367605,4671,756,3692.1111111111113,35,1,18,33.330528126870135,0.6523809523809524,42.12962962962962,1031.48148148148,29.470899470899425,0
4673,4,0,0,36,0.0,0.0,1.0,36,650,500,150,0.7692307692307693,8,5,3,340.51026862271596,0.352662037037037,0.017343580537791503,0.20858886764496645,133024.1036120753,1859.214650848733,134883.31826292403,4672,757,3693.1111111111113,35,1,18,33.31895826321104,0.6526785714285714,42.10069444444443,1031.59722222222,29.474206349206284,0
4674,4,0,0,36,0.0,0.0,1.0,36,600,100,500,0.16666666666666666,11,1,10,340.51026862271596,0.352662037037037,0.017343580537791503,0.20858886764496645,133024.1036120753,1859.214650848733,134883.31826292403,4673,758,3694.1111111111113,35,1,18,33.31895826321104,0.6526785714285714,42.10069444444443,1031.59722222222,29.474206349206284,0
4675,4,0,0,36,0.0,0.0,1.0,36,700,400,300,0.5714285714285714,10,4,6,340.03841981146155,0.3528604497354497,0.013008662055212561,0.20863334567234534,133083.80922335802,1850.7216381601265,134934.53086151814,4674,759,3695.1111111111113,35,1,19,33.27128902598616,0.6532738095238095,42.04282407407406,1031.8287037037023,29.480820105820065,0
4676,4,0,0,36,0.0,0.0,1.0,36,1100,1000,100,0.9090909090909091,12,10,2,338.3325815284078,0.3530919312169312,0.007484022872519702,0.20825316043146064,133203.26063368033,1813.400607638864,135016.6612413192,4675,760,3696.1111111111113,35,1,19,33.195635721493446,0.6544642857142857,41.92708333333332,1032.291666666665,29.49404761904757,0
4677,4,0,0,36,0.0,0.0,1.0,36,1100,800,300,0.7272727272727273,14,8,6,338.53485893543,0.3527116402116402,0.005206776283009251,0.20854495453757135,133233.1318587104,1820.8118998628051,135053.9437585732,4676,761,3697.1111111111113,35,1,19,33.16050074738415,0.6547619047619048,41.89814814814814,1032.4074074074063,29.497354497354465,0
4678,4,0,0,36,0.0,0.0,1.0,36,950,500,450,0.5263157894736842,14,5,9,338.40204620409696,0.3526289682539683,0.0024816600032382397,0.20863059116701776,133263.00643272026,1819.2948120284473,135082.3012447487,4677,762,3698.1111111111113,35,1,20,33.134014310802215,0.6550595238095238,41.869212962962955,1032.5231481481474,29.500661375661352,0
4679,4,0,0,36,0.0,0.0,1.0,36,750,400,350,0.5333333333333333,11,4,7,329.4421132174429,0.35261243386243385,0.03154085446928123,0.19325816151523897,131387.44882758908,1456.9117584019134,132844.360585991,4678,763,3699.1111111111113,35,1,22,35.248268984721925,0.6363095238095238,43.692129629629626,1025.2314814814808,29.292328042328023,8
4680,4,0,0,36,0.0,0.0,1.0,36,750,500,250,0.6666666666666666,10,5,5,330.7707098157361,0.3531580687830688,0.028492520282386025,0.1944896655392992,131476.45968632118,1497.7123789008956,132974.17206522208,4679,764,3700.1111111111113,35,1,22,35.12453917917467,0.637202380952381,43.605324074074076,1025.578703703704,29.302248677248684,0
4681,4,0,0,36,0.0,0.0,1.0,36,450,200,250,0.4444444444444444,7,2,5,332.26823614581946,0.3530257936507937,0.031125026640089315,0.1956739785355745,131535.81700370798,1541.0347811642623,133076.85178487224,4680,765,3701.1111111111113,35,1,22,35.026350182406254,0.6377976190476191,43.5474537037037,1025.810185185185,29.30886243386243,0
4682,4,0,0,36,0.0,0.0,1.0,36,500,300,200,0.6,7,3,4,333.3968924733955,0.35322420634920637,0.035109983079526064,0.19664427490197253,131595.1877170137,1574.6853298610858,133169.8730468748,4681,766,3702.1111111111113,35,1,15,34.93760575296107,0.6383928571428572,43.48958333333332,1026.0416666666652,29.315476190476147,0
4683,4,0,0,36,0.0,0.0,1.0,36,1150,800,350,0.6956521739130435,15,8,7,333.8637408193421,0.35373677248677243,0.0379266275748007,0.19738024357239511,131684.268904321,1592.9205246913607,133277.18942901236,4682,767,3703.1111111111113,35,1,16,34.83592692828147,0.6392857142857142,43.40277777777778,1026.3888888888891,29.325396825396833,0
4684,4,0,0,36,0.0,0.0,1.0,36,1000,700,300,0.7,13,7,6,335.13059912537886,0.35221560846560845,0.03333583696359743,0.19937125990863694,131921.96609224967,1642.2175068587135,133564.1835991084,4683,768,3704.1111111111113,35,1,18,34.56418056181462,0.6416666666666666,43.1712962962963,1027.314814814815,29.35185185185186,0
4685,4,0,0,36,0.0,0.0,1.0,36,650,300,350,0.46153846153846156,10,3,7,338.9700366729375,0.352281746031746,0.034385872694050246,0.20197154265653275,131981.42387902946,1747.5496184842216,133728.97349751368,4684,769,3705.1111111111113,35,1,18,34.40574078245851,0.6422619047619047,43.113425925925924,1027.546296296296,29.358465608465604,0
4686,4,0,0,36,0.0,0.0,1.0,36,900,800,100,0.8888888888888888,10,8,2,344.3769981334759,0.3519179894179894,0.04901758079270202,0.20343709809790336,131654.57182623874,1867.7612472136316,133522.33307345238,4685,770,3706.1111111111113,35,1,15,34.59609131235668,0.6389880952380953,43.431712962962955,1026.2731481481471,29.322089947089918,3
4687,4,0,0,36,0.0,0.0,1.0,36,1100,700,400,0.6363636363636364,15,7,8,346.771095283058,0.35145502645502646,0.049652423589860106,0.1980298623742666,130351.21588059406,1840.4067804783851,132191.62266107244,4686,771,3707.1111111111113,35,1,20,35.851963617817056,0.6258928571428571,44.70486111111111,1021.180555555555,29.176587301587286,2
4688,4,0,0,36,0.0,0.0,1.0,36,650,500,150,0.7692307692307693,8,5,3,347.6658026306287,0.3517195767195767,0.05047843877872227,0.19884320856871654,130410.31867551855,1867.841622728036,132278.16029824657,4687,772,3708.1111111111113,35,1,20,35.76923984891406,0.6264880952380952,44.64699074074073,1021.4120370370359,29.183201058201025,0
4689,4,0,0,36,0.0,0.0,1.0,36,1000,900,100,0.9,11,9,2,329.93141464934166,0.35254629629629625,-0.006289308176099961,0.17486364976415084,127392.29024943284,1221.1772776561497,128613.467527089,4688,773,3709.1111111111113,34,2,15,39.292207154088075,0.5980392156862745,47.619047619047606,1009.5238095238074,29.691876750700217,7
4690,4,0,0,36,0.0,0.0,1.0,36,1250,900,350,0.72,16,9,7,330.1774868456416,0.3526951058201058,0.0053316837516199644,0.17590811869798845,127602.69451530589,1226.3073979591527,128829.00191326505,4689,774,3710.1111111111113,34,2,15,39.07078472958641,0.6001838235294117,47.41071428571427,1010.357142857141,29.716386554621792,0
4691,4,0,0,36,0.0,0.0,1.0,36,750,600,150,0.8,9,6,3,329.5638279724532,0.3526289682539683,-0.002038105706695381,0.17610613362580857,127723.00347222213,1218.5763888888846,128941.57986111102,4690,775,3711.1111111111113,34,2,15,38.96331409727949,0.6014093137254901,47.291666666666664,1010.8333333333326,29.730392156862724,0
4692,4,0,0,36,0.0,0.0,1.0,36,1000,900,100,0.9,11,9,2,329.131043743143,0.3533564814814815,-0.0013897063632200002,0.17640178022700304,127843.36911848065,1215.4443027210812,129058.81342120173,4691,776,3712.1111111111113,34,2,16,38.851285069648824,0.6026348039215687,47.172619047619044,1011.3095238095232,29.744397759103624,0
4693,4,0,0,36,0.0,0.0,1.0,36,1250,1000,250,0.8,15,10,5,354.30372472766675,0.3542493386243386,0.0035563699412854977,0.18488927868422778,126762.11911848074,1782.4581916099794,128544.57731009072,4692,777,3713.1111111111113,34,2,17,39.324240453954374,0.5916053921568627,48.24404761904762,1007.0238095238096,29.61834733893558,3
4694,4,0,0,36,0.0,0.0,1.0,36,950,800,150,0.8421052631578947,11,8,3,357.47616576685533,0.35381944444444446,0.00077807981720035,0.1868193847160817,126822.06809807257,1867.1733276643997,128689.24142573697,4693,778,3714.1111111111113,34,2,17,39.18272071859117,0.592218137254902,48.18452380952381,1007.2619047619048,29.625350140056025,0
4695,4,0,0,36,0.0,0.0,1.0,36,600,400,200,0.6666666666666666,8,4,4,357.3354003642519,0.3540674603174603,7.878358150215092e-05,0.18688332248963527,126852.04790249429,1865.7454648526066,128717.7933673469,4694,779,3715.1111111111113,34,2,18,39.155440006302705,0.5925245098039216,48.154761904761905,1007.3809523809521,29.62885154061624,0
4696,4,0,0,36,0.0,0.0,1.0,36,1250,1000,250,0.8,15,10,5,352.5704937564071,0.35413359788359783,3.93731789904983e-05,0.18493567534955035,126972.0025510204,1753.316326530609,128725.318877551,4695,780,3716.1111111111113,34,2,18,39.152197023387664,0.59375,48.035714285714285,1007.8571428571428,29.64285714285714,0
4697,4,0,0,36,0.0,0.0,1.0,36,800,700,100,0.875,9,7,2,352.09343624069413,0.3546957671957672,-0.0020661157024792765,0.18523176428314767,127092.01388888883,1749.6527777777726,128841.6666666666,4696,781,3717.1111111111113,34,2,18,39.04097796143252,0.5949754901960784,47.916666666666664,1008.3333333333328,29.656862745098024,0
4698,4,0,0,36,0.0,0.0,1.0,36,800,600,200,0.75,10,6,4,353.8449866420042,0.35517526455026455,-0.0009571761990923022,0.18670500727299763,127212.0819160997,1802.671485260763,129014.75340136047,4697,782,3718.1111111111113,34,2,18,38.873564235701366,0.5962009803921569,47.797619047619044,1008.8095238095232,29.670868347338917,0
4699,4,0,0,36,0.0,0.0,1.0,36,1050,700,350,0.6666666666666666,14,7,7,351.34245019553305,0.3554728835978836,-0.010628817069014751,0.18593516184505157,127332.20663265293,1747.441893424025,129079.64852607696,4698,783,3719.1111111111113,34,2,17,38.813448533459166,0.5974264705882353,47.67857142857142,1009.2857142857132,29.6848739495798,0
4700,4,0,0,36,0.0,0.0,1.0,36,1250,1000,250,0.8,15,10,5,352.6755384601801,0.35590277777777773,-0.011384764448633788,0.18775436758927758,127572.62613378666,1798.3489229024767,129370.97505668913,4699,784,3720.1111111111113,34,2,17,38.53331958519915,0.5998774509803921,47.44047619047618,1010.2380952380937,29.71288515406158,0
4701,4,0,0,36,0.0,0.0,1.0,36,1000,700,300,0.7,13,7,6,353.78003082681624,0.3564484126984127,-0.0105025520219868,0.18890518627167732,127692.92091836734,1835.041099773238,129527.96201814058,4700,785,3721.1111111111113,34,2,17,38.38216529250097,0.6011029411764706,47.32142857142857,1010.7142857142856,29.726890756302517,0
4702,4,0,0,36,0.0,0.0,1.0,36,800,700,100,0.875,9,7,2,353.4831442698136,0.35639880952380953,-0.007780917618430694,0.1891702800430705,127783.17920918373,1833.8399943310742,129617.0192035148,4701,786,3722.1111111111113,34,2,17,38.297225165822844,0.6020220588235294,47.23214285714286,1011.071428571429,29.737394957983206,0
4703,4,0,0,36,0.0,0.0,1.0,36,750,600,150,0.8,9,6,3,352.6851375413739,0.3570932539682539,-0.006416293854485389,0.18888446142978754,127813.27239229031,1815.5683106576034,129628.84070294791,4702,787,3723.1111111111113,34,2,17,38.286584647986835,0.602328431372549,47.202380952380956,1011.1904761904767,29.740896358543434,0
4704,4,0,0,36,0.0,0.0,1.0,36,800,800,0,1.0,8,8,0,352.2170192555186,0.3572585978835979,-0.010087633248316186,0.1887749891845827,127843.36911848093,1805.7220804988874,129649.09119897982,4703,788,3724.1111111111113,34,2,17,38.267608397096325,0.6026348039215687,47.17261904761906,1011.3095238095254,29.74439775910369,0
4705,4,0,0,36,0.0,0.0,1.0,36,450,400,50,0.8888888888888888,5,4,1,357.5393066611661,0.35727513227513225,-0.015376166941240665,0.19205872490560003,127933.68055555571,1948.2638888889092,129881.94444444461,4704,789,3725.1111111111113,34,2,17,38.04056836902802,0.6035539215686274,47.08333333333334,1011.6666666666679,29.75490196078435,0
4706,4,0,0,36,0.0,0.0,1.0,36,1300,1100,200,0.8461538461538461,15,11,4,358.96469992555666,0.35765542328042327,-0.009241836214669785,0.1935495778989862,128084.27047902512,1995.5463435374318,130079.81682256254,4705,790,3726.1111111111113,34,2,17,37.85036653730055,0.6050857843137255,46.93452380952382,1012.2619047619062,29.772408963585477,0
4707,4,0,0,36,0.0,0.0,1.0,36,1100,800,300,0.7272727272727273,14,8,6,359.46090396626624,0.35773809523809524,-0.008828292326176435,0.19454792436036866,128234.94897959195,2019.090136054435,130254.03911564639,4706,791,3727.1111111111113,34,2,19,37.683650681711335,0.6066176470588236,46.78571428571429,1012.8571428571437,29.78991596638658,0
4708,4,0,0,36,0.0,0.0,1.0,36,1300,900,400,0.6923076923076923,17,9,8,357.70870306243444,0.35831679894179896,-0.012543224375285433,0.19462553396655785,128446.04768990936,1989.2538265306207,130435.30151643998,4707,792,3728.1111111111113,34,2,15,37.51223331376002,0.6087622549019608,46.577380952380956,1013.6904761904767,29.814425770308137,0
4709,4,0,0,36,0.0,0.0,1.0,36,1050,700,350,0.6666666666666666,14,7,7,384.81549099499716,0.3584325396825397,0.01950844541969765,0.19865585101522762,126320.87305663707,2534.800859682132,128855.6739163192,4708,793,3729.1111111111113,33,3,16,39.011515096103054,0.5893308080808081,48.6825980392157,1005.2696078431388,30.462715389186027,6
4710,4,0,0,36,0.0,0.0,1.0,36,700,600,100,0.8571428571428571,8,6,2,383.046787655877,0.35869708994709,0.016211604095563326,0.19789142606604646,126351.67363514048,2479.7205401768765,128831.39417531736,4709,794,3730.1111111111113,33,3,16,39.02415488379653,0.5896464646464646,48.65196078431374,1005.3921568627463,30.466428995840797,0
4711,4,0,0,36,0.0,0.0,1.0,36,950,700,250,0.7368421052631579,12,7,5,378.4084350951944,0.3579034391534392,0.015083231831100496,0.1963801044330941,126536.55595203777,2376.500024029235,128913.055976067,4710,795,3731.1111111111113,33,3,16,38.9499593991068,0.591540404040404,48.46813725490197,1006.127450980393,30.488710635769483,0
4712,4,0,0,36,0.0,0.0,1.0,36,1550,1300,250,0.8387096774193549,18,13,5,380.94356099765037,0.35950727513227515,0.010376542459014537,0.19934672278559418,126875.85791822859,2466.5082240003867,129342.36614222897,4711,796,3732.1111111111113,33,3,17,38.536344929651705,0.5950126262626263,48.131127450980394,1007.4754901960786,30.529560308972076,0
4713,4,0,0,36,0.0,0.0,1.0,36,600,300,300,0.5,9,3,6,380.0229593272223,0.3596891534391535,0.006628557528582046,0.19901584532410327,126906.72607891196,2445.4939206074605,129352.21999951942,4712,797,3733.1111111111113,33,3,17,38.52773047920215,0.5953282828282829,48.10049019607843,1007.5980392156863,30.533273915626857,0
4714,4,0,0,36,0.0,0.0,1.0,36,950,800,150,0.8421052631578947,11,8,3,378.29150471937055,0.35912698412698413,0.004045438582273464,0.19871174443304854,127030.23626730102,2410.8918444828882,129441.12811178391,4713,798,3734.1111111111113,33,3,17,38.44416079098792,0.5965909090909092,47.97794117647059,1008.0882352941175,30.548128342245985,0
4715,4,0,0,36,0.0,0.0,1.0,36,1050,800,250,0.7619047619047619,13,8,5,379.788565674915,0.35954034391534395,0.00038819351615604347,0.19995394158278154,127122.90833153109,2455.9654039311736,129578.87373546226,4714,799,3735.1111111111113,33,3,17,38.311029084133345,0.5975378787878788,47.8860294117647,1008.4558823529406,30.559269162210324,0
4716,4,1,0,37,0.02702702702702703,0.0,1.0,37,1150,900,250,0.782608695652174,14,9,5,369.76222374712705,0.3642705205205205,0.00780483453750791,0.19655781367610445,127512.50000000001,2029.8611111111115,129542.36111111112,4715,0,3635.135135135135,34,3,16,38.16350385038503,0.5992647058823529,47.5,1010.0000000000001,29.70588235294118,0
4717,4,0,0,37,0.0,0.0,1.0,37,850,600,250,0.7058823529411765,11,6,5,373.99170176269246,0.3641766766766767,0.006591181190615192,0.19939959576392785,127632.7664399092,2146.719104308373,129779.48554421758,4716,1,3636.135135135135,34,3,16,37.93320962928053,0.6004901960784313,47.38095238095237,1010.4761904761897,29.71988795518205,0
4718,4,0,0,37,0.0,0.0,1.0,37,1250,900,350,0.72,16,9,7,373.2405635871573,0.36430180180180183,-0.005268006673653014,0.2065038685251823,129110.6310232427,2238.8888888888955,131349.5199121316,4717,2,3637.135135135135,34,3,17,36.439420561477476,0.6155024509803921,45.92261904761905,1016.3095238095243,29.89145658263307,2
4719,4,0,0,37,0.0,0.0,1.0,37,1150,1000,150,0.8695652173913043,13,10,3,372.22562761249003,0.36402027027027023,-0.010195805061419039,0.20657899881610922,129232.53864198881,2220.7644485490455,131453.30309053784,4718,3,3638.135135135135,33,4,18,36.340820979470486,0.6190025252525253,45.80269607843138,1016.7892156862757,30.81179441473563,0
4720,4,0,0,37,0.0,0.0,1.0,37,700,500,200,0.7142857142857143,9,5,4,371.4714133138673,0.3637074574574575,-0.010886338036422583,0.20697689082763274,129388.34372597089,2212.814182045381,131601.15790801626,4719,4,3639.135135135135,33,4,18,36.20111619690035,0.6205808080808081,45.649509803921575,1017.4019607843146,30.830362448009534,0
4721,4,0,0,37,0.0,0.0,1.0,37,550,500,50,0.9090909090909091,6,5,1,369.35562312287203,0.36402027027027023,-0.01089673488517473,0.20612426709760281,129450.6920415225,2162.6682045367133,131613.36024605922,4720,5,3640.135135135135,33,4,15,36.19139370584456,0.6212121212121212,45.588235294117645,1017.6470588235295,30.837789661319075,0
4722,4,0,0,37,0.0,0.0,1.0,37,800,700,100,0.875,9,7,2,366.9231558428236,0.36355105105105107,-0.01561561561561553,0.20504529297098975,129504.14540816333,2103.6139455782436,131607.75935374157,4721,6,3641.135135135135,34,3,15,36.19883040935674,0.6194852941176471,45.53571428571429,1017.8571428571433,29.93697478991598,0
4723,4,0,0,37,0.0,0.0,1.0,37,1600,1300,300,0.8125,19,13,6,366.76423499609393,0.36455205205205204,-0.026063468494794906,0.2057487233043662,129655.65653344677,2110.611536281188,131766.26806972796,4722,7,3642.135135135135,34,3,16,36.048607052406,0.6210171568627452,45.386904761904766,1018.4523809523814,29.9544817927171,0
4724,4,0,0,37,0.0,0.0,1.0,37,950,600,350,0.631578947368421,13,6,7,364.45362424657026,0.3649587087087087,-0.023714566301316964,0.2050860335257326,129776.92920918361,2059.534438775502,131836.4636479591,4723,8,3643.135135135135,34,3,16,35.98405187521906,0.6222426470588236,45.26785714285714,1018.9285714285709,29.968487394957968,0
4725,4,0,0,37,0.0,0.0,1.0,37,1600,1200,400,0.75,20,12,8,365.8854359025406,0.3640828328328329,-0.01839453275362679,0.20701285627088262,129989.29280045354,2112.237811791386,132101.5306122449,4724,9,3644.135135135135,34,3,17,35.731623083508445,0.6243872549019608,45.05952380952381,1019.7619047619048,29.992997198879554,0
4726,4,0,0,37,0.0,0.0,1.0,37,1400,1100,300,0.7857142857142857,17,11,6,365.8592353237618,0.36383258258258255,-0.01351811151062643,0.20798071423917527,130173.98787133487,2125.0711323302457,132299.0590036651,4725,10,3645.135135135135,35,2,18,35.54461551548146,0.6241071428571429,44.87847222222222,1020.4861111111111,29.15674603174603,0
4727,4,0,0,37,0.0,0.0,1.0,37,800,700,100,0.875,9,7,2,366.23829839279324,0.3639577077077077,-0.009852951263080056,0.2083626929274254,130205.1137920016,2137.2198634445467,132342.33365544616,4726,11,3646.135135135135,36,1,18,35.50332855198795,0.6223958333333333,44.84797297297298,1020.6081081081093,28.35022522522526,0
4728,4,0,0,37,0.0,0.0,1.0,37,1300,700,600,0.5384615384615384,19,7,12,383.40954881131637,0.3636761761761762,0.0375929269249311,0.21246396544627083,129172.76810171655,2505.2145473175847,131677.98264903412,4727,12,3647.135135135135,36,1,18,36.11757320630701,0.6119791666666667,45.861486486486484,1016.5540540540537,28.237612612612605,6
4729,4,0,0,37,0.0,0.0,1.0,37,1050,900,150,0.8571428571428571,12,9,3,384.72715073864305,0.36498998998999,0.044180746126803117,0.21382653216574696,129289.65627411277,2548.2513860637273,131837.9076601765,4728,13,3648.135135135135,35,2,18,35.96470638443155,0.6151785714285714,45.746527777777786,1017.0138888888898,29.05753968253971,0
4730,4,0,0,37,0.0,0.0,1.0,37,750,400,350,0.5333333333333333,11,4,7,382.6112764353487,0.3648335835835836,0.041809018029293155,0.2129683665984981,129348.51794249422,2498.040310999683,131846.5582534939,4729,14,3649.135135135135,35,2,18,35.958418667273484,0.6157738095238094,45.68865740740742,1017.2453703703721,29.06415343915349,0
4731,4,0,0,37,0.0,0.0,1.0,37,750,400,350,0.5333333333333333,11,4,7,385.9079434443255,0.3648961461461462,0.04500405774291183,0.21528570042909353,129436.83556241442,2590.1406035665527,132026.97616598097,4730,15,3650.135135135135,35,2,16,35.7844252350622,0.6166666666666667,45.60185185185186,1017.5925925925937,29.074074074074108,0
4732,4,0,0,37,0.0,0.0,1.0,37,1000,800,200,0.8,12,8,4,380.56628608492383,0.36420795795795796,0.04781087867141287,0.2076290036535554,128555.015700017,2389.9921767832466,130945.00787680024,4731,16,3651.135135135135,35,2,16,36.82140683253443,0.6077380952380953,46.4699074074074,1014.1203703703692,28.974867724867693,3
4733,4,0,0,37,0.0,0.0,1.0,37,650,500,150,0.7692307692307693,8,5,3,379.59094845453944,0.3646146146146146,0.04856664580629477,0.20786220144290726,128701.77636584778,2370.8058716992305,131072.582237547,4732,17,3652.135135135135,35,2,16,36.695966883388465,0.6092261904761904,46.325231481481474,1014.699074074073,28.991402116402085,0
4734,4,0,0,37,0.0,0.0,1.0,37,1000,700,300,0.7,13,7,6,377.1789302088066,0.3649587087087087,0.043587206775711484,0.20684690675428552,128760.50407503855,2313.1498360339433,131073.6539110725,4733,18,3653.135135135135,35,2,16,36.69710058159424,0.6098214285714285,46.26736111111111,1014.9305555555553,28.998015873015866,0
4735,4,0,0,37,0.0,0.0,1.0,37,850,800,50,0.9411764705882353,9,8,1,377.02976077969765,0.36511511511511513,0.04466299404739904,0.20722462791726232,128848.62075617276,2315.9529320987544,131164.5736882715,4734,19,3654.135135135135,35,2,16,36.61080711354308,0.6107142857142858,46.18055555555555,1015.2777777777771,29.00793650793649,0
4736,4,0,0,37,0.0,0.0,1.0,37,1050,800,250,0.7619047619047619,13,8,5,376.6965345946392,0.36498998998999,0.046909261129862934,0.20765633087955718,128966.15655006851,2316.2208504800988,131282.3774005486,4735,20,3655.135135135135,35,2,16,36.499164387724086,0.611904761904762,46.06481481481481,1015.7407407407401,29.021164021164,0
4737,4,0,0,37,0.0,0.0,1.0,37,900,800,100,0.8888888888888888,10,8,2,358.25555122321947,0.3649587087087087,0.05790488690500162,0.19107692228038634,127646.96830257615,1746.046998242435,129393.01530081859,4736,21,3656.135135135135,35,2,15,38.31617703203145,0.5985119047619047,47.36689814814814,1010.5324074074061,28.87235449735446,5
4738,4,0,0,37,0.0,0.0,1.0,37,1000,800,200,0.8,12,8,4,359.700968574186,0.36455205205205204,0.051431151911811135,0.19282620020866462,127851.72994898814,1797.6782193072465,129649.40816829538,4737,22,3657.135135135135,35,2,15,38.06982909895476,0.6005952380952381,47.16435185185184,1011.342592592591,28.8955026455026,0
4739,4,0,0,37,0.0,0.0,1.0,37,800,600,200,0.75,10,6,4,358.0896668377334,0.36436436436436437,0.05718314126963042,0.19238240797963255,127939.53517500394,1762.7651052382998,129702.30028024224,4738,23,3658.135135135135,35,2,15,38.020654578042155,0.6014880952380952,47.077546296296276,1011.689814814812,28.9054232804232,0
4740,4,1,0,38,0.02631578947368421,0.0,1.0,38,950,500,450,0.5263157894736842,14,5,9,351.1191970899174,0.3719327880512091,0.062203084411785126,0.19028122271210215,128287.0962178394,1408.8124442009475,129695.90866204034,4739,0,3562.842105263158,36,2,16,37.84158700163034,0.6030092592592593,46.73423423423423,1013.0630630630626,28.140640640640626,0
4741,4,0,0,38,0.0,0.0,1.0,38,1400,1000,400,0.7142857142857143,18,10,8,357.89970067469017,0.37264402560455195,0.043162466426653,0.19009551575628034,127479.27847991708,1524.959122037573,129004.23760195465,4740,1,3563.842105263158,37,1,15,38.49710459645314,0.5929054054054055,47.53289473684212,1009.868421052633,27.29374110953062,2
4742,4,0,0,38,0.0,0.0,1.0,38,650,500,150,0.7692307692307693,8,5,3,358.7346413944241,0.37256993835941205,0.0459905054071188,0.1909313836607065,127562.3403956025,1552.206087449985,129114.54648305249,4741,2,3564.842105263158,37,1,15,38.39083812728391,0.59375,47.45065789473684,1010.1973684210527,27.30263157894737,0
4743,4,0,0,38,0.0,0.0,1.0,38,1100,700,400,0.6363636363636364,15,7,8,346.0182600715819,0.37280701754385964,0.08854546603330293,0.1780216348700675,126181.50686990218,1222.179661049539,127403.68653095172,4742,3,3565.842105263158,37,1,16,40.13002928444104,0.5796734234234234,48.821271929824555,1004.7149122807009,27.15445708866759,6
4744,4,0,0,38,0.0,0.0,1.0,38,750,600,150,0.8,9,6,3,350.6778944185362,0.3726884779516359,0.09482585350446504,0.18066120867599098,126236.59593576845,1253.6767322637484,127490.2726680322,4743,4,3566.842105263158,37,1,16,39.95624204400802,0.5802364864864865,48.76644736842104,1004.9342105263138,27.160384068278752,0
4745,4,0,0,38,0.0,0.0,1.0,38,900,600,300,0.6666666666666666,12,6,6,351.06173990113604,0.37255512091038406,0.09813309451639585,0.18122376303004567,126319.25207756215,1269.1712834718187,127588.42336103397,4744,5,3567.842105263158,37,1,14,39.86147469458989,0.5810810810810811,48.68421052631578,1005.2631578947354,27.16927453769555,0
4746,4,0,0,38,0.0,0.0,1.0,38,1150,900,250,0.782608695652174,14,9,5,350.7139534689427,0.37245139876718825,0.10509389684830217,0.18165438143255838,126457.07242853563,1270.0519631040236,127727.12439163965,4745,6,3568.842105263158,37,1,14,39.72834677858935,0.5824887387387387,48.547149122807014,1005.8114035087713,27.184091986723548,0
4747,4,0,0,38,0.0,0.0,1.0,38,950,700,250,0.7368421052631579,12,7,5,354.2493938792021,0.37299964438122335,0.1055097429780596,0.18410537582238487,126594.96792282244,1369.2381309633756,127964.20605378582,4746,7,3569.842105263158,37,1,14,39.49753032614223,0.5838963963963963,48.41008771929825,1006.3596491228072,27.198909435751546,0
4748,4,0,0,38,0.0,0.0,1.0,38,1050,800,250,0.7619047619047619,13,8,5,355.5740782333161,0.3729403745851114,0.09446634879882643,0.18554501900538484,126760.54170514001,1414.5525546321946,128175.0942597722,4747,8,3570.842105263158,37,1,16,39.29388066202092,0.5855855855855856,48.24561403508772,1007.017543859649,27.216690374585106,0
4749,4,0,0,38,0.0,0.0,1.0,38,600,300,300,0.5,9,3,6,359.9194042540771,0.3725254860123281,0.10220424810393425,0.18832229420765717,126870.98434133573,1532.6658202523781,128403.65016158811,4748,9,3571.842105263158,37,1,17,39.07088956610071,0.5867117117117118,48.1359649122807,1007.4561403508767,27.228544333807477,0
4750,4,0,0,38,0.0,0.0,1.0,38,750,400,350,0.5333333333333333,11,4,7,358.95619144147076,0.3729403745851114,0.10128285894278655,0.1880733979103259,126926.22369382883,1512.1907702369924,128438.41446406582,4749,10,3572.842105263158,37,1,18,39.03835690968446,0.5872747747747749,48.08114035087719,1007.675438596491,27.234471313418673,0
4751,4,0,0,38,0.0,0.0,1.0,38,750,600,150,0.8,9,6,3,357.2732485432143,0.3734441678520626,0.09644542164811498,0.18744610163294662,126981.47506925206,1473.4168205601732,128454.89188981224,4750,11,3573.842105263158,37,1,18,39.02397011894402,0.5878378378378378,48.026315789473685,1007.8947368421052,27.24039829302987,0
4752,4,0,0,38,0.0,0.0,1.0,38,800,600,200,0.75,10,6,4,356.9310636978043,0.3732219061166429,0.09761718011988552,0.187393904544484,127009.1052655625,1466.6990083487253,128475.80427391123,4751,12,3574.842105263158,37,1,18,39.00420156640922,0.5881193693693694,47.99890350877193,1008.0043859649124,27.24336178283547,0
4753,4,0,0,38,0.0,0.0,1.0,38,550,300,250,0.5454545454545454,8,3,5,356.9310636978043,0.3732219061166429,0.09761718011988552,0.187393904544484,127009.1052655625,1466.6990083487253,128475.80427391123,4752,13,3575.842105263158,37,1,18,39.00420156640922,0.5881193693693694,47.99890350877193,1008.0043859649124,27.24336178283547,0
4754,4,0,0,38,0.0,0.0,1.0,38,1250,1000,250,0.8,15,10,5,355.4253098972471,0.37353307254623047,0.09325253773703679,0.18723951892525076,127147.30133310246,1438.273795783316,128585.57512888577,4753,14,3576.842105263158,37,1,18,38.90021381459739,0.589527027027027,47.86184210526316,1008.5526315789471,27.258179231863434,0
4755,4,0,0,38,0.0,0.0,1.0,38,1100,800,300,0.7272727272727273,14,8,6,355.0563291012127,0.37292555713608344,0.08824067666721902,0.18768428470525342,127285.5725439559,1438.7096270006239,128724.28217095653,4754,15,3577.842105263158,37,1,19,38.76758937303054,0.5909346846846847,47.72478070175439,1009.100877192983,27.272996680891435,0
4756,4,0,0,38,0.0,0.0,1.0,38,1300,1100,200,0.8461538461538461,15,11,4,357.3214731274693,0.37301446183025133,0.08705904546312015,0.18939889482352393,127396.2436158241,1504.2826879424451,128900.52630376654,4755,16,3578.842105263158,37,1,16,38.59687828101806,0.5920608108108107,47.61513157894737,1009.5394736842105,27.2848506401138,0
4757,4,0,0,38,0.0,0.0,1.0,38,900,800,100,0.8888888888888888,10,8,2,360.77612688190453,0.37256993835941205,0.0934291933023701,0.19201793512206744,127562.34039560262,1604.2894207833328,129166.62981638595,4756,17,3579.842105263158,37,1,17,38.339280545605845,0.59375,47.45065789473685,1010.1973684210536,27.302631578947395,0
4758,4,0,0,38,0.0,0.0,1.0,38,750,500,250,0.6666666666666666,10,5,5,358.9243235169468,0.37245139876718825,0.09832232202509061,0.1915579322441056,127673.13169677228,1564.9984851108266,129238.13018188311,4757,18,3580.842105263158,37,1,18,38.27246302122889,0.5948761261261262,47.341008771929836,1010.6359649122824,27.314485538169794,0
4759,4,0,0,38,0.0,0.0,1.0,38,1200,1000,200,0.8333333333333334,14,10,4,363.2300142394103,0.3722291370317686,0.10476103528552527,0.19479265414792563,127867.13219452143,1689.0360495537186,129556.16824407515,4758,19,3581.842105263158,37,1,18,37.964820034692124,0.5968468468468469,47.14912280701755,1011.4035087719301,27.33522996680892,0
4760,4,0,0,38,0.0,0.0,1.0,38,550,400,150,0.7272727272727273,7,4,3,365.6839507985263,0.37178461356092934,0.10557691649457501,0.19637951863022132,127922.5879597568,1755.8474722991682,129678.43543205597,4759,20,3582.842105263158,37,1,18,37.84594262591228,0.5974099099099099,47.094298245614034,1011.6228070175434,27.341156946420092,0
4761,4,0,0,38,0.0,0.0,1.0,38,1100,800,300,0.7272727272727273,14,8,6,367.73043201403306,0.3729700094831674,0.11972087932135356,0.19829949464681967,128089.02739304399,1820.4466759002744,129909.47406894426,4760,21,3583.842105263158,37,1,18,37.62366406701327,0.5990990990990991,46.92982456140351,1012.2807017543857,27.35893788525367,0
4762,4,0,0,38,0.0,0.0,1.0,38,800,600,200,0.75,10,6,4,363.826515225871,0.3728514698909436,0.11214061622026605,0.19660625149705716,128173.03790276761,1726.561968145614,129899.59987091323,4761,22,3584.842105263158,36,2,18,37.63646389383156,0.6018518518518519,46.846846846846844,1012.6126126126125,28.128128128128125,0
4763,4,0,0,38,0.0,0.0,1.0,38,700,500,200,0.7142857142857143,9,5,4,363.1064259342401,0.3722735893788525,0.11533600538310762,0.19663710423109507,128258.57688347125,1714.3026895138341,129972.87957298508,4762,23,3585.842105263158,36,2,19,37.56716694459886,0.6027199074074074,46.762387387387385,1012.9504504504499,28.137512512512497,0
4764,4,0,0,38,0.0,0.0,1.0,38,800,200,600,0.25,14,2,12,365.50998536082136,0.37176979611190136,0.12572449570420163,0.1985047892735081,128372.67324334457,1784.2987835808683,130156.97202692545,4763,24,3586.842105263158,36,2,17,37.3895710634515,0.6038773148148149,46.64977477477477,1013.4009009008998,28.150025025024995,0
4765,4,0,0,38,0.0,0.0,1.0,38,650,300,350,0.46153846153846156,10,3,7,367.6336261595528,0.37134009009009006,0.12956185175224233,0.20008693486628118,128458.27880245086,1845.1165692719492,130303.39537172281,4764,25,3587.842105263158,36,2,17,37.24820410279197,0.6047453703703703,46.5653153153153,1013.7387387387369,28.159409409409356,0
4766,4,0,0,38,0.0,0.0,1.0,38,700,500,200,0.7142857142857143,9,5,4,355.9915185053793,0.3708955666192508,0.14239534460383907,0.1884673349299304,127347.63215495933,1479.5187078971242,128827.15086285645,4765,26,3588.842105263158,36,2,16,38.680315370597654,0.5934606481481481,47.66328828828831,1009.3468468468494,28.037412412412483,3
4767,4,0,0,38,0.0,0.0,1.0,38,800,700,100,0.875,9,7,2,355.9915185053793,0.3708955666192508,0.14239534460383907,0.1884673349299304,127347.63215495933,1466.9353897817116,128814.56754474103,4766,27,3589.842105263158,36,2,16,38.680315370597654,0.5934606481481481,47.66328828828831,1009.3468468468494,28.037412412412483,0
4768,4,0,0,38,0.0,0.0,1.0,38,850,600,250,0.7058823529411765,11,6,5,355.32274133980957,0.3715919867235657,0.14267688623878994,0.18877573129949154,127489.75326678054,1460.0017246976981,128949.75499147823,4767,28,3590.842105263158,36,2,17,38.55142358013679,0.5949074074074074,47.522522522522536,1009.9099099099119,28.05305305305311,0
4769,4,0,0,38,0.0,0.0,1.0,38,1050,900,150,0.8571428571428571,12,9,3,355.19364063787486,0.37153271692745377,0.14782608695652177,0.18897312909381628,127546.62390430996,1460.74993912835,129007.37384343831,4768,29,3591.842105263158,36,2,17,38.49637681159421,0.5954861111111112,47.46621621621623,1010.1351351351371,28.059309309309366,0
4770,4,1,0,39,0.02564102564102564,0.0,1.0,39,1050,700,350,0.6666666666666666,14,7,7,346.033865962085,0.37767094017094016,0.15450701898362218,0.1856035472556977,127874.24123612049,1049.7636103806276,128924.00484650112,4769,0,3500.7179487179487,38,1,18,38.39235414245979,0.5951206140350878,47.14209401709403,1011.431623931626,26.61662168241121,0
4771,4,0,0,39,0.0,0.0,1.0,39,1400,1100,300,0.7857142857142857,17,11,6,346.79850319861634,0.37859874044084574,0.1577659390159385,0.18664064899416463,128009.35057345338,1078.690234860129,129088.04080831351,4770,1,3501.7179487179487,38,1,21,38.23484128659909,0.5964912280701755,47.00854700854702,1011.9658119658139,26.630679262258262,0
4772,4,0,0,39,0.0,0.0,1.0,39,900,700,200,0.7777777777777778,11,7,4,350.0035322648207,0.37814889788573997,0.16003776047089535,0.18913297954743236,128172.28768707685,1172.2220250019052,129344.50971207875,4771,2,3502.7179487179487,37,2,21,37.98716386933765,0.5999436936936937,46.84758771929825,1012.6096491228075,27.367828354670472,0
4773,4,0,0,39,0.0,0.0,1.0,39,1300,1000,300,0.7692307692307693,16,10,6,348.0416580203539,0.3782051282051282,0.15821448097668478,0.18859571134604378,128283.34349270914,1129.5895131194043,129412.93300582854,4772,3,3503.7179487179487,37,2,21,37.92336382003822,0.6010698198198199,46.73793859649122,1013.0482456140339,27.379682313892808,0
4774,4,0,0,39,0.0,0.0,1.0,39,800,500,300,0.625,11,5,6,355.305293005671,0.3785706252811516,0.17547380156075798,0.18743169126445963,127202.60080024638,1242.4247124115298,128445.02551265791,4773,4,3504.7179487179487,37,2,21,38.84646739130434,0.5900900900900901,47.80701754385966,1008.7719298245627,27.264106211474665,2
4775,4,0,0,39,0.0,0.0,1.0,39,900,700,200,0.7777777777777778,11,7,4,353.010404638118,0.3795546558704453,0.1738953574224682,0.18660280033800153,127285.57254395614,1186.626293667321,128472.19883762345,4774,5,3505.7179487179487,37,2,21,38.819202977290026,0.5909346846846847,47.724780701754405,1009.100877192985,27.272996680891485,0
4776,4,0,0,39,0.0,0.0,1.0,39,650,400,250,0.6153846153846154,9,4,5,353.48110705485885,0.3796671165092218,0.16712767587292277,0.18710716448763542,127340.90206842513,1202.5206073022755,128543.4226757274,4775,6,3506.7179487179487,37,2,17,38.75056581567989,0.5914977477477478,47.66995614035089,1009.3201754385984,27.27892366050266,0
4777,4,0,0,39,0.0,0.0,1.0,39,850,500,350,0.5882352941176471,12,5,7,356.87829284366103,0.3796671165092218,0.1642918789498593,0.1895530032923945,127479.27847991699,1298.9174553708929,128778.19593528788,4776,7,3507.7179487179487,37,2,17,38.52289178429244,0.5929054054054055,47.53289473684211,1009.8684210526324,27.293741109530604,0
4778,4,0,0,39,0.0,0.0,1.0,39,800,400,400,0.5,12,4,8,368.68489892984576,0.379189158794422,0.18758620689655214,0.19229967749937954,126742.13927469107,1549.0451656064756,128291.18444029754,4777,8,3508.7179487179487,35,4,17,38.98275862068965,0.5892857142857143,48.26388888888887,1006.9444444444421,28.7698412698412,6
4779,4,0,0,39,0.0,0.0,1.0,39,950,700,250,0.7368421052631579,12,7,5,368.57830625748505,0.3794140800719748,0.18577515336881079,0.1925191129083212,126800.41822059313,1547.1766760973799,128347.59489669051,4778,9,3509.7179487179487,35,4,17,38.92543859649123,0.5898809523809524,48.20601851851851,1007.1759259259247,28.776455026454993,0
4780,4,1,0,40,0.025,0.0,1.0,40,800,600,200,0.75,10,6,4,368.79089923266736,0.3846955128205128,0.180195556584124,0.18465185116852317,125057.87706832986,1277.7590234910767,126335.63609182094,4779,0,3422.95,35,5,17,40.720222942220154,0.5720238095238095,49.942129629629626,1000.2314814814811,28.578042328042315,7
4781,4,0,0,40,0.0,0.0,1.0,40,1200,1000,200,0.8333333333333334,14,10,4,368.4069346167868,0.38534989316239315,0.18037820957668327,0.184973656021878,125173.67139274695,1222.9697145061816,126396.64110725313,4780,1,3423.95,35,5,17,40.609819569743244,0.5732142857142857,49.82638888888889,1000.6944444444448,28.591269841269852,0
4782,4,0,0,40,0.0,0.0,1.0,40,750,600,150,0.8,9,6,3,369.14157880546276,0.3859375,0.18379292403746073,0.1857303964565706,125260.5523003473,1247.7756076388941,126508.3279079862,4781,2,3424.95,35,5,13,40.50143080124868,0.5741071428571429,49.739583333333336,1001.0416666666674,28.6011904761905,0
4783,4,1,0,41,0.024390243902439025,0.0,1.0,41,1250,800,450,0.64,17,8,9,358.1468064777447,0.39151422764227645,0.18815174446959015,0.18176869277450897,125620.13660620095,798.0901509617943,126418.22675716275,4782,0,3342.390243902439,36,5,14,40.40477795252004,0.5758101851851851,49.38063063063064,1002.4774774774787,27.84659659659663,0
4784,4,0,0,41,0.0,0.0,1.0,41,700,300,400,0.42857142857142855,11,3,8,355.8275392748766,0.39212398373983737,0.18770407380623633,0.18083837954928686,125676.5887509133,743.8382639396409,126420.42701485295,4783,1,3343.390243902439,36,5,14,40.404593441150055,0.5763888888888888,49.32432432432434,1002.7027027027045,27.852852852852905,0
4785,4,0,0,41,0.0,0.0,1.0,41,900,600,300,0.6666666666666666,12,6,6,347.22520818330156,0.39148882113821143,0.17163640155909832,0.17305763572481508,124866.48866105967,471.3585040908396,125337.84716515051,4784,2,3344.390243902439,38,3,16,41.457553892748976,0.5644188596491229,50.13354700854699,999.4658119658095,26.301731893837093,2
4786,4,0,0,41,0.0,0.0,1.0,41,850,500,350,0.5882352941176471,12,5,7,345.35544457960765,0.39153963414634146,0.16939985156416837,0.1722469254774381,124895.855034722,426.6927083333138,125322.54774305531,4785,3,3345.390243902439,39,2,16,41.47387800472419,0.563034188034188,50.10416666666666,999.5833333333316,25.630341880341835,0
4787,4,0,0,41,0.0,0.0,1.0,41,700,300,400,0.42857142857142855,11,3,8,345.6123060992302,0.39159044715447155,0.1701675653972634,0.17259037013217488,124947.9220920135,436.7078993055157,125384.62999131902,4786,4,3346.390243902439,39,2,16,41.413575744946854,0.5635683760683761,50.052083333333314,999.7916666666634,25.63568376068368,0
4788,4,0,0,41,0.0,0.0,1.0,41,800,700,100,0.875,9,7,2,356.5951084386769,0.39189532520325204,0.15469977531964973,0.18032238448807528,125469.18945312488,748.3398437499852,126217.52929687487,4787,5,3347.390243902439,39,2,12,40.59965689332502,0.5689102564102564,49.53124999999999,1001.8749999999991,25.68910256410254,4
4789,4,0,0,41,0.0,0.0,1.0,41,500,200,300,0.4,8,2,6,356.71878983239225,0.39128556910569107,0.15767845236918232,0.18072624944588966,125547.47314453124,757.0285373263889,126304.50168185763,4788,6,3348.390243902439,39,2,13,40.515647195371244,0.5697115384615384,49.453125,1002.1874999999999,25.697115384615383,0
4790,4,0,0,41,0.0,0.0,1.0,41,900,400,500,0.4444444444444444,14,4,10,353.27382068944564,0.3911331300813008,0.15552295753558987,0.1796601728355675,125704.11376953125,681.5945095486107,126385.70827907986,4789,7,3349.390243902439,39,2,14,40.44018991724665,0.5713141025641026,49.296875,1002.8125,25.713141025641026,0
4791,4,0,0,41,0.0,0.0,1.0,41,1500,1000,500,0.6666666666666666,20,10,10,351.722545061483,0.39184451219512195,0.16112387871599054,0.1791280453950896,125763.35700475903,646.7616002379469,126410.11860499698,4790,8,3350.390243902439,40,1,14,40.4179331306991,0.5703125,49.23780487804878,1003.0487804878046,25.076219512195117,0
4792,4,0,1,40,0.0,0.024390243902439025,0.975609756097561,41,1450,1100,350,0.7586206896551724,18,11,7,348.46766236553447,0.39291158536585363,0.15786223489133833,0.17790949835559913,125865.31351212907,571.9983144953484,126437.31182662441,4791,9,3351.390243902439,40,1,15,40.39438592937684,0.5713541666666666,49.13617886178862,1003.4552845528458,25.086382113821145,0
4793,4,0,0,40,0.0,0.0,1.0,40,1000,700,300,0.7,13,7,6,353.12978055798663,0.38745993589743594,0.16239094308267554,0.17970050355244713,125730.2300347224,879.8177083333528,126610.04774305575,4792,13,3435.95,39,1,15,40.41683977288464,0.5715811965811965,49.27083333333334,1002.9166666666681,25.715811965812,0
4794,4,0,1,39,0.0,0.025,0.975,40,750,500,250,0.6666666666666666,10,5,5,357.7953690862632,0.3875267094017094,0.1701053669677155,0.1826519761742434,125860.85205078124,1006.4860026041661,126867.3380533854,4793,14,3436.95,39,1,15,40.16499273331259,0.5729166666666667,49.140625,1003.4374999999999,25.729166666666664,0
4795,4,0,0,39,0.0,0.0,1.0,39,600,300,300,0.5,9,3,6,361.4122834774265,0.38827035537561855,0.16711722782010296,0.18423785786389985,125802.56615713346,1293.318540433925,127095.8846975674,4794,15,3426.25641025641,38,1,15,40.13445154419595,0.5740131578947368,49.19871794871795,1003.2051282051282,26.400134952766532,0
4796,4,1,0,40,0.025,0.0,1.0,40,850,600,250,0.7058823529411765,11,6,5,357.42084785066857,0.39424412393162395,0.17301908317776427,0.18350648642045506,126096.14257812499,1013.8780381944441,127110.02061631942,4795,0,3341.575,39,1,17,39.93163589849963,0.5753205128205128,48.90625,1004.3749999999999,25.753205128205124,0
4797,4,0,0,40,0.0,0.0,1.0,40,1250,700,550,0.56,18,7,11,359.70042812257185,0.39389690170940167,0.16947439353099725,0.18514782975828864,126200.78667534726,1078.8953993055602,127279.68207465282,4796,1,3342.575,39,1,17,39.766483516483525,0.5763888888888888,48.802083333333336,1004.7916666666671,25.7638888888889,0
4798,4,0,0,40,0.0,0.0,1.0,40,1000,700,300,0.7,13,7,6,358.0395526442021,0.39403044871794873,0.16209075839204345,0.18499988019924202,126357.83420138893,1048.2204861111163,127406.05468750004,4797,2,3343.575,39,1,13,39.64635999447438,0.5779914529914529,48.645833333333336,1005.4166666666671,25.779914529914542,0
4799,4,0,0,40,0.0,0.0,1.0,40,1000,800,200,0.8,12,8,4,361.726053238596,0.3939636752136752,0.1669989642672196,0.18726354123424363,126436.39458550338,1147.067599826379,127583.46218532976,4798,3,3344.575,39,1,13,39.47274728120144,0.5787927350427351,48.56770833333333,1005.7291666666658,25.787927350427328,0
4800,4,0,0,40,0.0,0.0,1.0,40,850,500,350,0.5882352941176471,12,5,7,366.6254392283871,0.39456463675213677,0.17464282016771926,0.19028668014545871,126541.1797417533,1278.6431206597026,127819.822862413,4799,4,3345.575,39,1,14,39.241575214825545,0.5798611111111112,48.46354166666666,1006.1458333333319,25.798611111111075,0
4801,4,0,0,40,0.0,0.0,1.0,40,1000,600,400,0.6,14,6,8,367.03162632863297,0.39399038461538466,0.16608880149037497,0.19086434734054075,126619.7970920137,1294.694010416646,127914.49110243034,4800,5,3346.575,39,1,15,39.1503656937832,0.5806623931623931,48.38541666666666,1006.4583333333318,25.806623931623893,0
4802,4,0,0,40,0.0,0.0,1.0,40,950,700,250,0.7368421052631579,12,7,5,367.22111317508194,0.39449786324786323,0.1712445685909374,0.19145411434467846,126724.65820312488,1307.1940104166517,128031.85221354154,4801,6,3347.575,39,1,16,39.03760604179596,0.5817307692307692,48.28124999999999,1006.8749999999991,25.81730769230767,0
4803,4,0,0,40,0.0,0.0,1.0,40,650,300,350,0.46153846153846156,10,3,7,367.0752666676081,0.3943242521367521,0.16839505534291987,0.19150116583247498,126750.88026258656,1305.4226345485872,128056.30289713515,4802,7,3348.575,39,1,16,39.01427968001102,0.5819978632478633,48.25520833333332,1006.9791666666647,25.81997863247858,0
4804,4,0,0,40,0.0,0.0,1.0,40,1150,800,350,0.6956521739130435,15,8,7,369.8261576415196,0.39448450854700856,0.16879071450729022,0.1934336814792391,126855.79562716995,1382.9182942708132,128238.71392144077,4803,8,3349.575,39,1,16,38.8370084100231,0.5830662393162394,48.15104166666666,1007.3958333333318,25.830662393162353,0
4805,4,0,0,40,0.0,0.0,1.0,40,900,800,100,0.8888888888888888,10,8,2,369.77926249989497,0.39416399572649574,0.16867827974775196,0.1936586251305619,126908.26958550325,1385.609266493031,128293.87885199628,4804,9,3350.575,39,1,16,38.7841801922878,0.5836004273504274,48.09895833333332,1007.6041666666648,25.836004273504226,0
4806,4,0,0,40,0.0,0.0,1.0,40,1000,500,500,0.5,15,5,10,365.3487380296274,0.39460470085470084,0.17783975659229223,0.1834971382908053,125187.03572439548,1153.3773999224954,126340.41312431797,4805,10,3351.575,38,2,17,40.67248496494787,0.5677083333333333,49.81303418803419,1000.747863247863,26.33547008547008,4
4807,4,0,0,40,0.0,0.0,1.0,40,800,500,300,0.625,11,5,6,364.2028363188225,0.39413728632478634,0.17843116328708675,0.1832750040981398,125267.23669552182,1124.5365804660535,126391.77327598787,4806,11,3352.575,38,2,14,40.61810743507649,0.5685307017543859,49.732905982905976,1001.068376068375,26.343904633378287,0
4808,4,0,0,40,0.0,0.0,1.0,40,1050,500,550,0.47619047619047616,16,5,11,369.90156605577454,0.394284188034188,0.18588765603328694,0.18650281757077875,125347.46334876546,1273.2445987654341,126620.7079475309,4807,12,3353.575,38,2,14,40.39239482200648,0.5693530701754386,49.65277777777778,1001.3888888888891,26.352339181286556,0
4809,4,0,0,40,0.0,0.0,1.0,40,750,600,150,0.8,9,6,3,370.3204536453537,0.3946981837606838,0.18273250853242295,0.18707567744498066,125427.7156841261,1289.6897143692188,126717.40539849532,4808,13,3354.575,38,2,15,40.29881257110354,0.5701754385964912,49.57264957264958,1001.7094017094031,26.36077372919482,0
4810,4,0,0,40,0.0,0.0,1.0,40,1100,800,300,0.7272727272727273,14,8,6,366.4029588477684,0.3956063034188034,0.1795013850415519,0.18629784245640052,125695.40895061727,1211.0339506172863,126906.44290123456,4809,14,3355.575,38,2,16,40.12003693444138,0.5729166666666667,49.30555555555556,1002.7777777777776,26.388888888888886,0
4811,4,0,0,40,0.0,0.0,1.0,40,850,400,450,0.47058823529411764,13,4,9,365.43342479405885,0.39492521367521366,0.17531419746511911,0.18616681635330518,125775.77257515147,1192.5342656512432,126968.3068408027,4810,15,3356.575,38,2,16,40.061286256967385,0.5737390350877193,49.225427350427346,1003.0982905982896,26.397323436797095,0
4812,4,0,0,40,0.0,0.0,1.0,40,750,600,150,0.8,9,6,3,364.86235441823425,0.3952590811965812,0.1715654952076675,0.18599660738258525,125802.56615713348,1180.124095989481,126982.69025312296,4811,16,3357.575,38,2,16,40.0479233226837,0.5740131578947368,49.19871794871795,1003.2051282051283,26.400134952766535,0
4813,4,0,0,40,0.0,0.0,1.0,40,1450,1100,350,0.7586206896551724,18,11,7,362.83448016434187,0.3964877136752137,0.17152437726208247,0.18544434747898955,125909.76902074658,1136.8811180509874,127046.65013879756,4812,17,3358.575,38,2,17,39.988068625363695,0.575109649122807,49.09188034188034,1003.6324786324785,26.41138101664417,0
4814,4,0,0,40,0.0,0.0,1.0,40,750,600,150,0.8,9,6,3,358.9429019617719,0.39606036324786326,0.15944881889763796,0.18393377277190462,126017.0175414566,1046.5827945795836,127063.6003360362,4813,18,3359.575,38,2,17,39.97503901539334,0.5762061403508771,48.98504273504273,1004.0598290598286,26.422627080521806,0
4815,4,0,0,40,0.0,0.0,1.0,40,800,600,200,0.75,10,6,4,359.21164836900334,0.39573985042735044,0.15391059927955486,0.18456185702234637,126126.42982696583,1061.2194057769116,127187.64923274274,4814,19,3360.575,37,3,17,39.85543335880363,0.5791103603603603,48.87609649122806,1004.4956140350864,27.148530109056388,0
4816,4,0,0,40,0.0,0.0,1.0,40,900,700,200,0.7777777777777778,11,7,4,356.17902853338336,0.3961271367521368,0.15089743589743643,0.18349526680767023,126236.59593576848,992.5656211526378,127229.16155692111,4815,20,3361.575,37,3,17,39.81803509729043,0.5802364864864865,48.76644736842104,1004.934210526314,27.160384068278756,0
4817,4,0,0,40,0.0,0.0,1.0,40,900,500,400,0.5555555555555556,13,5,8,359.87353527949006,0.39695512820512824,0.1507879812411388,0.18589748985789517,126346.81013629168,1093.7746470067405,127440.58478329841,4816,21,3362.575,37,3,14,39.611621587232335,0.5813626126126126,48.65679824561402,1005.3728070175417,27.172238027501127,0
4818,4,0,0,40,0.0,0.0,1.0,40,900,600,300,0.6666666666666666,12,6,6,360.6673750639813,0.3974358974358974,0.1463289000327046,0.18680981544110087,126457.07242853551,1121.7880742151203,127578.86050275063,4817,22,3363.575,37,3,15,39.478065154983824,0.5824887387387387,48.54714912280701,1005.8114035087704,27.184091986723523,0
4819,4,0,0,40,0.0,0.0,1.0,40,1200,1000,200,0.8333333333333334,14,10,4,358.3877642095017,0.3979433760683761,0.14062101910828062,0.1863141688108997,126607.70052596962,1074.930144641669,127682.63067061128,4818,23,3364.575,38,2,16,39.38030785562634,0.5822368421052632,48.39743589743589,1006.4102564102552,26.484480431848823,0
4820,4,0,0,40,0.0,0.0,1.0,40,1300,1000,300,0.7692307692307693,16,10,6,378.83386656101186,0.39935897435897433,0.08463921482618741,0.1892923851599925,124972.58922216436,1495.9928818846683,126468.58210404903,4819,24,3365.575,37,3,17,40.5576040867054,0.5672860360360361,50.027412280701746,999.8903508771917,27.024063537221398,7
4821,4,0,0,40,0.0,0.0,1.0,40,1000,700,300,0.7,13,7,6,379.2027450424429,0.3987847222222222,0.08124855357556116,0.18986501290016186,125057.87706832997,1484.464066163291,126542.34113449325,4820,25,3366.575,35,5,18,40.459866543238434,0.5720238095238095,49.94212962962963,1000.231481481482,28.578042328042343,0
4822,4,0,0,40,0.0,0.0,1.0,40,1300,1100,200,0.8461538461538461,15,11,4,377.3265952018067,0.39935897435897433,0.07928153482615086,0.1895591549778664,125197.14974687531,1448.0428485918428,126645.19259546715,4821,26,3367.575,36,4,20,40.36232699448633,0.5714699074074074,49.80292792792793,1000.7882882882888,27.799674674674687,0
4823,4,0,0,40,0.0,0.0,1.0,40,850,600,250,0.7058823529411765,11,6,5,376.4810268155526,0.39921207264957265,0.0753431593159315,0.18926263384256978,125225.32667802942,1428.9919142115125,126654.31859224093,4822,27,3368.575,36,4,12,40.35426980198019,0.5717592592592593,49.77477477477478,1000.9009009009013,27.802802802802816,0
4824,4,1,0,41,0.024390243902439025,0.0,1.0,41,950,600,350,0.631578947368421,13,6,7,365.0825610995973,0.4019563008130081,0.07769021028648249,0.18521558121934092,125603.79756271177,971.1512196060484,126574.94878231782,4823,0,3287.390243902439,37,4,15,40.247848756654264,0.5737612612612613,49.39692982456141,1002.4122807017558,27.092223802750155,0
4825,4,0,0,41,0.0,0.0,1.0,41,650,300,350,0.46153846153846156,10,3,7,363.68572548285755,0.40231199186991873,0.07718998786488696,0.18487526178658883,125686.24630896052,942.0587344182898,126628.3050433788,4824,1,3288.390243902439,37,4,17,40.19762620739929,0.5746058558558558,49.314692982456144,1002.7412280701759,27.101114272166917,0
4826,4,0,0,41,0.0,0.0,1.0,41,850,500,350,0.5882352941176471,12,5,7,363.40481147296384,0.4024644308943089,0.07943154286749943,0.1854722492910818,125851.22495623669,946.9881357725649,126798.21309200926,4825,2,3289.390243902439,37,4,18,40.03421757185007,0.576295045045045,49.150219298245624,1003.3991228070188,27.118895211000506,0
4827,4,0,0,41,0.0,0.0,1.0,41,1100,800,300,0.7272727272727273,14,8,6,364.85597147852764,0.40203252032520326,0.0812652988384206,0.18696061168600303,126016.31180988367,995.5607735072208,127011.8725833909,4826,3,3290.390243902439,37,4,18,39.82734065014016,0.5779842342342343,48.98574561403508,1004.0570175438585,27.136676149834013,0
4828,4,0,0,41,0.0,0.0,1.0,41,800,500,300,0.625,11,5,6,365.331687143907,0.4028201219512195,0.07870290610070585,0.18758741034176776,126100.38406227167,1013.6962175254006,127114.08027979707,4827,4,3291.390243902439,36,5,18,39.728622416563894,0.5807291666666667,48.902027027027025,1004.3918918918914,27.899774774774762,0
4829,4,0,0,41,0.0,0.0,1.0,41,1400,1200,200,0.8571428571428571,16,12,4,364.68446833573034,0.40315040650406503,0.0876179335527103,0.1879009350709041,126241.80768606457,1007.6853035468026,127249.49298961138,4828,5,3292.390243902439,36,5,18,39.59897467503361,0.5821759259259259,48.76126126126127,1004.954954954956,27.915415415415442,0
4830,4,0,0,41,0.0,0.0,1.0,41,1000,600,400,0.6,14,6,8,363.0369565567069,0.40269308943089427,0.07991348304480717,0.18795843820335956,126439.93391617984,980.4737592322269,127420.40767541206,4829,6,3293.390243902439,36,5,16,39.43614003657672,0.5842013888888888,48.5641891891892,1005.7432432432445,27.937312312312347,0
4831,4,0,0,41,0.0,0.0,1.0,41,900,800,100,0.8888888888888888,10,8,2,363.70866141771705,0.40309959349593494,0.08299344242602924,0.1886976295648021,126524.89271365991,1003.6398729811256,127528.53258664103,4830,7,3294.390243902439,36,5,17,39.33171964778749,0.5850694444444444,48.47972972972975,1006.0810810810835,27.946696696696765,0
4832,4,1,0,42,0.023809523809523808,0.0,1.0,42,700,200,500,0.2857142857142857,12,2,10,354.78787894869174,0.40571767324816105,0.08999315877853076,0.18563730249319962,126870.984341336,602.4574869190747,127473.44182825508,4831,0,3216.9285714285716,37,5,19,39.20013423305761,0.5867117117117118,48.13596491228071,1007.456140350879,27.22854433380754,0
4833,4,0,0,42,0.0,0.0,1.0,42,1000,800,200,0.8,12,8,4,354.7681101544601,0.4056329849012776,0.08725277832477496,0.18577557173052295,126903.55994091993,604.2672264227007,127507.82716734264,4832,1,3217.9285714285716,38,4,19,39.16715265259959,0.5852521929824561,48.10363247863249,1007.5854700854719,26.51540710751242,0
4834,4,0,0,42,0.0,0.0,1.0,42,1200,1000,200,0.8333333333333334,14,10,4,355.43976591772554,0.40582655826558267,0.08975251821796948,0.18674441153672944,127038.1556359121,630.8824603696435,127669.03809628174,4833,2,3218.9285714285716,38,4,19,39.01194008760773,0.5866228070175439,47.97008547008547,1008.1196581196587,26.52946468735944,0
4835,4,0,0,42,0.0,0.0,1.0,42,1250,1000,250,0.8,15,10,5,350.76606921779705,0.40631049167634536,0.0865450088519677,0.1849013098540047,127172.82267011845,521.5822238658882,127694.40489398433,4834,3,3219.9285714285716,38,4,20,38.99149984111851,0.5879934210526316,47.83653846153847,1008.653846153847,26.543522267206498,0
4836,4,0,0,42,0.0,0.0,1.0,42,1100,800,300,0.7272727272727273,14,8,6,349.3823371514865,0.4067460317460318,0.08868499215846493,0.18441684794418614,127226.70945878088,490.153019760408,127716.8624785413,4835,4,3220.9285714285716,38,4,20,38.971107345829374,0.5885416666666667,47.783119658119666,1008.8675213675223,26.549145299145323,0
4837,4,0,0,42,0.0,0.0,1.0,42,1300,700,600,0.5384615384615384,19,7,12,347.067206664301,0.4062620983352691,0.09234789269713595,0.18392810071626367,127388.4383104135,442.4698891445737,127830.90819955808,4836,5,3221.9285714285716,38,4,14,38.86368046001341,0.5901864035087719,47.62286324786325,1009.5085470085473,26.566014394961773,0
4838,4,0,0,42,0.0,0.0,1.0,42,1550,1200,350,0.7741935483870968,19,12,7,352.8116061995929,0.40655245838172666,0.09540427846265409,0.18784834167924272,127577.25180802106,602.1470249835669,128179.39883300463,4837,6,3222.9285714285716,38,4,16,38.525142766497474,0.5921052631578947,47.43589743589744,1010.2564102564104,26.585695006747642,0
4839,4,0,0,42,0.0,0.0,1.0,42,900,600,300,0.6666666666666666,12,6,6,357.6378118169753,0.4064435733643051,0.0953538709352666,0.1909285383627868,127685.20801373353,733.0116790853831,128418.21969281891,4838,7,3223.9285714285716,38,4,16,38.29259161381255,0.5932017543859649,47.32905982905982,1010.6837606837596,26.596941070625252,0
4840,4,0,0,42,0.0,0.0,1.0,42,1100,1000,100,0.9090909090909091,12,10,2,356.19943243569605,0.40732675183894695,0.09334118262689661,0.19067146089204903,127793.2098765431,703.9737654320822,128497.18364197518,4839,8,3224.9285714285716,38,4,16,38.21829212454211,0.5942982456140351,47.222222222222214,1011.1111111111103,26.608187134502902,0
4841,4,0,0,42,0.0,0.0,1.0,42,1350,1200,150,0.8888888888888888,15,12,3,358.5923199732612,0.4061169183120403,0.09291171840025791,0.19233957468480778,127874.24123611998,770.9441659361237,128645.1854020561,4840,9,3225.9285714285716,38,4,16,38.07480370409492,0.5951206140350878,47.142094017094,1011.4316239316217,26.616621682411097,0
4842,4,0,0,42,0.0,0.0,1.0,42,1150,800,350,0.6956521739130435,15,8,7,359.00464277358054,0.405705574912892,0.09265403796653837,0.19320977138359952,128009.3505734529,791.1902348600847,128800.54080831299,4841,10,3226.9285714285716,38,4,17,37.926036387950454,0.5964912280701755,47.008547008547,1011.9658119658101,26.63067926225816,0
4843,4,0,0,42,0.0,0.0,1.0,42,1050,800,250,0.7619047619047619,13,8,5,358.4084924044779,0.4062862950058072,0.09266437891882684,0.1936784353185737,128173.03790276764,787.8037347545257,128960.84163752217,4842,11,3227.9285714285716,36,6,18,37.773622849940686,0.6018518518518519,46.846846846846844,1012.6126126126127,28.12812812812813,0
4844,4,0,0,42,0.0,0.0,1.0,42,1150,900,250,0.782608695652174,14,9,5,354.80836312735687,0.40629839334107626,0.08576737329849116,0.19226243207821983,128283.34349270916,703.2006242305126,128986.54411693967,4843,12,3228.9285714285716,37,5,20,37.75198885160729,0.6010698198198199,46.73793859649122,1013.048245614034,27.37968231389281,0
4845,4,0,0,42,0.0,0.0,1.0,42,950,600,350,0.631578947368421,13,6,7,356.754328175739,0.40632259001161436,0.07369540913844697,0.19385539419919778,128394.44739006224,761.0549640273807,129155.50235408962,4844,13,3229.9285714285716,37,5,12,37.58914403692883,0.6021959459459459,46.628289473684205,1013.4868421052626,27.391536273115204,0
4846,4,0,0,42,0.0,0.0,1.0,42,950,700,250,0.7368421052631579,12,7,5,356.9639754632386,0.40652826171118855,0.07542601636067747,0.194104411128363,128422.23087873164,768.422014465965,129190.6528931976,4845,14,3230.9285714285716,37,5,13,37.55544136737345,0.6024774774774775,46.600877192982445,1013.596491228068,27.394499762920756,0
4847,4,0,0,42,0.0,0.0,1.0,42,550,400,150,0.7272727272727273,7,4,3,358.55084113631,0.4066613433991482,0.07983284153934123,0.1953753463752183,128505.5993791357,815.1581496229422,129320.75752875865,4846,15,3231.9285714285716,37,5,14,37.43004487942036,0.603322072072072,46.518640350877185,1013.9254385964897,27.40339023233756,0
4848,4,0,0,42,0.0,0.0,1.0,42,1150,1000,150,0.8695652173913043,13,10,3,360.3338636167799,0.40592334494773524,0.08299878533341598,0.19703362329683488,128644.60699445975,871.001654355178,129515.60864881493,4847,16,3232.9285714285716,37,5,14,37.24284839314022,0.6047297297297297,46.38157894736842,1014.4736842105257,27.41820768136556,0
4849,4,0,0,42,0.0,0.0,1.0,42,1250,900,350,0.72,16,9,7,358.51505896422213,0.40591124661246614,0.07873321090346064,0.1967263723077534,128783.68975309689,834.1784250923095,129617.8681781892,4848,17,3233.9285714285716,37,5,16,37.14700136833386,0.6061373873873874,46.24451754385964,1015.0219298245596,27.433025130393503,0
4850,4,0,0,42,0.0,0.0,1.0,42,1150,800,350,0.6956521739130435,15,8,7,360.75178780514005,0.4060080332946187,0.07727038979738787,0.19837063866244617,128867.17547706969,897.8127885503039,129764.98826561999,4849,18,3234.9285714285716,37,5,18,37.00503959683224,0.6069819819819819,46.162280701754376,1015.350877192981,27.441915599810297,0
4851,4,0,1,41,0.0,0.023809523809523808,0.9761904761904762,42,1000,600,400,0.6,14,6,8,360.45858421993603,0.40594754161827334,0.0707274074964448,0.19879583635517079,128984.24373584599,898.6955767404156,129882.9393125864,4850,19,3235.9285714285716,38,4,19,36.893054971252276,0.606359649122807,46.04700854700853,1015.8119658119633,26.731893837156928,0
4852,4,0,0,41,0.0,0.0,1.0,41,1350,1100,250,0.8148148148148148,16,11,5,344.5222494886748,0.4028201219512195,0.06595766095212507,0.18282312071406348,127442.3707561731,581.5290790050674,128023.89983517816,4851,20,3315.1951219512193,38,3,14,38.87265016047683,0.590734649122807,47.56944444444446,1009.7222222222243,26.57163742690064,6
4853,4,0,0,41,0.0,0.0,1.0,41,1150,900,250,0.782608695652174,14,9,5,348.04869682290166,0.403125,0.05435186331558706,0.18531241425435602,127577.25180802122,680.6192472058049,128257.87105522702,4852,21,3316.1951219512193,38,3,15,38.64543675972926,0.5921052631578947,47.435897435897445,1010.2564102564118,26.585695006747677,0
4854,4,0,0,41,0.0,0.0,1.0,41,1200,900,300,0.75,15,9,6,349.30497164685244,0.4032520325203252,0.062062227217769106,0.1866049879588297,127712.20419908331,722.1015733435723,128434.30577242689,4853,22,3317.1951219512193,38,3,17,38.47549589543036,0.5934758771929824,47.30235042735043,1010.7905982905992,26.599752586594715,0
4855,4,0,0,41,0.0,0.0,1.0,41,650,500,150,0.7692307692307693,8,5,3,349.40677454413697,0.40342987804878044,0.05856338783168047,0.18703539107950878,127793.20987654333,730.3626543210007,128523.57253086433,4854,23,3318.1951219512193,38,3,17,38.38999542124542,0.5942982456140351,47.22222222222223,1011.1111111111121,26.608187134502952,0
4856,4,0,0,41,0.0,0.0,1.0,41,800,600,200,0.75,10,6,4,348.40978969392893,0.40264227642276423,0.05687535907787544,0.1868779308233673,127874.24123612049,710.5274992695146,128584.76873539001,4855,24,3319.1951219512193,38,3,19,38.332277032498865,0.5951206140350878,47.14209401709403,1011.431623931626,26.61662168241121,0
4857,4,0,0,41,0.0,0.0,1.0,41,1100,900,200,0.8181818181818182,13,9,4,349.56857443985444,0.4017022357723577,0.059326506914388455,0.18825827775262907,128036.38100162554,751.4990366352712,128787.88003826082,4856,25,3320.1951219512193,38,3,20,38.13711777332066,0.596765350877193,46.981837606837615,1012.0726495726508,26.633490778227653,0
4858,4,0,0,41,0.0,0.0,1.0,41,1150,700,450,0.6086956521739131,16,7,9,363.9108326650461,0.40124491869918694,0.06671380009339711,0.1806798924368304,124706.36922209444,881.6759807144468,125588.04520280888,4857,26,3321.1951219512193,38,3,18,41.20672442685492,0.5627741228070176,50.29380341880342,998.8247863247867,26.284862798020704,7
4859,4,0,0,41,0.0,0.0,1.0,41,500,300,200,0.6,7,3,4,369.03189121824005,0.4012957317073171,0.07432844694065932,0.18380853623298307,124839.79495397788,1013.9731262327678,125853.76808021065,4858,27,3322.1951219512193,38,3,20,40.940373102416075,0.5641447368421053,50.16025641025642,999.3589743589762,26.298920377867795,0
4860,4,0,0,41,0.0,0.0,1.0,41,1150,800,350,0.6956521739130435,15,8,7,369.8187846168738,0.40099085365853654,0.07796535047124853,0.18431831273792548,124866.48866106021,1035.5946152020083,125902.08327626222,4859,28,3323.1951219512193,38,3,20,40.893016212364145,0.5644188596491229,50.13354700854702,999.4658119658139,26.30173189383721,0
4861,4,0,0,41,0.0,0.0,1.0,41,1400,1200,200,0.8571428571428571,16,12,4,370.13888888888863,0.4011178861788618,0.07276422764227597,0.18506944444444448,125000.00000000015,1053.4722222222367,126053.47222222238,4860,29,3324.1951219512193,38,3,20,40.74652777777778,0.5657894736842105,50.00000000000001,1000.0000000000011,26.31578947368424,0
4862,4,0,0,41,0.0,0.0,1.0,41,1250,900,350,0.72,16,9,7,374.0928470971796,0.4016768292682927,0.07457259954813056,0.1879593752962994,125202.62834630068,1167.4815404235378,126370.10988672423,4861,30,3325.1951219512193,35,6,20,40.437555414209164,0.5735119047619048,49.79745370370371,1000.8101851851859,28.59457671957674,0
4863,4,0,0,41,0.0,0.0,1.0,41,950,800,150,0.8421052631578947,11,8,3,374.4472585118112,0.4016260162601626,0.07456365430706313,0.18853136124139513,125289.51930084027,1182.8634044924643,126472.38270533274,4862,31,3326.1951219512193,35,6,15,40.33863198458574,0.5744047619047619,49.71064814814815,1001.1574074074081,28.604497354497372,0
4864,4,0,0,41,0.0,0.0,1.0,41,700,500,200,0.7142857142857143,9,5,4,374.19915106401754,0.40157520325203255,0.07171876365625285,0.18853796481390897,125318.489650313,1178.8144879544022,126497.3041382674,4863,32,3327.1951219512193,35,6,15,40.31482391245716,0.574702380952381,49.68171296296297,1001.2731481481487,28.60780423280425,0
4865,4,0,0,41,0.0,0.0,1.0,41,750,500,250,0.6666666666666666,10,5,5,371.40472661881734,0.40185467479674797,0.07300517498277648,0.18742600955449087,125384.06649161308,1113.6469875346543,126497.71347914773,4864,33,3328.1951219512193,37,4,16,40.316856433836946,0.571509009009009,49.61622807017545,1001.5350877193005,27.06851588430542,0
4866,4,0,0,41,0.0,0.0,1.0,41,1050,800,250,0.7619047619047619,13,8,5,372.99318633797725,0.40190548780487806,0.07159312044034305,0.18860203340177642,125466.44310028091,1159.6256780932652,126626.06877837417,4865,34,3329.1951219512193,37,4,16,40.191779759950386,0.5723536036036037,49.53399122807018,1001.8640350877198,27.077406353722157,0
4867,4,0,0,41,0.0,0.0,1.0,41,950,600,350,0.631578947368421,13,6,7,370.4839044446327,0.40233739837398375,0.0681571371014007,0.18783102443307761,125576.3206587605,1104.8011166897643,126681.12177545026,4866,35,3330.1951219512193,37,4,17,40.140917295700696,0.5734797297297297,49.424342105263165,1002.3026315789483,27.08926031294455,0
4868,4,0,1,40,0.0,0.024390243902439025,0.975609756097561,41,1050,700,350,0.6666666666666666,14,7,7,368.12946493657927,0.40287093495934956,0.06783325450982991,0.18717568569310597,125695.40895061746,1054.4367283950792,126749.84567901255,4867,36,3331.1951219512193,38,3,17,40.07675438596491,0.5729166666666667,49.305555555555564,1002.7777777777793,26.38888888888893,0
4869,4,1,0,41,0.024390243902439025,0.0,1.0,41,1250,1100,150,0.88,14,11,3,358.9814224961688,0.40729166666666666,0.08055864791013034,0.18407345281186555,126043.83680555574,850.4436728395249,126894.28047839526,4868,0,3233.512195121951,36,5,18,39.94640387275241,0.580150462962963,48.95833333333334,1004.1666666666681,27.893518518518558,0
4870,4,1,1,41,0.023809523809523808,0.023809523809523808,0.9761904761904762,42,800,500,300,0.625,11,5,6,349.71986480722387,0.4105570073557878,0.08244670922462372,0.18081347266147668,126383.31056986043,439.7508572761975,126823.06142713664,4869,0,3157.5,36,6,15,39.82925486243325,0.5836226851851851,48.6204954954955,1005.5180180180183,27.931056056056065,0
4871,4,0,0,41,0.0,0.0,1.0,41,1350,1100,250,0.8148148148148148,16,11,5,356.79879210993613,0.4064786585365854,0.08405152391205739,0.184091677362618,126298.39932838248,812.6232651570522,127111.02259353953,4870,2,3235.512195121951,36,5,15,39.73877810142655,0.5827546296296297,48.70495495495496,1005.1801801801805,27.92167167167168,0
4872,4,0,0,41,0.0,0.0,1.0,41,1100,500,600,0.45454545454545453,17,5,12,357.33848343836115,0.4063516260162601,0.08427268133095733,0.18471216984947972,126374.37120075396,831.6852300707762,127206.05643082474,4871,3,3236.512195121951,37,4,15,39.646946564885496,0.5816441441441442,48.629385964912274,1005.4824561403499,27.175201517306753,0
4873,4,0,0,41,0.0,0.0,1.0,41,950,700,250,0.7368421052631579,12,7,5,355.17583211499436,0.4065294715447154,0.08615954032646167,0.1839654380570775,126457.07242853563,782.8991853262448,127239.97161386187,4872,4,3237.512195121951,37,4,16,39.61615156800757,0.5824887387387387,48.547149122807014,1005.8114035087713,27.184091986723548,0
4874,4,0,0,41,0.0,0.0,1.0,41,1100,800,300,0.7272727272727273,14,8,6,353.22085115377,0.4066819105691057,0.07879924953095663,0.1835708364603227,126594.9679228223,743.1964642966927,127338.16438711899,4873,5,3238.512195121951,37,4,17,39.52340742354906,0.5838963963963963,48.41008771929824,1006.3596491228061,27.198909435751517,0
4875,4,0,0,41,0.0,0.0,1.0,41,1000,700,300,0.7,13,7,6,349.66877763904506,0.4069359756097561,0.07629155677378452,0.18234005593749844,126732.93856042226,662.9103426053989,127395.84890302765,4874,6,3239.512195121951,37,4,17,39.4709199970961,0.5853040540540541,48.273026315789465,1006.9078947368407,27.21372688477948,0
4876,4,0,0,41,0.0,0.0,1.0,41,1200,1100,100,0.9166666666666666,13,11,2,350.7206216520225,0.40665650406504067,0.08349325412940756,0.18363372036241762,126898.60251471587,701.1913521467957,127599.79386686266,4875,7,3240.512195121951,37,4,17,39.27420013059092,0.5869932432432432,48.10855263157894,1007.5657894736826,27.231507823613043,0
4877,4,0,0,41,0.0,0.0,1.0,41,950,600,350,0.631578947368421,13,6,7,348.7217193269356,0.40612296747967475,0.07755853499366006,0.1832084278566767,127036.7384676053,660.0939712219056,127696.83243882722,4876,8,3241.512195121951,37,4,18,39.182709738235076,0.5884009009009009,47.97149122807017,1008.1140350877183,27.246325272641037,0
4878,4,0,0,41,0.0,0.0,1.0,41,1400,1100,300,0.7857142857142857,17,11,6,346.07216065561704,0.4063262195121951,0.08279308444111222,0.1827202316435501,127237.93730977792,606.72562229202,127844.66293206994,4877,9,3242.512195121951,35,6,19,39.043081526519074,0.5943452380952381,47.77199074074074,1008.9120370370367,28.826058201058192,0
4879,4,0,0,41,0.0,0.0,1.0,41,950,600,350,0.631578947368421,13,6,7,347.8032152175742,0.4060213414634146,0.08288207652718693,0.1840317983432795,127325.53155006858,656.8458504801065,127982.37740054869,4878,10,3243.512195121951,35,6,15,38.909594801223236,0.5952380952380952,47.68518518518518,1009.2592592592592,28.835978835978835,0
4880,4,0,0,41,0.0,0.0,1.0,41,1300,800,500,0.6153846153846154,18,8,10,348.7629879324722,0.40584349593495933,0.0739116940636333,0.18493978989270243,127413.1559311772,687.3985928926691,128100.55452406987,4879,11,3244.512195121951,35,6,15,38.795545301692854,0.5961309523809524,47.59837962962963,1009.606481481482,28.845899470899486,0
4881,4,0,0,41,0.0,0.0,1.0,41,900,500,400,0.5555555555555556,13,5,8,347.87799771758847,0.4056402439024391,0.07216157663009293,0.1847374029267171,127471.58893014844,668.912224579919,128140.50115472836,4880,12,3245.512195121951,35,6,16,38.75799904489016,0.5967261904761905,47.54050925925927,1009.837962962964,28.852513227513256,0
4882,4,0,0,41,0.0,0.0,1.0,41,900,600,300,0.6666666666666666,12,6,6,347.0143312117583,0.4056656504065041,0.07570503703662279,0.1848131846947798,127588.49511584804,655.0072605881497,128243.50237643618,4881,13,3246.512195121951,35,6,16,38.660046015198375,0.5979166666666667,47.424768518518526,1010.300925925927,28.865740740740772,0
4883,4,0,0,41,0.0,0.0,1.0,41,1300,1000,300,0.7692307692307693,16,10,6,348.9006489263161,0.4055640243902439,0.06931552662213192,0.18690036601282803,127822.468238276,719.4684231395909,128541.93666141559,4882,14,3247.512195121951,35,6,18,38.372844416466386,0.600297619047619,47.193287037037045,1011.2268518518526,28.89219576719579,0
4884,4,0,0,41,0.0,0.0,1.0,41,1300,1000,300,0.7692307692307693,16,10,6,349.44625852717564,0.4056656504065041,0.06850835738526473,0.18791900196321518,127978.05574792229,744.290550938737,128722.34629886103,4883,15,3248.512195121951,37,4,20,38.19986273659876,0.597972972972973,47.03947368421052,1011.8421052631567,27.34708392603126,0
4885,4,0,0,41,0.0,0.0,1.0,41,1150,700,450,0.6086956521739131,16,7,9,349.7095632440856,0.4060721544715447,0.06724882063635462,0.1888431641518059,128144.53124999978,763.2146429670383,128907.74589296682,4884,16,3249.512195121951,32,9,20,38.022976680384076,0.6103515625,46.874999999999986,1012.4999999999983,31.640624999999947,0
4886,4,0,0,41,0.0,0.0,1.0,41,800,500,300,0.625,11,5,6,355.6653794040778,0.40584349593495933,0.04425953691728424,0.19483879781750363,128717.715419501,995.1495181405763,129712.86493764157,4885,17,3250.512195121951,34,7,20,37.286631862975135,0.6115196078431373,46.3095238095238,1014.7619047619036,29.845938375350105,3
4887,4,0,0,41,0.0,0.0,1.0,41,900,700,200,0.7777777777777778,11,7,4,358.61973492461897,0.4059959349593496,0.05450052624353652,0.19705599867507398,128838.54875283431,1040.8092403627957,129879.3579931971,4886,18,3251.512195121951,34,7,20,37.08836577548469,0.6127450980392157,46.19047619047618,1015.2380952380939,29.859943977590998,0
4888,4,0,0,41,0.0,0.0,1.0,41,1150,1100,50,0.9565217391304348,12,11,1,358.7071639275898,0.4057418699186992,0.06424231338634012,0.19800821066999033,129019.9050453514,1056.0728458049823,130075.97789115639,4887,19,3252.512195121951,34,7,20,36.901169830482,0.6145833333333333,46.01190476190476,1015.9523809523804,29.880952380952365,0
4889,4,0,0,41,0.0,0.0,1.0,41,1000,700,300,0.7,13,7,6,356.3033986274795,0.40533536585365854,0.06675314878734628,0.19698224162462175,129080.3854875281,998.3560090702732,130078.74149659836,4888,20,3253.512195121951,34,7,21,36.90057794439238,0.6151960784313726,45.95238095238094,1016.1904761904742,29.887955182072773,0
4890,4,0,0,41,0.0,0.0,1.0,41,1200,900,300,0.75,15,9,6,356.88713585074385,0.40475101626016263,0.07026264219072242,0.19760715732124826,129140.88010204067,1017.743764172312,130158.62386621298,4889,21,3254.512195121951,34,7,21,36.82410010150698,0.6158088235294117,45.89285714285713,1016.4285714285702,29.89495798319324,0
4891,4,0,0,41,0.0,0.0,1.0,41,1700,1200,500,0.7058823529411765,22,12,10,356.40954050251287,0.40434451219512196,0.065687060918314,0.1984276053461675,129357.17520004316,1020.8404470856813,130378.01564712884,4890,22,3255.512195121951,33,8,21,36.6159448660804,0.6202651515151515,45.68014705882352,1017.2794117647052,30.826648841354704,0
4892,4,0,0,41,0.0,0.0,1.0,41,950,700,250,0.7368421052631579,12,7,5,353.5173215690299,0.40477642276422765,0.06709456568249883,0.19755379734739903,129504.14540816324,956.3917233560064,130460.53713151925,4891,23,3256.512195121951,34,7,19,36.53996101364524,0.6194852941176471,45.535714285714285,1017.8571428571427,29.93697478991596,0
4893,4,0,0,41,0.0,0.0,1.0,41,800,600,200,0.75,10,6,4,356.1401703635146,0.4046239837398374,0.07010519771981305,0.1994804765631394,129595.04145408163,1030.8000283446668,130625.84148242629,4892,24,3257.512195121951,34,7,19,36.38075334190731,0.6204044117647058,45.44642857142857,1018.2142857142856,29.947478991596633,0
4894,4,0,0,41,0.0,0.0,1.0,41,1050,700,350,0.6666666666666666,14,7,7,355.65865214702956,0.40485264227642276,0.06632914856497751,0.19967292833136377,129685.9693877551,1024.7874149659804,130710.75680272108,4893,25,3258.512195121951,34,7,19,36.300549322113135,0.6213235294117647,45.357142857142854,1018.5714285714286,29.95798319327731,0
4895,4,0,0,41,0.0,0.0,1.0,41,950,700,250,0.7368421052631579,12,7,5,352.98524980347656,0.40485264227642276,0.06123204923638026,0.19878643015248396,129807.25623582758,964.0093537414876,130771.26558956907,4894,26,3259.512195121951,34,7,19,36.245375778816204,0.6225490196078431,45.238095238095234,1019.0476190476184,29.971988795518186,0
4896,4,0,0,41,0.0,0.0,1.0,41,1200,1000,200,0.8333333333333334,14,10,4,352.86353004501905,0.4051829268292683,0.06286339071655966,0.19964524427778277,129989.29280045339,973.6961451247029,130962.9889455781,4895,27,3260.512195121951,34,7,19,36.06360417153087,0.6243872549019608,45.0595238095238,1019.7619047619037,29.99299719887952,0
4897,4,0,0,41,0.0,0.0,1.0,41,1350,1200,150,0.8888888888888888,15,12,3,352.8557392455893,0.4051321138211382,0.058424996014665886,0.19995158557250048,130049.9999999999,977.7777777777626,131027.77777777766,4896,28,3261.512195121951,34,7,19,36.002178649237464,0.625,44.99999999999999,1019.9999999999992,29.999999999999975,0
4898,4,0,0,41,0.0,0.0,1.0,41,950,700,250,0.7368421052631579,12,7,5,352.01999167013724,0.404395325203252,0.054156296665006876,0.20056953013763645,130262.58680555566,971.180555555565,131233.76736111124,4897,29,3262.512195121951,33,8,20,35.807823129251695,0.6294191919191919,44.79166666666667,1020.8333333333343,30.934343434343464,0
4899,4,0,0,41,0.0,0.0,1.0,41,950,600,350,0.631578947368421,13,6,7,352.3260255810208,0.4040904471544715,0.048195168776742126,0.20139129610371911,130387.71896626285,987.7973615916859,131375.51632785454,4898,30,3263.512195121951,33,8,21,35.673146148308156,0.6306818181818181,44.66911764705882,1021.3235294117637,30.94919786096254,0
4900,4,0,0,41,0.0,0.0,1.0,41,900,500,400,0.5555555555555556,13,5,8,353.80043256371283,0.403760162601626,0.04522345535280703,0.20288775837113057,130512.91120001924,1035.1048875432525,131548.0160875625,4899,31,3264.512195121951,33,8,18,35.508615175501724,0.6319444444444444,44.54656862745098,1021.8137254901962,30.964052287581705,0
4901,4,0,0,41,0.0,0.0,1.0,41,1100,800,300,0.7272727272727273,14,8,6,352.7852491093272,0.4032774390243902,0.037085333691984745,0.202961003315173,130638.16350682436,1017.4434111880141,131655.60691801237,4900,32,3265.512195121951,33,8,19,35.4076760169424,0.6332070707070707,44.42401960784314,1022.303921568628,30.978906714200846,0
4902,4,0,0,41,0.0,0.0,1.0,41,600,400,200,0.6666666666666666,8,4,4,353.1802553528279,0.4027947154471545,0.034782361793350036,0.20361197271683162,130718.71456916099,1033.4537981859394,131752.16836734692,4901,33,3266.512195121951,34,7,20,35.316016686069084,0.6317401960784313,44.345238095238095,1022.6190476190476,30.077030812324928,0
4903,4,0,0,41,0.0,0.0,1.0,41,1000,600,400,0.6,14,6,8,343.94453100954115,0.40287093495934956,0.03070710312366276,0.20421706528691533,131848.06428049685,871.1013602543637,132719.16564075122,4902,34,3267.512195121951,36,5,17,34.41223501461989,0.6388888888888888,43.24324324324325,1027.027027027028,28.528528528528554,3
4904,4,0,0,41,0.0,0.0,1.0,41,850,600,250,0.7058823529411765,11,6,5,344.74429051595246,0.4027439024390244,0.02624879610589126,0.2052257942906272,131946.9993170975,897.5949330563255,132844.59425015384,4903,35,3268.512195121951,37,4,17,34.29206688011386,0.6379504504504505,43.146929824561404,1027.412280701754,27.767899478425786,0
4905,4,0,0,41,0.0,0.0,1.0,41,850,500,350,0.5882352941176471,12,5,7,344.0928895006194,0.40226117886178864,0.02720733101914674,0.20519711742755456,132013.44515897793,884.9775595368461,132898.42271851478,4904,36,3269.512195121951,38,3,17,34.24190837578403,0.6367872807017544,43.082264957264954,1027.6709401709395,27.043972109761565,0
4906,4,0,0,41,0.0,0.0,1.0,41,750,300,450,0.4,12,3,9,345.27001806249166,0.402489837398374,0.027044498695688146,0.20619756944625897,132068.34781804736,919.848167324127,132988.19598537148,4905,37,3270.512195121951,38,3,18,34.15640266084604,0.6373355263157895,43.02884615384615,1027.8846153846155,27.049595141700408,0
4907,4,0,0,41,0.0,0.0,1.0,41,700,500,200,0.7142857142857143,9,5,4,343.38096445559,0.40210873983739837,0.02488707281585434,0.20521811428519784,132095.8034279348,871.8368763240499,132967.64030425885,4906,38,3271.512195121951,38,3,18,34.177319337629044,0.637609649122807,43.00213675213675,1027.9914529914524,27.052406657669803,0
4908,4,0,0,41,0.0,0.0,1.0,41,750,500,250,0.6666666666666666,10,5,5,342.5921403272051,0.4020579268292683,0.02790497307570461,0.20519286562845993,132178.1873790088,856.6416237490065,133034.82900275782,4907,39,3272.512195121951,38,3,19,34.1147186147186,0.6384320175438596,42.92200854700855,1028.3119658119667,27.060841205578072,0
4909,4,0,0,41,0.0,0.0,1.0,41,1150,700,450,0.6086956521739131,16,7,9,348.2203473590604,0.4012957317073171,0.03596067141072323,0.20948359264389735,132344.40646701373,1017.0030381944257,133361.40950520817,4908,40,3273.512195121951,39,2,20,33.80281096038335,0.6383547008547008,42.76041666666666,1028.958333333332,26.383547008546973,0
4910,4,0,0,41,0.0,0.0,1.0,41,850,700,150,0.8235294117647058,10,7,3,356.2776382986433,0.4003048780487805,0.006242052941856313,0.20965022779565531,131506.13667052437,1180.1311728394703,132686.26784336384,4909,41,3274.512195121951,35,6,19,34.44058903182126,0.6375,43.57638888888887,1025.6944444444418,29.305555555555483,4
4911,4,0,0,41,0.0,0.0,1.0,41,550,500,50,0.9090909090909091,6,5,1,358.4632430621766,0.40076219512195127,0.009062770830754019,0.21142891881212184,131595.18771701367,1234.4075520833087,132829.595269097,4910,42,3275.512195121951,35,6,17,34.29462774957698,0.6383928571428572,43.48958333333332,1026.041666666665,29.31547619047614,0
4912,4,0,0,41,0.0,0.0,1.0,41,1150,1000,150,0.8695652173913043,13,10,3,361.6796354992865,0.4011432926829268,0.00804003434266165,0.21458403357957032,131819.1518165125,1335.2605561642754,133154.41237267677,4911,43,3276.512195121951,36,5,17,33.986045619037164,0.638599537037037,43.2713963963964,1026.9144144144148,28.52540040040041,0
4913,4,0,1,40,0.0,0.024390243902439025,0.975609756097561,41,750,400,350,0.5333333333333333,11,4,7,362.4333566748313,0.4009654471544715,0.0093742814209552,0.21552262578799286,131905.8987196656,1361.4195276357464,133267.31824730133,4912,44,3277.512195121951,36,5,19,33.879174888547844,0.6394675925925926,43.18693693693694,1027.2522522522522,28.534784784784783,0
4914,4,0,0,40,0.0,0.0,1.0,40,1350,1100,250,0.8148148148148148,16,11,5,368.8202354536739,0.3967013888888889,0.015982867448151472,0.2187281503305478,131803.09070644723,1722.3293895747622,133525.420096022,4913,82,3359.35,35,5,19,33.81894349263601,0.6404761904761904,43.28703703703704,1026.8518518518522,29.33862433862435,0
4915,4,0,0,40,0.0,0.0,1.0,40,1150,1000,150,0.8695652173913043,13,10,3,366.7234100215081,0.3959668803418803,0.016559793927436006,0.21823990017131248,131934.82069485035,1676.7174691583593,133611.5381640087,4914,83,3360.35,36,4,19,33.73981511929554,0.6397569444444444,43.15878378378379,1027.3648648648657,28.537912912912937,0
4916,4,0,0,40,0.0,0.0,1.0,40,800,500,300,0.625,11,5,6,370.59214705491485,0.3954193376068376,0.017325810692375043,0.2213851517223341,132079.4781267756,1789.5234761788968,133869.0016029545,4915,84,3361.35,36,4,19,33.49446757230498,0.6412037037037037,43.018018018018026,1027.9279279279292,28.553553553553588,0
4917,4,0,0,40,0.0,0.0,1.0,40,800,500,300,0.625,11,5,6,372.84877251598084,0.3952457264957265,0.015371344068353832,0.22290349995405315,132108.4191243609,1851.2923819089465,133959.71150626984,4916,85,3362.35,36,4,19,33.40727352393473,0.6414930555555556,42.98986486486487,1028.040540540541,28.556681681681695,0
4918,4,0,0,40,0.0,0.0,1.0,40,800,600,200,0.75,10,6,4,373.213433290447,0.39459134615384617,0.01279317697228155,0.22383260896831145,132228.78674207442,1869.911895967982,134098.6986380424,4917,86,3363.35,37,3,19,33.276474769012076,0.6407657657657657,42.872807017543856,1028.508771929824,27.797534376481728,0
4919,4,0,0,40,0.0,0.0,1.0,40,350,300,50,0.8571428571428571,4,3,1,372.1981077475161,0.3942574786324786,0.009191450804818313,0.22339030382466077,132256.98201610107,1845.1596885580116,134102.1417046591,4918,87,3364.35,37,3,19,33.274148989091415,0.6410472972972974,42.8453947368421,1028.6184210526312,27.80049786628733,0
4920,4,0,0,40,0.0,0.0,1.0,40,850,600,250,0.7058823529411765,11,6,5,370.3477221526661,0.3939636752136752,0.013012786361214834,0.22294505275194157,132369.79316953284,1804.5702764311968,134174.36344596403,4919,88,3365.35,37,3,21,33.208022553720475,0.6421734234234234,42.73574561403508,1029.0570175438588,27.812351825509698,0
4921,4,0,0,40,0.0,0.0,1.0,40,1050,700,350,0.6666666666666666,14,7,7,367.8358526974031,0.39388354700854705,0.009485776805251644,0.22176910908009675,132426.97934420922,1742.281179176261,134169.26052338548,4920,89,3366.35,36,4,21,33.21503464624363,0.6446759259259259,42.68018018018019,1029.2792792792804,28.591091091091123,0
4922,4,0,0,40,0.0,0.0,1.0,40,700,500,200,0.7142857142857143,9,5,4,378.92862517504506,0.3936965811965812,0.0010986066452303156,0.21904610116996115,130822.85534972308,1914.5049438288777,132737.36029355196,4921,90,3367.35,37,3,18,34.55207216863165,0.6266891891891893,44.24342105263158,1023.0263157894743,27.64935988620201,2
4923,4,0,0,40,0.0,0.0,1.0,40,650,400,250,0.6153846153846154,9,4,5,371.6376303221544,0.3932291666666667,-0.003741296197107502,0.2156144983876514,130963.1103440482,1734.1639975761798,132697.27434162438,4922,91,3368.35,37,3,18,34.596389037671855,0.6280968468468469,44.10635964912281,1023.5745614035089,27.664177335229972,0
4924,4,0,0,40,0.0,0.0,1.0,40,700,500,200,0.7142857142857143,9,5,4,366.7656426659235,0.3925747863247863,-0.003956950096380085,0.21325389609055997,131047.29940943362,1612.7293975069194,132660.02880694054,4923,92,3369.35,37,3,18,34.63580709645177,0.6289414414414414,44.02412280701754,1023.9035087719294,27.67306780464674,0
4925,4,0,0,40,0.0,0.0,1.0,40,1000,700,300,0.7,13,7,6,365.77971615585324,0.3926816239316239,-0.006074716334832031,0.21330300301672786,131159.59357686972,1595.1037819328913,132754.6973588026,4924,93,3370.35,37,3,18,34.54738457146935,0.6300675675675675,43.91447368421052,1024.3421052631572,27.684921763869113,0
4926,4,0,0,40,0.0,0.0,1.0,40,800,700,100,0.875,9,7,2,369.6600299843037,0.3925347222222222,-0.0073060460139113825,0.21603958600395964,131243.84576263835,1703.1207919744331,132946.96655461277,4925,94,3371.35,37,3,18,34.36273854110932,0.6309121621621622,43.83223684210525,1024.6710526315776,27.693812233285882,0
4927,4,0,0,40,0.0,0.0,1.0,40,1300,1100,200,0.8461538461538461,15,11,4,359.12786934029214,0.39326923076923076,0.016929239703193932,0.20301094571400455,129954.95158366025,1339.141610880257,131294.0931945405,4926,95,3372.35,37,3,16,35.938788220955665,0.6179617117117118,45.09320175438596,1019.6271929824553,27.55749170222852,7
4928,4,0,0,40,0.0,0.0,1.0,40,1250,800,450,0.64,17,8,9,357.49335183258177,0.3930689102564102,0.017849462365591373,0.20223164063521945,129982.90339335172,1293.6047630039898,131276.5081563557,4927,96,3373.35,37,3,16,35.95206093189964,0.6182432432432432,45.065789473684205,1019.7368421052626,27.560455192034123,0
4929,4,0,0,40,0.0,0.0,1.0,40,1200,800,400,0.6666666666666666,16,8,8,355.8487047519517,0.3931223290598291,0.00825811304534696,0.20216898940303188,130150.67737188368,1262.7899930747938,131413.46736495846,4928,97,3374.35,37,3,17,35.823662153449376,0.6199324324324325,44.901315789473685,1020.3947368421055,27.57823613086772,0
4930,4,0,0,40,0.0,0.0,1.0,40,1100,800,300,0.7272727272727273,14,8,6,355.0187421907538,0.3925347222222222,0.0001020408163263653,0.20227812055054592,130262.58680555562,1249.131944444454,131511.7187500001,4929,98,3375.35,37,3,18,35.73129251700681,0.6210585585585586,44.79166666666667,1020.8333333333339,27.590090090090108,0
4931,4,0,0,40,0.0,0.0,1.0,40,1100,600,500,0.5454545454545454,16,6,10,355.894652782553,0.39278846153846153,-0.002299801455989181,0.20292710202054273,130291.32806793296,1273.9973926629516,131565.32546059592,4930,99,3376.35,36,4,18,35.679783439958825,0.6232638888888888,44.76351351351352,1020.9459459459472,28.359609609609645,0
4932,4,0,1,39,0.0,0.025,0.975,40,1150,800,350,0.6956521739130435,15,8,7,357.43257819800743,0.39245459401709404,0.0012922958227710168,0.20486328376440435,130492.60567577711,1328.4616964937886,131821.06737227092,4931,100,3377.35,36,4,15,35.43641390205371,0.6252893518518519,44.56644144144144,1021.7342342342341,28.381506506506504,0
4933,4,0,0,39,0.0,0.0,1.0,39,600,300,300,0.5,9,3,6,360.64429044817905,0.3914192532613585,-0.0012546067591936438,0.20689593504658688,130528.564453125,1614.8763020833328,132143.44075520834,4932,101,3367.3076923076924,35,4,15,35.31791539245669,0.6276785714285714,44.53125,1021.875,29.196428571428573,0
4934,4,0,0,39,0.0,0.0,1.0,39,1000,700,300,0.7,13,7,6,360.3708658195768,0.3916722896986055,-0.004228010570026086,0.20689692751540079,130558.13426997601,1609.8695773319644,132168.003847308,4933,102,3368.3076923076924,35,4,15,35.294922612306536,0.6279761904761905,44.50231481481482,1021.9907407407409,29.199735449735453,0
4935,4,0,0,39,0.0,0.0,1.0,39,900,500,400,0.5555555555555556,13,5,8,361.5084637334431,0.39108187134502925,-0.005456772493222406,0.20818551294792934,130676.44702717768,1648.1283221879319,132324.57534936562,4934,103,3369.3076923076924,35,4,15,35.1459323824617,0.6291666666666667,44.386574074074076,1022.453703703704,29.212962962962973,0
4936,4,0,0,39,0.0,0.0,1.0,39,950,500,450,0.5263157894736842,14,5,9,360.5012423210456,0.39074448942869994,-0.009608856859365966,0.2082424823289805,130794.8133680556,1630.3385416666708,132425.15190972228,4935,104,3370.3076923076924,35,4,15,35.05176510522742,0.6303571428571428,44.270833333333336,1022.9166666666671,29.22619047619049,0
4937,4,0,0,39,0.0,0.0,1.0,39,850,600,250,0.7058823529411765,11,6,5,357.74074018208114,0.3902665317139002,-0.007656634735019541,0.2071241574295861,130883.62328800155,1564.4808545524702,132448.10414255402,4936,105,3371.3076923076924,35,4,15,35.03244825246013,0.63125,44.18402777777778,1023.2638888888889,29.23611111111111,0
4938,4,0,0,39,0.0,0.0,1.0,39,1050,1000,50,0.9523809523809523,11,10,1,353.8380093596745,0.38987291947818264,-0.008079645443491934,0.20523507766879914,130953.25213304529,1467.2476107864677,132420.49974383175,4937,106,3372.3076923076924,36,3,15,35.06184215351888,0.6299189814814814,44.115990990990994,1023.5360360360368,28.431556556556576,0
4939,4,0,0,39,0.0,0.0,1.0,39,800,600,200,0.75,10,6,4,355.48269898497006,0.38950742240215924,-0.009528645172209194,0.20634340573265494,130982.06948502557,1512.3719158347533,132494.44140086032,4938,107,3373.3076923076924,36,3,15,34.99060322698935,0.6302083333333333,44.08783783783784,1023.6486486486486,28.434684684684683,0
4940,4,0,0,39,0.0,0.0,1.0,39,750,600,150,0.8,9,6,3,359.9758048395059,0.3883265856950067,-0.017825221475980202,0.20957874322730266,131097.3705969484,1638.3762985959029,132735.7468955443,4939,108,3374.3076923076924,36,3,15,34.758952789384935,0.6313657407407407,43.97522522522523,1024.0990990991,28.44719719719722,0
4941,4,0,0,39,0.0,0.0,1.0,39,1100,800,300,0.7272727272727273,14,8,6,357.71134388198385,0.3875955915429599,-0.032662543194819205,0.2053700368321143,130558.134269976,1540.6280384958322,132098.76230847184,4940,109,3375.3076923076924,35,4,14,35.36287278218196,0.6279761904761905,44.50231481481482,1021.9907407407408,29.19973544973545,3
4942,4,0,0,39,0.0,0.0,1.0,39,700,400,300,0.5714285714285714,10,4,6,359.13132088846885,0.3874831309041835,-0.03003065774804914,0.20650050951086954,130617.28395061726,1581.751543209873,132199.03549382713,4941,110,3376.3076923076924,35,4,14,35.26664402173915,0.6285714285714286,44.44444444444444,1022.2222222222221,29.206349206349202,0
4943,4,0,0,39,0.0,0.0,1.0,39,750,400,350,0.5333333333333333,11,4,7,354.54981585886475,0.38790485829959515,-0.026650880430870938,0.2044910034548908,130735.62349965701,1470.458247599448,132206.08174725645,4942,111,3377.3076923076924,35,4,14,35.26388260147881,0.6297619047619047,44.3287037037037,1022.6851851851848,29.219576719576708,0
4944,4,0,0,39,0.0,0.0,1.0,39,750,500,250,0.6666666666666666,10,5,5,355.1918234950076,0.3882984705353127,-0.026528800459554303,0.2051755121600575,130794.81336805563,1491.4496527777824,132286.26302083343,4943,112,3378.3076923076924,35,4,14,35.18754243041411,0.6303571428571428,44.270833333333336,1022.9166666666673,29.226190476190496,0
4945,4,0,0,39,0.0,0.0,1.0,39,1450,1100,350,0.7586206896551724,18,11,7,361.93195613903765,0.38812977957714795,-0.03008608866349438,0.20987306807459075,130942.84664619766,1678.4801258144662,132621.32677201214,4944,113,3379.3076923076924,35,4,15,34.86526536997248,0.6318452380952381,44.126157407407405,1023.49537037037,29.242724867724856,0
4946,4,0,0,39,0.0,0.0,1.0,39,900,700,200,0.7777777777777778,11,7,4,361.7985409193321,0.3875674763832659,-0.032804747994621186,0.21060483487199008,131090.963648834,1685.7038751714667,132776.66752400546,4945,114,3380.3076923076924,35,4,16,34.71876883664858,0.6333333333333333,43.98148148148148,1024.074074074074,29.259259259259256,0
4947,4,0,0,39,0.0,0.0,1.0,39,1350,1200,150,0.8888888888888888,15,12,3,358.7597381834647,0.3872863247863248,-0.03251552048298134,0.20931987097309473,131179.87403817306,1612.4114529749759,132792.28549114804,4946,115,3381.3076923076924,35,4,17,34.70664802470531,0.6342261904761906,43.89467592592593,1024.4212962962968,29.269179894179906,0
4948,4,0,0,39,0.0,0.0,1.0,39,800,500,300,0.625,11,5,6,358.7597381834647,0.387089518668466,-0.03251552048298134,0.20931987097309473,131179.87403817306,1612.4114529749759,132792.28549114804,4947,116,3382.3076923076924,35,4,17,34.70664802470531,0.6342261904761906,43.89467592592593,1024.4212962962968,29.269179894179906,0
4949,4,0,0,39,0.0,0.0,1.0,39,1100,800,300,0.7272727272727273,14,8,6,359.43044999092905,0.38787674313990106,-0.02518061648496439,0.21036065001121476,131298.46810967516,1638.533495156046,132937.0016048312,4948,117,3383.3076923076924,35,4,17,34.5695699228308,0.6354166666666667,43.77893518518519,1024.88425925926,29.28240740740743,0
4950,4,0,0,39,0.0,0.0,1.0,39,900,600,300,0.6666666666666666,12,6,6,359.57432745059157,0.38762370670265406,-0.02897644361058971,0.21060782036391798,131328.12500000012,1644.4444444444594,132972.56944444458,4949,118,3384.3076923076924,35,4,17,34.53590785907859,0.6357142857142857,43.75000000000001,1025.000000000001,29.285714285714313,0
4951,4,0,0,39,0.0,0.0,1.0,39,1100,800,300,0.7272727272727273,14,8,6,366.30740229345633,0.38751124606387766,-0.023696973417643763,0.20118235601226697,128819.2451801482,1641.8288912465564,130461.07407139475,4950,119,3385.3076923076924,35,4,17,36.91295652339148,0.6104166666666666,46.20949074074073,1015.162037037036,29.0046296296296,7
4952,4,0,0,39,0.0,0.0,1.0,39,900,500,400,0.5555555555555556,13,5,8,367.94639229056816,0.38765182186234814,-0.02412173059392786,0.2028327599712324,128966.15655006838,1690.5264060356396,130656.68295610402,4951,120,3386.3076923076924,35,4,18,36.721361288362196,0.611904761904762,46.0648148148148,1015.740740740739,29.021164021163973,0
4953,4,0,0,39,0.0,0.0,1.0,39,550,200,350,0.36363636363636365,9,2,7,366.38075023512357,0.3876799370220423,-0.01735106998264846,0.2022698255071641,129024.94454089484,1654.4511959876356,130679.39573688248,4952,121,3387.3076923076924,35,4,18,36.70112781954889,0.6125,46.006944444444436,1015.9722222222204,29.027777777777725,0
4954,4,0,0,39,0.0,0.0,1.0,39,1050,700,350,0.6666666666666666,14,7,7,364.81891050517874,0.38745501574448943,-0.009494945955888623,0.2020075455268902,129142.56071030517,1622.7296596364852,130765.29036994166,4953,122,3388.3076923076924,35,4,18,36.620834282243976,0.6136904761904762,45.8912037037037,1016.4351851851849,29.04100529100528,0
4955,4,0,0,39,0.0,0.0,1.0,39,1150,900,250,0.782608695652174,14,9,5,369.8789156696844,0.3868364822312191,-0.009381315238148558,0.20543877123340298,129263.69214965405,1762.4096493929235,131026.10179904697,4954,123,3389.3076923076924,33,6,18,36.36870330200047,0.6193181818181819,45.77205882352941,1016.9117647058829,30.81550802139039,0
4956,4,0,0,39,0.0,0.0,1.0,39,1200,900,300,0.75,15,9,6,359.8578376546833,0.38641475483580745,-0.004465523698436558,0.1913197952533997,127518.18700034486,1377.6838071179213,128895.87080746278,4955,124,3390.3076923076924,36,3,15,38.407756345932285,0.5951967592592593,47.494369369369366,1010.0225225225219,28.056181181181163,4
4957,4,0,0,39,0.0,0.0,1.0,39,850,700,150,0.8235294117647058,10,7,3,358.34698464407575,0.3862460638776428,-0.00680826252111455,0.1907852106375075,127575.06397867457,1343.2278985066118,128918.29187718118,4956,125,3391.3076923076924,36,3,16,38.38758220934121,0.595775462962963,47.43806306306306,1010.2477477477473,28.062437437437424,0
4958,4,0,0,39,0.0,0.0,1.0,39,1100,900,200,0.8181818181818182,13,9,4,355.59993017625163,0.38593679712100765,-0.007587184057772145,0.18999196269416854,127717.31190650095,1283.253439250048,129000.565345751,4957,126,3392.3076923076924,36,3,16,38.31119095365419,0.5972222222222222,47.29729729729729,1010.8108108108097,28.078078078078047,0
4959,4,0,0,39,0.0,0.0,1.0,39,700,500,200,0.7142857142857143,9,5,4,352.9626643417663,0.38593679712100765,-0.0035059770055867467,0.1892512052808001,127859.63909433072,1225.9357753023203,129085.57486963304,4958,127,3393.3076923076924,36,3,16,38.23210110232715,0.5986689814814814,47.15653153153153,1011.3738738738731,28.093718718718698,0
4960,4,0,0,39,0.0,0.0,1.0,39,600,200,400,0.3333333333333333,10,2,8,354.78999126034654,0.38590868196131356,-0.005186574942672273,0.19039777017898155,127894.85857427267,1275.1631511618777,129170.02172543455,4959,128,3394.3076923076924,37,2,16,38.14984191508582,0.5971283783783784,47.12171052631578,1011.5131578947354,27.33819345661447,0
4961,4,0,0,39,0.0,0.0,1.0,39,600,400,200,0.6666666666666666,8,4,4,352.8376819648987,0.3864709851551957,-0.004090115923666149,0.1897427814202844,127978.05574792225,1231.096106494279,129209.15185441653,4960,129,3395.3076923076924,37,2,16,38.11407311082211,0.597972972972973,47.03947368421051,1011.8421052631563,27.347083926031253,0
4962,4,0,0,39,0.0,0.0,1.0,39,950,600,350,0.631578947368421,13,6,7,353.8557493524837,0.3859930274403958,0.0012277470841006721,0.1906854887491403,128061.27997316465,1263.044037588468,129324.32401075312,4961,130,3396.3076923076924,37,2,17,38.00317318455927,0.5988175675675675,46.95723684210525,1012.1710526315776,27.355974395448044,0
4963,4,0,0,39,0.0,0.0,1.0,39,1000,600,400,0.6,14,6,8,352.4552850556334,0.38675213675213677,0.003926828794152737,0.19019401793796967,128116.7778186556,1231.0870892966905,129347.86490795229,4962,131,3397.3076923076924,37,2,17,37.98185403805191,0.5993806306306306,46.902412280701746,1012.3903508771918,27.36190137505924,0
4964,4,0,0,39,0.0,0.0,1.0,39,1100,800,300,0.7272727272727273,14,8,6,348.53274768483675,0.38616171839856045,-0.00038307475787147105,0.18859970652400918,128227.80957842791,1138.3181603954981,129366.12773882342,4963,132,3398.3076923076924,37,2,17,37.96766175886832,0.6005067567567568,46.79276315789473,1012.8289473684206,27.373755334281636,0
4965,4,0,0,39,0.0,0.0,1.0,39,800,500,300,0.625,11,5,6,346.3499817436029,0.38573999100314893,0.0014709106602168731,0.18767903116299983,128283.34349270929,1086.1867353416396,129369.53022805093,4964,133,3399.3076923076924,37,2,17,37.966207562145954,0.6010698198198199,46.737938596491226,1013.0482456140351,27.37968231389284,0
4966,4,0,0,39,0.0,0.0,1.0,39,850,600,250,0.7058823529411765,11,6,5,345.14710341332864,0.38585245164192533,0.0016370744646905244,0.1872873976889354,128338.88942992076,1059.1591884041238,129398.04861832489,4965,134,3400.3076923076924,37,2,17,37.939955091440304,0.6016328828828829,46.68311403508772,1013.2675438596493,27.385609293504036,0
4967,4,0,0,39,0.0,0.0,1.0,39,1000,800,200,0.8,12,8,4,347.0673380704967,0.3856275303643724,-0.001236714332853328,0.18911795375002258,128505.59937913588,1120.01926073407,129625.61863986995,4966,135,3401.3076923076924,37,2,13,37.72113027648607,0.603322072072072,46.51864035087719,1013.9254385964912,27.4033902323376,0
4968,4,0,0,39,0.0,0.0,1.0,39,700,200,500,0.2857142857142857,12,2,10,346.9047080973645,0.38585245164192533,0.0024287995741281154,0.18916124649082716,128533.39489073576,1117.7679670668037,129651.16285780256,4967,136,3402.3076923076924,37,2,13,37.69688941753172,0.6036036036036037,46.491228070175445,1014.0350877192994,27.40635372214323,0
4969,4,0,0,39,0.0,0.0,1.0,39,800,600,200,0.75,10,6,4,346.9047080973645,0.38585245164192533,0.0024287995741281154,0.18916124649082716,128533.39489073576,1117.7679670668037,129651.16285780256,4968,137,3403.3076923076924,37,2,13,37.69688941753172,0.6036036036036037,46.491228070175445,1014.0350877192994,27.40635372214323,0
4970,4,0,0,39,0.0,0.0,1.0,39,1050,700,350,0.6666666666666666,14,7,7,362.65185445591476,0.3861898335582546,0.05113715524495799,0.19156844803118978,127257.91229032002,1441.6176131117186,128699.52990343174,4969,138,3404.3076923076924,37,2,18,38.60437948272116,0.5906531531531531,47.75219298245614,1008.9912280701748,27.270033191085805,3
4971,4,0,0,39,0.0,0.0,1.0,39,1000,700,300,0.7,13,7,6,362.89903954307516,0.38621794871794873,0.049983700967075606,0.19182997477971947,127285.57254395567,1438.3624047783726,128723.93494873404,4970,139,3405.3076923076924,37,2,18,38.56973722336917,0.5909346846846847,47.724780701754376,1009.1008771929811,27.27299668089138,0
4972,4,0,0,39,0.0,0.0,1.0,39,800,600,200,0.75,10,6,4,362.29214802826993,0.3861054880791723,0.04485508699235896,0.1921650978712159,127423.91889812241,1432.9370575561607,128856.85595567858,4971,140,3406.3076923076924,37,2,15,38.44302056183028,0.5923423423423424,47.58771929824561,1009.6491228070169,27.287814129919376,0
4973,4,0,0,39,0.0,0.0,1.0,39,900,500,400,0.5555555555555556,13,5,8,363.0067398298365,0.3861054880791723,0.03810796514379633,0.1928080780757087,127479.2784799167,1455.167455370862,128934.44593528756,4972,141,3407.3076923076924,37,2,15,38.3681686572566,0.5929054054054055,47.532894736842096,1009.8684210526299,27.293741109530536,0
4974,4,0,0,39,0.0,0.0,1.0,39,450,100,350,0.2222222222222222,8,1,7,360.77612688190493,0.3863304093567252,0.03740533861015827,0.19201793512206738,127562.34039560234,1404.289420783303,128966.62981638564,4973,142,3408.3076923076924,37,2,16,38.33928054560587,0.59375,47.450657894736835,1010.1973684210514,27.302631578947334,0
4975,4,0,0,39,0.0,0.0,1.0,39,950,700,250,0.7368421052631579,12,7,5,364.3635606940674,0.38604925775978405,0.037244445186291664,0.1944608534404873,127673.13169677192,1503.8873739996707,129177.01907077158,4974,143,3409.3076923076924,37,2,17,38.13503580340674,0.5948761261261262,47.341008771929815,1010.6359649122793,27.31448553816971,0
4976,4,0,0,39,0.0,0.0,1.0,39,1000,800,200,0.8,12,8,4,364.47668154339596,0.387342555105713,0.030785484985168088,0.1952332649014284,127820.21747616681,1517.4977399736804,129337.7152161405,4975,144,3410.3076923076924,38,1,17,37.98137876386688,0.5945723684210527,47.19551282051281,1011.2179487179473,26.610998650472297,0
4977,4,0,0,39,0.0,0.0,1.0,39,1250,900,350,0.72,16,9,7,362.5161622329456,0.3874269005847953,0.04262221391802168,0.19470592967576614,127928.27641034748,1475.2135610709092,129403.48997141838,4976,145,3411.3076923076924,38,1,17,37.92023092899638,0.5956688596491229,47.0886752136752,1011.6452991452971,26.622244714349925,0
4978,4,0,0,39,0.0,0.0,1.0,39,1000,800,200,0.8,12,8,4,358.46690011904724,0.38770805218173643,0.04516067925038958,0.19331097772498382,128090.45041867536,1383.2373392869983,129473.68775796235,4977,146,3412.3076923076924,38,1,17,37.85664028144241,0.5973135964912281,46.92841880341879,1012.286324786323,26.639113810166396,0
4979,4,0,0,39,0.0,0.0,1.0,39,850,600,250,0.7058823529411765,11,6,5,355.70510332870066,0.38745501574448943,0.04624046373721624,0.19234732636673707,128200.04712988572,1320.2936164902608,129520.34074637598,4978,147,3413.3076923076924,37,2,17,37.81443987296088,0.6002252252252251,46.82017543859647,1012.7192982456107,27.370791844475967,0
4980,4,0,0,39,0.0,0.0,1.0,39,850,700,150,0.8235294117647058,10,7,3,354.71692809355216,0.3873144399460189,0.04459984459984523,0.192346503261996,128311.11495844832,1302.8249076638506,129613.93986611217,4979,148,3414.3076923076924,37,2,19,37.72591991341991,0.6013513513513513,46.71052631578945,1013.1578947368386,27.38264580369834,0
4981,4,0,0,39,0.0,0.0,1.0,39,900,500,400,0.5555555555555556,13,5,8,356.4886052156887,0.3876799370220423,0.03359265576680426,0.19398099795285667,128450.0173731337,1358.193506655858,129808.21087978955,4980,149,3415.3076923076924,37,2,16,37.539097710474124,0.602759009009009,46.573464912280684,1013.7061403508744,27.397463252726336,0
4982,4,0,0,39,0.0,0.0,1.0,39,1000,600,400,0.6,14,6,8,354.9359295819257,0.3877361673414305,-0.001716259528759423,0.19102006392045462,128009.35057345321,1287.0235681934475,129296.37414164665,4981,150,3416.3076923076924,38,1,17,38.02897135416665,0.5964912280701755,47.00854700854701,1011.9658119658125,26.630679262258223,6
4983,4,0,0,39,0.0,0.0,1.0,39,1000,800,200,0.8,12,8,4,355.12879134278296,0.3885796221322537,0.001266223488445517,0.19176954732510287,128144.53125000001,1301.633839213968,129446.16508921399,4982,151,3417.3076923076924,37,2,17,37.885802469135804,0.5996621621621622,46.875,1012.5000000000001,27.364864864864867,0
4984,4,0,0,39,0.0,0.0,1.0,39,1200,1000,200,0.8333333333333334,14,10,4,403.11578436165075,0.3885515069725596,0.014553729724008813,0.2134531120472349,127354.73632812509,2593.608940972237,129948.34526909732,4983,152,3418.3076923076924,35,4,15,37.48387512899898,0.5955357142857143,47.65625000000001,1009.3750000000007,28.839285714285733,8
4985,4,0,0,39,0.0,0.0,1.0,39,850,500,350,0.5882352941176471,12,5,7,403.53667392615756,0.3884390463337832,0.015863216505271005,0.21383030801846592,127383.94445516133,2480.8186514060544,129864.76310656738,4984,153,3419.3076923076924,35,4,15,37.443151417870524,0.5958333333333333,47.627314814814824,1009.490740740742,28.842592592592627,0
4986,4,0,0,39,0.0,0.0,1.0,39,1150,900,250,0.782608695652174,14,9,5,403.53667392615756,0.3884390463337832,0.015863216505271005,0.21383030801846592,127383.94445516133,2480.8186514060544,129864.76310656738,4985,154,3420.3076923076924,35,4,15,37.443151417870524,0.5958333333333333,47.627314814814824,1009.490740740742,28.842592592592627,0
4987,4,0,0,39,0.0,0.0,1.0,39,850,500,350,0.5882352941176471,12,5,7,402.3563681743171,0.3885233918128655,0.01407684960693567,0.213667639216124,127471.58893014834,2457.801113468794,129929.39004361714,4986,155,3421.3076923076924,35,4,15,37.38264087870103,0.5967261904761905,47.54050925925926,1009.8379629629632,28.85251322751323,0
4988,4,0,0,39,0.0,0.0,1.0,39,1150,800,350,0.6956521739130435,15,8,7,400.9418760011805,0.388663967611336,0.011997072211167081,0.21301224786603037,127489.75326678054,2423.196169142142,129912.94943592268,4987,156,3422.3076923076924,36,3,15,37.399643175735946,0.5949074074074074,47.522522522522536,1009.9099099099119,28.05305305305311,0
4989,4,0,0,39,0.0,0.0,1.0,39,1150,700,450,0.6086956521739131,16,7,9,403.72824207108687,0.38751124606387766,0.024277962091402205,0.21524976328602896,127631.95363860499,2505.724854922505,130137.67849352749,4988,157,3423.3076923076924,36,3,15,37.182844830788646,0.5963541666666667,47.381756756756765,1010.4729729729744,28.06869369369373,0
4990,4,0,0,39,0.0,0.0,1.0,39,450,300,150,0.6666666666666666,6,3,3,403.72824207108687,0.38751124606387766,0.024277962091402205,0.21524976328602896,127631.95363860499,2505.724854922505,130137.67849352749,4989,158,3424.3076923076924,36,3,15,37.182844830788646,0.5963541666666667,47.381756756756765,1010.4729729729744,28.06869369369373,0
4991,4,0,0,39,0.0,0.0,1.0,39,1100,900,200,0.8181818181818182,13,9,4,375.12689218482285,0.3871176338281601,0.03266808905434648,0.20451068465657915,128525.67361378996,1862.8954321680847,130388.56904595804,4990,159,3425.3076923076924,35,4,15,36.98933245824297,0.6074404761904761,46.498842592592574,1014.004629629627,28.97156084656077,7
4992,4,0,0,39,0.0,0.0,1.0,39,950,900,50,0.9473684210526315,10,9,1,377.2351145645616,0.3876799370220423,0.033938372596519883,0.20611524588801824,128613.70991940994,1903.521519204363,130517.23143861431,4991,160,3426.3076923076924,35,4,15,36.84580861098432,0.6083333333333334,46.412037037037024,1014.3518518518501,28.98148148148143,0
4993,4,0,0,39,0.0,0.0,1.0,39,1200,1100,100,0.9166666666666666,13,11,2,378.2209028184777,0.38703328834907785,0.03324443196706017,0.20726505474452547,128731.13854595312,1937.7614883401652,130668.90003429328,4992,161,3427.3076923076924,35,4,16,36.700691909975646,0.6095238095238096,46.29629629629628,1014.8148148148128,28.99470899470894,0
4994,4,0,0,39,0.0,0.0,1.0,39,1300,1000,300,0.7692307692307693,16,10,6,372.98754961533473,0.3867240215924426,0.0392858395594371,0.20500293140512002,128848.6207561728,1811.7862654320872,130660.40702160489,4993,162,3428.3076923076924,35,4,16,36.71340629274964,0.6107142857142858,46.18055555555555,1015.2777777777774,29.007936507936495,0
4995,4,0,0,39,0.0,0.0,1.0,39,1300,900,400,0.6923076923076923,17,9,8,375.67346644108915,0.3864428699955016,0.038173847263721195,0.20755427072915789,129054.34355977784,1896.4585208761869,130950.80208065403,4994,163,3429.3076923076924,35,4,18,36.43507707787521,0.612797619047619,45.97800925925925,1016.087962962962,29.03108465608463,0
4996,4,1,0,40,0.025,0.0,1.0,40,850,800,50,0.9411764705882353,9,8,1,368.0046388599407,0.39176014957264954,0.04277728580916529,0.20496633214924198,129373.18019032551,1521.986090820555,130895.16628114607,4995,0,3344.55,36,4,19,36.30474688214892,0.6140046296296297,45.664414414414416,1017.3423423423427,28.25950950950952,0
4997,4,0,1,39,0.0,0.025,0.975,40,1000,700,300,0.7,13,7,6,369.3895884854213,0.39117254273504276,0.05109248810709133,0.20648809463943876,129516.42679419294,1568.403919121833,131084.8307133148,4996,1,3345.55,36,4,16,36.123557178153916,0.6154513888888888,45.52364864864865,1017.9054054054062,28.27515015015017,0
4998,4,0,0,39,0.0,0.0,1.0,39,350,200,150,0.5714285714285714,5,2,3,376.906941867324,0.38565564552406656,0.05387270218309026,0.20979323065686561,129348.51794249394,1950.470866555209,131298.98880904916,4997,166,3432.3076923076924,35,4,18,36.10348636553269,0.6157738095238094,45.688657407407405,1017.2453703703699,29.064153439153426,0
4999,4,0,0,39,0.0,0.0,1.0,39,1050,600,450,0.5714285714285714,15,6,9,379.27606180639884,0.3853182636077373,0.059680340130698895,0.2117444070770582,129466.28146701395,2020.6922743055661,131486.97374131953,4998,167,3433.3076923076924,35,4,16,35.92310644831116,0.6169642857142856,45.57291666666667,1017.7083333333338,29.077380952380967,0
5000,4,0,0,39,0.0,0.0,1.0,39,750,500,250,0.6666666666666666,10,5,5,377.7669001226527,0.3854588394062078,0.05820827648931326,0.21137644106099587,129554.6392746914,1988.2908950617355,131542.93016975315,4999,168,3434.3076923076924,35,4,16,35.871418826739415,0.6178571428571429,45.486111111111114,1018.055555555556,29.0873015873016,0
