period,mktsize,entries,exits,surviv,entryrate,exitrate,survivrate,firms,totresinv,totinninv,totimiinv,costshareinn,firmsres,firmsinn,firmsimi,hindex,div,gini,pcm,cs,totprofits,ts,maxage,minage,avgage,actfirms,inactfirms,profitablefirms,wmc,avgproxopt,price,totoutput,avgoutput,magtechshock
1,4,40,27,13,1.0,0.675,0.32499999999999996,40,0,0,0,0,0,0,0,377.05446723235013,0.9961004273504274,0.009843557250195811,0.16587048269910534,119497.23863352172,1611.3935297398996,121108.63216326162,0,0,0.0,37,3,13,46.34815053642853,0.5104166666666667,55.56469298245613,977.7412280701743,26.425438596491198,0
2,4,38,33,18,0.7450980392156863,0.6470588235294118,0.3529411764705882,51,450,300,150,0.6666666666666666,6,3,3,347.1592498135556,0.9975490196078433,-0.08574263872382326,0.16543842610276102,122974.54195798674,338.3499464600504,123312.89190444679,1,0,0.2549019607843137,41,10,15,43.42535173701406,0.5401422764227642,52.03373015873015,991.8650793650781,24.191831204026297,0
3,4,28,26,20,0.6086956521739131,0.5652173913043478,0.4347826086956522,46,650,600,50,0.9230769230769231,7,6,1,323.62175090143154,0.9874396135265701,-0.18292682926829262,0.1584973421650355,124133.45148533952,-165.54301697530425,123967.90846836421,2,0,0.6304347826086957,41,5,17,42.80560394889665,0.5520833333333333,50.86805555555556,996.5277777777778,24.305555555555557,0
4,4,20,20,20,0.5,0.5,0.5,40,350,100,250,0.2857142857142857,6,1,5,313.5078044109625,0.9805555555555555,-0.13509849715678357,0.15752167642036502,125203.33465529747,-149.55548945736223,125053.77916584011,3,0,1.075,40,0,15,41.95268074735987,0.5645833333333334,49.79674796747966,1000.8130081300789,25.02032520325197,0
5,4,17,19,18,0.4594594594594595,0.5135135135135135,0.4864864864864865,37,600,600,0,1.0,6,6,0,362.96117678663023,0.9784784784784785,-0.14432556667425878,0.1835294007913361,125466.44310028091,1707.889566982154,127174.33266726306,4,0,1.5405405405405406,37,0,15,40.443047499179166,0.5723536036036037,49.53399122807018,1001.8640350877198,27.077406353722157,7
6,4,12,10,20,0.4,0.3333333333333333,0.6666666666666667,30,450,200,250,0.4444444444444444,7,2,5,399.4184119318526,0.9648946360153257,-0.08200617698402046,0.20084192529753586,125235.32570600648,4004.258982252287,129239.58468825876,5,0,2.033333333333333,30,0,15,39.76992972561657,0.5857638888888889,49.76478494623656,1000.9408602150537,33.36469534050179,6
7,4,10,9,21,0.3333333333333333,0.3,0.7,30,600,300,300,0.5,9,3,6,401.03144288772893,0.9673371647509579,-0.10649490069779921,0.20247197238478018,125403.55098855354,4058.153399236899,129461.70438779044,6,0,2.6,30,0,17,39.55481749865808,0.5875,49.596774193548384,1001.6129032258061,33.38709677419354,0
8,4,13,10,24,0.38235294117647056,0.29411764705882354,0.7058823529411764,34,650,300,350,0.46153846153846156,10,3,7,369.46822593566577,0.9524286987522282,-0.0796344284731727,0.19394218654663864,127002.00007086157,2584.6407312925003,129586.64080215407,7,0,2.764705882352941,34,0,19,38.69557300893665,0.5940563725490197,48.00595238095237,1007.9761904761896,29.64635854341734,0
9,4,10,11,23,0.29411764705882354,0.3235294117647059,0.6764705882352942,34,550,300,250,0.5454545454545454,8,3,5,354.1321361699895,0.9613413547237077,-0.07489058587708175,0.1878295589029194,127422.33737244889,2224.8689058956784,129647.20627834457,8,0,3.4705882352941178,34,0,17,38.650611170066405,0.5983455882352942,47.58928571428571,1009.6428571428564,29.695378151260485,0
10,4,4,3,24,0.14814814814814814,0.1111111111111111,0.8888888888888888,27,450,300,150,0.6666666666666666,6,3,3,412.4679604343038,0.9526353276353277,-0.024922118380062086,0.21016224650700255,125782.47070312501,4976.247829861111,130758.71853298612,9,0,4.666666666666667,27,0,22,38.87482692973346,0.6006944444444444,49.21875,1003.1250000000001,37.15277777777778,3
11,4,2,2,24,0.07692307692307693,0.07692307692307693,0.9230769230769231,26,850,500,350,0.5882352941176471,12,5,7,414.44974529849424,0.9446794871794871,-0.05574881970821077,0.21132061130866733,125811.4979852537,5228.508659122075,131040.00664437578,10,0,5.423076923076923,26,0,22,38.794993077988,0.6045673076923077,49.18981481481481,1003.2407407407402,38.58618233618232,0
12,4,6,4,26,0.2,0.13333333333333333,0.8666666666666667,30,350,200,150,0.5714285714285714,5,2,3,367.7476754328326,0.9477011494252874,-0.03936245782276704,0.19444010895420477,127295.38819516712,3362.5166204185516,130657.90481558567,11,0,5.5,30,0,21,38.43733351092169,0.6069444444444445,47.715053763440864,1009.139784946237,33.63799283154123,0
13,4,1,4,23,0.037037037037037035,0.14814814814814814,0.8518518518518519,27,800,500,300,0.625,11,5,6,396.5884115869961,0.9451566951566952,-0.030316452581327757,0.20806299858084615,126979.50159881651,4671.719768636608,131651.2213674531,12,0,6.62962962962963,27,0,22,38.035367144052366,0.6130401234567902,48.0282738095238,1007.8869047619039,37.329144620811256,0
14,4,12,12,23,0.34285714285714286,0.34285714285714286,0.6571428571428571,35,400,200,200,0.5,6,2,4,337.605215328689,0.9549719887955181,-0.1386151536905308,0.18337911075794022,128379.0134173523,1668.2848936899584,130047.29831104225,13,0,5.285714285714286,35,0,16,38.09007156997106,0.605952380952381,46.643518518518505,1013.4259259259239,28.9550264550264,0
15,4,4,3,24,0.14814814814814814,0.1111111111111111,0.8888888888888888,27,750,400,350,0.5333333333333333,11,4,7,401.1017796913166,0.9303181386514721,-0.026273437968827418,0.21357490057445863,127580.14289700246,4834.52447385203,132414.6673708545,14,0,7.555555555555555,27,0,20,37.3025298276624,0.619212962962963,47.43303571428571,1010.2678571428564,37.417328042328016,0
16,4,4,4,24,0.14285714285714285,0.14285714285714285,0.8571428571428572,28,300,200,100,0.6666666666666666,4,2,2,393.16555103923093,0.9335868606701939,-0.05107188534075002,0.21039589221772373,127781.10394784648,4447.825629211258,132228.92957705774,15,0,8.142857142857142,28,0,20,37.29631471744588,0.6179315476190477,47.23419540229885,1011.0632183908045,36.10940065681445,0
17,4,2,1,25,0.07692307692307693,0.038461538461538464,0.9615384615384616,26,750,500,250,0.6666666666666666,10,5,5,410.75694889575186,0.9305128205128205,-0.0034879624192605263,0.219450082811352,127715.20395137943,5291.981500533462,133007.1854519129,16,0,9.692307692307692,26,0,22,36.91952926208651,0.6241987179487178,47.29938271604939,1010.802469135803,38.87701804368473,0
18,4,3,3,25,0.10714285714285714,0.10714285714285714,0.8928571428571429,28,850,500,350,0.5882352941176471,12,5,7,385.27413119153306,0.929508377425044,-0.007189403598243382,0.2103364340356561,128581.32524524386,4307.811674263459,132889.13691950732,17,0,9.892857142857142,28,0,19,36.67510742786987,0.6261160714285714,46.44396551724139,1014.2241379310353,36.22229064039412,0
19,4,2,2,25,0.07407407407407407,0.07407407407407407,0.9259259259259259,27,700,600,100,0.8571428571428571,8,6,2,396.32660956503474,0.9285375118708452,-0.009438681194406273,0.21563712974097596,128446.04768990942,4781.317318594125,133227.36500850355,18,0,10.851851851851851,27,0,20,36.533568212957526,0.6280864197530863,46.57738095238096,1013.6904761904772,37.544091710758416,0
20,4,2,2,25,0.07407407407407407,0.07407407407407407,0.9259259259259259,27,750,400,350,0.5333333333333333,11,4,7,393.0960567788575,0.9277065527065528,-0.006085898104677634,0.21469092331768383,128596.93877551025,4710.189909297055,133307.1286848073,19,0,11.777777777777779,27,0,21,36.46077856025039,0.6296296296296295,46.42857142857143,1014.2857142857147,37.56613756613758,0
21,4,1,1,25,0.038461538461538464,0.038461538461538464,0.9615384615384616,26,550,300,250,0.5454545454545454,8,3,5,407.32546823990776,0.9230128205128205,-0.0020557332115120897,0.22124949130946872,128379.01341735263,5258.408350480123,133637.42176783274,20,0,12.884615384615385,26,0,21,36.32366377341252,0.6310096153846153,46.643518518518526,1013.4259259259268,38.97792022792026,0
22,4,2,2,25,0.07407407407407407,0.07407407407407407,0.9259259259259259,27,950,800,150,0.8421052631578947,11,8,3,398.4382659247856,0.9245014245014246,-0.02098403388725978,0.21843641266937594,128747.91843820854,4859.6194727891025,133607.53791099763,21,0,13.333333333333334,27,0,21,36.17057673509285,0.6311728395061729,46.2797619047619,1014.8809523809517,37.58818342151673,0
23,4,1,2,24,0.038461538461538464,0.07692307692307693,0.9230769230769231,26,700,500,200,0.7142857142857143,9,5,4,410.7120564233665,0.9241025641025641,-0.004108338405356182,0.22418601618059486,128574.57895137924,5361.425944977881,133936.00489635713,22,0,14.807692307692308,26,0,21,36.03703844593224,0.6330128205128206,46.450617283950606,1014.1975308641966,39.00759734093064,0
24,4,2,2,24,0.07692307692307693,0.07692307692307693,0.9230769230769231,26,1000,700,300,0.7,13,7,6,409.03059916423547,0.9172435897435898,-0.017520782910659838,0.22481305863838785,128848.62075617268,5340.605709876518,134189.2264660492,23,0,15.076923076923077,26,0,21,35.7985636114911,0.6358173076923078,46.18055555555554,1015.2777777777765,39.04914529914525,0
25,4,3,1,26,0.1111111111111111,0.037037037037037035,0.962962962962963,27,800,400,400,0.5,12,4,8,395.7197366094415,0.9144112060778727,-0.013345899277457995,0.22071219893436866,129428.42306193298,4843.4762967686875,134271.89935870166,24,0,15.407407407407407,27,0,20,35.543409378960696,0.6381172839506174,45.61011904761904,1017.5595238095227,37.687389770723065,0
26,4,0,1,25,0.0,0.038461538461538464,0.9615384615384616,26,900,800,100,0.8888888888888888,10,8,2,410.7961493656653,0.9094871794871795,0.0072443480086792356,0.22917003459536356,129436.83556241421,5434.4307270233085,134871.2662894375,25,1,17.0,26,0,20,35.15127388535033,0.6418269230769231,45.60185185185185,1017.5925925925922,39.138176638176624,0
27,4,0,0,25,0.0,0.0,1.0,25,850,500,350,0.5882352941176471,12,5,7,425.80727389243634,0.9072222222222223,0.011795841209829794,0.23710741883063047,129364.36760355036,6016.857741617365,135381.22534516774,26,2,18.16,25,0,23,34.84365154379332,0.645,45.67307692307693,1017.3076923076928,40.692307692307715,0
28,4,1,1,25,0.038461538461538464,0.038461538461538464,0.9615384615384616,26,850,600,250,0.7058823529411765,11,6,5,413.69184757705676,0.9106410256410257,-0.0015729499219347964,0.23263999810082842,129751.0978699892,5535.394280597453,135286.49215058665,27,0,18.423076923076923,26,0,21,34.75619761688378,0.6450320512820513,45.2932098765432,1018.827160493826,39.18566001899331,0
29,4,0,0,25,0.0,0.0,1.0,25,900,700,200,0.7777777777777778,11,7,4,429.8787962078817,0.9045833333333333,0.013744493392070956,0.24137010854216387,129690.6332182774,6150.250657462195,135840.8838757396,28,4,20.16,25,0,21,34.40581078246277,0.6483333333333334,45.3525641025641,1018.5897435897432,40.74358974358973,0
30,4,0,1,24,0.0,0.04,0.96,25,900,700,200,0.7777777777777778,11,7,4,429.1707551909843,0.90375,0.005604691710254794,0.22965549571670232,127779.7071468196,5967.862682856683,133747.56982967627,29,5,21.16,25,0,22,36.38766708934325,0.6287499999999999,47.23557692307693,1011.0576923076928,40.442307692307715,6
31,4,5,4,25,0.1724137931034483,0.13793103448275862,0.8620689655172413,29,900,600,300,0.6666666666666666,12,6,6,379.18140902437716,0.9145114942528735,-0.0381936749388192,0.20896410280295932,128954.40055941358,3979.422260802477,132933.82282021607,30,0,18.724137931034484,29,0,19,36.448077624321996,0.6267959770114943,46.07638888888889,1015.6944444444445,35.02394636015326,0
32,4,0,0,25,0.0,0.0,1.0,25,600,300,300,0.5,9,3,6,428.78586401139705,0.9016666666666666,0.033633481293595224,0.2292187483206689,127739.2032380013,5954.5529257067665,133693.75616370805,31,1,22.72,25,0,21,36.43917776368631,0.6283333333333334,47.27564102564102,1010.8974358974358,40.43589743589743,1
33,4,5,4,26,0.16666666666666666,0.13333333333333333,0.8666666666666667,30,1050,800,250,0.7619047619047619,13,8,5,370.65849273162536,0.9172413793103449,-0.02980506306783126,0.20448444438435215,128996.49706613479,3562.729434038614,132559.2265001734,32,0,19.766666666666666,30,0,20,36.62151583311281,0.6243055555555556,46.034946236559136,1015.8602150537632,33.862007168458774,0
34,4,2,1,27,0.07142857142857142,0.03571428571428571,0.9642857142857143,28,850,800,50,0.9411764705882353,9,8,1,387.76839226922516,0.906194885361552,0.00586474680472393,0.2126704909153576,128763.54207953489,4386.08633901439,133149.62841854928,33,0,22.107142857142858,28,0,21,36.42530200075499,0.6279761904761905,46.26436781609195,1014.9425287356318,36.24794745484399,0
35,4,1,2,26,0.03571428571428571,0.07142857142857142,0.9285714285714286,28,650,500,150,0.7692307692307693,8,5,3,386.4780030141711,0.9085648148148148,0.003664947932463969,0.2121575051511358,128800.00092895362,4355.673429449074,133155.6743584027,34,0,23.071428571428573,28,0,21,36.42073602264686,0.6283482142857143,46.22844827586207,1015.0862068965517,36.25307881773399,0
36,4,0,0,26,0.0,0.0,1.0,26,650,200,450,0.3076923076923077,11,2,9,415.3975796724533,0.8988461538461539,0.02371638714513269,0.22585524033846646,128418.11461667434,5468.914799573247,133887.0294162476,35,2,25.692307692307693,26,0,21,36.07896873731223,0.6314102564102564,46.604938271604944,1013.5802469135807,38.98385565052234,0
37,4,1,0,27,0.037037037037037035,0.0,1.0,27,650,400,250,0.6153846153846154,9,4,5,413.4258878031934,0.9024216524216525,0.009192232563484337,0.21609882892199334,126829.56271701379,5086.924913194434,131916.48763020823,36,0,25.703703703703702,27,0,22,37.76607204412271,0.611496913580247,48.17708333333333,1007.2916666666658,37.307098765432066,8
38,4,4,0,31,0.12903225806451613,0.0,1.0,31,900,800,100,0.8888888888888888,10,8,2,364.6781895200454,0.9094086021505376,0.00451231347307135,0.197250831577671,128210.45769585486,3151.111518012129,131361.56921386698,37,0,23.258064516129032,31,0,24,37.57660495414417,0.6135752688172044,46.80989583333332,1012.7604166666652,32.669690860215006,0
39,4,2,3,30,0.06060606060606061,0.09090909090909091,0.9090909090909091,33,800,400,400,0.5,12,4,8,345.1535320596098,0.9104324494949496,0.0032348603777170304,0.18916058232863167,128734.59314025832,2286.639904123379,131021.2330443817,38,0,22.78787878787879,33,0,21,37.536101718794015,0.6139520202020203,46.29289215686273,1014.8284313725471,30.752376708259003,0
40,4,0,0,30,0.0,0.0,1.0,30,1000,900,100,0.9,11,9,2,374.23934527253454,0.9007662835249043,0.016724153179445533,0.20295080465211274,128314.69859232294,3604.081758006716,131918.78035032965,39,1,26.0,30,0,23,37.227768196692296,0.617361111111111,46.70698924731183,1013.1720430107537,33.77240143369179,0
41,4,2,1,31,0.0625,0.03125,0.96875,32,950,700,250,0.7368421052631579,12,7,5,354.7432309645687,0.9083501344086022,0.0071810494901767274,0.19513304127339687,128880.67065860632,2743.9091036629015,131624.57976226922,40,0,25.3125,32,0,22,37.14379714830475,0.6178385416666666,46.1489898989899,1015.4040404040409,31.731376262626277,0
42,4,2,2,31,0.06060606060606061,0.06060606060606061,0.9393939393939394,33,750,400,350,0.5333333333333333,11,4,7,347.95476510717316,0.9120107323232324,0.00422357162169118,0.1926526583310342,129139.10064638591,2386.9130863129503,131526.01373269886,41,0,25.484848484848484,33,0,22,37.05288963909655,0.6180555555555556,45.89460784313725,1016.4215686274501,30.800653594771216,0
43,4,0,1,30,0.0,0.03225806451612903,0.967741935483871,31,1150,800,350,0.6956521739130435,15,8,7,367.3198374366974,0.9006272401433691,0.01191372477641095,0.20200000651137998,128870.65463595928,3267.349582248274,132138.00421820756,42,2,28.129032258064516,31,0,22,36.83476532444215,0.6202956989247311,46.15885416666667,1015.3645833333339,32.75369623655916,0
44,4,0,0,30,0.0,0.0,1.0,30,1050,700,350,0.6666666666666666,14,7,7,375.87926077348806,0.8994731800766284,0.01982184592318159,0.2075435596922424,129030.6344122154,3699.9878959995503,132730.62230821495,43,3,29.466666666666665,30,0,22,36.45406138378092,0.6246527777777777,46.00134408602151,1015.9946236559149,33.866487455197166,0
45,4,2,1,31,0.0625,0.03125,0.96875,32,1000,800,200,0.8,12,8,4,359.36899490377357,0.9015036962365592,0.03207878919320861,0.20207306061871416,129747.52456700853,2925.4474989797054,132672.97206598823,44,0,28.5625,32,0,19,36.14347089684802,0.6266276041666666,45.29671717171718,1018.8131313131317,31.837910353535367,0
46,4,1,3,29,0.03125,0.09375,0.90625,32,1250,700,550,0.56,18,7,11,359.13236012997334,0.9040238575268817,0.02285990712074315,0.20293868495798018,129940.5533395828,2933.171519487821,132873.72485907061,45,0,29.34375,32,0,19,35.95330237358101,0.6285807291666666,45.10732323232324,1019.5707070707078,31.86158459595962,0
47,4,0,0,29,0.0,0.0,1.0,29,800,400,400,0.5,12,4,8,380.2236785044921,0.897783251231527,0.04996001317213139,0.2127511117128189,129554.63927469138,4051.948302469142,133606.5875771605,46,2,32.10344827586207,29,0,19,35.80889040472942,0.6329022988505746,45.486111111111114,1018.0555555555558,35.105363984674334,0
48,4,1,0,30,0.03333333333333333,0.0,1.0,30,650,400,250,0.6153846153846154,9,4,5,369.64869791849486,0.8991379310344828,0.042499340891114956,0.2089534293896946,129954.04996242342,3607.469071568968,133561.5190339924,47,0,32.0,30,0,20,35.671522102117926,0.6340277777777779,45.094086021505376,1019.6236559139786,33.98745519713262,0
49,4,0,0,30,0.0,0.0,1.0,30,950,800,150,0.8421052631578947,11,8,3,372.70210265570245,0.8970306513409962,0.04492753623188328,0.21142069948854886,130091.13228407917,3697.047707827499,133788.17999190665,48,1,33.0,30,0,20,35.45427097057531,0.6354166666666666,44.95967741935484,1020.1612903225813,34.005376344086045,0
50,4,0,0,30,0.0,0.0,1.0,30,1150,900,250,0.782608695652174,14,9,5,373.7877892169493,0.8968869731800767,0.03660827955573076,0.21259705494564027,130193.99144771077,3732.9848465140494,133926.97629422482,49,2,34.0,30,0,20,35.32200711181351,0.6364583333333333,44.858870967741936,1020.5645161290327,34.01881720430109,0
51,4,1,1,30,0.03225806451612903,0.03225806451612903,0.967741935483871,31,1100,700,400,0.6363636363636364,15,7,8,364.69211732727473,0.8958781362007169,0.023669611670433355,0.20957782730740177,130595.10125054262,3325.4007975260465,133920.50204806868,50,0,33.87096774193548,31,0,18,35.147027600849256,0.637768817204301,44.466145833333336,1022.1354166666673,32.97211021505378,0
52,4,1,1,30,0.03225806451612903,0.03225806451612903,0.967741935483871,31,850,600,250,0.7058823529411765,11,6,5,368.610894227446,0.8933691756272402,0.01866080778628776,0.2127434661393524,130761.51741875529,3440.02397325302,134201.5413920083,51,0,34.83870967741935,31,0,18,34.87812964141736,0.6394489247311829,44.30338541666666,1022.7864583333322,32.99311155913975,0
53,4,0,1,29,0.0,0.03333333333333333,0.9666666666666667,30,700,400,300,0.5714285714285714,10,4,6,379.7748894395837,0.8929597701149425,0.027582730659653665,0.21830597386152922,130605.83457986449,3920.1632775465064,134525.99785741098,52,5,37.0,30,0,18,34.75071225071224,0.6406250000000002,44.455645161290306,1022.1774193548368,34.07258064516123,0
54,4,1,1,29,0.03333333333333333,0.03333333333333333,0.9666666666666667,30,650,400,250,0.6153846153846154,9,4,5,378.8058163961503,0.8943486590038314,0.004652189265536233,0.20790272713835226,128791.76783443172,3757.4141519250743,132549.1819863568,53,0,37.03333333333333,30,0,21,36.623852401129916,0.6222222222222222,46.236559139784944,1015.0537634408603,33.83512544802868,5
55,4,1,1,29,0.03333333333333333,0.03333333333333333,0.9666666666666667,30,750,400,350,0.5333333333333333,11,4,7,380.1671483902954,0.8929597701149425,-0.005334215751158222,0.20918884239538832,128894.11212640187,3800.261410278639,132694.3735366805,54,0,37.7,30,0,21,36.484667990293396,0.623263888888889,46.13575268817204,1015.4569892473116,33.84856630824372,0
56,4,2,2,29,0.06451612903225806,0.06451612903225806,0.935483870967742,31,700,400,300,0.5714285714285714,10,4,6,368.222230601629,0.8993727598566308,-0.006079881045805369,0.20453880661441823,129267.58660210494,3319.839816623258,132587.4264187282,55,0,37.41935483870968,31,0,23,36.406850192061476,0.6243279569892474,45.768229166666664,1016.9270833333326,32.80409946236556,0
57,4,1,0,30,0.03333333333333333,0.0,1.0,30,1150,900,250,0.782608695652174,14,9,5,378.94932317670043,0.8992337164750959,-0.010377026074700701,0.21087415277950514,129338.07376575332,3802.515102902077,133140.58886865538,56,0,37.833333333333336,30,0,24,36.06220269556025,0.6277777777777778,45.6989247311828,1017.2043010752692,33.906810035842305,0
58,4,1,1,30,0.03225806451612903,0.03225806451612903,0.967741935483871,31,950,600,350,0.631578947368421,13,6,7,370.6572166201093,0.899820788530466,-0.016401845207585808,0.2048589885625589,129069.04432508675,3368.0745442708285,132437.11886935757,57,0,37.58064516129032,31,0,23,36.547497010080306,0.6223118279569892,45.963541666666664,1016.1458333333329,32.77889784946235,2
59,4,0,0,30,0.0,0.0,1.0,30,900,900,0,1.0,9,9,0,381.04685649076987,0.8989463601532567,-0.007658373036880439,0.20985350201488742,128928.23592322801,3825.5398022892664,132753.77572551728,58,1,39.7,30,0,23,36.42745279689429,0.6236111111111111,46.1021505376344,1015.5913978494615,33.85304659498205,0
60,4,2,1,31,0.0625,0.03125,0.96875,32,1100,700,400,0.6363636363636364,15,7,8,383.95685895895053,0.907174059139785,0.023033100465735146,0.204206354924028,127532.8637161811,3461.625982772583,130994.4896989537,59,0,38.15625,30,2,21,37.78415391439344,0.609375,47.47983870967742,1010.0806451612907,33.66935483870969,8
61,4,4,3,32,0.11428571428571428,0.08571428571428572,0.9142857142857143,35,1250,900,350,0.72,16,9,7,352.7621808475628,0.9115546218487395,0.0034241577532974077,0.19171442286143467,128400.34060618833,2060.4201542206847,130460.76076040902,60,0,34.114285714285714,32,3,18,37.68427390889085,0.6129557291666665,46.62247474747476,1013.5101010101025,31.672190656565704,0
62,4,2,2,32,0.058823529411764705,0.058823529411764705,0.9411764705882353,34,950,700,250,0.7368421052631579,12,7,5,361.4640516424159,0.9113562091503269,0.037676976775812054,0.1968083290970526,128474.3330213759,2487.770589192718,130962.10361056862,61,0,36.05882352941177,31,3,19,37.388153951536964,0.616263440860215,46.54947916666667,1013.8020833333337,32.7032930107527,0
63,4,0,0,32,0.0,0.0,1.0,32,900,700,200,0.7777777777777778,11,7,4,382.9410360249759,0.902301747311828,0.052049053887288865,0.20733399968301056,128250.02170138898,3422.4392361111163,131672.4609375001,62,1,38.875,29,3,23,37.07364938982585,0.6196120689655172,46.770833333333336,1012.9166666666674,34.928160919540254,0
64,4,1,1,32,0.030303030303030304,0.030303030303030304,0.9696969696969697,33,550,400,150,0.7272727272727273,7,4,3,373.16038603588396,0.9031723484848485,0.060694349132966785,0.20462847312686705,128757.66210327776,3009.451779107404,131767.11388238517,63,0,38.666666666666664,30,3,21,36.801968834150024,0.621875,46.27016129032258,1014.9193548387091,33.8306451612903,0
65,4,0,0,32,0.0,0.0,1.0,32,1000,600,400,0.6,14,6,8,374.97818527344884,0.9033098118279571,0.06375273635244261,0.20591401624069372,128813.37046682075,3260.4407793209625,132073.8112461417,64,1,39.9375,29,3,21,36.6989043188763,0.625359195402299,46.215277777777764,1015.138888888887,35.004789272030585,0
66,4,0,0,32,0.0,0.0,1.0,32,1850,1600,250,0.8648648648648649,21,16,5,392.3750581549768,0.9033098118279571,0.09286548731642208,0.2043733786912918,126685.75304948557,3541.66594403979,130227.41899352537,65,2,40.9375,30,2,19,38.44459279038719,0.6006944444444444,48.31989247311829,1006.7204301075275,33.55734767025091,6
67,4,2,1,33,0.058823529411764705,0.029411764705882353,0.9705882352941176,34,1550,1200,350,0.7741935483870968,19,12,7,369.440562640581,0.9124331550802139,0.08812493102306629,0.1957373955143436,127378.63363751148,2611.766815886135,129990.40045339761,66,0,39.470588235294116,32,2,14,38.309099437148234,0.6025390625,47.63257575757576,1009.4696969696969,31.545928030303028,0
68,4,4,2,35,0.10810810810810811,0.05405405405405406,0.9459459459459459,37,900,400,500,0.4444444444444444,14,4,10,343.74212636087486,0.9134134134134134,0.10020101172727158,0.18646202915598525,128325.39859693889,1424.464760077596,129749.86335701648,67,0,37.16216216216216,34,3,18,37.98931774566247,0.6075367647058822,46.69642857142858,1013.2142857142867,29.800420168067255,0
69,4,4,3,36,0.10256410256410256,0.07692307692307693,0.9230769230769231,39,750,500,250,0.6666666666666666,10,5,5,328.44761181168855,0.9161043634727846,0.09874837220146615,0.18082665221720456,128915.32368517177,668.3860380651037,129583.70972323687,68,0,36.15384615384615,36,3,17,37.77606823390255,0.609375,46.11486486486487,1015.5405405405414,28.209459459459485,0
70,4,1,1,36,0.02702702702702703,0.02702702702702703,0.972972972972973,37,750,400,350,0.5333333333333333,11,4,7,341.8911106105207,0.911036036036036,0.10934424514816188,0.18772089505318162,128808.33510487532,1407.6849489795914,130216.02005385491,69,0,39.08108108108108,34,3,18,37.54373363042882,0.6124387254901962,46.220238095238095,1015.1190476190479,29.856442577030823,0
71,4,0,0,36,0.0,0.0,1.0,36,850,500,350,0.5882352941176471,12,5,7,344.3932750118486,0.90869708994709,0.0856766256590511,0.1902522072638271,129050.14349489802,1688.8003117913909,130738.9438066894,70,2,41.166666666666664,34,2,18,37.23393868385081,0.6148897058823529,45.98214285714286,1016.071428571429,29.88445378151262,1
72,4,0,1,35,0.0,0.027777777777777776,0.9722222222222222,36,1350,900,450,0.6666666666666666,18,9,9,345.3576092425872,0.9085648148148149,0.09656435391640938,0.19166769791877863,129232.5386419884,1726.3766934469604,130958.91533543536,71,3,42.166666666666664,33,3,19,37.02379876260496,0.6190025252525254,45.80269607843136,1016.7892156862724,30.811794414735527,0
73,4,2,2,35,0.05405405405405406,0.05405405405405406,0.9459459459459459,37,1100,600,500,0.5454545454545454,16,6,10,333.4335344583277,0.9107232232232232,0.0852876714059232,0.18748516346217897,129746.60572562342,1252.37386621313,130998.97959183656,72,0,40.4054054054054,34,3,16,36.80498753602866,0.621936274509804,45.29761904761904,1018.8095238095225,29.964985994397722,0
74,4,0,0,35,0.0,0.0,1.0,35,1200,900,300,0.75,15,9,6,350.8526703011795,0.9077731092436974,0.09894211748516368,0.19595369380304595,129481.8718311465,2085.812097510554,131567.68392865706,73,1,43.57142857142857,33,2,16,36.63041842263696,0.6215277777777779,45.55759803921568,1017.769607843136,30.841503267973817,0
75,4,1,1,35,0.027777777777777776,0.027777777777777776,0.9722222222222222,36,700,400,300,0.5714285714285714,10,4,6,342.38049190487305,0.9112103174603176,0.10490906258519272,0.1926649986991326,129776.92920918355,1686.6177721088206,131463.54698129237,74,0,43.333333333333336,34,2,17,36.54632550531601,0.6222426470588236,45.26785714285713,1018.9285714285704,29.968487394957954,0
76,4,1,0,36,0.027777777777777776,0.0,1.0,36,800,500,300,0.625,11,5,6,337.4656912156324,0.9097552910052911,0.11222348269994353,0.19154926388060511,130114.9386600865,1581.86554248113,131696.80420256764,75,0,42.72222222222222,35,1,18,36.32881924749479,0.6235119047619049,44.93634259259259,1020.2546296296289,29.150132275132254,0
77,4,1,3,34,0.02702702702702703,0.08108108108108109,0.9189189189189189,37,1150,700,450,0.6086956521739131,16,7,9,328.5813272793478,0.9122247247247247,0.10862267525912128,0.18778507978710904,130380.76560356651,1168.2207272376515,131548.98633080415,76,0,42.54054054054054,35,2,19,36.28645361136296,0.6261904761904762,44.675925925925924,1021.2962962962962,29.179894179894177,0
78,4,0,0,34,0.0,0.0,1.0,34,1050,800,250,0.7619047619047619,13,8,5,350.158158158158,0.9050430778371955,0.11451333686627785,0.19870938423085657,130106.25608239612,2311.5533989330897,132417.80948132923,77,2,44.76470588235294,33,1,19,36.01388888888887,0.6278409090909092,44.944852941176464,1020.2205882352936,30.915775401069503,0
79,4,1,1,34,0.02857142857142857,0.02857142857142857,0.9714285714285714,35,1150,1100,50,0.9565217391304348,12,11,1,339.2437213384716,0.9063025210084033,0.10598541118475868,0.19374385097479419,130353.74858276639,1844.3381519274321,132198.08673469382,78,0,44.457142857142856,34,1,19,36.041569518924376,0.6280637254901962,44.70238095238095,1021.1904761904758,30.03501400560223,0
80,4,0,1,33,0.0,0.029411764705882353,0.9705882352941176,34,1200,1000,200,0.8333333333333334,14,10,4,350.0172648211584,0.902295008912656,0.12278961746705264,0.19991047757057662,130356.43029423777,2325.400236687819,132681.8305309256,79,4,46.76470588235294,33,1,21,35.76380555222209,0.6303661616161615,44.69975490196079,1021.2009803921567,30.94548425430778,0
81,4,1,1,33,0.029411764705882353,0.029411764705882353,0.9705882352941176,34,850,600,250,0.7058823529411765,11,6,5,347.48187932483864,0.899212715389186,0.11188322774540338,0.19926436793744878,130512.91120001927,2270.174331987698,132783.08553200695,80,0,47.35294117647059,33,1,19,35.67002478611976,0.6319444444444444,44.54656862745098,1021.8137254901965,30.964052287581712,0
82,4,0,0,33,0.0,0.0,1.0,33,850,600,250,0.7058823529411765,11,6,5,357.1182581230826,0.8957544191919192,0.11945933191761937,0.20449000895073316,130455.9981921487,2717.6437672176303,133173.64195936633,81,6,49.78787878787879,32,1,21,35.48155357804969,0.6337890625,44.60227272727273,1021.5909090909087,31.924715909090896,0
83,4,0,0,33,0.0,0.0,1.0,33,600,300,300,0.5,9,3,6,358.3181695230506,0.8953598484848485,0.12188618763013248,0.20534777817142538,130488.24737271719,2751.2619885726144,133239.5093612898,82,7,50.78787878787879,32,1,19,35.41821140220795,0.6341145833333333,44.57070707070708,1021.7171717171726,31.928661616161644,0
84,4,1,3,31,0.029411764705882353,0.08823529411764706,0.9117647058823529,34,1050,900,150,0.8571428571428571,12,9,3,351.12679970632263,0.8967245989304813,0.10680484006229807,0.20282736312447588,130794.81336805562,2385.1128472222276,133179.92621527784,83,0,50.26470588235294,33,1,20,35.29149694501017,0.6347853535353535,44.270833333333336,1022.9166666666672,30.997474747474765,0
85,4,1,2,30,0.03125,0.0625,0.9375,32,1150,1100,50,0.9565217391304348,12,11,1,369.67730942431723,0.8948672715053764,0.09989649681528645,0.212442670496405,130595.10125054259,3255.609130859379,133850.71038140196,84,0,50.28125,31,1,20,35.01963906581741,0.637768817204301,44.466145833333336,1022.1354166666671,32.972110215053775,0
86,4,1,2,29,0.03225806451612903,0.06451612903225806,0.935483870967742,31,1100,800,300,0.7272727272727273,14,8,6,377.76375253244373,0.8888888888888888,0.10217739814916937,0.2173427459729022,130640.1841975951,3670.225242802635,134310.40944039772,85,0,51.45161290322581,30,1,20,34.76723420106932,0.6409722222222223,44.42204301075269,1022.3118279569893,34.077060931899645,0
87,4,1,1,29,0.03333333333333333,0.03333333333333333,0.9666666666666667,30,1000,600,400,0.6,14,6,8,389.7576905089505,0.89272030651341,0.09567758597254272,0.22349550499410362,130510.82417052466,4173.519483024683,134684.34365354935,86,0,51.43333333333333,29,1,21,34.592196774047366,0.6426005747126438,44.54861111111111,1021.8055555555553,35.23467432950191,0
88,4,0,0,29,0.0,0.0,1.0,29,750,500,250,0.6666666666666666,10,5,5,402.36983231161514,0.890291461412151,0.11147970318638145,0.23034215038128694,130445.9906361474,4697.506275597827,135143.49691174523,87,12,54.206896551724135,28,1,23,34.33602906704173,0.6450892857142857,44.61206896551724,1021.5517241379307,36.48399014778324,0
89,4,0,0,29,0.0,0.0,1.0,29,950,700,250,0.7368421052631579,12,7,5,400.54545395936583,0.8903940886699507,0.10889394284716758,0.2295148044403747,130482.68688482628,4652.849410424109,135135.53629525038,88,13,55.206896551724135,28,1,23,34.34526320723762,0.6454613095238095,44.57614942528736,1021.6954022988507,36.489121510673236,0
90,4,2,2,29,0.06451612903225806,0.06451612903225806,0.935483870967742,31,800,500,300,0.625,11,5,6,375.37182562392303,0.892921146953405,0.07752436927819528,0.21828874561855308,131052.73189097,3638.700644583182,134691.43253555318,89,0,52.58064516129032,30,1,22,34.410004813161805,0.6451388888888889,44.01881720430107,1023.9247311827952,34.13082437275984,0
91,4,0,0,29,0.0,0.0,1.0,29,1000,800,200,0.8,12,8,4,395.01683744445324,0.8892651888341543,0.10519736618974451,0.22763844794268623,130702.97275482239,4525.9749884397,135228.94774326208,90,15,57.206896551724135,28,1,22,34.262446723806846,0.6476934523809523,44.36063218390805,1022.5574712643685,36.51990968801316,0
92,4,1,1,29,0.03333333333333333,0.03333333333333333,0.9666666666666667,30,900,500,400,0.5555555555555556,13,5,8,382.8458546051046,0.891139846743295,0.08507462686567169,0.22217117704248968,130972.4633487653,4028.452932098749,135000.91628086404,91,0,56.266666666666666,29,1,22,34.30009045680687,0.6472701149425288,44.097222222222214,1023.6111111111102,35.296934865900354,0
93,4,2,2,29,0.06451612903225806,0.06451612903225806,0.935483870967742,31,650,400,250,0.6153846153846154,9,4,5,372.263570389635,0.8939068100358423,0.08035744508005305,0.21764857827074965,131259.24962423395,3572.6073823563333,134831.8570065903,92,0,55.38709677419355,30,1,23,34.280452081147246,0.6472222222222221,43.817204301075265,1024.7311827956985,34.15770609318995,0
94,4,3,2,30,0.09375,0.0625,0.9375,32,750,600,150,0.8,9,6,3,355.43668406367004,0.8922631048387097,0.07435836501901139,0.21149286857182184,131929.3975830078,2978.5095214843745,134907.9071044922,93,0,51.84375,31,1,21,34.0351711026616,0.6512096774193548,43.1640625,1027.34375,33.140120967741936,0
95,4,0,0,30,0.0,0.0,1.0,30,750,300,450,0.4,12,3,9,382.5306648852881,0.8852490421455939,0.10200705180363401,0.2228105152341324,131114.67013888896,4031.076388888894,135145.74652777787,94,1,56.266666666666666,29,1,23,34.16395443449958,0.6487068965517242,43.958333333333336,1024.1666666666672,35.31609195402301,1
96,4,0,0,30,0.0,0.0,1.0,30,700,400,300,0.5714285714285714,10,4,6,382.96656565704143,0.8840038314176245,0.10079537237888703,0.2234779579340456,131185.8024691358,4047.955246913587,135233.75771604938,95,2,57.266666666666666,29,1,23,34.0806896240058,0.6494252873563218,43.88888888888889,1024.4444444444443,35.325670498084285,0
97,4,0,0,30,0.0,0.0,1.0,30,700,400,300,0.5714285714285714,10,4,6,383.00184845206854,0.8829980842911878,0.10384980344313433,0.22370583024789448,131221.37586805545,4051.6059027777724,135272.98177083323,96,3,58.266666666666666,29,1,23,34.04373390267048,0.6497844827586207,43.854166666666664,1024.5833333333326,35.33045977011491,0
98,4,0,0,30,0.0,0.0,1.0,30,1000,800,200,0.8,12,8,4,384.2199287825079,0.8824233716475096,0.10162534812582757,0.20949885735930468,128531.54176311722,3876.8759645061614,132408.41772762337,97,4,59.266666666666666,29,1,23,36.752813541523984,0.6224856321839081,46.49305555555555,1014.0277777777771,34.96647509578542,6
99,4,2,3,29,0.0625,0.09375,0.90625,32,1250,1200,50,0.96,13,12,1,364.35461743445956,0.8900789650537635,0.07600041650647227,0.20120729510552623,129035.96878051745,3002.9702080620514,132038.9389885795,98,0,56.5,31,1,23,36.74134414114231,0.621975806451613,45.99609374999999,1016.015624999999,32.77469758064513,0
100,4,0,0,29,0.0,0.0,1.0,29,450,200,250,0.4444444444444444,7,2,5,390.22220851209806,0.8779761904761905,0.09010152904004065,0.21342827376482754,128654.19649639973,4240.7449382349005,132894.94143463462,99,6,60.06896551724138,28,1,24,36.475003540574995,0.6268601190476191,46.372126436781606,1014.511494252873,36.23255336617404,0
101,4,1,1,29,0.03333333333333333,0.03333333333333333,0.9666666666666667,30,900,500,400,0.5555555555555556,13,5,8,379.5401366314317,0.8797892720306514,0.08074155051471266,0.210096423590682,129130.79668209869,3802.0640432098635,132932.86072530856,100,0,59.03333333333333,29,1,24,36.25876833378884,0.6285919540229885,45.90277777777777,1016.3888888888882,35.04789272030649,0
102,4,1,1,29,0.03333333333333333,0.03333333333333333,0.9666666666666667,30,950,800,150,0.8421052631578947,11,8,3,380.52545757741973,0.8790708812260537,0.08057557345391153,0.21121401280591362,129237.9096685493,3835.6822327182444,133073.59190126753,101,0,60.0,28,2,24,36.124358249729184,0.6328125,45.797413793103445,1016.8103448275857,36.31465517241377,0
103,4,0,1,28,0.0,0.034482758620689655,0.9655172413793104,29,1100,700,400,0.6363636363636364,15,7,8,392.77963265866725,0.8751026272577996,0.09701961739978082,0.21761283485200236,129164.87327008184,4346.666295085203,133511.53956516704,102,9,63.06896551724138,28,1,24,35.88751472320378,0.6320684523809523,45.86925287356321,1016.5229885057464,36.3043924466338,0
104,4,1,1,28,0.034482758620689655,0.034482758620689655,0.9655172413793104,29,900,700,200,0.7777777777777778,11,7,4,383.28634270499595,0.8740763546798029,0.0666484939348504,0.21413252773834315,129493.69963007,4126.633306909761,133620.33293697977,103,0,60.62068965517241,28,1,22,35.79310182571052,0.6354166666666667,45.54597701149425,1017.8160919540228,36.35057471264367,0
105,4,1,0,29,0.034482758620689655,0.0,1.0,29,650,400,250,0.6153846153846154,9,4,5,379.0339796161668,0.8830049261083743,0.04319785776291196,0.2017401900591424,127563.29528752156,3870.16469315631,131433.45998067787,104,0,61.58620689655172,28,1,23,37.877198596690846,0.6156994047619047,47.44971264367817,1010.2011494252881,36.07861247947458,5
106,4,2,3,28,0.06451612903225806,0.0967741935483871,0.9032258064516129,31,800,700,100,0.875,9,7,2,357.40032345165616,0.8917562724014337,0.020922760570621035,0.19250532443426116,128042.48504162325,2952.4851138859995,130994.97015550925,105,0,58.54838709677419,30,1,23,37.93271359008413,0.6145833333333334,46.975806451612904,1012.096774193548,33.73655913978493,0
107,4,3,3,28,0.0967741935483871,0.0967741935483871,0.9032258064516129,31,900,800,100,0.8888888888888888,10,8,2,349.18904782470787,0.8922043010752688,-0.002917106926056956,0.189967626646775,128441.33377075194,2770.06140814887,131211.3951789008,106,0,56.29032258064516,31,0,20,37.73295332905161,0.6159274193548387,46.58203125,1013.6718749999999,32.69909274193548,0
108,4,0,0,28,0.0,0.0,1.0,28,900,400,500,0.4444444444444444,14,4,10,383.4202285640494,0.8765432098765431,0.026481331168830335,0.20573768361973407,127890.07794953117,4207.128583696682,132097.20653322784,107,3,63.32142857142857,28,0,23,37.43075284090907,0.6190476190476188,47.12643678160921,1011.4942528735648,36.12479474548446,0
109,4,0,0,28,0.0,0.0,1.0,28,900,600,300,0.6666666666666666,12,6,6,383.7687148501049,0.876873897707231,0.02147320160668653,0.20629765572323983,127962.75308825483,4221.620260272179,132184.373348527,108,4,64.32142857142857,28,0,23,37.34734450440215,0.6197916666666666,47.05459770114943,1011.7816091954031,36.135057471264396,0
110,4,2,2,28,0.06666666666666667,0.06666666666666667,0.9333333333333333,30,900,800,100,0.8888888888888888,10,8,2,361.94902946193906,0.8752873563218391,-2.220446049250313e-16,0.19729360392058326,128519.04844490708,3303.468970401223,131822.5174153083,109,0,60.96666666666667,30,0,21,37.33016304347826,0.6194444444444444,46.50537634408603,1013.9784946236571,33.7992831541219,0
111,4,0,0,28,0.0,0.0,1.0,28,550,500,50,0.9090909090909091,6,5,1,384.369366351665,0.874834656084656,0.017200648889789782,0.20718302876415307,128071.80450274154,4245.375668846622,132317.18017158814,110,6,66.32142857142857,28,0,23,37.22025076886682,0.620907738095238,46.946839080459775,1012.2126436781616,36.150451559934346,0
112,4,1,1,28,0.034482758620689655,0.034482758620689655,0.9655172413793104,29,1000,800,200,0.8,12,8,4,372.0633796696084,0.8822865353037767,0.004534097832606276,0.20287040589752156,128531.54176311745,3764.375964506191,132295.91772762363,111,0,65.0,29,0,22,37.06099050358396,0.6224856321839078,46.493055555555564,1014.0277777777792,34.96647509578549,0
113,4,1,1,28,0.034482758620689655,0.034482758620689655,0.9655172413793104,29,750,500,250,0.6666666666666666,10,5,5,367.07191794672667,0.8864942528735632,-0.020383896721590133,0.20139351173833941,128778.12500000012,3654.1666666666806,132432.2916666668,112,0,62.13793103448276,29,0,23,36.9355500821018,0.625,46.25000000000001,1015.0000000000009,35.00000000000003,0
114,4,0,0,28,0.0,0.0,1.0,28,700,500,200,0.7142857142857143,9,5,4,378.8606588136046,0.878692680776014,-0.01745998016716288,0.2068350650089124,128581.32524524389,4142.881118707905,132724.2063639518,113,1,65.07142857142857,28,0,23,36.83772489021107,0.6261160714285714,46.44396551724139,1014.2241379310356,36.22229064039413,0
115,4,2,2,28,0.06666666666666667,0.06666666666666667,0.9333333333333333,30,750,500,250,0.6666666666666666,10,5,5,356.9703884868576,0.8882183908045977,-0.032231914706142284,0.19829940963961576,129269.72229448508,3229.0925974101187,132498.8148918952,114,0,61.666666666666664,30,0,24,36.69073266367079,0.6270833333333332,45.76612903225807,1016.9354838709692,33.89784946236564,0
116,4,0,0,28,0.0,0.0,1.0,28,900,600,300,0.6666666666666666,12,6,6,377.65845496884714,0.876818783068783,-0.02678950025239768,0.2092352050825836,129164.87327008182,4156.041295085203,133320.914565167,115,1,65.10714285714286,28,0,24,36.271790341578345,0.6320684523809523,45.86925287356321,1016.5229885057463,36.3043924466338,0
117,4,1,1,28,0.034482758620689655,0.034482758620689655,0.9655172413793104,29,600,400,200,0.6666666666666666,8,4,4,380.2858890643831,0.8775656814449918,-0.06138440213855356,0.20975950170564853,128989.67013888896,4010.590277777787,133000.26041666674,116,0,63.827586206896555,29,0,19,36.38398960896909,0.627155172413793,46.04166666666667,1015.8333333333339,35.02873563218393,3
118,4,2,3,27,0.06666666666666667,0.1,0.9,30,1100,600,500,0.5454545454545454,16,6,10,370.3795327013111,0.8859674329501916,-0.06810637080086301,0.20664284761102644,129440.63484579157,3588.4323693490796,133029.06721514065,117,0,62.63333333333333,30,0,18,36.175593272575185,0.6288194444444444,45.5981182795699,1017.6075268817217,33.92025089605739,0
119,4,0,0,27,0.0,0.0,1.0,27,800,500,300,0.625,11,5,6,404.1446416831034,0.865622032288699,-0.04679962013295347,0.22262204838476024,128936.76757812499,5021.820746527779,133958.58832465275,118,4,70.37037037037037,27,0,21,35.83226495726496,0.6331018518518519,46.09375,1015.6249999999999,37.61574074074073,0
120,4,0,0,27,0.0,0.0,1.0,27,400,200,200,0.5,6,2,4,403.7786446723903,0.8637226970560304,-0.03979257523487201,0.22305829982387382,129050.14349489794,5021.538407029472,134071.68190192743,119,5,71.37037037037037,27,0,22,35.72544424917007,0.6342592592592593,45.982142857142854,1016.0714285714284,37.632275132275126,0
121,4,1,0,28,0.03571428571428571,0.0,1.0,28,500,300,200,0.6,7,3,4,390.4669116087474,0.8680004409171075,-0.04636653418605097,0.21753707325739888,129384.044395726,4504.0376453296385,133888.08204105563,120,0,69.78571428571429,28,0,24,35.722355599491614,0.6343005952380952,45.65373563218391,1017.3850574712644,36.33518062397373,0
122,4,0,1,27,0.0,0.03571428571428571,0.9642857142857143,28,800,600,200,0.75,10,6,4,389.4719279800826,0.8653549382716049,-0.04283193870349844,0.21779073478602096,129530.26169655834,4489.680150944643,134019.94184750298,121,1,70.78571428571429,28,0,20,35.59838861444367,0.6357886904761905,45.51005747126437,1017.9597701149426,36.35570607553366,0
123,4,2,2,27,0.06896551724137931,0.06896551724137931,0.9310344827586207,29,550,300,250,0.5454545454545454,8,3,5,381.90007928011477,0.8703817733990148,-0.05976572961645643,0.21543156662849816,129872.97694830241,4119.700038580238,133992.67698688264,122,0,69.24137931034483,29,0,20,35.4417892991779,0.6361350574712643,45.17361111111111,1019.3055555555551,35.14846743295018,0
124,4,0,0,27,0.0,0.0,1.0,27,600,400,200,0.6666666666666666,8,4,4,406.2309770527685,0.8609924026590694,-0.040632445310807896,0.2270114283530176,129504.14540816327,5121.7191043083885,134625.86451247166,123,9,75.37037037037037,27,0,20,35.19858674463937,0.638888888888889,45.535714285714285,1017.8571428571429,37.6984126984127,0
125,4,1,0,28,0.03571428571428571,0.0,1.0,28,950,800,150,0.8421052631578947,11,8,3,392.02620146447066,0.8648589065255732,-0.047290223868578174,0.221482318916551,129932.78504425929,4587.411233320093,134520.19627757938,124,0,73.64285714285714,28,0,22,35.12278043968433,0.6398809523809526,45.11494252873562,1019.5402298850559,36.41215106732342,0
126,4,1,0,29,0.034482758620689655,0.0,1.0,29,600,500,100,0.8333333333333334,7,5,2,380.34152436484794,0.868431855500821,-0.043912737508796984,0.21670621737066906,130262.58680555542,4108.854166666647,134371.44097222207,125,0,72.06896551724138,29,0,23,35.08503401360543,0.6400862068965518,44.79166666666666,1020.8333333333322,35.20114942528732,0
127,4,0,2,27,0.0,0.06896551724137931,0.9310344827586207,29,900,700,200,0.7777777777777778,11,7,4,381.6112758794555,0.8673029556650246,-0.050640983560436115,0.21822467518021102,130404.40779320977,4152.758487654307,134557.16628086407,126,1,73.06896551724138,29,0,23,34.90843985132808,0.6415229885057472,44.65277777777777,1021.388888888888,35.22030651340993,0
128,4,1,2,26,0.03571428571428571,0.07142857142857142,0.9285714285714286,28,800,500,300,0.625,11,5,6,392.0905174600275,0.8661816578483245,-0.05802565958816008,0.22318998686186156,130225.92152199741,4612.069791253763,134837.99131325117,127,0,73.60714285714286,28,0,21,34.82251783033033,0.642857142857143,44.827586206896534,1020.6896551724121,36.45320197044329,4
129,4,0,0,26,0.0,0.0,1.0,26,600,300,300,0.5,9,3,6,415.99536710496017,0.8557692307692307,-0.0389855376231405,0.23487738419618512,129908.37191358017,5608.256172839486,135516.62808641966,128,3,80.15384615384616,26,0,22,34.5367847411444,0.6466346153846154,45.13888888888888,1019.4444444444438,39.20940170940168,0
130,4,1,0,27,0.037037037037037035,0.0,1.0,27,850,500,350,0.5882352941176471,12,5,7,402.5721800767027,0.8588556505223173,-0.03866610566290174,0.2307229205681669,130490.5510381235,5106.373122165515,135596.92416028903,129,0,78.14814814814815,27,0,23,34.28548888241575,0.6489197530864197,44.56845238095237,1021.7261904761899,37.8417107583774,0
131,4,2,2,27,0.06896551724137931,0.06896551724137931,0.9310344827586207,29,500,200,300,0.4,8,2,6,379.4156552996117,0.8711001642036125,-0.05924165071759124,0.21997749519298468,130936.92370756158,4135.903742283933,135072.82744984553,130,0,73.6896551724138,29,0,23,34.42390984755959,0.6469109195402301,44.131944444444436,1023.472222222221,35.29214559386969,0
132,4,0,0,27,0.0,0.0,1.0,27,600,300,300,0.5,9,3,6,401.38133265337376,0.8563627730294397,-0.04286399629144477,0.23117276920882898,130680.67347381657,5090.556574192175,135771.23004800873,131,2,80.14814814814815,27,0,23,34.1224288070635,0.6508487654320988,44.382440476190474,1022.4702380952378,37.869268077601404,0
133,4,1,1,27,0.03571428571428571,0.03571428571428571,0.9642857142857143,28,800,400,400,0.5,12,4,8,388.4444302305898,0.8598985890652557,-0.053195541477887964,0.2257793645859039,131033.74991742628,4579.8660655304475,135613.61598295672,132,0,78.25,28,0,23,34.09462999345121,0.6510416666666667,44.03735632183908,1023.8505747126432,36.56609195402297,0
134,4,0,0,27,0.0,0.0,1.0,27,800,400,400,0.5,12,4,8,400.5501257038592,0.854582146248813,-0.03891151186090058,0.2318335576043547,130870.93431122442,5084.073837868477,135955.0081490929,133,4,82.14814814814815,27,0,23,33.95021330230757,0.6527777777777777,44.19642857142857,1023.2142857142851,37.89682539682537,0
135,4,0,0,27,0.0,0.0,1.0,27,750,500,250,0.6666666666666666,10,5,5,399.2022714981073,0.8528015194681862,-0.037683031869078176,0.23196888749214342,131023.2426303855,5060.95521541951,136084.197845805,134,5,83.14814814814815,27,0,23,33.82994186046512,0.654320987654321,44.04761904761905,1023.8095238095239,37.91887125220459,0
136,4,0,0,27,0.0,0.0,1.0,27,800,400,400,0.5,12,4,8,414.48516255386227,0.8532763532763533,-0.035348385530468596,0.23731781825957168,130452.54315919086,5414.128711380393,135866.67187057124,135,6,84.14814814814815,27,0,21,34.01993809176985,0.6485339506172839,44.605654761904766,1021.5773809523816,37.836199294532655,8
137,4,0,1,26,0.0,0.037037037037037035,0.962962962962963,27,850,500,350,0.5882352941176471,12,5,7,418.31088849685176,0.8516144349477683,-0.03774337738524647,0.2404499994213283,130604.60789133355,5526.6659137613315,136131.27380509488,136,7,85.14814814814815,27,0,18,33.76719682632116,0.6500771604938271,44.456845238095234,1022.1726190476186,37.8582451499118,0
138,4,2,1,27,0.07142857142857142,0.03571428571428571,0.9642857142857143,28,750,500,250,0.6666666666666666,10,5,5,400.37505694059735,0.8562059082892416,-0.03997493734335811,0.23249162841905102,130996.97625594531,4889.584365504035,135886.56062144935,137,0,82.17857142857143,28,0,19,33.82660818713451,0.6506696428571429,44.07327586206897,1023.7068965517242,36.560960591133004,0
139,4,1,1,27,0.03571428571428571,0.03571428571428571,0.9642857142857143,28,450,300,150,0.6666666666666666,6,3,3,399.2332341271793,0.849537037037037,-0.025566018833901083,0.23294050403656202,131180.89617188537,4874.3546868807025,136055.25085876609,138,0,83.14285714285714,28,0,20,33.66906264609631,0.6525297619047619,43.89367816091954,1024.425287356322,36.586617405582935,0
140,4,0,0,27,0.0,0.0,1.0,27,700,300,400,0.42857142857142855,11,3,8,407.7484179610142,0.8406932573599241,-0.015664756986470962,0.23811262575585937,131213.7525908801,5300.440006731852,136514.19259761195,139,1,86.74074074074075,27,0,21,33.417604696199476,0.65625,43.86160714285714,1024.553571428571,37.94642857142856,0
141,4,1,0,28,0.03571428571428571,0.0,1.0,28,600,300,300,0.5,9,3,6,395.415421070389,0.845679012345679,-0.01798719487795153,0.23294274805631823,131549.12306777644,4803.3103778570485,136352.43344563348,140,0,84.60714285714286,28,0,22,33.39344070961718,0.65625,43.53448275862069,1025.8620689655172,36.637931034482754,0
142,4,0,1,27,0.0,0.03571428571428571,0.9642857142857143,28,1150,700,450,0.6086956521739131,16,7,9,392.8578575285558,0.8451829805996472,-0.018994620107598115,0.23210783096166032,131659.69177318664,4744.708886576823,136404.40065976346,141,1,85.60714285714286,28,0,19,33.347041392505496,0.6573660714285714,43.42672413793103,1026.2931034482756,36.6533251231527,0
143,4,0,0,27,0.0,0.0,1.0,27,950,800,150,0.8421052631578947,11,8,3,407.9808049430858,0.8385565052231719,-0.003610224672017548,0.24039484352800294,131557.01929209183,5334.547725340139,136891.56701743198,142,4,89.74074074074075,27,0,19,33.06317087322311,0.6597222222222223,43.526785714285715,1025.892857142857,37.99603174603175,0
144,4,2,2,27,0.06896551724137931,0.06896551724137931,0.9310344827586207,29,400,200,200,0.5,6,2,4,386.165172724455,0.8504720853858785,-0.027123889062361517,0.23023659250509623,132005.21074459885,4395.163001543227,136400.37374614208,143,0,84.48275862068965,29,0,19,33.16931905212417,0.6576867816091954,43.090277777777786,1027.6388888888896,35.4358237547893,0
145,4,0,0,27,0.0,0.0,1.0,27,1050,800,250,0.7619047619047619,13,8,5,407.9899040397888,0.8392687559354226,-0.0033060157679778435,0.24209271949944816,131824.31452398663,5356.597886550447,137180.91241053707,144,6,91.74074074074075,27,0,20,32.7918961020142,0.6624228395061729,43.266369047619044,1026.9345238095234,38.03461199294531,0
146,4,0,0,27,0.0,0.0,1.0,27,350,200,150,0.5714285714285714,5,2,3,407.9899040397888,0.8392687559354226,-0.0033060157679778435,0.24209271949944816,131824.31452398663,5356.597886550447,137180.91241053707,145,7,92.74074074074075,27,0,20,32.7918961020142,0.6624228395061729,43.266369047619044,1026.9345238095234,38.03461199294531,0
147,4,0,1,26,0.0,0.037037037037037035,0.962962962962963,27,1050,500,550,0.47619047619047616,16,5,11,409.37141646667504,0.8359449192782527,0.0018022367044814303,0.24389211654032697,131977.176450007,5405.536732922324,137382.71318292935,146,8,93.74074074074075,27,0,20,32.6015266714941,0.6639660493827161,43.11755952380952,1027.5297619047612,38.05665784832449,0
148,4,1,1,26,0.037037037037037035,0.037037037037037035,0.962962962962963,27,850,500,350,0.5882352941176471,12,5,7,411.24750895501387,0.8380816714150048,-0.001201317158455728,0.2452569340970054,132015.40577168352,5458.201353458027,137473.60712514154,147,0,94.37037037037037,27,0,20,32.51460083019597,0.6643518518518519,43.08035714285713,1027.6785714285702,38.06216931216927,0
149,4,0,0,26,0.0,0.0,1.0,26,400,300,100,0.75,5,3,2,426.0259501397617,0.8317948717948718,0.01096084253502827,0.2469758829831208,130932.97515622631,5956.1690291114355,136889.14418533776,148,10,99.0,26,0,20,33.23532368315239,0.6570512820512819,44.13580246913581,1023.4567901234577,39.36372269705607,1
150,4,0,0,26,0.0,0.0,1.0,26,800,600,200,0.75,10,6,4,424.6956010151459,0.8319871794871795,0.010486348617471553,0.24696365580503893,131051.45759506937,5931.395509449783,136982.85310451916,149,11,100.0,26,0,20,33.148706355187144,0.6582532051282051,44.02006172839506,1023.9197530864199,39.381528964862305,0
151,4,0,0,26,0.0,0.0,1.0,26,800,500,300,0.625,11,5,6,423.2987140646334,0.8307051282051282,0.0189266224060618,0.24716624122032554,131209.51753257887,5908.164008916323,137117.6815414952,150,12,101.0,26,0,20,33.02361048350656,0.6598557692307693,43.86574074074074,1024.5370370370372,39.40527065527066,0
152,4,0,0,26,0.0,0.0,1.0,26,650,400,250,0.6153846153846154,9,4,5,423.6622695601685,0.83,0.016265060240963747,0.2476335800950278,131249.04740131056,5921.053859929855,137170.1012612404,151,13,102.0,26,0,20,32.97408383534136,0.6602564102564104,43.827160493827144,1024.6913580246896,39.41120607787268,0
153,4,1,0,27,0.037037037037037035,0.0,1.0,27,750,700,50,0.9333333333333333,8,7,1,407.06908204946683,0.8327397910731245,0.011427405366799537,0.24057887394131708,131671.54117506367,5319.882679634337,136991.42385469802,152,0,99.18518518518519,27,0,21,32.970403798753075,0.6608796296296298,43.41517857142856,1026.3392857142849,38.012566137566104,0
154,4,0,0,27,0.0,0.0,1.0,27,1000,600,400,0.6,14,6,8,408.92988656608316,0.8297720797720798,0.01562617384118381,0.24289449888804687,131862.52170138882,5384.505208333314,137247.02690972213,153,1,100.18518518518519,27,0,21,32.729039891818786,0.6628086419753088,43.22916666666666,1027.0833333333326,38.0401234567901,0
155,4,0,0,27,0.0,0.0,1.0,27,1250,1000,250,0.8,15,10,5,410.26119730015625,0.8298907882241215,0.027630294644485076,0.24466872440024848,132015.40577168355,5432.159686791362,137447.5654584749,154,2,101.18518518518519,27,0,21,32.53994111400713,0.6643518518518519,43.08035714285713,1027.6785714285704,38.062169312169274,0
156,4,1,1,27,0.03571428571428571,0.03571428571428571,0.9642857142857143,28,1000,700,300,0.7,13,7,6,397.03215500543854,0.8322310405643738,0.010987477067878837,0.2394224207457037,132434.97324613543,4916.188565200137,137351.16181133557,155,0,98.53571428571429,28,0,21,32.45568118369625,0.6651785714285715,42.67241379310344,1029.3103448275851,36.76108374384233,0
157,4,0,0,27,0.0,0.0,1.0,27,900,800,100,0.8888888888888888,10,8,2,407.78517232510313,0.8253798670465338,0.024605624142661542,0.24467110339506165,132244.89795918352,5385.501700680251,137630.39965986376,156,4,103.18518518518519,27,0,21,32.371238425925924,0.6666666666666667,42.85714285714285,1028.5714285714273,38.095238095238045,0
158,4,1,1,27,0.03571428571428571,0.03571428571428571,0.9642857142857143,28,900,600,300,0.6666666666666666,12,6,6,395.26419926030695,0.8277667548500881,0.013435824880935643,0.23953077299215048,132619.89952850438,4883.979678623325,137503.8792071277,157,0,100.46428571428571,28,0,21,32.31447900683498,0.6670386904761906,42.49281609195402,1030.0287356321835,36.786740558292266,0
159,4,0,0,27,0.0,0.0,1.0,27,550,100,450,0.18181818181818182,10,1,9,404.0362190517558,0.8231244064577399,0.024277456647398887,0.24439953110473334,132551.1975623582,5311.0969387754985,137862.2945011337,158,6,105.18518518518519,27,0,21,32.15799614643544,0.6697530864197532,42.5595238095238,1029.7619047619041,38.13932980599645,0
160,4,1,0,28,0.03571428571428571,0.0,1.0,28,800,600,200,0.75,10,6,4,392.143154980921,0.8292548500881833,0.02193209409704222,0.239761802934672,132953.09197053764,4827.328989959031,137780.42096049667,159,0,102.39285714285714,28,0,22,32.05889523544163,0.6703869047619049,42.16954022988505,1031.321839080459,36.83292282430211,0
161,4,0,0,28,0.0,0.0,1.0,28,650,400,250,0.6153846153846154,9,4,5,390.89299411156685,0.8273809523809523,0.02220829852408812,0.23994816100079241,133101.3116825207,4805.674048751469,137906.98573127217,160,1,103.39285714285714,28,0,22,31.941833751044285,0.671875,42.02586206896551,1031.896551724137,36.853448275862036,0
162,4,0,0,28,0.0,0.0,1.0,28,800,800,0,1.0,8,8,0,389.8732056140595,0.8258377425044091,0.024508829144129773,0.23979872509686662,133175.45250363313,4784.30811533887,137959.760618972,161,2,104.39285714285714,28,0,22,31.893501763177426,0.6726190476190477,41.95402298850574,1032.1839080459763,36.86371100164201,0
163,4,0,0,28,0.0,0.0,1.0,28,750,400,350,0.5333333333333333,11,4,7,390.95293924920907,0.8239638447971781,0.02046068844900173,0.24142351609306834,133323.79607609988,4824.665989562688,138148.46206566258,162,3,105.39285714285714,28,0,22,31.716344370246702,0.6741071428571429,41.810344827586206,1032.7586206896553,36.88423645320198,0
164,4,0,0,28,0.0,0.0,1.0,28,900,400,500,0.4444444444444444,14,4,10,390.2185223725287,0.8225308641975309,0.026497695852534475,0.24193548387096758,133472.2222222221,4816.666666666648,138288.88888888876,163,4,106.39285714285714,28,0,22,31.586021505376337,0.6755952380952381,41.66666666666666,1033.3333333333323,36.90476190476187,0
165,4,1,1,28,0.034482758620689655,0.034482758620689655,0.9655172413793104,29,1000,700,300,0.7,13,7,6,375.6063797006634,0.825636288998358,0.01721592565681962,0.23537789193857378,133867.18991126533,4256.274112654305,138123.46402391963,164,0,103.6896551724138,29,0,21,31.567211336285943,0.6763649425287357,41.284722222222214,1034.8611111111104,35.684865900383116,0
166,4,0,0,28,0.0,0.0,1.0,28,850,500,350,0.5882352941176471,12,5,7,404.6989145851509,0.822200176366843,0.07924452481414512,0.23167546559584717,130445.99063614738,4958.270164486716,135404.2608006341,165,6,108.39285714285714,28,0,22,34.276547116737,0.6450892857142857,44.61206896551724,1021.5517241379306,36.48399014778324,6
167,4,1,1,28,0.034482758620689655,0.034482758620689655,0.9655172413793104,29,1100,900,200,0.8181818181818182,13,9,4,396.3947686468971,0.8278940886699507,0.07273816600590677,0.2293982922719318,130865.85889274697,4574.908371913589,135440.76726466056,166,0,105.62068965517241,29,0,16,34.06166576173024,0.646192528735632,44.20138888888889,1023.1944444444449,35.28256704980844,0
168,4,0,0,28,0.0,0.0,1.0,28,1000,800,200,0.8,12,8,4,413.21773935925467,0.8165233686067019,0.08072200934860696,0.2390352170574534,130849.93321855589,5213.902719976213,136063.8359385321,167,8,110.39285714285714,28,0,18,33.64754482048402,0.6491815476190477,44.2169540229885,1023.1321839080454,36.54043513957305,0
169,4,0,0,28,0.0,0.0,1.0,28,900,500,400,0.5555555555555556,13,5,8,410.97486696715396,0.8148148148148148,0.08519491457447659,0.23841897005488624,130960.20775531766,5164.270792046493,136124.47854736415,168,9,111.39285714285714,28,0,19,33.59272646453304,0.6502976190476191,44.109195402298845,1023.563218390804,36.555829228243,0
170,4,1,0,29,0.034482758620689655,0.0,1.0,29,1150,1000,150,0.8695652173913043,13,10,3,400.8060072771149,0.8216338259441708,0.0835096470456358,0.23541374317636757,131434.9175347223,4735.980902777783,136170.8984375001,169,0,108.51724137931035,29,0,21,33.37100433428145,0.6519396551724138,43.645833333333336,1025.4166666666672,35.359195402298866,0
171,4,0,0,29,0.0,0.0,1.0,29,600,400,200,0.6666666666666666,8,4,4,399.63414658289366,0.8205049261083743,0.0798341690243427,0.235382600212221,131541.75347222213,4713.715277777774,136255.4687499999,170,1,109.51724137931035,29,0,22,33.29271594909289,0.6530172413793103,43.541666666666664,1025.8333333333328,35.373563218390785,0
172,4,2,1,30,0.06451612903225806,0.03225806451612903,0.967741935483871,31,950,600,350,0.631578947368421,13,6,7,379.90814086630627,0.8281362007168459,0.07708293356088047,0.2282626784018771,132297.5179884168,3852.1808200412233,136149.69880845802,171,0,103.38709677419355,31,0,20,33.03497974939881,0.6549059139784946,42.80598958333333,1028.776041666666,33.18632392473116,0
173,4,0,0,30,0.0,0.0,1.0,30,800,400,400,0.5,12,4,8,392.724525756995,0.8220306513409962,0.08210489632340146,0.23551160431759602,132225.14886113998,4385.6117759278495,136610.76063706784,172,1,107.83333333333333,30,0,21,32.77846750304932,0.6569444444444444,42.876344086021504,1028.4946236559138,34.283154121863795,0
174,4,0,0,30,0.0,0.0,1.0,30,700,400,300,0.5714285714285714,10,4,6,395.110847967296,0.8227011494252874,0.0901602229188434,0.23781200094635377,132363.4235171697,4459.644901144656,136823.06841831436,173,2,108.83333333333333,30,0,21,32.577390282131674,0.6583333333333332,42.741935483870975,1029.0322580645168,34.30107526881723,0
175,4,1,0,31,0.03225806451612903,0.0,1.0,31,650,300,350,0.46153846153846156,10,3,7,382.9230285176241,0.8292114695340502,0.09022642170584327,0.2333796471727507,132833.88137817392,3973.030429416247,136806.91180759016,174,0,106.29032258064517,31,0,20,32.416661403730366,0.660282258064516,42.28515625000001,1030.8593750000007,33.25352822580648,0
176,4,0,0,31,0.0,0.0,1.0,31,600,200,400,0.3333333333333333,10,2,8,383.22584864126827,0.8271505376344086,0.08599978825809718,0.23461477379722778,133001.7174614801,3993.939208984379,136995.65667046446,175,1,107.29032258064517,31,0,21,32.23985946309853,0.6619623655913978,42.122395833333336,1031.510416666667,33.274529569892486,0
177,4,0,0,31,0.0,0.0,1.0,31,750,600,150,0.8,9,6,3,385.3529807077644,0.8261648745519713,0.08384484785163915,0.23215167374345827,132398.00347222234,4003.993055555574,136401.9965277779,176,2,108.29032258064517,31,0,22,32.79352226720649,0.6559139784946235,42.70833333333334,1029.1666666666677,33.19892473118283,1
178,4,0,0,31,0.0,0.0,1.0,31,950,700,250,0.7368421052631579,12,7,5,386.4894675505017,0.8253584229390681,0.0877517292036476,0.23304342036511963,132431.50711059585,4036.676534016942,136468.18364461279,177,3,109.29032258064517,31,0,22,32.73047122074636,0.65625,42.67578125000001,1029.2968750000011,33.203125000000036,0
179,4,0,0,31,0.0,0.0,1.0,31,700,400,300,0.5714285714285714,10,4,6,386.4894675505017,0.8253584229390681,0.0877517292036476,0.23304342036511963,132431.50711059585,4036.676534016942,136468.18364461279,178,4,110.29032258064517,31,0,22,32.73047122074636,0.65625,42.67578125000001,1029.2968750000011,33.203125000000036,0
180,4,1,0,32,0.03125,0.0,1.0,32,650,500,150,0.7692307692307693,8,5,3,378.20188255923347,0.8262348790322581,0.09864130434782625,0.2306212375725276,132853.20255905026,3649.0662623712096,136502.26882142146,179,0,107.8125,32,0,19,32.51888140436824,0.6578776041666665,42.26641414141415,1030.9343434343448,32.216698232323274,0
181,4,0,0,32,0.0,0.0,1.0,32,650,400,250,0.6153846153846154,9,4,5,380.0766662094065,0.824092741935484,0.10302399608227253,0.2323702252693438,132950.84685236207,3706.302928272635,136657.1497806347,180,1,108.8125,32,0,19,32.37226575253021,0.6588541666666666,42.17171717171718,1031.3131313131319,32.22853535353537,0
182,4,0,0,32,0.0,0.0,1.0,32,1050,600,450,0.5714285714285714,15,6,9,378.62444233128696,0.8214045698924732,0.1001973201174744,0.2322912119167627,133081.09504132243,3677.5510789715504,136758.646120294,181,2,109.8125,32,0,21,32.278664953499764,0.66015625,42.045454545454554,1031.818181818183,32.244318181818215,0
183,4,0,0,32,0.0,0.0,1.0,32,1000,800,200,0.8,12,8,4,378.65230199478157,0.8207745295698925,0.10003440366972449,0.23291817673493906,133178.8230314509,3685.693583562906,136864.51661501382,182,3,110.8125,32,0,22,32.179663608562684,0.6611328125,41.95075757575758,1032.19696969697,32.25615530303031,0
184,4,0,0,32,0.0,0.0,1.0,32,950,600,350,0.631578947368421,13,6,7,379.2714239519842,0.8207745295698925,0.09849654518772177,0.23370779454825721,133243.9949526833,3707.1279397510325,136951.12289243433,183,4,111.8125,32,0,22,32.098161509926214,0.6617838541666667,41.887626262626256,1032.4494949494942,32.264046717171695,0
185,4,0,1,31,0.0,0.03125,0.96875,32,1050,800,250,0.7619047619047619,13,8,5,376.97802687750857,0.8181703629032259,0.0885944946841013,0.23352090794387984,133439.60636988565,3660.7599033261813,137100.36627321184,184,5,112.8125,32,0,22,31.96082325145626,0.6637369791666667,41.69823232323232,1033.2070707070702,32.287720959595944,0
186,4,0,0,31,0.0,0.0,1.0,31,850,700,150,0.8235294117647058,10,7,3,383.87660148003977,0.817831541218638,0.0942083497680164,0.23735721586447048,133371.32983737532,4039.6265665690207,137410.95640394435,185,6,113.83870967741936,31,0,22,31.851259506701954,0.6656586021505376,41.76432291666667,1032.9427083333342,33.32073252688175,0
187,4,0,0,31,0.0,0.0,1.0,31,750,400,350,0.5333333333333333,11,4,7,384.21293996710034,0.817652329749104,0.09496514015082225,0.23799607171264184,133438.5871887207,4053.766377766927,137492.35356648764,186,7,114.83870967741936,31,0,23,31.77496849401386,0.6663306451612903,41.69921875,1033.203125,33.32913306451613,0
188,4,0,0,31,0.0,0.0,1.0,31,700,600,100,0.8571428571428571,8,6,2,390.71626620307217,0.8155913978494623,0.09516535305110918,0.2431259524805951,133606.80474175353,4240.4703776041715,137847.27511935768,187,8,115.83870967741936,31,0,23,31.43786733837111,0.668010752688172,41.536458333333336,1033.854166666667,33.35013440860216,0
189,4,0,0,31,0.0,0.0,1.0,31,800,700,100,0.875,9,7,2,392.34358535934814,0.8148745519713262,0.09121917941721058,0.24502967312064966,133741.45507812512,4294.52039930557,138035.97547743068,188,9,116.83870967741936,31,0,18,31.260490097348097,0.6693548387096774,41.40625000000001,1034.375000000001,33.366935483870996,0
190,4,0,0,31,0.0,0.0,1.0,31,750,500,250,0.6666666666666666,10,5,5,388.24439921032257,0.8148745519713262,0.05401350337584376,0.2355666937539935,132666.1512586807,4101.378038194468,136767.52929687517,189,10,117.83870967741936,31,0,21,32.44860128075499,0.6586021505376343,42.44791666666668,1030.2083333333346,33.232526881720474,4
191,4,0,0,31,0.0,0.0,1.0,31,900,500,400,0.5555555555555556,13,5,8,388.1509450494566,0.8120071684587814,0.04876399092194417,0.2365658993038145,132833.88137817394,4111.919318305137,136945.80069647907,190,11,118.83870967741936,31,0,21,32.28193023451644,0.660282258064516,42.28515625000001,1030.859375000001,33.253528225806484,0
192,4,0,0,31,0.0,0.0,1.0,31,1650,1400,250,0.8484848484848485,19,14,5,387.65046920558467,0.8115591397849462,0.05652996845425884,0.23796514085625553,133102.4699740939,4119.446987575944,137221.91696166983,191,12,119.83870967741936,31,0,22,32.02431650893796,0.662970430107527,42.02473958333333,1031.901041666666,33.28713037634407,0
193,4,1,0,32,0.03125,0.0,1.0,32,950,700,250,0.7368421052631579,12,7,5,390.8776491374822,0.8187584005376345,0.0763937254653666,0.23402280479444265,132163.59668307842,3955.8010525173713,136119.3977355958,192,0,117.0625,31,1,20,32.88814845299903,0.6535618279569892,42.93619791666667,1028.255208333334,33.16952284946238,4
194,4,0,0,32,0.0,0.0,1.0,32,500,400,100,0.8,6,4,2,393.28895324743394,0.818338373655914,0.07397692745917195,0.23588378448758388,132230.54885864258,4000.962829589843,136231.51168823242,193,1,118.0625,31,1,20,32.758497911127996,0.654233870967742,42.87109375,1028.515625,33.177923387096776,0
195,4,0,1,31,0.0,0.03125,0.96875,32,800,700,100,0.875,9,7,2,391.5741818547774,0.8186323924731184,0.06731681852695526,0.23548091210170868,132331.0089111328,3963.48130967882,136294.49022081163,194,2,119.0625,31,1,20,32.70110942377457,0.655241935483871,42.7734375,1028.90625,33.190524193548384,0
196,4,0,0,31,0.0,0.0,1.0,31,950,700,250,0.7368421052631579,12,7,5,398.3899092535997,0.8146953405017922,0.08182492331546842,0.23978562462622313,132363.4235171696,4346.450456700196,136709.8739738698,195,3,123.16129032258064,30,1,20,32.49303378613724,0.6583333333333334,42.74193548387097,1029.032258064516,34.3010752688172,0
197,4,0,0,31,0.0,0.0,1.0,31,700,500,200,0.7142857142857143,9,5,4,399.23999000277547,0.814336917562724,0.08605519965968811,0.24095973864706524,132467.17693158166,4377.23887877211,136844.41581035376,196,4,124.16129032258064,30,1,21,32.36633372502938,0.6593749999999999,42.641129032258064,1029.4354838709676,34.31451612903225,0
198,4,0,0,31,0.0,0.0,1.0,31,850,600,250,0.7058823529411765,11,6,5,399.6422206426102,0.8129928315412186,0.09035289758348752,0.24164633404443858,132536.36845661353,4393.4257211816475,136929.79417779518,197,5,125.16129032258064,30,1,21,32.28609189400863,0.6600694444444444,42.5739247311828,1029.704301075269,34.32347670250897,0
199,4,0,0,31,0.0,0.0,1.0,31,750,600,150,0.8,9,6,3,400.32768879183055,0.8131720430107526,0.08968945877341095,0.24250680468077457,132605.57804731763,4417.13691611747,137022.7149634351,198,6,126.16129032258064,30,1,21,32.198551481143156,0.6607638888888889,42.50672043010753,1029.97311827957,34.33243727598566,0
200,4,0,0,31,0.0,0.0,1.0,31,1300,800,500,0.6153846153846154,18,8,10,399.27261463485695,0.8090501792114695,0.0914006525614719,0.24388690282473122,132917.2447681814,4414.043169730619,137331.28793791204,199,7,127.16129032258064,30,1,19,31.91122480013903,0.6638888888888888,42.20430107526882,1031.1827956989255,34.37275985663085,0
201,4,0,0,31,0.0,0.0,1.0,31,1000,1000,0,1.0,10,10,0,399.97486100635797,0.8080645161290323,0.08844180564484594,0.24545219887656386,133090.55102107205,4446.574929182599,137537.12595025465,200,8,128.16129032258064,30,1,19,31.71839043028962,0.6656249999999999,42.03629032258066,1031.8548387096794,34.39516129032265,0
202,4,0,0,31,0.0,0.0,1.0,31,950,700,250,0.7368421052631579,12,7,5,388.21048904956376,0.8081541218637993,0.08148475475033146,0.23560042743981824,132674.80570369403,4125.218233321766,136800.0239370158,201,9,129.16129032258064,30,1,21,32.44074798869318,0.6614583333333333,42.439516129032256,1030.2419354838707,34.34139784946236,5
203,4,3,2,32,0.08823529411764706,0.058823529411764705,0.9411764705882353,34,450,200,250,0.4444444444444444,7,2,5,359.33671978373036,0.8190730837789661,0.06339807248086093,0.2222193111560577,133377.26362757126,2785.4696811322697,136162.73330870352,202,0,118.67647058823529,33,1,22,32.47901589749673,0.6606691919191918,41.758578431372555,1032.9656862745107,31.301990493166993,0
204,4,0,0,32,0.0,0.0,1.0,32,550,500,50,0.9090909090909091,6,5,1,378.25011511428227,0.8109459005376345,0.08034136799596125,0.23198559691683995,133068.8815646702,3666.6639539930648,136735.54551866328,203,1,127.09375,31,1,22,32.30060575466935,0.6626344086021505,42.05729166666667,1031.770833333334,33.2829301075269,0
205,4,0,0,32,0.0,0.0,1.0,32,800,600,200,0.75,10,6,4,378.0012523072164,0.8093918010752689,0.0774636041105945,0.23231445386159316,133146.24304917877,3665.889322518123,136812.13237169688,204,2,128.09375,32,0,22,32.22922273876521,0.6608072916666666,41.98232323232324,1032.0707070707078,32.25220959595962,0
206,4,0,0,32,0.0,0.0,1.0,32,950,500,450,0.5263157894736842,14,5,9,380.44816805255823,0.8080477150537635,0.07866748166259141,0.23505030322280407,133341.78272625248,3745.9273926130013,137087.71011886548,205,3,129.09375,32,0,23,31.969488590057054,0.6627604166666666,41.792929292929294,1032.8282828282831,32.27588383838385,0
207,4,0,0,32,0.0,0.0,1.0,32,750,600,150,0.8,9,6,3,381.43860561914664,0.8067876344086022,0.08518145161290303,0.23649193548387104,133472.22222222228,3782.2916666666765,137254.51388888896,206,4,130.09375,32,0,23,31.812836021505372,0.6640625,41.66666666666667,1033.333333333334,32.291666666666686,0
208,4,0,0,32,0.0,0.0,1.0,32,1050,800,250,0.7619047619047619,13,8,5,379.6712116693845,0.8058635752688172,0.0930887909319904,0.23625308939301837,133606.80474175356,3745.331488715297,137352.13623046887,207,5,131.09375,31,1,23,31.72334172963897,0.668010752688172,41.53645833333334,1033.8541666666674,33.35013440860217,0
209,4,0,0,32,0.0,0.0,1.0,32,950,600,350,0.631578947368421,13,6,7,378.8883406205947,0.8050235215053764,0.08633687987912353,0.2361955416961354,133674.12143283428,3729.513210720495,137403.63464355477,208,6,132.09375,31,1,23,31.676005204398546,0.6686827956989246,41.47135416666667,1034.114583333334,33.35853494623658,0
210,4,0,0,32,0.0,0.0,1.0,32,600,400,200,0.6666666666666666,8,4,4,378.643795750501,0.8048135080645162,0.085983727810651,0.2362582615590127,133707.78613620345,3725.524732801669,137433.3108690051,209,7,133.09375,31,1,19,31.64854274203702,0.669018817204301,41.43880208333334,1034.2447916666677,33.362735215053796,0
211,4,0,0,32,0.0,0.0,1.0,32,700,300,400,0.42857142857142855,11,3,8,379.7459009608615,0.803637432795699,0.08653634361233431,0.23737853525838296,133775.12825859926,3760.1113213433255,137535.23957994257,210,8,134.09375,31,1,19,31.552470106985503,0.6696908602150538,41.37369791666667,1034.5052083333342,33.3711357526882,0
212,4,0,0,32,0.0,0.0,1.0,32,950,900,50,0.9473684210526315,10,9,1,378.1271113913788,0.8022093413978495,0.08770973154362438,0.23672663696351037,133831.2596450618,3721.0455246913693,137552.30516975318,211,9,135.09375,32,0,19,31.53803131991051,0.6676432291666666,41.31944444444445,1034.7222222222229,32.335069444444464,0
213,4,0,0,32,0.0,0.0,1.0,32,1000,600,400,0.6,14,6,8,379.72476879115504,0.8014112903225807,0.08855818492315182,0.23836015731622445,133929.26263901652,3771.251657994095,137700.5142970106,212,10,136.09375,32,0,20,31.398410181345046,0.6686197916666666,41.22474747474748,1035.1010101010108,32.34690656565659,0
214,4,0,0,32,0.0,0.0,1.0,32,1000,600,400,0.6,14,6,8,379.9336512222827,0.8002772177419355,0.08337016827216148,0.23912784909239768,134027.30150303544,3784.296404703602,137811.59790773905,213,11,137.09375,32,0,21,31.29470999471608,0.6695963541666666,41.130050505050505,1035.4797979797984,32.3587436868687,0
215,4,0,0,32,0.0,0.0,1.0,32,800,500,300,0.625,11,5,6,381.3168616679684,0.7986811155913979,0.08536130074363046,0.2404259966381508,134092.68067352817,3826.3600334149533,137919.04070694314,214,12,138.09375,32,0,21,31.193364216343618,0.6702473958333334,41.06691919191919,1035.7323232323229,32.36663510101009,0
216,4,0,0,32,0.0,0.0,1.0,32,900,700,200,0.7777777777777778,11,7,4,381.99278942785406,0.7976310483870969,0.08874481960019498,0.24106683418970118,134125.37623711867,3846.9853203754733,137972.36155749415,215,13,139.09375,32,0,21,31.143090768730705,0.6705729166666666,41.035353535353536,1035.858585858586,32.37058080808081,0
217,4,1,1,32,0.030303030303030304,0.030303030303030304,0.9696969696969697,33,700,500,200,0.7142857142857143,9,5,4,370.83165889123484,0.8033459595959597,0.07793333404963265,0.23573303274821464,134391.8974222654,3367.3540525278645,137759.25147479327,216,0,135.84848484848484,33,0,21,31.165420754047986,0.6707702020202021,40.7781862745098,1036.8872549019602,31.420825906120005,0
218,4,0,1,31,0.0,0.03125,0.96875,32,800,600,200,0.75,10,6,4,378.12649618686083,0.7968750000000001,0.08267086988304073,0.2394801142516787,134256.1983471075,3753.1651744720016,138009.3635215795,217,15,141.09375,32,0,22,31.112177144249507,0.671875,40.909090909090914,1036.363636363637,32.386363636363654,0
219,4,0,0,31,0.0,0.0,1.0,31,950,600,350,0.631578947368421,13,6,7,386.0521777114005,0.7918458781362007,0.07857660935771604,0.24488935352672966,134314.47558932824,4170.479159884972,138484.9547492132,218,16,141.06451612903226,31,0,22,30.84843298580581,0.6750672043010754,40.85286458333333,1036.5885416666658,33.43834005376341,0
220,4,0,0,31,0.0,0.0,1.0,31,900,800,100,0.8888888888888888,10,8,2,383.2176598382489,0.7914874551971326,0.07311233811215567,0.24354048086927155,134381.97029961468,4099.508836534269,138481.47913614896,219,17,142.06451612903226,31,0,22,30.854289631211014,0.675739247311828,40.78776041666666,1036.8489583333323,33.44674059139782,0
221,4,0,0,31,0.0,0.0,1.0,31,800,600,200,0.75,10,6,4,385.49864809636125,0.7894265232974911,0.07799916591423517,0.24589813686018486,134517.01058281783,4171.225145128029,138688.23572794587,220,18,143.06451612903226,31,0,22,30.65993577674575,0.6770833333333335,40.65755208333333,1037.3697916666658,33.46354166666664,0
222,4,0,0,31,0.0,0.0,1.0,31,850,500,350,0.5882352941176471,12,5,7,385.3969080771025,0.7888888888888889,0.06948790688152573,0.24653268660010833,134620.51474520168,4176.47026786226,138796.98501306394,221,19,144.06451612903226,30,1,23,30.558973362690494,0.6809027777777779,40.55779569892473,1037.7688172043006,34.59229390681002,0
223,4,0,0,31,0.0,0.0,1.0,31,650,300,350,0.46153846153846156,10,3,7,386.7233599133296,0.7880824372759857,0.06927777522523826,0.24785597581831045,134690.26630607567,4217.574466701326,138907.840772777,222,20,145.06451612903226,30,1,23,30.454756355474984,0.6815972222222223,40.49059139784945,1038.0376344086008,34.60125448028669,0
224,4,0,0,31,0.0,0.0,1.0,31,750,500,250,0.6666666666666666,10,5,5,386.7233599133296,0.7880824372759857,0.06927777522523826,0.24785597581831045,134690.26630607567,4217.574466701326,138907.840772777,223,21,146.06451612903226,30,1,23,30.454756355474984,0.6815972222222223,40.49059139784945,1038.0376344086008,34.60125448028669,0
225,4,0,0,31,0.0,0.0,1.0,31,450,300,150,0.6666666666666666,6,3,3,386.69800490780216,0.7875448028673835,0.07142201030454354,0.24855480748067216,134794.92752052253,4224.985908775568,139019.9134292981,224,22,147.06451612903226,30,1,19,30.350709724738966,0.6826388888888889,40.38978494623655,1038.4408602150531,34.61469534050177,0
226,4,1,1,31,0.03125,0.03125,0.96875,32,1000,700,300,0.7,13,7,6,378.0763007031422,0.7905745967741936,0.06283265497808399,0.24524283193457258,135125.53109063036,3817.5521850585837,138943.08327568896,225,0,143.4375,31,1,19,30.244338342725957,0.6831317204301075,40.07161458333333,1039.713541666666,33.53914650537632,0
227,4,0,0,31,0.0,0.0,1.0,31,750,500,250,0.6666666666666666,10,5,5,388.34974973509117,0.7837813620071684,0.07013637860802957,0.2522806056843327,135179.03307101983,4299.348732512436,139478.38180353228,226,24,149.06451612903226,30,1,22,29.923850760415327,0.6864583333333332,40.020161290322584,1039.91935483871,34.66397849462366,0
228,4,0,0,31,0.0,0.0,1.0,31,1150,900,250,0.782608695652174,14,9,5,384.1659944020568,0.7812724014336918,0.06920002833675754,0.2505331897781233,135318.84330919766,4196.979600242814,139515.82290944047,227,25,150.06451612903226,30,1,23,29.893047840502952,0.6878472222222222,39.88575268817205,1040.4569892473123,34.681899641577075,0
229,4,1,1,31,0.03125,0.03125,0.96875,32,1250,800,450,0.64,17,8,9,373.881367566212,0.7855342741935485,0.059394919385076905,0.24620780427137992,135667.59109497094,3744.7168986002907,139412.30799357122,228,0,146.34375,31,1,24,29.81307024121985,0.688508064516129,39.550781250000014,1041.7968750000018,33.60635080645167,0
230,4,0,0,31,0.0,0.0,1.0,31,550,300,250,0.5454545454545454,8,3,5,383.9853363401948,0.7793010752688172,0.06774818301089125,0.2513919213824861,135458.72581006488,4202.832878078405,139661.55868814327,229,1,150.90322580645162,30,1,24,29.758177318700234,0.6892361111111109,39.75134408602151,1040.994623655915,34.699820788530495,0
231,4,0,0,31,0.0,0.0,1.0,31,750,400,350,0.5333333333333333,11,4,7,386.51505676361745,0.7792114695340502,0.06294256490951988,0.25403775868204187,135598.68057362136,4282.186343796988,139880.86691741835,230,2,151.90322580645162,30,1,25,29.55273798769733,0.6906249999999999,39.616935483870975,1041.5322580645172,34.71774193548391,0
232,4,0,0,31,0.0,0.0,1.0,31,750,500,250,0.6666666666666666,10,5,5,386.51505676361745,0.7792114695340502,0.06294256490951988,0.25403775868204187,135598.68057362136,4282.186343796988,139880.86691741835,231,3,152.90322580645162,30,1,25,29.55273798769733,0.6906249999999999,39.616935483870975,1041.5322580645172,34.71774193548391,0
233,4,0,0,31,0.0,0.0,1.0,31,850,600,250,0.7058823529411765,11,6,5,386.51505676361745,0.7792114695340502,0.06294256490951988,0.25403775868204187,135598.68057362136,4282.186343796988,139880.86691741835,232,4,153.90322580645162,30,1,25,29.55273798769733,0.6906249999999999,39.616935483870975,1041.5322580645172,34.71774193548391,0
234,4,0,0,31,0.0,0.0,1.0,31,450,200,250,0.4444444444444444,7,2,5,384.378983791659,0.7769713261648745,0.05734212190818577,0.25337635054021607,135703.6940686785,4232.329604578563,139936.02367325706,233,5,154.90322580645162,30,1,25,29.50367647058822,0.6916666666666667,39.516129032258064,1041.935483870968,34.731182795698935,0
235,4,0,0,31,0.0,0.0,1.0,31,900,700,200,0.7777777777777778,11,7,4,384.0727102987173,0.7761648745519714,0.05994765813857672,0.25342261471880484,135738.70759986708,4226.706664065215,139965.4142639323,234,6,155.90322580645162,30,1,25,29.476761683649336,0.6920138888888888,39.48252688172043,1042.0698924731187,34.73566308243729,0
236,4,0,0,31,0.0,0.0,1.0,31,800,500,300,0.625,11,5,6,384.38743582165125,0.7742831541218638,0.06103034462677592,0.254128266393598,135808.74821149843,4240.635297433227,140049.38350893167,235,7,156.90322580645162,30,1,25,29.398774983881363,0.6927083333333333,39.41532258064516,1042.3387096774193,34.744623655913976,0
237,4,0,1,30,0.0,0.03225806451612903,0.967741935483871,31,950,600,350,0.631578947368421,13,6,7,383.0621267712981,0.7740143369175627,0.055666681914773974,0.2537500356417558,135878.80688880224,4210.004949994227,140088.81183879648,236,8,157.90322580645162,30,1,19,29.363531863693012,0.6934027777777778,39.348118279569896,1042.607526881721,34.753584229390704,0
238,4,0,0,30,0.0,0.0,1.0,30,1000,600,400,0.6,14,6,8,380.73783529177337,0.7698754789272031,0.05740000859217265,0.25270700291093845,135948.88363177827,4352.1767328592905,140301.06036463755,237,9,158.8,30,0,19,29.354351935386866,0.6940972222222221,39.280913978494624,1042.8763440860216,34.76254480286739,0
239,4,0,0,30,0.0,0.0,1.0,30,850,700,150,0.8235294117647058,10,7,3,381.3160936337548,0.7691570881226054,0.06018900343642586,0.25334014440050845,135983.92877789345,4370.572103711417,140354.50088160488,238,10,159.8,30,0,19,29.304392182130584,0.6944444444444444,39.24731182795699,1043.0107526881725,34.76702508960575,0
240,4,0,0,30,0.0,0.0,1.0,30,1000,600,400,0.6,14,6,8,374.9920832848922,0.7696839080459771,0.036671398460016436,0.24646426237274222,135598.6805736212,4169.686343796971,139768.36691741817,239,11,160.8,30,0,26,29.852776702370203,0.690625,39.61693548387097,1041.532258064516,34.71774193548387,2
241,4,1,1,30,0.03225806451612903,0.03225806451612903,0.967741935483871,31,600,400,200,0.6666666666666666,8,4,4,368.0535248966816,0.7789426523297491,0.024491637394863153,0.24398780027919093,135905.08355034734,3804.069010416678,139709.15256076402,240,0,156.58064516129033,31,0,14,29.728604728604715,0.6908602150537635,39.32291666666667,1042.7083333333342,33.63575268817207,0
242,4,0,0,30,0.0,0.0,1.0,30,1000,700,300,0.7,13,7,6,377.33983452495556,0.7679118773946361,0.03490630909403514,0.24971397240405763,135843.77529194127,4251.853537981271,140095.62882992256,241,13,162.8,30,0,26,29.547554581399357,0.6930555555555555,39.38172043010753,1042.47311827957,34.74910394265233,0
243,4,0,0,30,0.0,0.0,1.0,30,1150,900,250,0.782608695652174,14,9,5,378.5030288238707,0.7662356321839081,0.03689049276109446,0.2512236955213357,135948.88363177827,4291.412843970402,140240.29647574868,242,14,163.8,30,0,17,29.412617605361522,0.6940972222222221,39.280913978494624,1042.8763440860216,34.76254480286739,0
244,4,0,0,30,0.0,0.0,1.0,30,550,400,150,0.7272727272727273,7,4,3,367.5747165368303,0.7662356321839081,0.01967871485943773,0.23468231901966846,134550.78124999997,3891.4930555555543,138442.27430555553,243,15,164.8,30,0,24,31.09103078982599,0.6802083333333333,40.625,1037.4999999999998,34.58333333333333,7
245,4,0,1,29,0.0,0.03333333333333333,0.9666666666666667,30,700,400,300,0.5714285714285714,10,4,6,368.3092656284302,0.7653735632183908,0.02154729525536392,0.23560197513811998,134620.5147452017,3916.3965848652974,138536.911330067,244,16,165.8,30,0,24,31.00229892500971,0.6809027777777779,40.55779569892473,1037.7688172043008,34.59229390681003,0
246,4,0,0,29,0.0,0.0,1.0,29,400,200,200,0.5,6,2,4,379.88472293426037,0.7594417077175698,0.03573869198234281,0.24206306406766717,134478.74228395073,4417.283950617297,138896.02623456804,245,43,171.9655172413793,29,0,24,30.843822531690762,0.682471264367816,40.69444444444445,1037.222222222223,35.766283524904246,0
247,4,0,0,29,0.0,0.0,1.0,29,450,300,150,0.6666666666666666,6,3,3,379.5100079030984,0.7579022988505747,0.03545215344135144,0.24230254350736297,134550.7812500001,4412.673611111127,138963.4548611112,246,44,172.9655172413793,29,0,24,30.78145917001338,0.6831896551724137,40.62500000000001,1037.5000000000007,35.77586206896554,0
248,4,0,0,29,0.0,0.0,1.0,29,450,200,250,0.4444444444444444,7,2,5,380.75731941403535,0.7575944170771757,0.038493669776007655,0.24333942971276815,134586.80796682104,4448.98244598767,139035.7904128087,247,45,173.9655172413793,29,0,24,30.71306273145051,0.6835488505747125,40.590277777777786,1037.6388888888894,35.78065134099619,0
249,4,0,0,29,0.0,0.0,1.0,29,1000,700,300,0.7,13,7,6,382.1729618882521,0.7543103448275862,0.037370931874175284,0.24497090198566007,134694.9170524692,4495.351080246922,139190.2681327161,248,46,174.9655172413793,29,0,24,30.568191954330572,0.6846264367816092,40.486111111111114,1038.0555555555559,35.795019157088134,0
250,4,0,0,29,0.0,0.0,1.0,29,850,500,350,0.5882352941176471,12,5,7,385.9401503034202,0.7541050903119868,0.03624424749379784,0.24837008984242465,134839.13001543196,4607.966820987638,139447.0968364196,249,47,175.9655172413793,29,0,18,30.326179013996608,0.6860632183908046,40.347222222222214,1038.6111111111102,35.814176245210696,0
251,4,0,0,29,0.0,0.0,1.0,29,650,400,250,0.6153846153846154,9,4,5,387.0942932227888,0.7549261083743842,0.03762258461623569,0.24936074237840117,134875.1953125,4641.883680555555,139517.07899305556,250,48,176.9655172413793,29,0,18,30.260145072870706,0.6864224137931034,40.3125,1038.75,35.81896551724138,0
252,4,0,0,29,0.0,0.0,1.0,29,700,500,200,0.7142857142857143,9,5,4,403.2323521878751,0.7546182266009852,0.06742386953574098,0.24665596765627323,132970.3800154319,4923.591820987625,137893.97183641954,251,49,177.9655172413793,29,0,19,31.75554358560014,0.6673850574712645,42.152777777777764,1031.3888888888873,35.565134099616806,7
253,4,0,0,29,0.0,0.0,1.0,29,500,300,200,0.6,7,3,4,404.9459377700169,0.7558497536945813,0.064046038891725,0.24865688575464667,133113.66705246907,4980.767746913574,138094.43479938264,252,50,178.9655172413793,29,0,19,31.566846119336027,0.6688218390804599,42.013888888888886,1031.9444444444441,35.58429118773945,0
254,4,0,0,29,0.0,0.0,1.0,29,700,500,200,0.7142857142857143,9,5,4,405.78492952215373,0.7564655172413793,0.06262844630422548,0.24989224367341886,133221.18296682087,5011.829668209862,138233.01263503073,253,51,179.9655172413793,29,0,20,31.436807704381362,0.6698994252873562,41.909722222222214,1032.3611111111102,35.598659003831386,0
255,4,0,0,29,0.0,0.0,1.0,29,700,500,200,0.7142857142857143,9,5,4,405.49898021068043,0.756876026272578,0.06484651136901265,0.24995683407016567,133257.03125,5007.118055555556,138264.14930555556,254,52,180.9655172413793,29,0,20,31.408057573311822,0.6702586206896551,41.875,1032.5,35.60344827586207,0
256,4,0,0,29,0.0,0.0,1.0,29,900,600,300,0.6666666666666666,12,6,6,405.8704567663065,0.7561576354679803,0.06009905214149236,0.25066883027527026,133328.74228395053,5022.839506172828,138351.58179012337,255,53,181.9655172413793,29,0,20,31.32620584543661,0.6709770114942529,41.80555555555555,1032.7777777777771,35.61302681992335,0
257,4,0,0,29,0.0,0.0,1.0,29,500,400,100,0.8,6,4,2,404.57470830815896,0.7553366174055829,0.05730898165278009,0.25010990072217604,133364.60503472225,4991.189236111117,138355.79427083337,256,54,182.9655172413793,29,0,20,31.323534355250782,0.6713362068965518,41.770833333333336,1032.9166666666667,35.617816091954026,0
258,4,0,0,29,0.0,0.0,1.0,29,900,700,200,0.7777777777777778,11,7,4,405.20434145921047,0.7556444991789819,0.05339983590675379,0.25098377153331125,133436.34500385812,5013.797260802478,138450.1422646606,257,55,183.9655172413793,29,0,20,31.23501702737822,0.6720545977011494,41.70138888888889,1033.1944444444453,35.62739463601535,0
259,4,0,0,29,0.0,0.0,1.0,29,650,400,250,0.6153846153846154,9,4,5,407.12799167533797,0.7559523809523809,0.05228031145717438,0.2524193548387096,133472.2222222222,5068.055555555552,138540.27777777775,258,56,184.9655172413793,29,0,20,31.14919354838709,0.6724137931034482,41.666666666666664,1033.3333333333333,35.632183908045974,0
260,4,0,0,29,0.0,0.0,1.0,29,750,300,450,0.4,12,3,9,404.63041109963524,0.7526683087027914,0.059200652226277795,0.2518452157379335,133615.77932098758,5013.001543209864,138628.78086419744,259,57,185.9655172413793,29,0,20,31.069205624216373,0.6738505747126438,41.52777777777777,1033.8888888888882,35.65134099616856,0
261,4,0,0,29,0.0,0.0,1.0,29,650,400,250,0.6153846153846154,9,4,5,399.8855528102574,0.751847290640394,0.051383893232602285,0.2501047424755339,133795.33420138888,4900.564236111107,138695.89843749997,260,58,186.9655172413793,29,0,16,31.011293462209686,0.6756465517241379,41.354166666666664,1034.5833333333333,35.67528735632184,0
262,4,0,0,29,0.0,0.0,1.0,29,900,600,300,0.6666666666666666,12,6,6,399.40955452452516,0.7488711001642036,0.04302249197376051,0.2510285682483819,133975.00964506168,4902.179783950604,138877.1894290123,261,59,187.9655172413793,29,0,18,30.843059654771487,0.6774425287356323,41.18055555555555,1035.2777777777774,35.699233716475085,0
263,4,0,0,29,0.0,0.0,1.0,29,600,400,200,0.6666666666666666,8,4,4,404.29929773578806,0.7473316912972086,0.043560089339801156,0.254848678209279,134082.87278163573,5041.922260802463,139124.7950424382,262,60,188.9655172413793,29,0,18,30.608125474945236,0.6785201149425288,41.076388888888886,1035.694444444444,35.71360153256703,0
264,4,0,0,29,0.0,0.0,1.0,29,1050,900,150,0.8571428571428571,12,9,3,409.40422198103926,0.7458949096880131,0.041323842100397634,0.2588267369473348,134190.77932098752,5187.65432098764,139378.43364197516,263,61,189.9655172413793,29,0,18,30.367515638963358,0.6795977011494253,40.972222222222214,1036.1111111111102,35.727969348658974,0
265,4,0,0,29,0.0,0.0,1.0,29,650,500,150,0.7692307692307693,8,5,3,408.22145345224897,0.7474343185550082,0.04159003317960441,0.25858645888460774,134262.741126543,5161.7862654320725,139424.52739197508,264,62,190.9655172413793,29,0,18,30.325873313678194,0.680316091954023,40.902777777777764,1036.3888888888873,35.73754789272025,0
266,4,0,0,29,0.0,0.0,1.0,29,950,700,250,0.7368421052631579,12,7,5,408.22145345224897,0.7474343185550082,0.04159003317960441,0.25858645888460774,134262.741126543,5161.7862654320725,139424.52739197508,265,63,191.9655172413793,29,0,18,30.325873313678194,0.680316091954023,40.902777777777764,1036.3888888888873,35.73754789272025,0
267,4,0,0,29,0.0,0.0,1.0,29,550,400,150,0.7272727272727273,7,4,3,407.3184727205055,0.7464080459770115,0.04629116310012216,0.25852254084913706,134334.72222222216,5143.402777777771,139478.12499999994,266,64,192.9655172413793,29,0,19,30.276996248660236,0.6810344827586208,40.83333333333333,1036.666666666666,35.747126436781585,0
268,4,0,0,29,0.0,0.0,1.0,29,550,400,150,0.7272727272727273,7,4,3,406.6891306561679,0.7458949096880131,0.04794789477330963,0.25837739237006724,134370.7200038579,5129.422260802447,139500.14226466033,267,65,193.9655172413793,29,0,20,30.257172359901762,0.6813936781609196,40.7986111111111,1036.8055555555543,35.75191570881222,0
269,4,0,0,29,0.0,0.0,1.0,29,1000,500,500,0.5,15,5,10,406.64514141828636,0.742508210180624,0.04875323751967886,0.2593708421223893,134514.75935570974,5139.954668209861,139654.7140239196,268,66,194.9655172413793,29,0,20,30.11377582898201,0.6828304597701149,40.659722222222214,1037.3611111111102,35.77107279693483,0
270,4,1,1,29,0.03333333333333333,0.03333333333333333,0.9666666666666667,30,500,200,300,0.4,8,2,6,394.12490443124807,0.7488026819923372,0.03491262135922302,0.253085194242011,134760.03593262227,4622.457256619261,139382.49318924153,269,0,189.43333333333334,30,0,20,30.192826321467095,0.6822916666666667,40.42338709677419,1038.3064516129032,34.61021505376344,0
271,4,0,0,29,0.0,0.0,1.0,29,750,400,350,0.5333333333333333,11,4,7,406.10106459528913,0.7414819376026273,0.0476197068065729,0.26005083596577505,134658.87586805556,5137.022569444449,139795.8984375,270,68,196.9655172413793,29,0,20,29.983356750970174,0.6842672413793103,40.520833333333336,1037.9166666666667,35.79022988505747,0
272,4,0,0,29,0.0,0.0,1.0,29,1000,500,500,0.5,15,5,10,405.1666205840832,0.7414819376026273,0.05095422518781212,0.23953450608930965,131684.26890432078,4870.814043209848,136555.08294753064,271,69,197.9655172413793,29,0,17,33.0063148398737,0.6544540229885059,43.402777777777764,1026.3888888888873,35.392720306513354,5
273,4,0,0,29,0.0,0.0,1.0,29,1000,800,200,0.8,12,8,4,404.8954292460785,0.7415845648604269,0.050380653828929756,0.2398226773226774,131755.5555555556,4869.444444444449,136625.00000000003,272,70,198.9655172413793,29,0,17,32.941017316017316,0.6551724137931034,43.333333333333336,1026.666666666667,35.402298850574724,0
274,4,0,0,29,0.0,0.0,1.0,29,500,400,100,0.8,6,4,2,407.03726409077996,0.7407635467980296,0.05651535287123166,0.24177032674307775,131862.52170138888,4934.592013888883,136797.11371527775,273,71,199.9655172413793,29,0,17,32.7776369168357,0.65625,43.229166666666664,1027.0833333333333,35.416666666666664,0
275,4,1,0,30,0.03333333333333333,0.0,1.0,30,800,500,300,0.625,11,5,6,393.50206695899817,0.7484195402298851,0.0533342044514129,0.2361938288970364,132259.71075052032,4408.893911145799,136668.60466166612,274,0,194.26666666666668,30,0,19,32.72355067729429,0.6572916666666666,42.84274193548387,1028.6290322580649,34.28763440860216,0
276,4,0,0,30,0.0,0.0,1.0,30,950,600,350,0.631578947368421,13,6,7,394.5979061390508,0.746551724137931,0.05829198224079435,0.23793943033172046,132432.58794369284,4451.524381431375,136884.1123251242,275,1,195.26666666666668,30,0,19,32.520729955601986,0.6590277777777779,42.674731182795696,1029.3010752688167,34.31003584229389,0
277,4,0,0,30,0.0,0.0,1.0,30,650,400,250,0.6153846153846154,9,4,5,392.7651774283795,0.7470785440613027,0.05705521472392627,0.23748808399990642,132536.36845661345,4411.134054514968,136947.5025111284,276,2,196.26666666666668,30,0,20,32.46312491841797,0.6600694444444445,42.57392473118279,1029.7043010752684,34.32347670250895,0
278,4,0,0,30,0.0,0.0,1.0,30,900,700,200,0.7777777777777778,11,7,4,390.50846887282626,0.7467911877394636,0.05569185262516885,0.23655860845632123,132605.5780473174,4356.720249450777,136962.29829676816,277,3,197.26666666666668,30,0,20,32.45138979511941,0.6607638888888889,42.506720430107514,1029.973118279568,34.332437275985605,0
279,4,0,0,30,0.0,0.0,1.0,30,800,700,100,0.875,9,7,2,390.4800805396777,0.7458812260536398,0.05903991651447971,0.23719653703781024,132709.42630650918,4364.0774945080075,137073.50380101718,278,4,198.26666666666668,30,0,15,32.34737803287243,0.6618055555555556,42.40591397849461,1030.3763440860196,34.34587813620065,0
280,4,0,0,30,0.0,0.0,1.0,30,900,600,300,0.6666666666666666,12,6,6,388.0028353411338,0.7470306513409962,0.052811820947414434,0.2365645267938389,132847.95388195154,4309.076555093064,137157.0304370446,279,5,199.26666666666668,30,0,17,32.27156671012605,0.6631944444444444,42.27150537634408,1030.9139784946226,34.36379928315409,0
281,4,0,1,29,0.0,0.03333333333333333,0.9666666666666667,30,750,700,50,0.9333333333333333,8,7,1,399.3203434426664,0.7470306513409962,0.03559441794735907,0.2184108661090758,128655.37200832463,4274.941467221638,132930.31347554628,280,6,200.26666666666668,30,0,17,36.24304451510332,0.6208333333333333,46.37096774193548,1014.5161290322578,33.81720430107526,7
282,4,1,1,29,0.03333333333333333,0.03333333333333333,0.9666666666666667,30,950,800,150,0.8421052631578947,11,8,3,396.53243079868673,0.746264367816092,0.04841185812599269,0.21838185474598223,128928.2359232281,4224.845357844836,133153.08128107293,281,0,201.03333333333333,30,0,17,36.034277395447326,0.6236111111111111,46.10215053763441,1015.5913978494622,33.853046594982075,0
283,4,0,0,29,0.0,0.0,1.0,29,1100,800,300,0.7272727272727273,14,8,6,408.19022813247403,0.738403119868637,0.060585470811392206,0.22395301705646525,128778.12499999988,4713.194444444432,133491.31944444432,282,80,208.9655172413793,29,0,17,35.892172961138485,0.625,46.24999999999999,1014.9999999999991,34.99999999999997,0
284,4,0,0,29,0.0,0.0,1.0,29,450,300,150,0.6666666666666666,6,3,3,408.19022813247403,0.738403119868637,0.060585470811392206,0.22395301705646525,128778.12499999988,4713.194444444432,133491.31944444432,283,81,209.9655172413793,29,0,17,35.892172961138485,0.625,46.24999999999999,1014.9999999999991,34.99999999999997,0
285,4,1,0,30,0.03333333333333333,0.0,1.0,30,850,700,150,0.8235294117647058,10,7,3,397.29474844205663,0.7570402298850575,0.04440477764555495,0.22012748589503858,129167.22896071813,4263.492347381217,133430.72130809934,284,0,203.93333333333334,30,0,20,35.77036229009652,0.6260416666666666,45.866935483870975,1016.5322580645171,33.88440860215057,0
286,4,0,0,30,0.0,0.0,1.0,30,800,600,200,0.75,10,6,4,399.6110987780178,0.7558429118773946,0.04124592475107991,0.22198660597316303,129269.72229448486,4331.52315296566,133601.24544745052,285,1,204.93333333333334,30,0,20,35.60666137985728,0.6270833333333334,45.766129032258064,1016.9354838709673,33.89784946236558,0
287,4,2,1,31,0.0625,0.03125,0.96875,32,800,500,300,0.625,11,5,6,382.2086483050261,0.7777217741935485,0.02555762081784385,0.21509231463190803,129779.68606519744,3520.583677685949,133300.2697428834,286,0,193.0625,32,0,17,35.52896530359357,0.626953125,45.265151515151516,1018.939393939394,31.841856060606062,0
288,4,3,3,31,0.08823529411764706,0.08823529411764706,0.9117647058823529,34,700,500,200,0.7142857142857143,9,5,4,359.121319501712,0.794897504456328,0.023810195702171466,0.20593903452581006,130512.91120001939,2574.890528039136,133087.80172805852,287,0,182.61764705882354,33,1,15,35.372691292875984,0.6319444444444444,44.54656862745099,1021.8137254901974,30.96405228758174,0
289,4,0,0,31,0.0,0.0,1.0,31,650,300,350,0.46153846153846156,10,3,7,385.5218815737941,0.7663978494623656,0.043735282978478285,0.21890938145016317,130129.69970703125,3833.5693359375005,133963.26904296875,288,1,201.19354838709677,31,0,20,35.088055130168435,0.6330645161290323,44.921875,1020.3125,32.913306451612904,1
290,4,0,0,31,0.0,0.0,1.0,31,450,300,150,0.6666666666666666,6,3,3,385.61880894961416,0.7646057347670251,0.04609470816287842,0.21933818755784312,130196.13477918845,3841.215684678825,134037.35046386727,289,2,202.19354838709677,31,0,20,35.017968019052475,0.6337365591397849,44.856770833333336,1020.5729166666673,32.92170698924733,0
291,4,0,0,31,0.0,0.0,1.0,31,950,700,250,0.7368421052631579,12,7,5,383.30983251635064,0.7618279569892473,0.047858589203163326,0.21917015931465364,130399.83171826214,3796.724485427536,134196.5562036897,290,3,203.19354838709677,30,1,22,34.86971969996051,0.6385416666666668,44.65725806451612,1021.3709677419348,34.04569892473116,0
292,4,0,0,31,0.0,0.0,1.0,31,650,400,250,0.6153846153846154,9,4,5,381.1266812659719,0.7622759856630824,0.04579041509899473,0.21808452330645867,130428.79104614258,3741.978454589844,134170.76950073242,291,4,204.19354838709677,31,0,22,34.89603250478011,0.6360887096774194,44.62890625,1021.484375,32.951108870967744,0
293,4,1,0,32,0.03125,0.0,1.0,32,400,300,100,0.75,5,3,2,368.5185185185184,0.7744455645161291,0.04354166666666659,0.2126068376068377,130746.38429752081,3236.4927685950615,133982.87706611588,292,0,198.78125,32,0,19,34.895833333333336,0.63671875,44.31818181818183,1022.7272727272739,31.96022727272731,0
294,4,0,0,32,0.0,0.0,1.0,32,850,600,250,0.7058823529411765,11,6,5,368.5185185185184,0.7744455645161291,0.04354166666666659,0.2126068376068377,130746.38429752081,3236.4927685950615,133982.87706611588,293,1,199.78125,32,0,19,34.895833333333336,0.63671875,44.31818181818183,1022.7272727272739,31.96022727272731,0
295,4,0,0,32,0.0,0.0,1.0,32,1050,1000,50,0.9523809523809523,11,10,1,365.8930692702662,0.774361559139785,0.04072063178677188,0.2117998166690171,130875.54841342731,3177.2912202836565,134052.83963371097,294,2,200.78125,32,0,19,34.83207880881869,0.6380208333333333,44.1919191919192,1023.2323232323241,31.97601010101013,0
296,4,0,0,32,0.0,0.0,1.0,32,1100,900,200,0.8181818181818182,13,9,4,365.0949600229173,0.7751176075268817,0.0452793537247167,0.21204798967520141,131004.7762983368,3165.836713090492,134170.61301142728,295,3,201.78125,32,0,20,34.72162267719126,0.6393229166666667,44.06565656565656,1023.7373737373729,31.991792929292902,0
297,4,1,1,32,0.030303030303030304,0.030303030303030304,0.9696969696969697,33,1000,600,400,0.6,14,6,8,353.2869832612686,0.7861426767676768,0.039176893894100395,0.20675570615913158,131296.7236910083,2677.0846849769327,133973.80837598522,296,0,196.63636363636363,33,0,20,34.7287406831679,0.6398358585858586,43.78063725490196,1024.8774509803925,31.05689245395129,0
298,4,0,0,32,0.0,0.0,1.0,32,800,600,200,0.75,10,6,4,362.1470274150063,0.7757056451612904,0.04805380917159763,0.2110443021832278,131134.06795224978,3097.9625803489407,134232.03053259873,297,5,203.78125,32,0,21,34.666235207100584,0.640625,43.93939393939394,1024.2424242424242,32.00757575757576,0
299,4,0,0,32,0.0,0.0,1.0,32,500,300,200,0.6,7,3,4,362.12961899609553,0.7748235887096775,0.05147987797362297,0.21121190502626316,131166.4008296346,3099.8477515049367,134266.24858113955,298,6,204.78125,32,0,21,34.63397222564608,0.6409505208333335,43.90782828282828,1024.368686868686,32.011521464646435,0
300,4,0,0,32,0.0,0.0,1.0,32,650,500,150,0.7692307692307693,8,5,3,361.6847845228906,0.7727654569892474,0.057941103992114495,0.211486578615834,131263.42337516558,3095.196599836727,134358.6199750023,299,7,205.78125,32,0,21,34.547242073270915,0.6419270833333335,43.8131313131313,1024.747474747473,32.02335858585853,0
301,4,1,1,32,0.030303030303030304,0.030303030303030304,0.9696969696969697,33,800,700,100,0.875,9,7,2,353.6587843490772,0.7792771464646465,0.04873387482083169,0.20850924947679375,131579.47063629352,2706.847126105322,134286.31776239886,300,0,200.5151515151515,33,0,18,34.43372750437969,0.6426767676767678,43.5049019607843,1025.9803921568612,31.090314913844278,0
302,4,0,0,32,0.0,0.0,1.0,32,1050,800,250,0.7619047619047619,13,8,5,385.37028483368397,0.7715473790322581,0.053669519672968846,0.21733995602868006,129864.12896050344,3611.693359750452,133475.82232025388,301,9,207.78125,31,1,21,35.362374382558336,0.6303763440860215,45.182291666666664,1019.270833333333,32.87970430107526,4
303,4,1,1,32,0.030303030303030304,0.030303030303030304,0.9696969696969697,33,600,500,100,0.8333333333333334,7,5,2,376.8650053402962,0.7783301767676768,0.04905633491204586,0.21401588954005135,130133.72559241393,3208.5694380675322,133342.29503048147,302,0,202.45454545454547,32,1,21,35.3047786990059,0.6305338541666667,44.91792929292929,1020.3282828282819,31.88525883838381,0
304,4,0,0,32,0.0,0.0,1.0,32,750,500,250,0.6666666666666666,10,5,5,388.46654149204824,0.7702452956989247,0.05466057066258134,0.22001868543074568,130030.07888793945,3702.467007107205,133732.54589504667,303,11,209.78125,31,1,21,35.11439316566663,0.6320564516129032,45.01953125,1019.921875,32.90070564516129,0
305,4,2,1,33,0.058823529411764705,0.029411764705882353,0.9705882352941176,34,1200,900,300,0.75,15,9,6,370.9333448657257,0.7912953060011884,0.059477285604288666,0.21364283262607733,130681.82615294353,2895.057066687873,133576.8832196314,304,0,198.38235294117646,32,2,19,34.899563678274475,0.6360677083333334,44.38131313131313,1022.4747474747471,31.952335858585847,0
306,4,0,0,33,0.0,0.0,1.0,33,650,400,250,0.6153846153846154,9,4,5,380.11153356971545,0.7790404040404041,0.06665740440574908,0.2188149385329475,130661.65500217008,3333.2004123263837,133994.85541449647,305,1,205.3939393939394,31,2,20,34.68543046357617,0.6384408602150538,44.401041666666664,1022.3958333333328,32.980510752688154,0
307,4,0,0,33,0.0,0.0,1.0,33,450,200,250,0.4444444444444444,7,2,5,378.50069715862764,0.7785669191919192,0.06699620681538421,0.21807527327855508,130694.93823581278,3293.625047471793,133988.56328328457,306,2,206.3939393939394,31,2,20,34.69281909249119,0.63877688172043,44.368489583333336,1022.5260416666672,32.98471102150539,0
308,4,0,0,33,0.0,0.0,1.0,33,700,500,200,0.7142857142857143,9,5,4,378.58034780955853,0.7791982323232324,0.06867090856721747,0.21859439754848428,130778.66934815331,3302.046825579032,134080.71617373233,307,3,207.3939393939394,32,1,21,34.60580998230671,0.6370442708333333,44.286616161616166,1022.8535353535359,31.964172979797997,0
309,4,0,1,32,0.0,0.030303030303030304,0.9696969696969697,33,950,700,250,0.7368421052631579,12,7,5,375.9558536292715,0.7773832070707072,0.07220240898997377,0.21798985332753054,130940.15438475682,3245.54350321398,134185.6978879708,308,4,208.3939393939394,32,1,21,34.50915988156922,0.638671875,44.12878787878789,1023.4848484848497,31.983901515151555,0
310,4,1,1,32,0.030303030303030304,0.030303030303030304,0.9696969696969697,33,650,400,250,0.6153846153846154,9,4,5,388.7955573060304,0.7797506313131314,0.060081265989835764,0.22400671397830224,130694.93823581276,3563.2961907224812,134258.23442653523,309,0,208.87878787878788,31,2,13,34.4296500275903,0.63877688172043,44.368489583333336,1022.5260416666671,32.98471102150539,5
311,4,1,2,31,0.030303030303030304,0.06060606060606061,0.9393939393939394,33,700,400,300,0.5714285714285714,10,4,6,389.20528784931184,0.7793560606060607,0.05813738196630225,0.22482328980472033,130794.81336805571,3581.206597222242,134376.01996527796,310,0,209.84848484848484,31,2,13,34.317718940936864,0.639784946236559,44.27083333333334,1022.9166666666679,32.99731182795703,0
312,4,1,0,32,0.03125,0.0,1.0,32,900,600,300,0.6666666666666666,12,6,6,393.84587217076376,0.776251680107527,0.11962653860499839,0.21681740929975715,128912.72454660236,3754.348886593205,132667.07343319556,311,0,212.65625,32,0,18,36.11836379460401,0.6181640625,46.11742424242424,1015.5303030303029,31.735321969696965,7
313,4,2,2,32,0.058823529411764705,0.058823529411764705,0.9411764705882353,34,650,300,350,0.46153846153846156,10,3,7,373.4343540074751,0.7975341651812241,0.10017515691140044,0.2084405050761944,129458.25043362912,2869.4772854810653,132327.72771911017,312,0,201.08823529411765,32,2,13,36.07992142266337,0.6236979166666667,45.580808080808076,1017.6767676767669,31.802398989898965,0
314,4,1,0,33,0.030303030303030304,0.0,1.0,33,750,500,250,0.6666666666666666,10,5,5,383.26921241359673,0.7880366161616162,0.10610326453684493,0.21361381068472518,129400.03289116762,3319.0097384982696,132719.0426296659,313,0,208.15151515151516,31,2,20,35.88910929101612,0.6256720430107526,45.638020833333336,1017.4479166666673,32.82090053763443,0
315,4,0,1,32,0.0,0.030303030303030304,0.9696969696969697,33,850,600,250,0.7058823529411765,11,6,5,369.84340079680015,0.7892203282828284,0.08400660827845297,0.20213074027221048,128624.38303489446,2914.17584940313,131538.55888429758,314,1,209.15151515151516,32,1,17,37.022342544187204,0.615234375,46.401515151515156,1014.39393939394,31.699810606060623,4
316,4,2,1,33,0.058823529411764705,0.029411764705882353,0.9705882352941176,34,800,500,300,0.625,11,5,6,362.023797737422,0.7934120617944148,0.09946375752761072,0.2002844132512635,129107.96215698282,2548.0309556420543,131655.99311262486,315,0,203.85294117647058,33,1,18,36.72713433015797,0.617739898989899,45.92524509803921,1016.2990196078426,30.796939988116442,0
317,4,2,1,34,0.05714285714285714,0.02857142857142857,0.9714285714285714,35,550,300,250,0.5454545454545454,8,3,5,354.84862670407614,0.8019607843137254,0.11941126351136866,0.1984506610167792,129534.44054705204,2193.023667800436,131727.4642148525,316,0,198.97142857142856,34,1,15,36.475266050754286,0.6197916666666667,45.50595238095237,1017.9761904761896,29.940476190476165,0
318,4,1,1,34,0.02857142857142857,0.02857142857142857,0.9714285714285714,35,900,500,400,0.5555555555555556,13,5,8,356.16945494289735,0.8037815126050419,0.11511425898703798,0.1993430090753702,129564.73922902488,2229.4005102040783,131794.13973922897,317,0,199.94285714285715,34,1,15,36.41082982538199,0.6200980392156863,45.476190476190474,1018.0952380952376,29.9439775910364,0
319,4,1,1,34,0.02857142857142857,0.02857142857142857,0.9714285714285714,35,900,600,300,0.6666666666666666,12,6,6,355.1773060181135,0.7981792717086834,0.11809835408807157,0.19971139191215584,129746.60572562342,2216.6099773242418,131963.21570294767,318,0,200.9142857142857,34,1,15,36.25116849731245,0.621936274509804,45.29761904761904,1018.8095238095225,29.964985994397722,0
320,4,3,4,33,0.08108108108108109,0.10810810810810811,0.8918918918918919,37,1200,800,400,0.6666666666666666,16,8,8,343.8018768564661,0.8098723723723724,0.1066470265499393,0.1957424756172744,130233.84871357844,1554.9283235938656,131788.77703717232,319,0,190.97297297297297,36,1,15,36.04667733156812,0.6226851851851851,44.81981981981982,1020.7207207207207,28.353353353353352,0
321,4,0,0,33,0.0,0.0,1.0,33,1000,700,300,0.7,13,7,6,379.8915765108351,0.7788825757575758,0.13820615977551665,0.2132627242667294,129683.21352731842,3253.11208677683,132936.32561409526,320,4,214.93939393939394,32,1,16,35.6862836246436,0.6259765625000002,45.35984848484847,1018.5606060606043,31.830018939393884,0
322,4,0,0,33,0.0,0.0,1.0,33,1000,700,300,0.7,13,7,6,383.29369037869714,0.7783301767676768,0.14353671769109777,0.21588020760966217,129811.85154894882,3351.2127270176143,133163.06427596643,321,5,215.93939393939394,32,1,16,35.468549952504844,0.6272786458333335,45.23358585858584,1019.0656565656544,31.8458017676767,0
323,4,1,0,34,0.029411764705882353,0.0,1.0,34,700,600,100,0.8571428571428571,8,6,2,378.27538409195836,0.7894756387403447,0.14865533099273143,0.21501017906714873,130168.77710796293,3047.9288314590094,133216.70593942195,322,0,210.55882352941177,33,1,17,35.233152195668694,0.6284722222222225,44.88357843137253,1020.465686274507,30.923202614379,0
324,4,1,1,34,0.02857142857142857,0.02857142857142857,0.9714285714285714,35,1100,800,300,0.7272727272727273,14,8,6,367.5097270420098,0.796078431372549,0.14664908284378408,0.2112611049798347,130606.84479827457,2599.890967416361,133206.73576569094,323,0,205.5142857142857,33,2,15,35.06311693242217,0.6328914141414143,44.45465686274509,1022.1813725490185,30.975193107546016,0
325,4,1,1,34,0.02857142857142857,0.02857142857142857,0.9714285714285714,35,850,500,350,0.5882352941176471,12,5,7,366.7391858283738,0.7952380952380952,0.14482309826352058,0.21098884746070978,130638.16350682413,2582.0267445213194,133220.19025134546,324,0,206.4857142857143,33,2,15,35.051046911212346,0.6332070707070707,44.42401960784313,1022.303921568626,30.97890671420079,0
326,4,0,0,34,0.0,0.0,1.0,34,800,500,300,0.625,11,5,6,380.5649867903072,0.7861333927510399,0.14889660482617373,0.21919027475305197,130681.82615294371,3146.5854887256614,133828.41164166937,325,3,213.55882352941177,32,2,16,34.6533609121594,0.6360677083333333,44.38131313131314,1022.4747474747486,31.952335858585894,0
327,4,1,1,34,0.02857142857142857,0.02857142857142857,0.9714285714285714,35,850,600,250,0.7058823529411765,11,6,5,369.55375998624334,0.7931372549019607,0.13313950505378735,0.2145158135625497,130982.91710219637,2681.045901816621,133663.963004013,326,0,208.42857142857142,33,2,17,34.629649028293215,0.6366792929292928,44.087009803921575,1023.6519607843145,31.01975638740347,0
328,4,1,1,34,0.02857142857142857,0.02857142857142857,0.9714285714285714,35,1050,600,450,0.5714285714285714,15,6,9,367.43432962985645,0.7929971988795518,0.13112421988544054,0.2136335298578602,131045.64838343434,2630.133992935419,133675.78237636975,327,0,209.4,33,2,17,34.62036205864752,0.637310606060606,44.02573529411765,1023.8970588235301,31.027183600713034,0
329,4,1,0,35,0.02857142857142857,0.0,1.0,35,1050,900,150,0.8571428571428571,12,9,3,362.6173549337894,0.7950280112044817,0.13321656105644553,0.2047938747925454,129918.78311526813,2422.1610978950343,132340.94421316317,328,0,210.37142857142857,33,2,15,35.8865999519173,0.6259469696969697,45.12867647058823,1019.4852941176467,30.89349376114081,3
330,4,0,0,35,0.0,0.0,1.0,35,1200,900,300,0.75,15,9,6,361.83397812226633,0.7976190476190476,0.1257486057486059,0.20533523298349465,130106.2560823961,2415.372843377533,132521.62892577364,329,1,211.37142857142857,33,2,15,35.71609109109108,0.6278409090909092,44.944852941176464,1020.2205882352933,30.915775401069496,0
331,4,0,0,35,0.0,0.0,1.0,35,750,400,350,0.5333333333333333,11,4,7,360.99987025069595,0.7964285714285714,0.1233418520487799,0.20552070535324984,130231.31315179255,2402.697430074968,132634.0105818675,330,2,212.37142857142857,33,2,16,35.61039240405011,0.6291035353535354,44.822303921568626,1020.7107843137252,30.93062982768864,0
332,4,0,0,35,0.0,0.0,1.0,35,950,700,250,0.7368421052631579,12,7,5,358.6798254020389,0.7958683473389355,0.12323614079084488,0.20504318782170267,130391.51178770025,2353.7646909495975,132745.27647864984,331,3,213.37142857142857,32,3,17,35.50706721061523,0.6331380208333334,44.66540404040404,1021.338383838384,31.9168244949495,0
333,4,1,1,35,0.027777777777777776,0.027777777777777776,0.9722222222222222,36,1400,900,500,0.6428571428571429,19,9,10,350.61530341601843,0.8027116402116403,0.11810714380807852,0.20236758798824958,130763.47588667824,1969.5351547481814,132733.01104142642,332,0,208.41666666666666,33,3,14,35.336288840961736,0.6344696969696969,44.3014705882353,1022.7941176470591,30.993761140819974,0
334,4,0,0,35,0.0,0.0,1.0,35,900,600,300,0.6666666666666666,12,6,6,358.64469827229414,0.7941176470588235,0.12547013371908378,0.20656506163648933,130681.82615294366,2373.6688220589826,133055.49497500263,333,5,215.37142857142857,32,3,14,35.213684448835096,0.6360677083333333,44.381313131313135,1022.4747474747481,31.95233585858588,0
335,4,0,1,34,0.0,0.02857142857142857,0.9714285714285714,35,600,300,300,0.5,9,3,6,357.19916091295755,0.7938375350140056,0.12394192576359409,0.20583354963105796,130700.8121876202,2337.2440888120045,133038.0562764322,334,6,216.37142857142857,33,2,14,35.23140380313199,0.6338383838383839,44.36274509803922,1022.5490196078437,30.986333927510415,0
336,4,0,1,33,0.0,0.029411764705882353,0.9705882352941176,34,1150,900,250,0.782608695652174,14,9,5,364.20301783264745,0.7912210338680927,0.12716775599128582,0.21011712567268123,130746.38429752068,2723.645546372824,133470.0298438935,335,7,218.38235294117646,32,2,14,35.00617283950617,0.63671875,44.31818181818182,1022.7272727272729,31.960227272727277,0
337,4,0,0,33,0.0,0.0,1.0,33,950,600,350,0.631578947368421,13,6,7,374.27254740108117,0.7787247474747475,0.13676479664259733,0.21619743620462442,130794.81336805547,3190.581597222214,133985.3949652777,336,8,224.54545454545453,31,2,15,34.69959266802443,0.6397849462365592,44.27083333333333,1022.916666666666,32.99731182795696,0
338,4,0,1,32,0.0,0.030303030303030304,0.9696969696969697,33,950,600,350,0.631578947368421,13,6,7,375.2733441596743,0.7776988636363638,0.1400618555110793,0.21715006910211482,130861.41798231333,3221.760389539927,134083.17837185325,337,9,225.54545454545453,31,2,16,34.60645202341562,0.6404569892473118,44.205729166666664,1023.177083333333,33.005712365591386,0
339,4,2,2,32,0.058823529411764705,0.058823529411764705,0.9411764705882353,34,900,700,200,0.7777777777777778,11,7,4,366.85700772310025,0.7859105763517529,0.12936107904147787,0.21347194683385992,131077.01965590165,2817.304642445223,133894.32429834688,338,0,219.58823529411765,33,1,16,34.60337880963778,0.6376262626262625,43.99509803921569,1024.019607843138,31.030897207367815,0
340,4,2,1,33,0.058823529411764705,0.029411764705882353,0.9705882352941176,34,800,500,300,0.625,11,5,6,363.16272458394707,0.785873440285205,0.1357317236187623,0.2121875290179163,131233.9323367215,2731.854485053829,133965.78682177534,339,0,220.52941176470588,33,1,17,34.539204839931436,0.6392045454545454,43.841911764705884,1024.6323529411768,31.049465240641723,0
341,4,0,0,33,0.0,0.0,1.0,33,700,600,100,0.8571428571428571,8,6,2,372.38747544866874,0.7746212121212122,0.14557257525333456,0.21719479427139116,131166.40082963475,3168.9449737271743,134335.3458033619,340,1,228.21212121212122,32,1,17,34.37127655203582,0.6409505208333334,43.907828282828284,1024.368686868687,32.01152146464647,0
342,4,0,0,33,0.0,0.0,1.0,33,950,800,150,0.8421052631578947,11,8,3,357.12328217164327,0.7746212121212122,0.0632453447002499,0.20314056930284266,130198.14822785952,2699.3580055606703,132897.5062334202,341,2,229.21212121212122,32,1,19,35.74296878221784,0.6311848958333333,44.854797979797986,1020.580808080809,31.89315025252528,5
343,4,0,0,33,0.0,0.0,1.0,33,1200,800,400,0.6666666666666666,16,8,8,354.1184214002058,0.773358585858586,0.06629349878607993,0.20226764069808376,130359.27456382014,2632.5241046832075,132991.79866850335,342,3,230.21212121212122,32,1,20,35.65621909000988,0.6328125,44.6969696969697,1021.2121212121222,31.912878787878817,0
344,4,1,2,32,0.029411764705882353,0.058823529411764705,0.9411764705882353,34,750,500,250,0.6666666666666666,10,5,5,345.03305902657405,0.7804887106357695,0.060885843010343166,0.19866189175008336,130669.48596993943,2217.0584931276376,132886.54446306705,343,0,224.41176470588235,33,1,17,35.574109033521104,0.6335227272727273,44.393382352941174,1022.4264705882351,30.98262032085561,0
345,4,0,0,32,0.0,0.0,1.0,32,1050,800,250,0.7619047619047619,13,8,5,363.2862763694359,0.7598286290322581,0.07945927861330593,0.20805431564924062,130462.04460991763,3079.0140787760506,133541.05868869368,344,22,239.3125,31,1,22,35.317890220069664,0.6364247311827957,44.59635416666667,1021.6145833333342,32.95530913978497,0
346,4,1,1,32,0.030303030303030304,0.030303030303030304,0.9696969696969697,33,950,700,250,0.7368421052631579,12,7,5,353.128643970487,0.7686237373737375,0.06612114477283004,0.20355792793715155,130714.1032324509,2631.778804458742,133345.88203690964,345,0,233.03030303030303,32,1,19,35.32200477425195,0.6363932291666666,44.34974747474748,1022.6010101010112,31.9562815656566,0
347,4,2,1,33,0.058823529411764705,0.029411764705882353,0.9705882352941176,34,800,500,300,0.625,11,5,6,345.69568697079967,0.7780377302436127,0.0607918254096802,0.20066685707207024,130982.91710219637,2256.045901816621,133238.963004013,346,0,227.11764705882354,33,1,20,35.24020810886308,0.6366792929292928,44.087009803921575,1023.6519607843145,31.01975638740347,0
348,4,0,0,33,0.0,0.0,1.0,33,300,100,200,0.3333333333333333,5,1,4,353.8763667685983,0.7705965909090909,0.07195988017905774,0.20467239114389402,130843.25140610669,2660.4668847566772,133503.71829086335,347,1,235.0,32,1,20,35.172158459829696,0.6376953125,44.22348484848486,1023.106060606062,31.972064393939437,0
349,4,0,0,33,0.0,0.0,1.0,33,850,700,150,0.8235294117647058,10,7,3,357.14359598795653,0.7709122474747475,0.07573515121615793,0.20742981921707382,131004.77629833682,2757.5033797571573,133762.27967809397,348,2,236.0,32,1,20,34.92512539056077,0.6393229166666667,44.06565656565656,1023.737373737373,31.991792929292906,0
350,4,0,0,33,0.0,0.0,1.0,33,800,600,200,0.75,10,6,4,355.86392302062256,0.7702809343434344,0.06611298535845478,0.20720834742428343,131101.73906042744,2730.875835373932,133832.61489580138,349,3,237.0,32,1,20,34.859809723420874,0.6402994791666667,43.97095959595959,1024.116161616161,32.00363005050503,0
351,4,0,0,33,0.0,0.0,1.0,33,950,600,350,0.631578947368421,13,6,7,359.2206311841919,0.7668087121212122,0.0653026316743135,0.2100561481092454,131265.32613658198,2830.642661476343,134095.9687980583,350,4,238.0,33,0,21,34.60844694251775,0.6395202020202021,43.811274509803916,1024.7549019607834,31.053178847296465,0
352,4,0,0,33,0.0,0.0,1.0,33,1100,700,400,0.6363636363636364,15,7,8,357.59138079185675,0.7665719696969697,0.0657797487065781,0.20944638017808756,131328.125,2792.376129373317,134120.50112937333,351,5,239.0,32,1,21,34.58672086720867,0.642578125,43.75,1025.0,32.03125,0
353,4,0,0,33,0.0,0.0,1.0,33,800,500,300,0.625,11,5,6,361.7186750873847,0.7668087121212122,0.061217866216019434,0.21276182460063922,131489.9488094327,2912.4740141312095,134402.42282356392,352,6,240.0,32,1,22,34.31742172432188,0.6442057291666667,43.592171717171716,1025.6313131313132,32.050978535353536,0
354,4,0,0,33,0.0,0.0,1.0,33,600,400,200,0.6666666666666666,8,4,4,363.7564591715979,0.7663352272727273,0.06180699300699333,0.2143235120209739,131554.7062321445,2970.7748252729116,134525.4810574174,353,7,241.0,32,1,17,34.19974358974359,0.6448567708333335,43.529040404040394,1025.883838383837,32.058869949494905,0
355,4,1,1,33,0.029411764705882353,0.029411764705882353,0.9705882352941176,34,750,300,450,0.4,12,3,9,355.0287364505785,0.7763666072489602,0.055734943141934945,0.21070402347421002,131831.05656478263,2560.762687427894,134391.81925221052,354,0,234.88235294117646,33,1,18,34.14478918058868,0.6452020202020203,43.25980392156862,1026.9607843137244,31.120023767082557,0
356,4,0,0,33,0.0,0.0,1.0,33,600,400,200,0.6666666666666666,8,4,4,364.4064227524669,0.7657828282828284,0.06519867142329905,0.21543707713125834,131684.2689043209,2997.318672839494,134681.5875771604,355,9,243.0,32,1,18,34.0522101939558,0.6461588541666667,43.40277777777777,1026.3888888888882,32.07465277777776,0
357,4,0,0,33,0.0,0.0,1.0,33,850,600,250,0.7058823529411765,11,6,5,365.64396614876387,0.7651515151515152,0.06556094507901755,0.21709109639810534,131846.31191970196,3041.7616824813645,134888.0736021833,356,10,244.0,32,1,18,33.856855995410214,0.6477864583333335,43.24494949494949,1027.0202020202012,32.09438131313129,0
358,4,0,0,33,0.0,0.0,1.0,33,900,600,300,0.6666666666666666,12,6,6,365.26286753792004,0.7664141414141414,0.06526061797627292,0.21760682401344,131976.01807213537,3041.187761452891,135017.20583358826,357,11,245.0,32,1,19,33.735766363561886,0.6490885416666667,43.11868686868686,1027.5252525252513,32.1101641414141,0
359,4,0,1,32,0.0,0.030303030303030304,0.9696969696969697,33,750,600,150,0.8,9,6,3,365.0467648031525,0.7654671717171718,0.06938210401732903,0.21822399111800778,132105.78799357192,3044.9581037649086,135150.74609733684,358,12,246.0,32,1,20,33.610445836403834,0.650390625,42.992424242424235,1028.0303030303019,32.12594696969693,0
360,4,0,0,32,0.0,0.0,1.0,32,950,700,250,0.7368421052631579,12,7,5,375.1518379114265,0.7561743951612904,0.0766577429983526,0.22342061531766524,131962.84188164593,3501.220533582882,135464.0624152288,359,37,254.3125,31,1,21,33.4950418197947,0.6515456989247312,43.13151041666666,1027.4739583333323,33.14432123655911,0
361,4,0,0,32,0.0,0.0,1.0,32,600,400,200,0.6666666666666666,8,4,4,374.085973055717,0.7555863575268817,0.07219609147345762,0.223179182564533,132029.74319457996,3478.0949910481645,135507.83818562812,360,38,255.3125,31,1,21,33.45488090713292,0.652217741935484,43.06640624999999,1027.734374999999,33.152721774193516,0
362,4,0,0,32,0.0,0.0,1.0,32,1050,1000,50,0.9523809523809523,11,10,1,373.96449039623553,0.7549983198924731,0.06799002533248899,0.22350110913537288,132096.661461724,3479.892137315514,135576.5535990395,361,39,256.3125,31,1,21,33.390463373443104,0.6528897849462367,43.00130208333332,1027.9947916666652,33.16112231182791,0
363,4,1,0,33,0.030303030303030304,0.0,1.0,33,600,300,300,0.5,9,3,6,363.79600286047645,0.7642045454545455,0.06607919687674269,0.21897617602015385,132365.5191434548,3030.8093561881446,135396.32849964293,362,0,249.5151515151515,32,1,22,33.38087934560327,0.6529947916666667,42.73989898989899,1029.0404040404042,32.15751262626263,0
364,4,0,0,33,0.0,0.0,1.0,33,650,400,250,0.6153846153846154,9,4,5,366.64491048340625,0.7641256313131314,0.06667739883019363,0.2212744017009014,132465.01498752163,3113.528698019277,135578.5436855409,363,1,250.5151515151515,31,2,22,33.207374146218044,0.6565860215053765,42.64322916666666,1029.4270833333326,33.20732526881718,0
365,4,1,1,33,0.029411764705882353,0.029411764705882353,0.9705882352941176,34,500,500,0,1.0,5,5,0,361.88957571216815,0.7721330956625074,0.0655442601424232,0.21839272470624027,132462.98408644518,2787.3946217222597,135250.37870816744,364,0,244.11764705882354,32,2,19,33.33180015536202,0.6539713541666667,42.645202020202014,1029.4191919191912,32.169349747474726,1
366,4,0,0,33,0.0,0.0,1.0,33,700,400,300,0.5714285714285714,10,4,6,371.79719374198845,0.764441287878788,0.0745972240817605,0.22340734031045126,132300.56244260777,3237.7955693296485,135538.3580119374,365,1,252.45454545454547,32,1,19,33.240519145802665,0.65234375,42.8030303030303,1028.7878787878778,32.14962121212118,0
367,4,0,0,33,0.0,0.0,1.0,33,1000,700,300,0.7,13,7,6,372.32142722721954,0.764441287878788,0.07639338166945508,0.22410780146985515,132365.5191434547,3256.503800632574,135622.02294408728,366,2,253.45454545454547,32,1,19,33.161554192229026,0.6529947916666667,42.73989898989898,1029.0404040404035,32.15751262626261,0
368,4,0,0,33,0.0,0.0,1.0,33,950,600,350,0.631578947368421,13,6,7,372.04702551137444,0.7648358585858587,0.0746704131961089,0.22452253138373307,132462.98408644518,3256.491843944483,135719.47593038966,367,3,254.45454545454547,32,1,20,33.07039331125556,0.6539713541666667,42.645202020202014,1029.4191919191912,32.169349747474726,0
369,4,0,0,33,0.0,0.0,1.0,33,900,700,200,0.7777777777777778,11,7,4,372.91790862540654,0.7653882575757577,0.07605859923740699,0.22524241680974572,132495.4803719009,3281.9874885215863,135777.46786042248,368,4,255.45454545454547,32,1,20,33.01523792003924,0.654296875,42.61363636363637,1029.5454545454552,32.173295454545475,0
370,4,0,0,33,0.0,0.0,1.0,33,1400,1100,300,0.7857142857142857,17,11,6,372.84790221401124,0.763888888888889,0.0743365987941198,0.22578473187525552,132592.99314164382,3287.40386822774,135880.39700987155,369,5,256.45454545454544,32,1,20,32.91881206325854,0.6552734375,42.5189393939394,1029.9242424242432,32.1851325757576,0
371,4,0,0,33,0.0,0.0,1.0,33,1150,800,350,0.6956521739130435,15,8,7,379.05092592592604,0.7634943181818182,0.09819458957390004,0.2198495370370369,130951.55709342548,3327.4617935409306,134279.0188869664,370,6,257.45454545454544,33,0,16,34.41840277777778,0.6363636363636365,44.11764705882352,1023.529411764705,31.016042780748634,3
372,4,0,0,33,0.0,0.0,1.0,33,300,200,100,0.6666666666666666,4,2,2,375.621391675482,0.76333648989899,0.09693777613337051,0.21821565410688304,131014.28086553248,3242.3533016147603,134256.63416714725,371,7,258.45454545454544,33,0,16,34.44258239565876,0.6369949494949495,44.056372549019606,1023.7745098039215,31.023469994058228,0
373,4,0,0,33,0.0,0.0,1.0,33,1050,700,350,0.6666666666666666,14,7,7,376.93007070151003,0.7647569444444445,0.07251108335707102,0.20935513565469394,129263.69214965386,3144.674524221441,132408.3666738753,372,8,259.45454545454544,33,0,19,36.18944323933479,0.6193181818181819,45.772058823529406,1016.9117647058813,30.815508021390343,6
374,4,2,2,33,0.05714285714285714,0.05714285714285714,0.9428571428571428,35,850,400,450,0.47058823529411764,13,4,9,359.7809917355374,0.7894957983193277,0.05657142857142872,0.20191790352504635,129672.49657064465,2330.739883401913,132003.23645404656,373,0,245.57142857142858,35,0,16,36.209280303030305,0.6190476190476191,45.37037037037037,1018.518518518518,29.100529100529087,0
375,4,1,1,33,0.029411764705882353,0.029411764705882353,0.9705882352941176,34,700,700,0,1.0,7,7,0,356.20248026489645,0.7763666072489602,0.04398373872079775,0.2015343755580647,129989.29280045329,2460.5017006802445,132449.79450113353,374,0,253.76470588235293,34,0,16,35.97848081562768,0.6243872549019609,45.059523809523796,1019.7619047619029,29.992997198879497,6
376,4,2,0,35,0.05714285714285714,0.0,1.0,35,400,200,200,0.5,6,2,4,347.1028138226777,0.7901960784313725,0.04937366737739923,0.1979224555414416,130292.9705215419,2045.298327664393,132338.26884920627,375,0,247.45714285714286,34,1,18,35.902518656716424,0.6274509803921569,44.76190476190476,1020.9523809523805,30.02801120448178,0
377,4,0,0,35,0.0,0.0,1.0,35,850,700,150,0.8235294117647058,10,7,3,346.6936768140277,0.7915966386554621,0.042952036892137,0.19846420551975788,130444.94224773237,2044.8873299319634,132489.82957766432,376,1,248.45714285714286,34,1,18,35.758992735889365,0.6289828431372548,44.613095238095234,1021.5476190476186,30.0455182072829,0
378,4,2,3,34,0.05405405405405406,0.08108108108108109,0.9189189189189189,37,700,500,200,0.7142857142857143,9,5,4,329.9099285201314,0.8083083083083084,0.03589522378735355,0.1907849586636151,130838.01442912503,1232.9519976057109,132070.96642673074,377,0,235.97297297297297,36,1,15,35.79045129334067,0.6287615740740742,44.2286036036036,1023.0855855855852,28.419044044044036,0
379,4,2,1,35,0.05555555555555555,0.027777777777777776,0.9722222222222222,36,850,600,250,0.7058823529411765,11,6,5,338.9137910263469,0.7958333333333334,0.05691539476163565,0.19682813405305577,131002.08340031293,1679.6825435099468,132681.7659438229,378,0,243.41666666666666,35,1,17,35.39440832862258,0.632440476190476,44.06828703703704,1023.7268518518518,29.249338624338623,0
380,4,1,1,35,0.027777777777777776,0.027777777777777776,0.9722222222222222,36,650,300,350,0.46153846153846156,10,3,7,339.28448803011037,0.7923611111111112,0.061332127787824264,0.1974992861901588,131090.9636488339,1695.4260973936746,132786.38974622756,379,0,244.38888888888889,35,1,18,35.29517028330318,0.6333333333333333,43.981481481481474,1024.074074074073,29.259259259259228,0
381,4,0,0,35,0.0,0.0,1.0,35,1000,800,200,0.8,12,8,4,344.40291467041675,0.7890056022408963,0.03739788802550259,0.20076169903958452,131145.15306122456,2033.3545918367392,133178.5076530613,380,1,241.57142857142858,34,1,19,35.109396792189656,0.6360294117647058,43.92857142857143,1024.285714285715,30.126050420168085,0
382,4,0,0,35,0.0,0.0,1.0,35,850,400,450,0.47058823529411764,13,4,9,343.8708307628671,0.7878151260504201,0.03881401617250679,0.20063287561517068,131179.8740381731,2021.7864529749759,133201.66049114807,381,2,242.57142857142858,35,0,20,35.087960870711406,0.6342261904761904,43.89467592592593,1024.421296296297,29.269179894179914,0
383,4,0,0,35,0.0,0.0,1.0,35,1050,700,350,0.6666666666666666,14,7,7,341.7993537661659,0.7864145658263305,0.039411384110025205,0.2003563128169133,131358.63272392293,1979.7428798229685,133338.3756037459,382,3,243.57142857142858,34,1,20,34.960612394998655,0.6381740196078431,43.720238095238095,1025.1190476190477,30.150560224089638,0
384,4,0,0,35,0.0,0.0,1.0,35,750,600,150,0.8,9,6,3,343.18250018498895,0.786624649859944,0.03701147899940249,0.2013274994273246,131389.14399092973,2018.090986394558,133407.2349773243,383,4,244.57142857142858,34,1,20,34.89438187025855,0.6384803921568627,43.69047619047619,1025.2380952380954,30.154061624649867,0
385,4,1,1,35,0.027777777777777776,0.027777777777777776,0.9722222222222222,36,950,500,450,0.5263157894736842,14,5,9,337.1242221921181,0.795734126984127,0.0306724057992811,0.19915259681395814,131654.57182623885,1676.7890249914255,133331.36085123027,384,0,238.75,35,1,15,34.78217454231046,0.6389880952380952,43.43171296296296,1026.273148148148,29.322089947089943,0
386,4,2,2,35,0.05405405405405406,0.05405405405405406,0.9459459459459459,37,1250,1000,250,0.8,15,10,5,330.1574474598058,0.7979229229229229,0.026496620510434665,0.19618020053947174,131876.9799148812,1308.0334134810566,133185.01332836226,385,0,233.24324324324326,36,1,16,34.73714504988488,0.6391782407407407,43.215090090090094,1027.1396396396403,28.531656656656676,0
387,4,0,0,35,0.0,0.0,1.0,35,1050,700,350,0.6666666666666666,14,7,7,344.6431166929549,0.7858543417366947,0.041034139874047026,0.20348107300638843,131633.3616780045,2073.3064058956866,133706.66808390018,386,7,247.57142857142858,34,1,17,34.61064385150812,0.6409313725490196,43.45238095238095,1026.190476190476,30.182072829131645,0
388,4,0,0,35,0.0,0.0,1.0,35,700,400,300,0.5714285714285714,10,4,6,345.5237698024865,0.7846638655462185,0.043352495816835424,0.20449220775613192,131725.001771542,2102.823837868487,133827.8256094105,387,8,248.57142857142858,34,1,17,34.49568015771773,0.6418504901960784,43.36309523809524,1026.5476190476195,30.192577030812338,0
389,4,1,1,35,0.027777777777777776,0.027777777777777776,0.9722222222222222,36,800,500,300,0.625,11,5,6,337.71330865069194,0.7956679894179894,0.040732604858998656,0.2010651268204018,131951.6933111497,1712.3685860339444,133664.06189718362,388,0,242.63888888888889,35,1,17,34.46793680297397,0.6419642857142858,43.14236111111111,1027.4305555555554,29.355158730158728,0
390,4,0,0,35,0.0,0.0,1.0,35,650,500,150,0.7692307692307693,8,5,3,346.79518055198236,0.7820728291316527,0.04110868269421841,0.2060708552205581,131877.806122449,2146.9175170068065,134024.7236394558,389,10,250.57142857142858,34,1,18,34.309080899397316,0.6433823529411764,43.214285714285715,1027.1428571428573,30.21008403361345,0
391,4,0,1,34,0.0,0.02857142857142857,0.9714285714285714,35,950,700,250,0.7368421052631579,12,7,5,343.3615763402937,0.7836834733893557,0.03709122203098092,0.20468902810562262,132000.11337868482,2064.7534013605436,134064.86678004535,390,11,251.57142857142858,34,1,18,34.27411569354339,0.6446078431372548,43.095238095238095,1027.6190476190477,30.224089635854344,0
392,4,1,0,35,0.02857142857142857,0.0,1.0,35,550,100,450,0.18181818181818182,10,1,9,346.6346545342788,0.7791316526610643,0.058624681639268594,0.20764425422101918,132183.68055555542,2163.88888888887,134347.5694444443,391,0,252.22857142857143,34,1,19,34.00526742301457,0.6464460784313726,42.91666666666666,1028.3333333333321,30.24509803921565,0
393,4,1,1,35,0.027777777777777776,0.027777777777777776,0.9722222222222222,36,1400,1100,300,0.7857142857142857,17,11,6,340.36079130820883,0.7845238095238096,0.053263123703869875,0.20537102292369117,132457.5684263545,1816.67256087104,134274.24098722552,392,0,246.19444444444446,35,1,19,33.891293756090235,0.6470238095238096,42.650462962962955,1029.3981481481474,29.41137566137564,0
394,4,0,0,35,0.0,0.0,1.0,35,550,500,50,0.9090909090909091,6,5,1,347.74386709343094,0.7777310924369747,0.05552947399742125,0.208984874785913,132306.12953514722,2201.7290249432895,134507.8585600905,393,2,254.22857142857143,34,1,19,33.85356398981717,0.6476715686274511,42.79761904761904,1028.8095238095225,30.259103641456544,0
395,4,0,0,35,0.0,0.0,1.0,35,900,800,100,0.8888888888888888,10,8,2,355.851781847209,0.778641456582633,-0.011385018458973217,0.21419981449254594,132366.47450800176,2425.6853752530487,134792.15988325482,394,3,255.22857142857143,33,2,20,33.584291016632946,0.6505681818181819,42.7389705882353,1029.044117647059,31.183155080213908,4
396,4,0,1,34,0.0,0.02857142857142857,0.9714285714285714,35,1050,400,650,0.38095238095238093,17,4,13,357.7043608653274,0.7757002801120447,-0.0009657564525449303,0.2162181323734156,132524.1568747596,2480.8937668204403,135005.05064158002,395,4,256.22857142857146,33,2,20,33.377965563754664,0.6521464646464648,42.58578431372548,1029.656862745097,31.201723113487787,0
397,4,0,0,34,0.0,0.0,1.0,34,950,600,350,0.631578947368421,13,6,7,364.66444229855966,0.7595439691027926,0.019935962616014047,0.22082909100440604,132592.99314164364,2870.389979338839,135463.38312098247,396,5,264.1764705882353,32,2,20,33.12952065710432,0.6552734375,42.51893939393939,1029.9242424242418,32.18513257575756,0
398,4,0,0,34,0.0,0.0,1.0,34,950,400,550,0.42105263157894735,15,4,11,369.5594606047475,0.7590983363042187,0.010375746916828188,0.22456997453427716,132723.06596584522,3009.8129336292086,135732.87889947442,397,6,265.1764705882353,32,2,17,32.87255442551975,0.6565755208333335,42.39267676767676,1030.4292929292922,32.20091540404038,0
399,4,0,0,34,0.0,0.0,1.0,34,1000,600,400,0.6,14,6,8,372.6480290727566,0.7571672608437314,0.00795720615251616,0.22723458979679284,132853.20255905003,3101.4968179267357,135954.69937697676,398,7,266.1764705882353,32,2,17,32.66202286180853,0.6578776041666667,42.26641414141414,1030.934343434343,32.21669823232322,0
400,4,0,0,34,0.0,0.0,1.0,34,1000,600,400,0.6,14,6,8,373.9354465955535,0.7574643493761142,0.007917305739777003,0.22881488114150383,132983.402921258,3145.4416322314055,136128.8445534894,399,8,267.1764705882353,32,2,17,32.497857754927175,0.6591796875,42.140151515151516,1031.4393939393938,32.232481060606055,0
401,4,0,0,34,0.0,0.0,1.0,34,900,600,300,0.6666666666666666,12,6,6,372.7856004905298,0.7588383838383839,0.0009211416399199646,0.2291089848428265,133146.24304917877,3127.000433629235,136273.243482808,400,9,268.1764705882353,32,2,19,32.363795775222265,0.6608072916666666,41.98232323232324,1032.0707070707078,32.25220959595962,0
402,4,0,1,33,0.0,0.029411764705882353,0.9705882352941176,34,1200,1000,200,0.8333333333333334,14,10,4,370.8307381533542,0.7579099821746881,-0.0012844036697243766,0.2281069438979436,133178.82303145088,3077.3602502295726,136256.18328168045,401,10,269.1764705882353,32,2,19,32.38149847094802,0.6611328125,41.95075757575758,1032.1969696969697,32.256155303030305,0
403,4,1,0,34,0.029411764705882353,0.0,1.0,34,1050,600,450,0.5714285714285714,15,6,9,368.73016062792516,0.7586898395721926,0.002883647346468843,0.22781062794081783,133341.7827262525,3033.4273926130018,136375.2101188655,402,0,266.7647058823529,32,2,20,32.27205582722086,0.6627604166666666,41.792929292929294,1032.8282828282834,32.275883838383855,0
404,4,0,0,34,0.0,0.0,1.0,34,1100,900,200,0.8181818181818182,13,9,4,367.87070251678523,0.7588755199049317,0.0038638209774928267,0.22787933071119265,133439.60636988576,3017.7043477706407,136457.3107176564,403,1,267.7647058823529,32,2,20,32.19606704957431,0.6637369791666666,41.698232323232325,1033.2070707070711,32.28772095959597,0
405,4,0,0,34,0.0,0.0,1.0,34,650,400,250,0.6153846153846154,9,4,5,370.4963316547731,0.7571301247771837,0.0008120032767569008,0.2301125167622135,133537.46588358344,3095.0282496684213,136632.49413325186,404,2,268.7647058823529,32,2,20,32.03004112712762,0.6647135416666665,41.603535353535364,1033.5858585858596,32.29955808080811,0
406,4,0,1,33,0.0,0.029411764705882353,0.9705882352941176,34,1150,900,250,0.782608695652174,14,9,5,384.85945352118677,0.7580585264408795,0.0013306187740860231,0.2201918655577374,130423.75299714341,3242.7929866850695,133666.5459838285,405,3,269.7647058823529,32,2,19,34.805830243098484,0.6334635416666665,44.6338383838384,1021.4646464646486,31.920770202020268,8
407,4,1,0,34,0.029411764705882353,0.0,1.0,34,1600,1400,200,0.875,18,14,4,387.44032921810685,0.7587269756387404,0.017886710239651604,0.2235232668566003,130746.38429752078,3331.284435261726,134077.6687327825,406,0,270.6470588235294,32,2,15,34.412037037037045,0.63671875,44.31818181818183,1022.7272727272737,31.960227272727302,0
408,4,1,1,34,0.02857142857142857,0.02857142857142857,0.9714285714285714,35,800,700,100,0.875,9,7,2,377.07376002702404,0.7705182072829131,0.015357267456348911,0.2189370197483039,130992.77388038556,2878.7875566893504,133871.5614370749,407,0,263.8857142857143,34,1,16,34.427210528356014,0.6344975490196079,44.077380952380956,1023.6904761904768,30.108543417366967,0
409,4,0,1,33,0.0,0.029411764705882353,0.9705882352941176,34,850,400,450,0.47058823529411764,13,4,9,385.46743261328186,0.7584670231729056,0.01660136982440319,0.22284502267698617,130826.1546039986,3285.8443867743345,134111.99899077293,408,2,272.6470588235294,33,1,16,34.381488580099024,0.63510101010101,44.24019607843138,1023.0392156862756,31.001188354129564,0
410,4,0,0,33,0.0,0.0,1.0,33,850,500,350,0.5882352941176471,12,5,7,386.5138350330199,0.7544191919191919,0.03403062082889341,0.22392384795872972,130907.84940631072,3519.53898199165,134427.38838830238,409,3,279.3030303030303,32,1,17,34.271797244499275,0.6383463541666665,44.16035353535354,1023.358585858587,31.979955808080845,0
411,4,2,1,34,0.05714285714285714,0.02857142857142857,0.9714285714285714,35,650,300,350,0.46153846153846156,10,3,7,372.0834447691134,0.776750700280112,0.022202871826393134,0.2184717320970648,131422.35145436856,2780.689809855627,134203.0412642242,410,0,264.2857142857143,33,2,18,34.12003007848293,0.6410984848484848,43.65808823529412,1025.367647058824,31.071746880570426,0
412,4,0,0,34,0.0,0.0,1.0,34,750,500,250,0.6666666666666666,10,5,5,380.7128305226529,0.7664141414141414,0.02557085977179696,0.22262382439373596,131265.3261365821,3194.878772587468,134460.20490916955,411,1,273.05882352941177,33,1,19,34.05784102686759,0.639520202020202,43.81127450980392,1024.7549019607843,31.053178847296493,0
413,4,1,1,34,0.02857142857142857,0.02857142857142857,0.9714285714285714,35,750,600,150,0.8,9,6,3,344.8996119716675,0.7757002801120447,0.0074749468823716025,0.19111601470642875,129171.13272392272,1928.612082087714,131099.74480601045,412,0,266.22857142857146,34,1,19,37.097923254089075,0.6161151960784315,45.86309523809523,1016.5476190476177,29.898459383753462,5
414,4,0,0,34,0.0,0.0,1.0,34,1000,600,400,0.6,14,6,8,354.964137604106,0.761883541295306,0.017168980217192598,0.19637875871586713,129107.9621569827,2365.7392889753737,131473.70144595808,413,1,275.0,33,1,19,36.9065024719643,0.6177398989898991,45.925245098039206,1016.2990196078416,30.796939988116414,0
415,4,1,0,35,0.02857142857142857,0.0,1.0,35,550,500,50,0.9090909090909091,6,5,1,345.0680501150997,0.7714985994397758,0.014630069205309182,0.19223934525968953,129383.0002834465,1929.1879251700402,131312.18820861654,414,0,268.1142857142857,34,1,20,36.878120368203426,0.6182598039215688,45.65476190476189,1017.3809523809507,29.922969187675022,0
416,4,2,3,34,0.05405405405405406,0.08108108108108109,0.9189189189189189,37,700,400,300,0.5714285714285714,10,4,6,329.0397002824724,0.7887262262262262,0.008450611698871402,0.18555378986022772,129860.54202428761,1145.8547652381878,131006.3967895258,415,0,254.56756756756758,36,1,17,36.80141236695759,0.6189236111111112,45.1858108108108,1019.2567567567553,28.312687687687646,0
417,4,0,0,34,0.0,0.0,1.0,34,1000,800,200,0.8,12,8,4,353.1260840396373,0.762774806892454,0.019751844874718483,0.197379895964551,129513.0553753364,2346.8876153402475,131859.94299067665,416,4,278.0,33,1,18,36.54085400112366,0.6218434343434345,45.52696078431372,1017.892156862745,30.845216874628637,0
418,4,1,1,34,0.02857142857142857,0.02857142857142857,0.9714285714285714,35,650,500,150,0.7692307692307693,8,5,3,344.05269890045633,0.7719887955182072,0.015569242067664524,0.19360598618599625,129776.92920918352,1930.020549886599,131706.94975907012,417,0,271.0285714285714,34,1,18,36.503729018187464,0.6222426470588236,45.26785714285713,1018.9285714285702,29.968487394957947,0
419,4,1,0,35,0.02857142857142857,0.0,1.0,35,850,500,350,0.5882352941176471,12,5,7,344.8147977663467,0.7712184873949579,0.01822913191432529,0.1947885176827832,129928.59977324257,1960.2607709750453,131888.86054421763,418,0,272.0,34,1,19,36.33037521407441,0.6237745098039216,45.11904761904761,1019.5238095238091,29.98599439775909,0
420,4,0,1,34,0.0,0.02857142857142857,0.9714285714285714,35,600,300,300,0.5,9,3,6,343.3344613441594,0.7708683473389355,0.01707947627387174,0.19410294794803454,129958.94451530604,1923.8768424036164,131882.82135770965,419,1,273.0,34,1,19,36.33732243627165,0.6240808823529412,45.08928571428571,1019.6428571428565,29.98949579831931,0
421,4,1,1,34,0.02857142857142857,0.02857142857142857,0.9714285714285714,35,1000,700,300,0.7,13,7,6,342.17608612072297,0.7818627450980392,0.020401493930905845,0.19389978213507628,130049.99999999997,1899.9999999999995,131949.99999999997,420,0,267.1142857142857,34,1,19,36.27450980392156,0.625,45.0,1019.9999999999998,29.999999999999993,0
422,4,1,1,34,0.02857142857142857,0.02857142857142857,0.9714285714285714,35,950,800,150,0.8421052631578947,11,8,3,340.3856526223809,0.7797619047619047,0.019305379641357368,0.19348712296280163,130171.45691609972,1861.6992630385453,132033.15617913826,421,0,268.0857142857143,34,1,21,36.197066028931424,0.6262254901960784,44.88095238095238,1020.47619047619,30.014005602240882,0
423,4,1,1,34,0.02857142857142857,0.02857142857142857,0.9714285714285714,35,650,400,250,0.6153846153846154,9,4,5,340.4404777650926,0.7762605042016806,0.025439765458422414,0.19412350647030804,130292.97052154187,1871.400226757363,132164.37074829923,422,0,268.62857142857143,34,1,22,36.07256685323384,0.6274509803921569,44.76190476190476,1020.9523809523803,30.02801120448177,0
424,4,1,0,35,0.02857142857142857,0.0,1.0,35,1100,900,200,0.8181818181818182,13,9,4,339.296841389981,0.7793417366946778,0.024791434233093934,0.19392588955927045,130384.1429280046,1847.785572562364,132231.92850056695,423,0,269.6,34,1,23,36.00944165986713,0.6283700980392157,44.67261904761905,1021.3095238095243,30.038515406162478,0
425,4,0,0,35,0.0,0.0,1.0,35,1150,800,350,0.6956521739130435,15,8,7,342.0753320727609,0.7768207282913164,0.031400612435094954,0.19628172797544005,130536.1678004537,1930.6405895691778,132466.80839002287,424,1,270.6,34,1,16,35.78459925442684,0.6299019607843136,44.52380952380953,1021.9047619047633,30.056022408963628,0
426,4,2,3,34,0.05405405405405406,0.08108108108108109,0.9189189189189189,37,750,400,350,0.5333333333333333,11,4,7,324.9821973235553,0.7969219219219219,0.01746901449904459,0.1887803933462266,131010.89000740624,1115.2413815843126,132126.13138899056,425,0,256.9189189189189,36,1,17,35.742080079199205,0.6304976851851851,44.0596846846847,1023.7612612612628,28.437812812812854,0
427,4,1,2,33,0.02857142857142857,0.05714285714285714,0.9428571428571428,35,1050,700,350,0.6666666666666666,14,7,7,344.7386963404525,0.7725490196078431,0.011512370311253184,0.19905879562884218,130779.5918367348,2016.9571995464971,132796.5490362813,426,0,272.51428571428573,34,1,18,35.470253336437,0.6323529411764706,44.28571428571429,1022.8571428571437,30.084033613445403,0
428,4,2,1,34,0.05714285714285714,0.02857142857142857,0.9714285714285714,35,1200,800,400,0.6666666666666666,16,8,8,361.1638322209582,0.7743697478991596,0.054042858813115435,0.20229431938348735,129595.04145408157,2361.0083616780003,131956.04981575956,427,0,273.3142857142857,34,1,17,36.25287423516116,0.6204044117647058,45.44642857142857,1018.2142857142851,29.947478991596622,7
429,4,3,2,35,0.08108108108108109,0.05405405405405406,0.9459459459459459,37,950,700,250,0.7368421052631579,12,7,5,344.415313778867,0.7952952952952953,0.04343533468354166,0.1956581290376373,130147.65346004789,1564.96898080513,131712.622440853,428,0,259.4594594594595,36,1,19,36.11839200971196,0.6218171296296295,44.90427927927928,1020.3828828828829,28.34396896896897,0
430,4,1,0,36,0.027777777777777776,0.0,1.0,36,550,200,350,0.36363636363636365,9,2,7,350.93776022828985,0.7821428571428573,0.052662430981015085,0.1990453937356592,130085.41907793199,1930.3771219135683,132015.79619984556,429,0,267.6388888888889,35,1,20,36.01514635806672,0.6232142857142857,44.96527777777777,1020.138888888888,29.14682539682537,0
431,4,1,0,37,0.02702702702702703,0.0,1.0,37,950,700,250,0.7368421052631579,12,7,5,349.78261302397163,0.7883508508508509,0.0580695321133986,0.20047868906926686,130492.60567577711,1728.8089187160124,132221.41459449314,430,0,261.3783783783784,36,1,14,35.631819684779025,0.6252893518518519,44.56644144144144,1021.7342342342341,28.381506506506504,0
432,4,0,0,37,0.0,0.0,1.0,37,700,400,300,0.5714285714285714,10,4,6,349.9191546750835,0.788601101101101,0.06094037612662229,0.20070584130984262,130521.37230135551,1734.3856525444448,132255.75795389997,431,1,262.3783783783784,36,1,15,35.599193666887075,0.6255787037037037,44.53828828828829,1021.8468468468477,28.384634634634658,0
433,4,0,0,37,0.0,0.0,1.0,37,900,600,300,0.6666666666666666,12,6,6,348.38409641114384,0.7887262262262262,0.05874171692353558,0.19997379348077995,130550.14209733381,1696.318658185216,132246.46075551902,432,2,263.3783783783784,36,1,15,35.60927456382002,0.6258680555555556,44.51013513513514,1021.9594594594594,28.387762762762762,0
434,4,0,0,37,0.0,0.0,1.0,37,800,600,200,0.75,10,6,4,350.2112887888375,0.7880380380380381,0.06009048696273389,0.20177147856615754,130694.03863322776,1754.1055413521558,132448.1441745799,433,3,264.3783783783784,36,1,18,35.41689610866374,0.6273148148148149,44.369369369369366,1022.522522522522,28.403403403403388,0
435,4,0,1,36,0.0,0.02702702702702703,0.972972972972973,37,1150,800,350,0.6956521739130435,15,8,7,351.67315764207774,0.7875375375375375,0.06098192444812134,0.20291585881228424,130751.61944038644,1796.3669750832032,132547.98641546964,434,4,265.3783783783784,36,1,19,35.32123981501872,0.6278935185185185,44.31306306306307,1022.7477477477486,28.40965965965968,0
436,4,0,0,36,0.0,0.0,1.0,36,800,600,200,0.75,10,6,4,359.7059853351788,0.7813492063492063,0.06255819806216234,0.20651520484457914,130558.13426997598,2192.508466220854,132750.64273619684,435,5,273.6111111111111,35,1,19,35.3119101547754,0.6279761904761905,44.50231481481482,1021.9907407407406,29.199735449735446,0
437,4,1,1,36,0.02702702702702703,0.02702702702702703,0.972972972972973,37,1000,600,400,0.6,14,6,8,352.5083189755307,0.7903528528528528,0.05770643538883857,0.2041582596896525,130895.62694028491,1828.3594827936058,132723.98642307852,436,0,267.18918918918916,36,1,19,35.154157954587134,0.6293402777777778,44.1722972972973,1023.3108108108111,28.425300300300307,0
438,4,0,0,36,0.0,0.0,1.0,36,1200,900,300,0.75,15,9,6,361.84582428066875,0.7799933862433863,0.055036902920800435,0.2088590169280385,130765.21675936643,2263.369529106654,133028.5862884731,437,7,275.6111111111111,35,1,20,35.04736241560108,0.6300595238095238,44.29976851851852,1022.8009259259261,29.2228835978836,0
439,4,0,0,36,0.0,0.0,1.0,36,1050,500,550,0.47619047619047616,16,5,11,360.8330809976733,0.7803902116402117,0.05176510522742772,0.20843416796453818,130794.81336805545,2239.019097222212,133033.83246527766,438,8,276.6111111111111,35,1,20,35.04327902240326,0.6303571428571428,44.27083333333333,1022.9166666666657,29.22619047619045,0
440,4,0,1,35,0.0,0.027777777777777776,0.9722222222222222,36,700,600,100,0.8571428571428571,8,6,2,361.05687528649156,0.7811507936507937,0.04579987180937284,0.20904412799003746,130883.62328800156,2251.286410108027,133134.90969810958,439,9,277.6111111111111,35,1,20,34.94761621988463,0.63125,44.18402777777778,1023.263888888889,29.236111111111114,0
441,4,0,0,35,0.0,0.0,1.0,35,1350,1100,250,0.8148148148148148,16,11,5,373.30780338556053,0.77296918767507,0.03460483669907721,0.21606603165649133,130870.9343112246,2771.028202947857,133641.96251417245,440,10,286.2,34,1,20,34.64708163661044,0.6332720588235293,44.19642857142858,1023.2142857142866,30.094537815126074,0
442,4,0,0,35,0.0,0.0,1.0,35,1150,800,350,0.6956521739130435,15,8,7,377.07414747957296,0.7728991596638655,0.028421944292192247,0.21928429631317148,131053.7149234693,2883.39356575963,133937.10848922894,441,11,287.2,34,1,20,34.36543231407201,0.635110294117647,44.01785714285714,1023.9285714285708,30.115546218487374,0
443,4,0,0,35,0.0,0.0,1.0,35,1150,900,250,0.782608695652174,14,9,5,378.612491352507,0.7717086834733893,0.029882958412883243,0.22087867715853016,131175.63952664388,2932.9471371881973,134108.58666383207,442,12,288.2,34,1,20,34.20249854735619,0.6363357843137255,43.89880952380952,1024.404761904761,30.129551820728267,0
444,4,1,1,35,0.027777777777777776,0.027777777777777776,0.9722222222222222,36,800,300,500,0.375,13,3,10,373.95346222025387,0.7821097883597884,0.07283643510840876,0.20995711147003124,129688.4273420383,2499.4872828910366,132187.91462492934,443,0,281.1666666666667,36,0,17,35.832181684171736,0.6171874999999998,45.35472972972975,1018.5810810810835,28.293918918918987,8
445,4,0,0,35,0.0,0.0,1.0,35,1150,600,550,0.5217391304347826,17,6,11,370.46001702966385,0.7838235294117647,0.08553608553608605,0.1875697559908087,125521.37586805546,2300.1302083333276,127821.50607638879,444,1,277.85714285714283,35,0,18,40.19837144837146,0.5767857142857142,49.479166666666664,1002.0833333333326,28.63095238095236,7
446,4,3,1,37,0.07894736842105263,0.02631578947368421,0.9736842105263158,38,1250,700,550,0.56,18,7,11,341.0002844143739,0.8101292081555239,0.0792997745719386,0.1759995433930247,126312.1863928153,1014.4982969902744,127326.68468980558,445,0,256.8421052631579,38,0,16,40.12160342934071,0.5792214912280702,48.69123931623931,1005.2350427350419,26.453553756185315,0
447,4,2,1,38,0.05128205128205128,0.02564102564102564,0.9743589743589743,39,700,400,300,0.5714285714285714,10,4,6,334.8143136511311,0.8175326135852452,0.10102537572791115,0.17444637959235468,126698.43885633671,684.0901692708283,127382.52902560754,446,0,251.2051282051282,39,0,19,39.88025952750477,0.5814636752136753,48.307291666666664,1006.7708333333326,25.81463675213673,0
448,4,2,1,39,0.05,0.025,0.975,40,900,700,200,0.7777777777777778,11,7,4,329.6055010442692,0.8231303418803418,0.12572018640118654,0.1738622983720662,127199.76463766507,386.36913434712744,127586.1337720122,447,0,245.425,38,2,20,39.497502294711566,0.5882675438596492,47.80982905982905,1008.760683760682,26.546333783175843,0
449,4,2,0,41,0.04878048780487805,0.0,1.0,41,1150,700,450,0.6086956521739131,16,7,9,333.38077151215714,0.8257113821138211,0.16413822527689437,0.17819121624027012,127733.27637525611,316.7636451516943,128050.0400204078,448,0,240.390243902439,40,1,16,38.856355350021786,0.5903645833333333,47.28150406504065,1010.8739837398373,25.271849593495933,0
450,4,2,1,42,0.046511627906976744,0.023255813953488372,0.9767441860465116,43,850,600,250,0.7058823529411765,11,6,5,321.5389800490351,0.8319029162052417,0.16330483649189964,0.17420426634968603,128276.40109592005,-348.844418792659,127927.55667712739,449,0,230.1627906976744,39,4,19,38.6016495287061,0.5974893162393162,46.744791666666664,1013.0208333333326,25.974893162393144,0
451,4,3,4,41,0.06666666666666667,0.08888888888888889,0.9111111111111111,45,1050,700,350,0.6666666666666666,14,7,7,307.6706391662983,0.8420454545454545,0.15538827516537923,0.16856791473123012,128722.74900990492,-1079.1579073759094,127643.59110252901,450,0,220.77777777777777,41,4,16,38.4990997816665,0.5988313008130082,46.304563492063494,1014.7817460317463,24.750774293457226,0
452,4,2,1,42,0.046511627906976744,0.023255813953488372,0.9767441860465116,43,1500,1100,400,0.7333333333333333,19,11,8,314.1750241068873,0.8348098929494278,0.16699383617307162,0.17230455605466682,128762.6529037775,-509.19808397779025,128253.4548197997,451,0,231.86046511627907,40,3,17,38.29353159106841,0.60078125,46.265243902439025,1014.9390243902437,25.373475609756092,0
453,4,1,3,40,0.023255813953488372,0.06976744186046512,0.9302325581395349,43,1000,600,400,0.6,14,6,8,314.5451694652939,0.8289497969730527,0.16672384999034318,0.17299139223413684,128873.80248685136,-492.6735914272978,128381.12889542406,452,0,232.8372093023256,41,2,17,38.17120582966945,0.6003556910569106,46.155753968253975,1015.3769841269852,24.765292295780128,0
454,4,1,1,40,0.024390243902439025,0.024390243902439025,0.975609756097561,41,1100,800,300,0.7272727272727273,14,8,6,321.23025426116425,0.8303861788617887,0.16317124436383024,0.17663244195505176,128865.8177692675,79.11988151892353,128944.93765078642,453,0,235.53658536585365,40,1,18,38.00962532946319,0.6018229166666667,46.163617886178855,1015.3455284552834,25.383638211382085,0
455,4,3,3,40,0.06976744186046512,0.06976744186046512,0.9302325581395349,43,1150,700,450,0.6086956521739131,16,7,9,307.4195503948996,0.8522517534145441,0.15672820522349906,0.17137441751412796,129408.11107806218,-642.6106318989829,128765.5004461632,454,0,224.06976744186048,40,3,18,37.810252696763904,0.6072916666666666,45.63008130081302,1017.4796747967494,25.436991869918735,0
456,4,1,1,40,0.024390243902439025,0.024390243902439025,0.975609756097561,41,1400,900,500,0.6428571428571429,19,9,10,322.83944110718994,0.8368394308943089,0.17206180467814947,0.179152359242981,129228.54487407762,144.01424044852052,129372.55911452614,455,0,235.97560975609755,38,3,19,37.60025918531748,0.6088267543859649,45.806623931623925,1016.7735042735035,26.757197480881672,0
457,4,1,1,40,0.024390243902439025,0.024390243902439025,0.975609756097561,41,1550,1200,350,0.7741935483870968,19,12,7,321.7481831945047,0.8353150406504065,0.17990686523122346,0.17916293569462408,129364.36760355023,124.55004930965777,129488.91765285989,456,0,236.9512195121951,38,3,20,37.49015437933209,0.6101973684210527,45.67307692307692,1017.3076923076917,26.77125506072873,0
458,4,2,2,40,0.047619047619047616,0.047619047619047616,0.9523809523809523,42,750,400,350,0.5333333333333333,11,4,7,308.20277050956014,0.852424506387921,0.15952040190437278,0.1734660242304093,129784.51063368046,-400.01085069444986,129384.49978298601,457,0,222.76190476190476,39,3,17,37.40927213248823,0.6127136752136753,45.260416666666664,1018.9583333333326,26.12713675213673,0
459,4,1,2,39,0.024390243902439025,0.04878048780487805,0.9512195121951219,41,1550,1000,550,0.6451612903225806,21,10,11,311.21256727261573,0.8403963414634147,0.15825982017742923,0.17516003067092772,129784.51063368046,-121.88585069444883,129662.62478298601,458,0,229.17073170731706,39,2,17,37.33260069515436,0.6127136752136753,45.260416666666664,1018.9583333333326,26.12713675213673,0
460,4,0,0,39,0.0,0.0,1.0,39,900,600,300,0.6666666666666666,12,6,6,324.2930772494636,0.831646423751687,0.16419980220885222,0.18111241534473632,129480.23069598322,597.9084910741583,130078.13918705737,459,3,241.69230769230768,37,2,17,37.30787186669541,0.6131756756756757,45.55921052631578,1017.7631578947355,27.507112375533392,0
461,4,1,1,39,0.025,0.025,0.975,40,800,500,300,0.625,11,5,6,319.81958165550765,0.8373130341880342,0.16685449208512448,0.18019840457246816,129826.69850107745,304.2240804660605,130130.9225815435,460,0,236.625,38,2,18,37.07062235734004,0.6148574561403508,45.21901709401709,1019.1239316239312,26.819050832208717,0
462,4,0,1,38,0.0,0.02564102564102564,0.9743589743589743,39,1200,1000,200,0.8333333333333334,14,10,4,322.8389151217429,0.8268106162843005,0.16698124661964542,0.18158711860237495,129759.37307633106,578.2750461680394,130337.6481224991,461,1,243.51282051282053,37,2,18,37.06189912469509,0.615990990990991,45.28508771929824,1018.8596491228061,27.536747273589356,0
463,4,0,0,38,0.0,0.0,1.0,38,1650,1200,450,0.7272727272727273,21,12,9,331.9098894393646,0.8199679943100996,0.17728179739721805,0.18662453509993382,129745.78622118759,1012.7819119795732,130758.56813316717,462,2,250.52631578947367,36,2,19,36.844626211267105,0.6177662037037036,45.298423423423436,1018.8063063063078,28.300175175175216,0
464,4,0,0,38,0.0,0.0,1.0,38,1300,1000,300,0.7692307692307693,16,10,6,333.4926173673225,0.819138217164533,0.17892188782877017,0.18798143592657757,129843.17440221997,1060.348015735618,130903.5224179556,463,3,251.52631578947367,37,1,20,36.7055540613233,0.6168355855855856,45.202850877192986,1019.1885964912285,27.545637743006175,0
465,4,1,0,39,0.02564102564102564,0.0,1.0,39,1400,1000,400,0.7142857142857143,18,10,8,330.23752376566154,0.8228182636077374,0.1968014803066349,0.18842964591334818,130318.55955678683,807.8919715681893,131126.451528355,464,0,246.05128205128204,37,2,22,36.30709478808707,0.6216216216216215,44.736842105263165,1021.0526315789484,27.596017069701308,0
466,4,1,0,40,0.025,0.0,1.0,40,1000,800,200,0.8,12,8,4,324.3712694693863,0.8279914529914529,0.2018486453452839,0.18711381455055473,130741.54188368093,481.75998263892774,131223.30186631985,465,0,240.875,39,1,18,36.029486657160305,0.6223290598290596,44.322916666666686,1022.7083333333363,26.223290598290674,0
467,4,0,0,40,0.0,0.0,1.0,40,1050,700,350,0.6666666666666666,14,7,7,326.57831493850483,0.8282051282051281,0.20130828751781604,0.1889076683937577,130848.0957031255,546.4301215278217,131394.5258246533,466,1,241.875,39,1,19,35.86548903821353,0.6233974358974357,44.21875000000002,1023.125000000004,26.23397435897446,0
468,4,1,1,40,0.024390243902439025,0.024390243902439025,0.975609756097561,41,450,400,50,0.8888888888888888,5,4,1,318.6232290082444,0.8335873983739838,0.19563033347455017,0.18523537404835938,131041.8228753556,150.59374793446392,131192.41662329008,467,0,236.9512195121951,40,1,19,35.87365591397851,0.6236979166666665,44.02947154471546,1023.8821138211408,25.59705284552852,0
469,4,1,1,40,0.024390243902439025,0.024390243902439025,0.975609756097561,41,1050,700,350,0.6666666666666666,14,7,7,317.0273722927053,0.8314024390243903,0.19542734431617337,0.18282214598174773,130729.8495955617,88.98813950031564,130818.83773506201,468,0,237.9268292682927,40,1,14,36.22904866010798,0.6205729166666667,44.33434959349594,1022.6626016260178,25.566565040650445,2
470,4,2,1,41,0.047619047619047616,0.023809523809523808,0.9761904761904762,42,850,600,250,0.7058823529411765,11,6,5,313.92728048801405,0.8342770034843205,0.2031178644081877,0.18277898006078802,131099.43000637766,-168.8624929138191,130930.56751346384,469,0,233.21428571428572,41,1,16,35.935835028576975,0.6227134146341462,43.97321428571429,1024.1071428571436,24.978222996515697,0
471,4,1,1,41,0.023809523809523808,0.023809523809523808,0.9761904761904762,42,1150,800,350,0.6956521739130435,15,8,7,315.0913984593028,0.8344947735191638,0.20550152858664505,0.18394284182528112,131201.04762101616,-131.9356851536758,131069.11193586249,470,0,234.1904761904762,41,1,18,35.80369823440172,0.6237296747967478,43.874007936507944,1024.5039682539696,24.987901664730966,0
472,4,1,1,41,0.023809523809523808,0.023809523809523808,0.9761904761904762,42,950,700,250,0.7368421052631579,12,7,5,315.807727839579,0.8378097173828881,0.20401891922510407,0.1852249045607954,131380.2134972573,-101.76114659718192,131278.4523506601,471,0,233.78571428571428,40,2,21,35.605009251916464,0.6270833333333332,43.69918699186994,1025.2032520325233,25.63008130081308,0
473,4,0,0,41,0.0,0.0,1.0,41,1350,1000,350,0.7407407407407407,17,10,7,341.2071061750801,0.8392784552845528,0.20294335983836742,0.19522927242010452,130426.23325525993,704.3986875592086,131130.63194281913,472,1,233.2439024390244,38,3,22,35.9180525049681,0.6208881578947367,44.63141025641027,1021.4743589743608,26.88090418353581,3
474,4,2,0,43,0.046511627906976744,0.0,1.0,43,1100,900,200,0.8181818181818182,13,9,4,331.1046511627901,0.8436692506459949,0.206733369388858,0.19239864864864864,131023.24263038576,76.48100907031784,131099.7236394561,473,0,223.34883720930233,41,2,18,35.57291666666664,0.621951219512195,44.04761904761906,1023.809523809526,24.970963995354293,0
475,4,1,2,42,0.022727272727272728,0.045454545454545456,0.9545454545454546,44,900,700,200,0.7777777777777778,11,7,4,326.98661174769074,0.8460403453136012,0.20017920530825872,0.1913966459576829,131303.29574732608,-213.1160424553631,131090.1797048707,474,0,219.25,42,2,22,35.39598499889698,0.6232638888888888,43.77422480620156,1024.9031007751953,24.402454780361793,0
476,4,0,0,42,0.0,0.0,1.0,42,1100,500,600,0.45454545454545453,17,5,12,341.33046173417017,0.8346883468834688,0.20491880753889413,0.19857076977098786,131067.8374314236,547.4890937934281,131615.32652521704,475,2,230.5952380952381,40,2,22,35.26614397247587,0.6239583333333331,44.00406504065043,1023.9837398374024,25.59959349593506,0
477,4,1,0,43,0.023255813953488372,0.0,1.0,43,1000,600,400,0.6,14,6,8,337.40046611751677,0.8390088593576965,0.20419845478251575,0.19790310958824536,131382.8849806416,266.50391500509505,131649.3888956467,476,0,226.2093023255814,38,5,23,35.04889189940252,0.6304824561403508,43.69658119658121,1025.2136752136767,26.979307242465175,0
478,4,1,1,43,0.022727272727272728,0.022727272727272728,0.9772727272727273,44,1150,800,350,0.6956521739130435,15,8,7,335.3499219404159,0.8410852713178295,0.19544347360748437,0.19821252434786577,131675.35942925364,31.464301215297496,131706.82373046895,477,0,222.04545454545453,39,5,14,34.80676359146115,0.6316773504273503,43.41145833333334,1026.354166666668,26.31677350427354,0
479,4,1,2,42,0.022727272727272728,0.045454545454545456,0.9545454545454546,44,800,600,200,0.75,10,6,4,336.5551061385957,0.8404245947850599,0.20592370310958708,0.20004640757279654,131889.2700195314,77.60145399306992,131966.87147352446,478,0,223.02272727272728,39,5,15,34.56049504783153,0.6338141025641024,43.20312500000001,1027.1875000000011,26.338141025641054,0
480,4,0,0,42,0.0,0.0,1.0,42,1500,1100,400,0.7333333333333333,19,11,8,352.5221563973279,0.8290505226480837,0.21842981720184151,0.20907979700196136,131806.21831957888,892.9224617189661,132699.14078129784,479,1,234.07142857142858,37,5,17,34.23418312867059,0.6365427927927929,43.283991228070164,1026.8640350877174,27.753082029397767,0
481,4,1,3,40,0.023255813953488372,0.06976744186046512,0.9302325581395349,43,1050,700,350,0.6666666666666666,14,7,7,344.1928414901391,0.8343023255813953,0.21363922061596496,0.20540540540540528,132040.89506172802,489.5061728394651,132530.4012345675,480,0,229.6046511627907,38,5,18,34.21171171171169,0.637061403508772,43.055555555555536,1027.7777777777749,27.046783625730917,0
482,4,0,1,39,0.0,0.025,0.975,40,750,600,150,0.8,9,6,3,360.513057677353,0.8303952991452992,0.20702610794208032,0.21340500219394468,131732.43344696035,1498.2524754484089,133230.68592240877,481,3,235.65,36,4,18,34.10349934181658,0.6377314814814816,43.35585585585585,1026.5765765765757,28.516016016015993,0
483,4,0,0,39,0.0,0.0,1.0,39,700,500,200,0.7142857142857143,9,5,4,367.07111231530234,0.8262483130904184,0.20706985434816882,0.21662901395188028,131616.8533398261,1862.5489509779843,133479.40229080408,482,4,242.43589743589743,36,3,18,34.05193700614574,0.6365740740740742,43.46846846846846,1026.1261261261245,28.50350350350346,0
484,4,0,1,38,0.0,0.02564102564102564,0.9743589743589743,39,950,500,450,0.5263157894736842,14,5,9,369.99201704074466,0.8255173189383715,0.20359227534213864,0.21884991793162784,131703.53366457668,1945.8512143900598,133649.38487896675,483,5,243.43589743589743,36,3,18,33.889422197842386,0.6374421296296298,43.384009009009006,1026.4639639639634,28.51288788788787,0
485,4,0,0,38,0.0,0.0,1.0,38,1150,800,350,0.6956521739130435,15,8,7,369.4790235558198,0.8249466571834992,0.19401997495712475,0.2186063682399307,131713.96933138266,2133.109755444078,133847.07908682674,484,6,239.71052631578948,35,3,18,33.8920443868155,0.6395833333333334,43.37384259259258,1026.504629629628,29.328703703703656,0
486,4,1,0,39,0.02564102564102564,0.0,1.0,39,600,400,200,0.6666666666666666,8,4,4,361.78855319947473,0.8310278902384166,0.192798033017211,0.21563164911464436,131992.67415641982,1750.6877231961566,133743.361879616,485,0,234.53846153846155,36,3,20,33.80821917808218,0.6403356481481483,43.10247747747747,1027.5900900900892,28.544169169169145,0
487,4,0,0,39,0.0,0.0,1.0,39,1100,700,400,0.6363636363636364,15,7,8,359.37867045372167,0.8314777327935223,0.19041600310085394,0.21485054895691047,132108.4191243607,1695.3896041311414,133803.80872849183,486,1,235.53846153846155,36,3,21,33.753468799065246,0.6414930555555557,42.989864864864856,1028.0405405405393,28.556681681681646,0
488,4,0,0,39,0.0,0.0,1.0,39,1300,1000,300,0.7692307692307693,16,10,6,358.9434047279019,0.8304093567251463,0.19463601532567076,0.21557843538391724,132282.13168827596,1696.3597465708776,133978.49143484683,487,2,236.53846153846155,36,3,22,33.58967341725962,0.6432291666666667,42.82094594594594,1028.716216216215,28.575450450450415,0
489,4,0,0,39,0.0,0.0,1.0,39,1350,1000,350,0.7407407407407407,17,10,7,339.725353387567,0.8300719748088169,0.1382839260794182,0.19793735355925202,131126.2038009294,1128.6678993182436,132254.87170024763,488,3,237.53846153846155,36,3,19,35.24830492944841,0.6316550925925926,43.947072072072075,1024.2117117117123,28.45032532532534,5
490,4,0,1,38,0.0,0.02564102564102564,0.9743589743589743,39,650,400,250,0.6153846153846154,9,4,5,342.72077255572714,0.828778677462888,0.14163855706882456,0.20028364222765313,131241.5683208546,1195.8423372697025,132437.4106581243,489,4,238.53846153846155,36,3,19,35.05513426383853,0.6328125,43.83445945945946,1024.6621621621618,28.462837837837828,0
491,4,1,0,39,0.02564102564102564,0.0,1.0,39,1600,1300,300,0.8125,19,13,6,340.2409442555942,0.8275416104363473,0.16480501169338835,0.2006430578066487,131587.96623904322,1154.322777169075,132742.2890162123,490,0,238.89743589743588,36,3,17,34.76932645520066,0.6362847222222221,43.49662162162163,1026.0135135135145,28.500375375375402,0
492,4,0,0,39,0.0,0.0,1.0,39,1200,1000,200,0.8333333333333334,14,10,4,336.6001777961164,0.8266419253261359,0.1657527235504861,0.19955269318237903,131790.24252292837,1072.1238130021984,132862.36633593056,491,1,239.89743589743588,36,3,18,34.65900782335308,0.6383101851851851,43.29954954954955,1026.8018018018022,28.522272272272282,0
493,4,0,0,39,0.0,0.0,1.0,39,1200,600,600,0.5,18,6,12,334.1356162013613,0.8265856950067477,0.16305466075253405,0.19869524713095307,131905.89871966574,1014.8917498579826,132920.79046952372,492,2,240.89743589743588,36,3,18,34.605897829423384,0.6394675925925926,43.186936936936945,1027.2522522522534,28.534784784784815,0
494,4,1,1,39,0.025,0.025,0.975,40,1000,600,400,0.6,14,6,8,326.7946601895881,0.8274839743589744,0.16144501278772339,0.19657955712942912,132341.58587257622,649.7047168359496,132991.29058941218,493,0,235.85,37,3,19,34.35679525433361,0.6418918918918919,42.76315789473684,1028.947368421053,27.809388335704135,0
495,4,0,0,39,0.0,0.0,1.0,39,900,700,200,0.7777777777777778,11,7,4,338.3919047557042,0.8195569050832209,0.171492073648142,0.20354752032606155,132340.0612394492,1156.5610796607714,133496.62231910997,494,1,242.69230769230768,36,3,19,34.0600032833534,0.6438078703703702,42.764639639639654,1028.9414414414437,28.58170670670677,0
496,4,0,1,38,0.0,0.02564102564102564,0.9743589743589743,39,750,500,250,0.6666666666666666,10,5,5,349.6825742957183,0.819838056680162,0.09486659385239515,0.20770302304552898,131862.52170138882,1462.4880475915065,133325.00974898032,495,2,243.69230769230768,35,4,17,34.25033806626099,0.6410714285714285,43.229166666666664,1027.0833333333328,29.34523809523808,6
497,4,0,0,38,0.0,0.0,1.0,38,1350,700,650,0.5185185185185185,20,7,13,350.96851997983725,0.8143669985775249,0.12057565980079432,0.20871863259173076,131908.37762188198,1659.137613378672,133567.51523526065,496,6,251.05263157894737,34,4,17,34.17110905087496,0.6436887254901962,43.1845238095238,1027.261904761904,30.213585434173645,0
498,4,0,0,38,0.0,0.0,1.0,38,750,500,250,0.6666666666666666,10,5,5,351.38713757713174,0.8134779516358464,0.1152302898365134,0.20930451238290015,131969.53125,1674.4791666666667,133644.01041666666,497,7,252.05263157894737,34,4,17,34.098742903487434,0.6443014705882353,43.125,1027.5,30.220588235294116,0
499,4,1,1,38,0.02564102564102564,0.02564102564102564,0.9743589743589743,39,1050,700,350,0.6666666666666666,14,7,7,343.74942491895166,0.8195569050832209,0.12901903992096608,0.20661149645128596,132311.09487866264,1296.3725549874398,133607.46743365008,498,0,246.56410256410257,36,3,19,33.95130983654407,0.6435185185185185,42.7927927927928,1028.8288288288304,28.57857857857862,0
500,4,0,0,38,0.0,0.0,1.0,38,1150,900,250,0.782608695652174,14,9,5,349.84177108856017,0.8200865339023233,0.122431035401531,0.21025987175160293,132308.68115837176,1657.420669367264,133966.10182773904,499,1,240.94736842105263,35,3,21,33.79703847451906,0.6455357142857143,42.79513888888888,1028.8194444444432,29.394841269841233,0
501,4,0,0,38,0.0,0.0,1.0,38,1150,800,350,0.6956521739130435,15,8,7,351.3681425277681,0.8199976292081556,0.11852300463196874,0.2120223536941806,132459.27047902482,1708.4237065775276,134167.69418560236,500,2,241.94736842105263,34,4,22,33.60630854631664,0.649203431372549,42.64880952380952,1029.404761904761,30.276610644257676,0
502,4,0,1,37,0.0,0.02631578947368421,0.9736842105263158,38,1150,1000,150,0.8695652173913043,13,10,3,351.613171343594,0.8199679943100996,0.13938163685795457,0.2099466197358634,132061.28826530586,1686.8976757369308,133748.1859410428,501,3,242.94736842105263,34,4,19,34.00051154351015,0.6452205882352943,43.03571428571427,1027.8571428571408,30.23109243697473,1
503,4,0,0,37,0.0,0.0,1.0,37,550,200,350,0.36363636363636365,9,2,7,362.98533977621844,0.8140015015015015,0.15234118238410121,0.21686047222527896,132082.88278546702,2188.830017301026,134271.71280276804,502,4,249.16216216216216,33,4,19,33.68651645207439,0.6477272727272728,43.014705882352935,1027.9411764705874,31.14973262032083,0
504,4,0,0,37,0.0,0.0,1.0,37,900,500,400,0.5555555555555556,13,5,8,364.1962439368978,0.8142517517517518,0.15829057516579903,0.21812781462344805,132177.37956855522,2227.701034457885,134405.0806030131,503,5,250.16216216216216,33,4,19,33.560138839232515,0.6486742424242424,42.92279411764705,1028.3088235294106,31.16087344028517,0
505,4,1,0,38,0.02631578947368421,0.0,1.0,38,1300,1100,200,0.8461538461538461,15,11,4,357.9790905898875,0.8157302038880986,0.15952009620624197,0.21656575221215418,132555.70461180783,1890.6180915993702,134446.3227034072,504,0,244.55263157894737,33,5,20,33.33915962553057,0.6524621212121213,42.55514705882352,1029.779411764705,31.205436720142576,0
506,4,1,3,36,0.02564102564102564,0.07692307692307693,0.9230769230769231,39,1000,900,100,0.9,11,9,2,347.7360703373279,0.820906432748538,0.14796385317351035,0.21154962480043876,132765.8180980724,1433.4927721088259,134199.31087018122,505,0,239.25641025641025,34,5,16,33.39181202110044,0.6522671568627452,42.35119047619047,1030.595238095237,30.31162464985991,0
507,4,0,0,36,0.0,0.0,1.0,36,1000,600,400,0.6,14,6,8,371.58452031667446,0.8065145502645503,0.17037786774628927,0.22385701589809437,132398.00347222236,2639.4097222222413,135037.4131944446,506,2,258.25,32,4,21,33.14777327935223,0.6533203125,42.70833333333334,1029.1666666666679,32.16145833333337,0
508,4,0,0,36,0.0,0.0,1.0,36,850,600,250,0.7058823529411765,11,6,5,371.6809247626168,0.8060846560846562,0.1659037654623725,0.22488350314272265,132560.4848995,2654.0407228854097,135214.5256223854,507,3,259.25,32,4,21,32.98159841425534,0.6549479166666667,42.550505050505045,1029.7979797979795,32.18118686868686,0
509,4,0,0,36,0.0,0.0,1.0,36,950,500,450,0.5263157894736842,14,5,9,369.7724863485484,0.8043320105820106,0.16456193912480344,0.22445323413229207,132681.93310565635,2612.425659602057,135294.3587652584,508,4,260.25,33,3,18,32.90846417667815,0.6537247474747476,42.43259803921568,1030.2696078431363,31.220291146761706,0
510,4,0,0,36,0.0,0.0,1.0,36,750,400,350,0.5333333333333333,11,4,7,371.3890235988242,0.8029761904761905,0.17175980975029703,0.2260044637095594,132776.64389898113,2662.3576268742704,135439.0015258554,509,5,261.25,33,3,18,32.771502179944505,0.6546717171717171,42.3406862745098,1030.6372549019604,31.231431966726074,0
511,4,0,0,36,0.0,0.0,1.0,36,900,600,300,0.6666666666666666,12,6,6,369.9742785135993,0.8030092592592594,0.17221693939273885,0.22571382198222686,132871.3884833957,2631.7992178488926,135503.1877012446,510,6,262.25,33,3,18,32.712642141130786,0.6556186868686869,42.248774509803916,1031.0049019607836,31.242572786690413,0
512,4,0,0,36,0.0,0.0,1.0,36,950,700,250,0.7368421052631579,12,7,5,371.41028676141025,0.8026455026455027,0.1780603084072665,0.2271648963215139,132966.16685890054,2677.000432525965,135643.1672914265,511,7,263.25,33,3,18,32.58030339036755,0.6565656565656566,42.156862745098046,1031.3725490196089,31.253713606654813,0
513,4,0,0,36,0.0,0.0,1.0,36,1000,700,300,0.7,13,7,6,371.1243358293371,0.8021825396825397,0.1825533515461062,0.2275670636086811,133060.9790254951,2676.4334931276544,135737.41251862276,512,8,264.25,33,3,19,32.4923536049412,0.6575126262626263,42.06495098039216,1031.740196078432,31.264854426619152,0
514,4,0,0,36,0.0,0.0,1.0,36,1000,500,500,0.5,15,5,10,373.4919629981355,0.8008267195767196,0.18839031339031287,0.22999241931990477,133219.07439446385,2751.2507208766046,135970.32511534047,513,9,265.25,33,3,20,32.272376543209866,0.659090909090909,41.91176470588236,1032.352941176472,31.283422459893092,0
515,4,0,0,36,0.0,0.0,1.0,36,600,400,200,0.6666666666666666,8,4,4,372.9355111159159,0.8002314814814815,0.18502914260094383,0.23004060151264363,133282.33882401016,2741.1434304113977,136023.48225442157,514,10,266.25,33,3,20,32.223178257773554,0.6597222222222221,41.85049019607844,1032.5980392156875,31.290849673202654,0
516,4,0,0,36,0.0,0.0,1.0,36,1050,900,150,0.8571428571428571,12,9,3,375.269543585251,0.799702380952381,0.18391077361177,0.2318747590422653,133345.61827181865,2808.1098615917103,136153.72813341036,515,11,267.25,33,3,20,32.09935136845437,0.6603535353535352,41.78921568627452,1032.843137254903,31.298276886512213,0
517,4,0,0,36,0.0,0.0,1.0,36,600,500,100,0.8333333333333334,7,5,2,373.3325453212485,0.7998346560846561,0.18592988005799405,0.23107146527592706,133408.91273788936,2761.1777921953226,136170.09053008468,516,12,268.25,33,3,20,32.08580466587585,0.6609848484848484,41.727941176470594,1033.0882352941185,31.30570409982177,0
518,4,0,0,36,0.0,0.0,1.0,36,650,500,150,0.7692307692307693,8,5,3,377.75927701230955,0.8005291005291005,0.19010045476142023,0.23441695847958716,133504.84206012142,2886.5535411170194,136391.39560123844,517,13,269.25,32,4,20,31.875127265322746,0.6643880208333334,41.63510101010101,1033.459595959596,32.29561237373738,0
519,4,0,0,36,0.0,0.0,1.0,36,1200,900,300,0.75,15,9,6,379.04439882461867,0.800165343915344,0.19615384615384635,0.2362537006372621,133668.00103305775,2933.2214187327672,136601.22245179053,518,14,270.25,32,4,20,31.678113553113555,0.666015625,41.47727272727272,1034.0909090909083,32.315340909090885,0
520,4,0,0,36,0.0,0.0,1.0,36,1250,1000,250,0.8,15,10,5,379.49758666816996,0.7991732804232805,0.20081166849749765,0.237164281279353,133765.94424357213,2952.770603764923,136718.71484733705,519,15,271.25,32,4,18,31.568106920541933,0.6669921875,41.38257575757576,1034.4696969696972,32.32717803030304,0
521,4,0,0,36,0.0,0.0,1.0,36,950,600,350,0.631578947368421,13,6,7,376.06914362349795,0.7983796296296297,0.19285172081927016,0.23585606505599166,133896.5909888021,2870.8752614529076,136767.466250255,520,16,272.25,32,4,18,31.52576145744379,0.6682942708333334,41.25631313131313,1034.974747474747,32.34296085858584,0
522,4,1,0,37,0.02702702702702703,0.0,1.0,37,950,800,150,0.8421052631578947,11,8,3,370.3570409238292,0.8016766766766766,0.19654276482939137,0.23461494345264589,134264.85794225775,2545.1870975105685,136810.0450397683,521,0,265.86486486486484,33,4,19,31.3048115959166,0.6695075757575758,40.900735294117645,1036.397058823529,31.40597147950088,0
523,4,0,0,37,0.0,0.0,1.0,37,1000,700,300,0.7,13,7,6,371.77763246874486,0.8025525525525525,0.19789150852980697,0.23612903683825673,134360.13192041512,2590.4183487120263,136950.55026912715,522,1,266.86486486486484,33,4,19,31.172675334909385,0.6704545454545455,40.80882352941176,1036.7647058823522,31.41711229946522,0
524,4,0,0,37,0.0,0.0,1.0,37,1150,900,250,0.782608695652174,14,9,5,375.6391025951194,0.8006131131131131,0.19798111364376436,0.2398311193491916,134550.78125,2708.6421088043057,137259.4233588043,523,2,267.86486486486484,32,5,20,30.881860776439094,0.6748046875,40.625,1037.5,32.421875,0
525,4,0,0,37,0.0,0.0,1.0,37,900,600,300,0.6666666666666666,12,6,6,373.14993712765784,0.8006131131131131,0.1976238313992298,0.23867076523363573,134616.2879584991,2646.411877614525,137262.69983611364,524,3,268.86486486486484,32,5,21,30.880936448067473,0.6754557291666667,40.561868686868685,1037.7525252525252,32.42976641414141,0
526,4,0,0,37,0.0,0.0,1.0,37,950,700,250,0.7368421052631579,12,7,5,369.88083295315425,0.7992992992992993,0.19371655919879305,0.2371885341367274,134709.7589418733,2565.311568867737,137275.07051074103,525,4,269.86486486486484,33,4,21,30.87236355408649,0.6739267676767677,40.47181372549019,1038.1127450980389,31.457961972667846,0
527,4,0,0,37,0.0,0.0,1.0,37,600,200,400,0.3333333333333333,10,2,8,372.27923567629927,0.7995495495495495,0.1965671560856268,0.239144955563706,134773.3763005814,2634.6659037389386,137408.04220432034,526,5,270.86486486486484,33,4,21,30.746562610645572,0.6745580808080809,40.41053921568627,1038.3578431372543,31.465389185977404,0
528,4,0,0,37,0.0,0.0,1.0,37,1200,900,300,0.75,15,9,6,370.3285917810075,0.7987987987987988,0.18924020764511584,0.23851862795864873,134868.83049788536,2589.156814686647,137457.987312572,527,6,271.86486486486484,33,4,17,30.70188375019663,0.6755050505050505,40.31862745098039,1038.7254901960778,31.47653000594175,0
529,4,0,0,37,0.0,0.0,1.0,37,950,600,350,0.631578947368421,13,6,7,369.7314966046474,0.7989239239239239,0.1905727383434388,0.23855278753532735,134932.48540224918,2577.7579536716657,137510.24335592083,528,7,272.86486486486484,33,4,17,30.653849178265308,0.6761363636363636,40.25735294117647,1038.9705882352944,31.483957219251344,0
530,4,0,0,37,0.0,0.0,1.0,37,800,600,200,0.75,10,6,4,369.8378721370594,0.7987362362362362,0.19000162487136407,0.23967415350180885,135091.68836805565,2592.404513888899,137684.09288194455,529,8,273.86486486486484,33,4,18,30.492234468937873,0.6777146464646464,40.10416666666667,1039.5833333333342,31.502525252525277,0
531,4,0,0,37,0.0,0.0,1.0,37,750,500,250,0.6666666666666666,10,5,5,373.79203972212974,0.7986736736736737,0.18876564793850048,0.24309371962618515,135219.11832288068,2708.7660094675184,137927.88433234819,530,9,274.86486486486484,33,4,19,30.262337496563365,0.6789772727272727,39.981617647058826,1040.073529411765,31.517379679144398,0
532,4,0,1,36,0.0,0.02702702702702703,0.972972972972973,37,1200,800,400,0.6666666666666666,16,8,8,372.66010169057205,0.7982357357357357,0.1846841540562829,0.2427867692441494,135282.8558276865,2682.9045619473313,137965.76038963383,531,10,275.86486486486484,33,4,19,30.228211999842937,0.6796085858585859,39.9203431372549,1040.3186274509806,31.524806892453956,0
533,4,0,0,36,0.0,0.0,1.0,36,1000,900,100,0.9,11,9,2,399.2901389460766,0.793154761904762,0.21289515440009765,0.24953349415600354,133765.94424357213,3482.284492653811,137248.22873622595,532,28,284.25,32,4,17,31.05623703161236,0.6669921875,41.38257575757576,1034.4696969696972,32.32717803030304,2
534,4,0,0,36,0.0,0.0,1.0,36,1100,700,400,0.6363636363636364,15,7,8,399.4159451223383,0.7928571428571429,0.21437094893282382,0.24983314918568228,133798.59995153546,3488.2588511376302,137286.8588026731,533,29,285.25,32,4,17,31.02015702546579,0.6673177083333334,41.3510101010101,1034.595959595959,32.331123737373716,0
535,4,0,1,35,0.0,0.027777777777777776,0.9722222222222222,36,850,600,250,0.7058823529411765,11,6,5,404.10405863262196,0.7924933862433863,0.2183904541204209,0.25388882580297845,133961.93827479344,3626.912591827369,137588.8508666208,534,30,286.25,32,4,17,30.734693255275037,0.6689453125,41.19318181818182,1035.2272727272732,32.35085227272729,0
536,4,0,0,35,0.0,0.0,1.0,35,800,500,300,0.625,11,5,6,406.53099579437776,0.792296918767507,0.19997909917441747,0.25609579320318626,134059.9890955004,3899.9081726354366,137959.89726813586,535,31,281.2,32,3,17,30.57333577176298,0.669921875,41.098484848484844,1035.6060606060603,32.362689393939384,0
537,4,0,0,35,0.0,0.0,1.0,35,350,200,150,0.5714285714285714,5,2,3,408.829445446446,0.7915266106442577,0.20375820692777902,0.25777309308202895,134092.6806735282,3964.207255637177,138056.8879291654,536,32,282.2,32,3,17,30.480972408468443,0.6702473958333334,41.06691919191919,1035.732323232323,32.3666351010101,0
538,4,0,0,35,0.0,0.0,1.0,35,900,500,400,0.5555555555555556,13,5,8,406.57542064224884,0.7897058823529411,0.20242272347535528,0.25749776640675776,134256.1983471075,3917.0540633608916,138173.2524104684,537,33,283.2,32,3,18,30.375091374269,0.671875,40.909090909090914,1036.363636363637,32.386363636363654,0
539,4,0,0,35,0.0,0.0,1.0,35,950,700,250,0.7368421052631579,12,7,5,406.57542064224884,0.7897058823529411,0.20242272347535528,0.25749776640675776,134256.1983471075,3917.0540633608916,138173.2524104684,538,34,284.2,32,3,18,30.375091374269,0.671875,40.909090909090914,1036.363636363637,32.386363636363654,0
540,4,0,0,35,0.0,0.0,1.0,35,1150,900,250,0.782608695652174,14,9,5,402.9550131223472,0.7897058823529411,0.19825996171915805,0.2556615655127102,134321.63331547793,3825.1151030507003,138146.74841852862,539,35,285.2,32,3,18,30.403217620787647,0.6725260416666667,40.84595959595959,1036.616161616161,32.39425505050503,0
541,4,1,1,35,0.027777777777777776,0.027777777777777776,0.9722222222222222,36,900,600,300,0.6666666666666666,12,6,6,397.2673871277705,0.7959325396825397,0.18832552892876353,0.2547503434034325,134709.7589418733,3503.15879108996,138212.91773296325,540,0,278.25,33,3,21,30.161605280761812,0.6739267676767677,40.47181372549019,1038.1127450980389,31.457961972667846,0
542,4,0,0,35,0.0,0.0,1.0,35,700,500,200,0.7142857142857143,9,5,4,407.5097234802066,0.7876050420168067,0.2033993743482796,0.2608823930691044,134649.04729109278,3974.1592056932977,138623.20649678606,541,37,287.2,32,3,21,29.956660583941606,0.67578125,40.53030303030303,1037.878787878788,32.433712121212125,0
543,4,0,0,35,0.0,0.0,1.0,35,950,600,350,0.631578947368421,13,6,7,404.73314178546036,0.7852240896358543,0.20756925749023014,0.26027600400198675,134812.90373750124,3912.65001657994,138725.5537540812,542,38,288.2,32,3,15,29.864488348530895,0.6774088541666666,40.37247474747475,1038.510101010101,32.453440656565654,0
544,4,0,0,35,0.0,0.0,1.0,35,1550,1300,250,0.8387096774193549,18,13,5,401.8559295375906,0.7839635854341737,0.2039724980901454,0.259127789046653,134911.26543209865,3842.9783950617148,138754.24382716036,543,39,289.2,32,3,16,29.840686274509807,0.6783854166666667,40.27777777777777,1038.888888888888,32.46527777777775,0
545,4,0,0,35,0.0,0.0,1.0,35,650,600,50,0.9230769230769231,7,6,1,398.818004249043,0.7826330532212885,0.20004860267314717,0.2576351785690443,134976.85982297722,3766.24037088052,138743.10019385774,544,40,290.2,32,3,16,29.853938841636282,0.6790364583333334,40.214646464646464,1039.1414141414139,32.47316919191918,0
546,4,0,0,35,0.0,0.0,1.0,35,950,600,350,0.631578947368421,13,6,7,400.56385944631916,0.7831232492997199,0.20299875052061678,0.2592328373397878,135042.47015610657,3818.626606978889,138861.09676308546,545,41,291.2,32,3,16,29.742923955296416,0.6796875,40.151515151515156,1039.3939393939397,32.481060606060616,0
547,4,0,0,35,0.0,0.0,1.0,35,550,300,250,0.5454545454545454,8,3,5,400.56385944631916,0.7823529411764706,0.20299875052061678,0.2592328373397878,135042.47015610657,3818.626606978889,138861.09676308546,546,42,292.2,32,3,16,29.742923955296416,0.6796875,40.151515151515156,1039.3939393939397,32.481060606060616,0
548,4,0,0,35,0.0,0.0,1.0,35,950,500,450,0.5263157894736842,14,5,9,402.6589133157007,0.7820728291316527,0.2053313446296332,0.26177596440263806,135206.56573627685,3888.42576650341,139094.99150278026,547,43,293.2,32,3,16,29.524300918619236,0.6813151041666667,39.993686868686865,1040.025252525252,32.500789141414124,0
549,4,0,0,35,0.0,0.0,1.0,35,700,400,300,0.5714285714285714,10,4,6,401.69268860483317,0.7822829131652661,0.20507343124165578,0.26162419457827835,135272.23186728396,3867.573302469139,139139.8051697531,548,44,294.2,32,3,16,29.483756119270133,0.6819661458333334,39.93055555555556,1040.2777777777778,32.50868055555556,0
550,4,0,0,35,0.0,0.0,1.0,35,1300,1100,200,0.8461538461538461,15,11,4,396.75792248166664,0.7818627450980392,0.19998266927782882,0.25935571411707986,135403.61195605036,3744.491155239257,139148.10311128962,549,45,295.2,32,3,16,29.480822111690724,0.6832682291666667,39.80429292929293,1040.782828282828,32.52446338383837,0
551,4,0,0,35,0.0,0.0,1.0,35,650,300,350,0.46153846153846156,10,3,7,396.47606239565135,0.7801120448179271,0.1976407005144729,0.2601223617006315,135535.05581382004,3747.2810491276437,139282.33686294768,550,46,296.2,32,3,17,29.356887352976834,0.6845703125,39.678030303030305,1041.287878787879,32.54024621212122,0
552,4,0,0,35,0.0,0.0,1.0,35,700,500,200,0.7142857142857143,9,5,4,396.47606239565135,0.7801120448179271,0.1976407005144729,0.2601223617006315,135535.05581382004,3747.2810491276437,139282.33686294768,551,47,297.2,32,3,17,29.356887352976834,0.6845703125,39.678030303030305,1041.287878787879,32.54024621212122,0
553,4,0,0,35,0.0,0.0,1.0,35,1100,800,300,0.7272727272727273,14,8,6,393.822439166514,0.7768207282913164,0.19747920162816435,0.25958543313100885,135701.50587293846,3688.4954783542203,139390.00135129268,552,48,298.2,31,4,18,29.259872531867014,0.6888440860215054,39.51822916666667,1041.9270833333342,33.610551075268845,0
554,4,0,0,35,0.0,0.0,1.0,35,800,600,200,0.75,10,6,4,393.1195407617273,0.7749299719887954,0.19952529668956887,0.2598614305365504,135803.27563815642,3677.3842705620614,139480.6599087185,553,49,299.2,31,4,18,29.176686445971264,0.6898521505376345,39.420572916666664,1042.317708333333,33.62315188172042,0
555,4,0,0,35,0.0,0.0,1.0,35,700,400,300,0.5714285714285714,10,4,6,391.26725403112306,0.7750700280112044,0.19952178723100555,0.2588831103944768,135837.20737033413,3629.730224609365,139466.9375949435,554,50,300.2,31,4,18,29.191127487717544,0.6901881720430108,39.38802083333333,1042.447916666666,33.62735215053762,0
556,4,0,0,35,0.0,0.0,1.0,35,1150,600,550,0.5217391304347826,17,6,11,391.4011956925536,0.7738095238095237,0.2056757576298096,0.2597126906629379,135939.02799818243,3641.3396199544172,139580.36761813684,555,51,301.2,31,4,15,29.08615828026803,0.6911962365591398,39.29036458333333,1042.838541666666,33.63995295698923,0
557,4,0,0,35,0.0,0.0,1.0,35,1400,1000,400,0.7142857142857143,18,10,8,390.7155748383472,0.7719887955182072,0.20245223838038218,0.2609980039920159,136176.7578125,3641.276041666667,139818.03385416666,556,52,302.2,31,4,15,28.867265469061874,0.6935483870967742,39.0625,1043.75,33.66935483870968,0
558,4,0,0,35,0.0,0.0,1.0,35,1000,700,300,0.7,13,7,6,394.0446589617771,0.7702380952380952,0.20768531879643004,0.26398029408642365,136278.70559692383,3739.9792141384555,140018.6848110623,557,53,303.2,31,4,15,28.678892837843463,0.6945564516129032,38.96484375,1044.140625,33.68195564516129,0
559,4,0,0,35,0.0,0.0,1.0,35,1200,900,300,0.75,15,9,6,391.41437920857663,0.7712885154061624,0.2038990865293293,0.2630520844185665,136390.99525877464,3677.079347770635,140068.07460654527,558,54,304.2,32,3,17,28.63582336113462,0.6930338541666667,38.85732323232323,1044.5707070707072,32.6428345959596,0
560,4,0,0,35,0.0,0.0,1.0,35,400,200,200,0.5,6,2,4,390.1078068888924,0.770658263305322,0.20308712317414335,0.2624188613169672,136423.96981175392,3644.011134067957,140067.98094582188,559,55,305.2,32,3,17,28.637146482958677,0.693359375,38.82575757575758,1044.6969696969697,32.646780303030305,0
561,4,0,0,35,0.0,0.0,1.0,35,700,300,400,0.42857142857142855,11,3,8,389.1099935195919,0.7700980392156862,0.20181959430297813,0.26199228611673087,136456.94835029583,3619.3524576573773,140076.3008079532,560,56,306.2,32,3,17,28.63041289023163,0.6936848958333334,38.79419191919192,1044.8232323232319,32.650726010100996,0
562,4,0,0,35,0.0,0.0,1.0,35,1100,700,400,0.6363636363636364,15,7,8,390.74395448467766,0.7700980392156862,0.19971356098907767,0.26407911830029746,136588.9023600907,3674.2575693806625,140263.15992947135,561,57,307.2,32,3,17,28.456536618754285,0.6949869791666667,38.66792929292929,1045.328282828282,32.66650883838381,0
563,4,0,0,35,0.0,0.0,1.0,35,750,500,250,0.6666666666666666,10,5,5,390.4172581763865,0.7674369747899159,0.1985168323522617,0.2651075092925537,136754.9663119845,3678.3635669089695,140433.32987889345,562,58,308.2,31,4,17,28.300059131084286,0.699260752688172,38.50911458333333,1045.9635416666658,33.74075940860212,0
564,4,0,0,35,0.0,0.0,1.0,35,900,400,500,0.4444444444444444,14,4,10,390.35638779300996,0.7658263305322128,0.2007821944108652,0.2658393162970024,136857.13026258684,3684.6110026041715,140541.741265191,563,59,309.2,31,4,17,28.200182512029198,0.700268817204301,38.411458333333336,1046.354166666667,33.753360215053775,0
565,4,0,0,35,0.0,0.0,1.0,35,1100,700,400,0.6363636363636364,15,7,8,390.35638779300996,0.7658263305322128,0.2007821944108652,0.2658393162970024,136857.13026258684,3684.6110026041715,140541.741265191,564,60,310.2,31,4,17,28.200182512029198,0.700268817204301,38.411458333333336,1046.354166666667,33.753360215053775,0
566,4,0,0,35,0.0,0.0,1.0,35,650,400,250,0.6153846153846154,9,4,5,391.18833692235336,0.7641456582633053,0.2037242359630418,0.26744508748773144,136993.408203125,3718.044704861111,140711.45290798612,565,61,311.2,31,4,15,28.043117744610285,0.7016129032258064,38.28125,1046.875,33.770161290322584,0
567,4,0,0,35,0.0,0.0,1.0,35,800,500,300,0.625,11,5,6,393.10373864229365,0.7624649859943977,0.20279499245316512,0.2700699895283736,137163.85099622954,3783.924526638476,140947.775522868,566,62,312.2,31,4,15,27.823829500725097,0.7032930107526881,38.11848958333334,1047.5260416666679,33.79116263440864,0
568,4,0,0,35,0.0,0.0,1.0,35,1500,1200,300,0.8,18,12,6,393.2478051991188,0.7616246498599439,0.19891734554425589,0.271229784408544,137300.28152465832,3798.60687255861,141098.88839721694,567,63,313.2,31,4,15,27.684727916511374,0.7046370967741935,37.98828125000001,1048.046875000001,33.80796370967745,0
569,4,0,0,35,0.0,0.0,1.0,35,1150,800,350,0.6956521739130435,15,8,7,391.0179439704445,0.7608543417366946,0.19390821521704438,0.27075386954376535,137436.77986992738,3748.049418131521,141184.8292880589,568,64,314.2,31,4,15,27.60785318100914,0.705981182795699,37.85807291666667,1048.567708333334,33.824764784946254,0
570,4,0,0,35,0.0,0.0,1.0,35,800,400,400,0.5,12,4,8,389.21227855822076,0.759593837535014,0.19481067659838613,0.27003487543380433,137505.05447387695,3703.7311130099833,141208.78558688692,569,65,315.2,31,4,15,27.58754914132009,0.7066532258064515,37.79296875,1048.828125,33.83316532258065,0
571,4,0,0,35,0.0,0.0,1.0,35,1250,800,450,0.64,17,8,9,385.5661950877061,0.757703081232493,0.1875006447397829,0.2680894991618204,137580.5900705287,3609.2849262830537,141189.87499681176,570,66,316.2,32,3,15,27.608366429975522,0.7047526041666666,37.720959595959606,1049.116161616163,32.784880050505095,0
572,4,0,0,35,0.0,0.0,1.0,35,1000,700,300,0.7,13,7,6,386.999643358302,0.7551120448179272,0.1800680435753803,0.2703794146958761,137746.2200923377,3661.5476099377815,141407.76770227548,571,67,317.2,32,3,17,27.406833854542533,0.7063802083333333,37.56313131313132,1049.747474747476,32.804608585858624,0
573,4,0,0,35,0.0,0.0,1.0,35,950,800,150,0.8421052631578947,11,8,3,385.1725875535398,0.7539915966386554,0.17278911564625798,0.26962081128747795,137812.50000000003,3616.335386695236,141428.83538669525,572,68,318.2,31,4,17,27.38921957671957,0.7096774193548387,37.5,1050.0000000000002,33.870967741935495,0
574,4,0,0,35,0.0,0.0,1.0,35,950,800,150,0.8421052631578947,11,8,3,382.8365156809164,0.7538515406162465,0.16780135312245403,0.26851820308541485,137880.86785210497,3557.1662055121433,141438.03405761713,573,69,319.2,31,4,17,27.382944871476994,0.7103494623655914,37.43489583333333,1050.260416666666,33.879368279569874,0
575,4,1,1,35,0.027777777777777776,0.027777777777777776,0.9722222222222222,36,950,500,450,0.5263157894736842,14,5,9,371.2838107680563,0.7563492063492064,0.1563446325422555,0.26318492424571416,138243.70799216916,3065.5301436077934,141309.23813577695,574,0,311.30555555555554,32,4,14,27.328210669548163,0.7112630208333334,37.089646464646464,1051.641414141414,32.86379419191919,0
576,4,0,1,34,0.0,0.02857142857142857,0.9714285714285714,35,900,700,200,0.7777777777777778,11,7,4,380.60168550269265,0.7512605042016807,0.16780360019116047,0.2682826378770506,138051.86165703656,3508.554246690519,141560.4159037271,575,71,321.2,31,4,14,27.27266860777267,0.7120295698924732,37.27213541666666,1050.9114583333323,33.900369623655884,0
577,4,0,0,34,0.0,0.0,1.0,34,900,800,100,0.8888888888888888,10,8,2,378.4506566673431,0.7497771836007131,0.15208585291931986,0.2675666026210268,138154.50880262576,3656.932915581578,141811.44171820732,576,72,318.52941176470586,31,3,14,27.227830071835516,0.7130376344086022,37.17447916666666,1051.3020833333323,33.91297043010749,0
578,4,0,0,34,0.0,0.0,1.0,34,950,700,250,0.7368421052631579,12,7,5,379.6648725620949,0.7491830065359477,0.1432207648442565,0.2692320610784933,138257.19409518762,3698.279995388435,141955.47409057606,577,73,319.52941176470586,31,3,15,27.094553464570172,0.7140456989247312,37.07682291666666,1051.6927083333323,33.92557123655911,0
579,4,0,0,34,0.0,0.0,1.0,34,750,500,250,0.6666666666666666,10,5,5,378.6446874004956,0.7487002376708259,0.14352751869407276,0.26904753117929653,138325.6721496581,3675.256178114134,142000.9283277722,578,74,320.52941176470586,31,3,15,27.053807195610027,0.714717741935484,37.01171874999999,1051.953124999999,33.933971774193516,0
580,4,0,0,34,0.0,0.0,1.0,34,900,700,200,0.7777777777777778,11,7,4,378.9922444530107,0.7479946524064172,0.13365875660182458,0.2711974591723046,138565.4788547091,3703.048366970466,142268.52722167957,579,75,321.52941176470586,31,3,18,26.80816637810207,0.7170698924731184,36.78385416666666,1052.8645833333323,33.96337365591395,0
581,4,0,0,34,0.0,0.0,1.0,34,850,600,250,0.7058823529411765,11,6,5,379.1569550375016,0.7445409982174689,0.12706332996562053,0.2732428528155385,138805.49324883346,3725.8136325412224,142531.30688137468,580,76,322.52941176470586,31,3,19,26.567326702088224,0.7194220430107527,36.55598958333333,1053.7760416666658,33.99277553763438,0
582,4,0,0,34,0.0,0.0,1.0,34,700,400,300,0.5714285714285714,10,4,6,380.05704668543893,0.7432783719548426,0.12740399861873586,0.2741863585724596,138841.8771840883,3753.5667597694046,142595.4439438577,581,77,323.52941176470586,32,2,19,26.507777245317683,0.7171223958333334,36.52146464646464,1053.914141414141,32.93481691919191,0
583,4,0,0,34,0.0,0.0,1.0,34,950,600,350,0.631578947368421,13,6,7,383.31314691543616,0.7426470588235294,0.13163553676379802,0.2773625156902848,138942.7375793457,3851.731538767718,142794.46911811343,582,78,324.52941176470586,31,3,19,26.32263492651599,0.720766129032258,36.42578125,1054.296875,34.009576612903224,0
584,4,0,0,34,0.0,0.0,1.0,34,1000,700,300,0.7,13,7,6,381.8932523821878,0.7422014260249555,0.12659878125839863,0.2768982498695917,139011.3851759169,3817.502000596793,142828.88717651367,583,79,325.52941176470586,31,3,20,26.29246923488498,0.7214381720430108,36.360677083333336,1054.5572916666667,34.01797715053764,0
585,4,0,0,34,0.0,0.0,1.0,34,350,200,150,0.5714285714285714,5,2,3,381.8932523821878,0.7417186571598336,0.12659878125839863,0.2768982498695917,139011.3851759169,3817.502000596793,142828.88717651367,584,80,326.52941176470586,31,3,20,26.29246923488498,0.7214381720430108,36.360677083333336,1054.5572916666667,34.01797715053764,0
586,4,1,0,35,0.02857142857142857,0.0,1.0,35,400,300,100,0.75,5,3,2,370.01939033653133,0.7441876750700279,0.12832547653207582,0.2714773842784866,139408.00045913685,3316.7326675849395,142724.73312672178,585,0,318.1714285714286,32,3,16,26.215775944524143,0.72265625,35.984848484848484,1056.0606060606062,33.001893939393945,0
587,4,0,0,35,0.0,0.0,1.0,35,1300,1100,200,0.8461538461538461,15,11,4,370.95645739592175,0.7434873949579831,0.12893842923715093,0.2735272768234775,139574.72651068764,3355.229217681865,142929.9557283695,586,1,319.1714285714286,32,3,17,26.027352929461905,0.7242838541666667,35.8270202020202,1056.691919191919,33.02162247474747,0
588,4,0,0,35,0.0,0.0,1.0,35,800,400,400,0.5,12,4,8,369.81622751871083,0.7411064425770307,0.12607730780696302,0.2735878883856257,139684.6240027872,3331.5281382160465,143016.15214100323,587,2,320.1714285714286,33,2,17,25.94964834994977,0.7228535353535355,35.72303921568626,1057.1078431372532,32.033571004159185,0
589,4,0,0,35,0.0,0.0,1.0,35,750,500,250,0.6666666666666666,10,5,5,369.81622751871083,0.7411064425770307,0.12607730780696302,0.2735878883856257,139684.6240027872,3331.5281382160465,143016.15214100323,588,3,321.1714285714286,33,2,17,25.94964834994977,0.7228535353535355,35.72303921568626,1057.1078431372532,32.033571004159185,0
590,4,0,0,35,0.0,0.0,1.0,35,900,600,300,0.6666666666666666,12,6,6,368.27944682695806,0.7400560224089635,0.12439234386383191,0.2729823940913225,139749.40527681666,3293.3667339484855,143042.77201076515,589,4,322.1714285714286,33,2,18,25.926730798949155,0.7234848484848485,35.661764705882355,1057.352941176471,32.04099821746882,0
591,4,0,0,35,0.0,0.0,1.0,35,600,300,300,0.5,9,3,6,368.2586144160135,0.7387254901960784,0.12473431551067682,0.2735001585550942,139814.20156910794,3297.5568291041773,143111.7583982121,590,5,323.1714285714286,33,2,18,25.863750482811888,0.7241161616161617,35.600490196078425,1057.5980392156857,32.04842543077836,0
592,4,0,1,34,0.0,0.02857142857142857,0.9714285714285714,35,1450,1300,150,0.896551724137931,16,13,3,371.0707421414843,0.7377450980392156,0.12620922384701871,0.2772116720704028,140008.68055555553,3390.760164359856,143399.44071991538,591,6,324.1714285714286,32,3,19,25.598753280839887,0.728515625,35.416666666666664,1058.3333333333333,33.072916666666664,0
593,4,0,0,34,0.0,0.0,1.0,34,1200,900,300,0.75,15,9,6,377.72709935702795,0.7348113487819371,0.12904889912055983,0.2818994496626224,139975.27556180485,3774.4909639322404,143749.7665257371,592,7,330.5,32,2,20,25.45539513980035,0.7281901041666667,35.44823232323232,1058.2070707070702,33.068970959595944,0
594,4,0,0,34,0.0,0.0,1.0,34,600,300,300,0.5,9,3,6,377.72709935702795,0.7348113487819371,0.12904889912055983,0.2818994496626224,139975.27556180485,3774.4909639322404,143749.7665257371,593,8,331.5,32,2,20,25.45539513980035,0.7281901041666667,35.44823232323232,1058.2070707070702,33.068970959595944,0
595,4,0,0,34,0.0,0.0,1.0,34,1150,900,250,0.782608695652174,14,9,5,377.10391864066247,0.732843137254902,0.13185008320671443,0.2823070772144185,140077.5909423828,3764.765677185961,143842.35661956877,594,9,332.5,31,3,20,25.371566215662153,0.7318548387096775,35.3515625,1058.59375,34.14818548387097,0
596,4,0,0,34,0.0,0.0,1.0,34,600,400,200,0.6666666666666666,8,4,4,377.10391864066247,0.732843137254902,0.13185008320671443,0.2823070772144185,140077.5909423828,3764.7616916232632,143842.35263400606,595,10,333.5,31,3,20,25.371566215662153,0.7318548387096775,35.3515625,1058.59375,34.14818548387097,0
597,4,0,0,34,0.0,0.0,1.0,34,650,400,250,0.6153846153846154,9,4,5,375.6584965869356,0.7317290552584671,0.1279910882208275,0.2818131821259186,140146.51828342004,3729.446072048601,143875.96435546863,596,11,334.5,31,3,21,25.34226922446303,0.7325268817204302,35.28645833333333,1058.8541666666658,34.15658602150535,0
598,4,0,0,34,0.0,0.0,1.0,34,800,500,300,0.625,11,5,6,376.3648264653302,0.7289067142008319,0.12976459020186248,0.2835281692705488,140284.423828125,3759.6245659722217,144044.04839409722,597,12,335.5,31,3,19,25.188462799082274,0.7338709677419355,35.15625,1059.375,34.17338709677419,0
599,4,0,0,34,0.0,0.0,1.0,34,650,300,350,0.46153846153846156,10,3,7,376.3648264653302,0.7289067142008319,0.12976459020186248,0.2835281692705488,140284.423828125,3759.6245659722217,144044.04839409722,598,13,336.5,31,3,19,25.188462799082274,0.7338709677419355,35.15625,1059.375,34.17338709677419,0
600,4,0,0,34,0.0,0.0,1.0,34,700,400,300,0.5714285714285714,10,4,6,376.67090077144394,0.7279411764705883,0.12806786718620078,0.28405663758825206,140318.91081068246,3770.8101060655326,144089.720916748,599,14,337.5,31,3,19,25.14657838679284,0.7342069892473118,35.123697916666664,1059.505208333333,34.177587365591386,0
601,4,0,0,34,0.0,0.0,1.0,34,800,500,300,0.625,11,5,6,377.8374756261734,0.7267156862745099,0.12598641422170842,0.285836157211622,140422.3971896702,3811.368815104176,144233.7660047744,600,15,338.5,31,3,19,25.014332514332523,0.7352150537634408,35.02604166666667,1059.895833333334,34.19018817204303,0
602,4,0,0,34,0.0,0.0,1.0,34,1000,700,300,0.7,13,7,6,377.7405727771989,0.7253045157456922,0.12513907552704207,0.2863653392506474,140491.4093017578,3813.8610839843755,144305.2703857422,601,16,339.5,31,3,19,24.949336772291826,0.7358870967741935,34.9609375,1060.15625,34.198588709677416,0
603,4,0,0,34,0.0,0.0,1.0,34,750,600,150,0.8,9,6,3,382.7247160627368,0.7253045157456922,0.08837209302325633,0.27612689246137034,138843.8341022683,3827.7933967704657,142671.62749903876,602,17,340.5,33,1,20,26.43556201550388,0.7146464646464648,36.51960784313725,1053.9215686274504,31.93701723113486,3
604,4,0,0,34,0.0,0.0,1.0,34,1200,800,400,0.6666666666666666,16,8,8,380.3717137069191,0.7227421271538919,0.08540553102486625,0.27601003104230576,139037.63726691663,3777.1968713956176,142814.83413831226,603,18,341.5,33,1,20,26.306743357347568,0.716540404040404,36.33578431372549,1054.6568627450984,31.959298871063588,0
605,4,0,0,34,0.0,0.0,1.0,34,1000,700,300,0.7,13,7,6,380.0058722350236,0.7230763517528224,0.07858055523289553,0.2765401989916585,139134.58953587565,3774.392210928485,142908.98174680414,604,19,342.5,33,1,21,26.220984822085416,0.7174873737373737,36.243872549019606,1055.0245098039218,31.970439691027934,0
606,4,0,0,34,0.0,0.0,1.0,34,850,500,350,0.5882352941176471,12,5,7,378.3057541874573,0.7234477124183007,0.07723577235772394,0.27556789708578755,139166.91446799313,3729.528907151106,142896.44337514424,605,20,343.5,33,1,18,26.23403019744484,0.7178030303030303,36.21323529411765,1055.14705882353,31.974153297682726,0
607,4,0,0,34,0.0,0.0,1.0,34,650,500,150,0.7692307692307693,8,5,3,378.3057541874573,0.7234477124183007,0.07723577235772394,0.27556789708578755,139166.91446799313,3729.528907151106,142896.44337514424,606,21,344.5,33,1,18,26.23403019744484,0.7178030303030303,36.21323529411765,1055.14705882353,31.974153297682726,0
608,4,0,0,34,0.0,0.0,1.0,34,750,600,150,0.8,9,6,3,378.3057541874573,0.7234477124183007,0.07723577235772394,0.27556789708578755,139166.91446799313,3729.528907151106,142896.44337514424,607,22,345.5,33,1,18,26.23403019744484,0.7178030303030303,36.21323529411765,1055.14705882353,31.974153297682726,0
609,4,0,0,34,0.0,0.0,1.0,34,750,500,250,0.6666666666666666,10,5,5,381.5682376558677,0.7219994058229353,0.07552536862881709,0.278748704913485,139263.91179173873,3827.7370782871894,143091.64887002594,608,23,346.5,33,1,19,26.05255137582722,0.71875,36.12132352941176,1055.5147058823527,31.98529411764705,0
610,4,0,0,34,0.0,0.0,1.0,34,900,600,300,0.6666666666666666,12,6,6,383.57059250255884,0.7223336304218657,0.07905734850243817,0.2804819256211411,139296.25174211845,3885.9891628219975,143182.24090494044,609,24,347.5,33,1,19,25.967901091246798,0.7190656565656566,36.09068627450981,1055.6372549019611,31.989007724301853,0
611,4,0,0,34,0.0,0.0,1.0,34,500,400,100,0.8,6,4,2,384.00500685646944,0.7213309566250743,0.08142774230992433,0.28107078454277706,139328.59544706368,3900.5756499903937,143229.17109705406,610,25,348.5,33,1,19,25.924622751015658,0.7193813131313131,36.060049019607845,1055.759803921569,31.992721330956638,0
612,4,0,0,34,0.0,0.0,1.0,34,550,400,150,0.7272727272727273,7,4,3,385.0526627060793,0.7210710041592395,0.0784586815227486,0.28211001206425,139360.94290657446,3932.2604286812802,143293.20333525573,611,26,349.5,33,1,19,25.865153977096867,0.7196969696969697,36.029411764705884,1055.8823529411768,31.99643493761142,0
613,4,0,0,34,0.0,0.0,1.0,34,1050,800,250,0.7619047619047619,13,8,5,386.89121529358226,0.7195484254307785,0.08185404339250502,0.2842809364548495,139458.0078125,3991.015625,143449.0234375,612,27,350.5,33,1,19,25.72115384615384,0.7206439393939394,35.9375,1056.25,32.00757575757576,0
614,4,0,0,34,0.0,0.0,1.0,34,850,600,250,0.7058823529411765,11,6,5,386.72033627459876,0.7194741532976827,0.08427096624521502,0.2847067479951592,139522.73652261138,3991.2559171952917,143513.99243980667,613,28,351.5,33,1,20,25.6620220005413,0.7212752525252526,35.87622549019607,1056.4950980392148,32.0150029708853,0
615,4,0,0,34,0.0,0.0,1.0,34,450,400,50,0.8888888888888888,5,4,1,385.30562334564445,0.7186200237670827,0.08186456400742115,0.28449278216890733,139619.85774702037,3959.2632641291752,143579.12101114955,614,29,352.5,33,1,21,25.603934755720452,0.7222222222222223,35.78431372549019,1056.862745098039,32.02614379084967,0
616,4,0,1,33,0.0,0.029411764705882353,0.9705882352941176,34,750,400,350,0.5333333333333333,11,4,7,386.2660113421549,0.7186571598336304,0.08168115942028975,0.2854793785626466,139652.23899762108,3988.5826665224863,143640.82166414356,615,30,353.5,33,1,21,25.546739130434773,0.7225378787878788,35.75367647058823,1056.9852941176468,32.02985739750445,0
617,4,0,0,33,0.0,0.0,1.0,33,650,400,250,0.6153846153846154,9,4,5,387.9381121665666,0.7104640151515152,0.057219762090822135,0.2880646832896422,139808.31037649227,4247.394398530768,144055.70477502304,616,31,346.969696969697,32,1,21,25.349212034383946,0.7265625,35.60606060606061,1057.5757575757582,33.04924242424244,0
618,4,0,0,33,0.0,0.0,1.0,33,700,500,200,0.7142857142857143,9,5,4,387.8376602294559,0.7096748737373738,0.05428283069443407,0.28828004256807016,139841.69544242934,4247.175192582386,144088.87063501173,617,32,347.969696969697,32,1,21,25.31907803111694,0.7268880208333334,35.57449494949495,1057.70202020202,33.05318813131313,0
619,4,0,0,33,0.0,0.0,1.0,33,700,400,300,0.5714285714285714,10,4,6,388.09872352059966,0.7091224747474748,0.051920156216099134,0.28934762483119447,139941.87455361697,4262.252576267728,144204.1271298847,618,33,348.969696969697,32,1,21,25.213802704852828,0.7278645833333334,35.47979797979798,1058.080808080808,33.06502525252525,0
620,4,0,0,33,0.0,0.0,1.0,33,600,400,200,0.6666666666666666,8,4,4,388.23608475395315,0.7070707070707072,0.059912180842413454,0.2909168517124125,140108.91945018363,4279.0676652892535,144387.98711547288,619,34,349.969696969697,32,1,21,25.046213476446034,0.7294921875,35.321969696969695,1058.712121212121,33.08475378787878,0
621,4,0,0,33,0.0,0.0,1.0,33,850,600,250,0.7058823529411765,11,6,5,390.63831334693896,0.7055713383838385,0.06262939397552492,0.29331096992307776,140175.76530774927,4351.604906387112,144527.37021413638,620,35,350.969696969697,32,1,21,24.917034299113705,0.7301432291666666,35.25883838383839,1058.9646464646469,33.092645202020215,0
622,4,0,0,33,0.0,0.0,1.0,33,850,600,250,0.7058823529411765,11,6,5,390.98917081213074,0.7038352272727273,0.05947931225013803,0.294770002900682,140309.50484963274,4371.899391643711,144681.40424127644,621,36,351.969696969697,32,1,17,24.77654629960673,0.7314453125,35.13257575757576,1059.4696969696972,33.10842803030304,0
623,4,0,0,33,0.0,0.0,1.0,33,550,300,250,0.5454545454545454,8,3,5,389.6048489654358,0.7015467171717172,0.06116923343513747,0.2946255047041323,140409.85135445365,4340.871786042243,144750.7231404959,622,37,352.969696969697,32,1,18,24.714826066237777,0.732421875,35.03787878787879,1059.8484848484852,33.12026515151516,0
624,4,0,0,33,0.0,0.0,1.0,33,900,700,200,0.7777777777777778,11,7,4,391.5334433353615,0.70083648989899,0.0652397501272095,0.2969924411641401,140510.2337293389,4402.891127180906,144913.12485651983,623,38,353.969696969697,32,1,18,24.565320947957606,0.7333984375,34.94318181818182,1060.2272727272732,33.13210227272729,0
625,4,0,0,33,0.0,0.0,1.0,33,1050,500,550,0.47619047619047616,16,5,11,395.93058294739006,0.6993371212121213,0.057757828132604994,0.30280223381918225,140778.0954271247,4547.6706777369545,145325.76610486166,624,39,354.969696969697,32,1,18,24.186248264921666,0.7360026041666667,34.69065656565656,1061.2373737373732,33.16366792929291,0
626,4,0,0,33,0.0,0.0,1.0,33,900,800,100,0.8888888888888888,10,8,2,398.45609410094676,0.6983901515151516,0.05944554969293314,0.30567690138693066,140878.60932557896,4626.78808284868,145505.39740842764,625,40,355.969696969697,32,1,18,24.020773866159207,0.7369791666666667,34.59595959595959,1061.6161616161612,33.17550505050504,0
627,4,0,0,33,0.0,0.0,1.0,33,950,700,250,0.7368421052631579,12,7,5,397.6818321493037,0.6976010101010102,0.05487831236761331,0.30634611465567235,141012.68365472907,4615.636478420568,145628.32013314965,626,41,356.969696969697,32,1,18,23.9100392296719,0.73828125,34.46969696969697,1062.121212121212,33.191287878787875,0
628,4,0,0,33,0.0,0.0,1.0,33,850,600,250,0.7058823529411765,11,6,5,397.84910033996294,0.698074494949495,0.05361831797110539,0.3067923447442814,141046.2122009235,4623.021726099397,145669.2339270229,627,42,357.969696969697,32,1,18,23.872776258964304,0.7386067708333333,34.43813131313132,1062.2474747474757,33.19523358585862,0
629,4,0,0,33,0.0,0.0,1.0,33,800,600,200,0.75,10,6,4,396.00153787005,0.6976799242424243,0.05014854426619153,0.3060011883541296,141113.28125,4576.215277777777,145689.49652777778,628,43,358.969696969697,32,1,18,23.856209150326805,0.7392578125,34.375,1062.5,33.203125,0
630,4,0,0,33,0.0,0.0,1.0,33,400,200,200,0.5,6,2,4,394.29524516040425,0.6976799242424243,0.04865191842378169,0.30499896905054785,141146.8217528823,4530.704137332915,145677.5258902152,629,44,359.969696969697,32,1,18,23.868722275031693,0.7395833333333334,34.34343434343434,1062.6262626262621,33.20707070707069,0
631,4,0,0,33,0.0,0.0,1.0,33,700,500,200,0.7142857142857143,9,5,4,395.0395766788952,0.6967329545454546,0.04834371996068576,0.30589219106773324,141180.3662413274,4554.366423069069,145734.73266439646,630,45,360.969696969697,32,1,18,23.816135994614065,0.7399088541666667,34.311868686868685,1062.7525252525252,33.21101641414141,0
632,4,0,0,33,0.0,0.0,1.0,33,700,400,300,0.5714285714285714,10,4,6,395.77394738593455,0.6959438131313131,0.050649042095941565,0.30677947413395906,141213.91471533506,4577.757690541767,145791.67240587683,631,46,361.969696969697,32,1,18,23.763809693513906,0.740234375,34.280303030303024,1062.878787878787,33.214962121212096,0
633,4,0,1,32,0.0,0.030303030303030304,0.9696969696969697,33,750,400,350,0.5333333333333333,11,4,7,396.905625673518,0.695864898989899,0.05359533578060893,0.30829754318920854,141281.02362003876,4615.04661514131,145896.07023518006,632,47,362.969696969697,32,1,18,23.668101741884406,0.7408854166666667,34.217171717171716,1063.131313131313,33.22285353535353,0
634,4,0,0,32,0.0,0.0,1.0,32,1150,900,250,0.782608695652174,14,9,5,400.2132099853824,0.6890961021505377,0.06194128092089146,0.3112515307372031,141320.8770751953,4911.696370442708,146232.57344563803,633,48,369.53125,31,1,18,23.54120744550575,0.7439516129032258,34.1796875,1063.28125,34.29939516129032,0
635,4,0,0,32,0.0,0.0,1.0,32,600,300,300,0.5,9,3,6,400.2132099853824,0.6890961021505377,0.06194128092089146,0.3112515307372031,141320.8770751953,4911.696370442708,146232.57344563803,634,49,370.53125,31,1,18,23.54120744550575,0.7439516129032258,34.1796875,1063.28125,34.29939516129032,0
636,4,0,0,32,0.0,0.0,1.0,32,300,200,100,0.6666666666666666,4,2,2,400.5210563393892,0.6878360215053764,0.060766652381535335,0.3118260693158999,141355.4912143283,4923.1701321072,146278.6613464355,635,50,371.53125,31,1,17,23.499168401289744,0.7442876344086022,34.147135416666664,1063.411458333333,34.303595430107514,0
637,4,0,0,32,0.0,0.0,1.0,32,450,200,250,0.4444444444444444,7,2,5,400.5118754922342,0.6868699596774194,0.06448947110675807,0.3121546754790618,141390.10959201382,4925.683593749989,146315.79318576382,636,51,372.53125,31,1,17,23.465556643813265,0.7446236559139785,34.11458333333333,1063.541666666666,34.307795698924714,0
638,4,0,0,32,0.0,0.0,1.0,32,650,300,350,0.46153846153846156,10,3,7,400.5118754922342,0.6868699596774194,0.06448947110675807,0.3121546754790618,141390.10959201382,4925.683593749989,146315.79318576382,637,52,373.53125,31,1,17,23.465556643813265,0.7446236559139785,34.11458333333333,1063.541666666666,34.307795698924714,0
639,4,0,0,32,0.0,0.0,1.0,32,800,800,0,1.0,8,8,0,385.59364345686026,0.6868699596774194,0.06493717504332808,0.27371049664714553,138291.4310031466,4264.859347873254,142556.29035101985,638,53,374.53125,31,1,17,26.90486506561031,0.7143817204301076,37.04427083333333,1051.8229166666658,33.929771505376316,8
640,4,0,0,32,0.0,0.0,1.0,32,250,200,50,0.8,3,2,1,385.59364345686026,0.6868699596774194,0.06493717504332808,0.27371049664714553,138291.4310031466,4264.859347873254,142556.29035101985,639,54,375.53125,31,1,17,26.90486506561031,0.7143817204301076,37.04427083333333,1051.8229166666658,33.929771505376316,0
641,4,0,0,32,0.0,0.0,1.0,32,700,600,100,0.8571428571428571,8,6,2,385.7390830353501,0.686491935483871,0.06087968691993595,0.2746394299567103,138394.16715833865,4276.807827419694,142670.97498575834,640,55,376.53125,31,1,17,26.799617415336396,0.7153897849462366,36.94661458333333,1052.2135416666658,33.94237231182793,0
642,4,0,0,32,0.0,0.0,1.0,32,750,400,350,0.5333333333333333,11,4,7,384.5397693344085,0.68544186827957,0.056330405739733136,0.27461302962008455,138496.94146050338,4251.516384548601,142748.45784505198,641,56,377.53125,31,1,17,26.729754247072414,0.7163978494623657,36.84895833333333,1052.6041666666658,33.95497311827954,0
643,4,0,0,32,0.0,0.0,1.0,32,1000,700,300,0.7,13,7,6,384.69015907260876,0.6833417338709677,0.0541640914709518,0.2763892883567854,138702.6045057508,4271.505398220475,142974.10990397126,642,57,378.53125,31,1,17,26.52297074577669,0.7184139784946237,36.65364583333333,1053.385416666666,33.98017473118278,0
644,4,0,0,32,0.0,0.0,1.0,32,950,800,150,0.8421052631578947,11,8,3,385.7748013760355,0.6826276881720431,0.0547097083178838,0.2774492371496449,138736.89651489264,4304.2397393120655,143041.1362542047,643,58,379.53125,31,1,17,26.46059922547685,0.71875,36.62109375,1053.5156250000005,33.984375000000014,0
645,4,0,0,32,0.0,0.0,1.0,32,1000,800,200,0.8,12,8,4,385.5749289040812,0.6798975134408602,0.05012811805383999,0.2792831640666591,138977.05925835494,4317.213948567689,143294.27320692263,644,59,380.53125,31,1,19,26.229212974396958,0.7211021505376345,36.39322916666666,1054.4270833333326,34.0137768817204,0
646,4,0,0,32,0.0,0.0,1.0,32,300,200,100,0.6666666666666666,4,2,2,387.2010710280384,0.6792674731182796,0.05116758241758257,0.2807467747767306,139011.38517591677,4365.0714450412215,143376.456620958,645,60,381.53125,31,1,19,26.15253426348933,0.7214381720430108,36.36067708333333,1054.5572916666658,34.01797715053761,0
647,4,0,0,32,0.0,0.0,1.0,32,500,300,200,0.6,7,3,4,390.7328111221919,0.6785534274193549,0.05546768917417566,0.28388578501353134,139080.04972669802,4468.627760145379,143548.6774868434,646,61,382.53125,31,1,19,25.99177570670287,0.7221102150537635,36.29557291666666,1054.8177083333323,34.02637768817201,0
648,4,0,0,32,0.0,0.0,1.0,32,1000,600,400,0.6,14,6,8,388.62401675114677,0.6775453629032259,0.0613471622455275,0.2835101400331272,139217.42969089077,4420.647345648862,143638.07703653965,647,62,383.53125,31,1,15,25.912117005963395,0.7234543010752689,36.16536458333333,1055.338541666666,34.04317876344084,0
649,4,0,0,32,0.0,0.0,1.0,32,650,400,250,0.6153846153846154,9,4,5,397.0384679254245,0.6787634408602151,0.11146306101865866,0.24527329654084642,133337.70751953125,4188.039822048611,137525.74734157987,648,63,384.53125,31,1,19,31.545217683644317,0.6653225806451613,41.796875,1032.8125,33.31653225806452,8
650,4,1,0,33,0.030303030303030304,0.0,1.0,33,750,400,350,0.5333333333333333,11,4,7,387.79257529709605,0.6945233585858587,0.10185482024273007,0.24130666519270716,133606.8047417535,3762.4131944444493,137369.21793619794,649,0,373.8484848484849,31,2,20,31.513434089000842,0.668010752688172,41.536458333333336,1033.8541666666667,33.35013440860215,0
651,4,0,0,33,0.0,0.0,1.0,33,750,400,350,0.5333333333333333,11,4,7,384.8113705911892,0.6938131313131314,0.10138906374585566,0.24010657632410187,133707.7861362034,3690.4552883572096,137398.2414245606,650,1,374.8484848484849,31,2,15,31.489073188132103,0.669018817204301,41.438802083333336,1034.244791666667,33.362735215053775,0
652,4,0,1,32,0.0,0.030303030303030304,0.9696969696969697,33,950,700,250,0.7368421052631579,12,7,5,383.5813433206666,0.6931029040404041,0.09862980255729514,0.2395574049795106,133741.455078125,3660.1453993055547,137401.60047743056,651,2,375.8484848484849,31,2,15,31.487076200067136,0.6693548387096775,41.40625,1034.375,33.36693548387097,0
653,4,0,1,31,0.0,0.03125,0.96875,32,500,200,300,0.4,8,2,6,389.7109117353399,0.6911122311827957,0.08324941528066554,0.24344279031779031,133750.14452537868,4024.7781535437625,137774.92267892245,651,3,368.25,30,2,15,31.319841476091472,0.6722222222222222,41.39784946236559,1034.4086021505377,34.48028673835126,0
654,4,0,0,31,0.0,0.0,1.0,31,650,500,150,0.7692307692307693,8,5,3,402.4280623021135,0.6750896057347671,0.09288658319356147,0.25023158460439693,133579.8828125,4551.258680555555,138131.14149305556,652,68,381.03225806451616,29,2,21,31.162249764879753,0.6734913793103449,41.5625,1033.75,35.64655172413793,0
655,4,0,0,31,0.0,0.0,1.0,31,600,400,200,0.6666666666666666,8,4,4,402.5986854122982,0.6741935483870968,0.09220303732749868,0.25082403455184604,133651.68065200618,4561.598186728399,138213.27883873458,653,69,382.03225806451616,29,2,21,31.08559995522722,0.6742097701149425,41.49305555555556,1034.0277777777778,35.656130268199234,0
656,4,0,0,31,0.0,0.0,1.0,31,800,400,400,0.5,12,4,8,401.1014932090086,0.6735663082437277,0.08814114365169767,0.2503774367080878,133723.49778163584,4527.338927469142,138250.83670910497,654,70,383.03225806451616,29,2,17,31.052073541918453,0.6749281609195401,41.423611111111114,1034.3055555555559,35.66570881226055,0
657,4,0,0,31,0.0,0.0,1.0,31,600,300,300,0.5,9,3,6,401.1014932090086,0.6735663082437277,0.08814114365169767,0.2503774367080878,133723.49778163584,4527.338927469142,138250.83670910497,655,71,384.03225806451616,29,2,17,31.052073541918453,0.6749281609195401,41.423611111111114,1034.3055555555559,35.66570881226055,0
658,4,1,1,31,0.03125,0.03125,0.96875,32,650,300,350,0.46153846153846156,10,3,7,391.10510487195495,0.6826276881720431,0.08333333333333326,0.24616615424293634,134028.35587929236,4083.8348363972636,138112.19071568962,656,0,373.0,30,2,17,31.004456559363103,0.675,41.12903225806451,1035.4838709677415,34.51612903225805,0
659,4,0,0,31,0.0,0.0,1.0,31,1000,800,200,0.8,12,8,4,404.9491625631092,0.6744623655913978,0.0929302373902654,0.2540135656077685,133903.125,4644.791666666667,138547.91666666666,657,73,386.03225806451616,29,2,17,30.77194041867955,0.6767241379310345,41.25,1035.0,35.689655172413794,0
660,4,0,0,31,0.0,0.0,1.0,31,500,100,400,0.2,9,1,8,405.1637992963588,0.6751792114695341,0.08793091513221696,0.25514368982716606,134046.91358024674,4662.191358024668,138709.1049382714,658,74,387.03225806451616,29,2,18,30.62187052932762,0.67816091954023,41.1111111111111,1035.555555555554,35.70881226053635,0
661,4,0,0,31,0.0,0.0,1.0,31,900,700,200,0.7777777777777778,11,7,4,409.0087616836814,0.6750896057347671,0.0900233102249286,0.2583231459270599,134154.80565200603,4774.098186728377,138928.9038387344,659,75,388.03225806451616,29,2,18,30.413901550699375,0.6792385057471265,41.006944444444436,1035.9722222222213,35.72318007662832,0
662,4,0,0,31,0.0,0.0,1.0,31,650,400,250,0.6153846153846154,9,4,5,409.0087616836814,0.6746415770609319,0.0900233102249286,0.2583231459270599,134154.80565200603,4774.098186728377,138928.9038387344,660,76,389.03225806451616,29,2,18,30.413901550699375,0.6792385057471265,41.006944444444436,1035.9722222222213,35.72318007662832,0
663,4,0,0,31,0.0,0.0,1.0,31,650,500,150,0.7692307692307693,8,5,3,406.8781305733118,0.6733870967741935,0.0896014112092558,0.25748242003456134,134226.7578125,4722.786458333333,138949.54427083334,661,77,390.03225806451616,29,2,19,30.396813429835138,0.6799568965517242,40.9375,1036.25,35.73275862068966,0
664,4,0,0,31,0.0,0.0,1.0,31,800,500,300,0.625,11,5,6,408.5447209307292,0.6727598566308244,0.09185464417565181,0.25879123154372635,134262.74112654297,4770.466820987625,139033.2079475306,662,78,391.03225806451616,29,2,19,30.3174975431073,0.680316091954023,40.902777777777764,1036.388888888887,35.737547892720244,0
665,4,0,0,31,0.0,0.0,1.0,31,450,200,250,0.4444444444444444,7,2,5,406.64428232296444,0.6731182795698925,0.0948853051397649,0.2578408053505763,134298.72926311722,4722.362075617271,139021.0913387345,663,79,392.03225806451616,29,2,19,30.330603197999018,0.680675287356322,40.86805555555555,1036.5277777777771,35.742337164750936,0
666,4,0,0,31,0.0,0.0,1.0,31,600,500,100,0.8333333333333334,7,5,2,409.91920769799185,0.675,0.09238813387204847,0.260429522167277,134370.7200038578,4816.227816358002,139186.9478202158,664,80,393.03225806451616,29,2,19,30.173448314355902,0.6813936781609196,40.7986111111111,1036.8055555555538,35.7519157088122,0
667,4,0,0,31,0.0,0.0,1.0,31,800,600,200,0.75,10,6,4,409.83209948226624,0.6737455197132617,0.08990801917346802,0.26166203274637007,134550.78125000003,4828.645833333334,139379.42708333337,665,81,394.03225806451616,29,2,19,29.994979919678705,0.6831896551724139,40.625,1037.5000000000002,35.77586206896552,0
668,4,0,0,31,0.0,0.0,1.0,31,450,300,150,0.6666666666666666,6,3,3,410.36428934976107,0.6745519713261648,0.08767355115010056,0.2625207166114224,134622.83950617272,4848.881172839495,139471.7206790122,666,82,395.03225806451616,29,2,20,29.90888204853677,0.6839080459770115,40.55555555555555,1037.777777777777,35.78544061302679,0
669,4,0,0,31,0.0,0.0,1.0,31,600,500,100,0.8333333333333334,7,5,2,409.9688626143639,0.6752688172043011,0.0862977687416635,0.2625276187075529,134658.8758680556,4841.189236111117,139500.06510416672,667,83,396.03225806451616,29,2,20,29.88299545028771,0.6842672413793103,40.520833333333336,1037.916666666667,35.790229885057485,0
670,4,0,0,31,0.0,0.0,1.0,31,850,700,150,0.8235294117647058,10,7,3,406.1407418667505,0.6740143369175627,0.09201056283332476,0.26085121874534595,134767.01388888885,4746.874999999995,139513.88888888885,668,84,397.03225806451616,29,2,20,29.873929909042264,0.6853448275862069,40.416666666666664,1038.333333333333,35.80459770114941,0
671,4,0,0,31,0.0,0.0,1.0,31,550,400,150,0.7272727272727273,7,4,3,405.25328786496203,0.6741935483870968,0.09547144742858604,0.2607989747550933,134839.13001543196,4728.800154320971,139567.93016975294,669,85,398.03225806451616,29,2,18,29.824708032450747,0.6860632183908046,40.347222222222214,1038.6111111111102,35.814176245210696,0
672,4,0,0,31,0.0,0.0,1.0,31,1050,800,250,0.7619047619047619,13,8,5,405.7586673894283,0.6752688172043011,0.09590724997735567,0.2613840717834225,134875.19531250003,4745.355902777777,139620.5512152778,670,86,399.03225806451616,29,2,18,29.77545460623077,0.6864224137931034,40.3125,1038.7500000000002,35.81896551724139,0
673,4,0,0,31,0.0,0.0,1.0,31,700,500,200,0.7142857142857143,9,5,4,404.6441133575454,0.6760752688172043,0.09556667241676697,0.2609256868891756,134911.26543209868,4718.209876543197,139629.47530864188,671,87,400.03225806451616,29,2,18,29.768270944741523,0.6867816091954023,40.27777777777777,1038.8888888888882,35.82375478927201,0
674,4,0,0,31,0.0,0.0,1.0,31,500,300,200,0.6,7,3,4,386.6770457141944,0.6771505376344086,0.12635211249910983,0.24314883943970947,133993.56365259003,4162.447067580085,138156.01072017013,672,88,401.03225806451616,30,1,18,31.153987623869476,0.6746527777777778,41.16263440860216,1035.3494623655927,34.51164874551976,5
675,4,0,0,31,0.0,0.0,1.0,31,550,300,250,0.5454545454545454,8,3,5,386.6770457141944,0.6771505376344086,0.12635211249910983,0.24314883943970947,133993.56365259003,4162.447067580085,138156.01072017013,673,89,402.03225806451616,30,1,18,31.153987623869476,0.6746527777777778,41.16263440860216,1035.3494623655927,34.51164874551976,0
676,4,1,1,31,0.03125,0.03125,0.96875,32,850,600,250,0.7058823529411765,11,6,5,380.11690925011095,0.686407930107527,0.12315530017583476,0.24134695625593186,134348.22082519546,3813.6060926649475,138161.8269178604,674,0,390.4375,31,1,18,30.96845432470904,0.6754032258064515,40.82031250000001,1036.7187500000011,33.44254032258068,0
677,4,0,0,31,0.0,0.0,1.0,31,500,300,200,0.6,7,3,4,391.2176917262112,0.6751792114695341,0.13238026683629922,0.24717262031357684,134167.56995028333,4297.745404092971,138465.3153543763,675,91,404.03225806451616,30,1,18,30.8618751081128,0.6763888888888887,40.99462365591398,1036.0215053763445,34.534050179211484,0
678,4,0,0,31,0.0,0.0,1.0,31,800,800,0,1.0,8,8,0,396.49418882882,0.6751792114695341,0.14601283610889682,0.2462875857910846,133541.6756995029,4389.699676263157,137931.37537576605,676,92,405.03225806451616,30,1,19,31.354031209362795,0.6701388888888888,41.5994623655914,1033.602150537635,34.45340501792116,2
679,4,0,0,31,0.0,0.0,1.0,31,1150,900,250,0.782608695652174,14,9,5,393.94922130738604,0.6743727598566308,0.14088369986412386,0.24516645714372268,133611.14724245574,4327.2014828303845,137938.34872528614,677,93,406.03225806451616,30,1,19,31.349941497659913,0.6708333333333333,41.53225806451613,1033.8709677419351,34.46236559139784,0
680,4,0,1,30,0.0,0.03225806451612903,0.967741935483871,31,700,500,200,0.7142857142857143,9,5,4,398.4949257363564,0.6741935483870968,0.14086231109434322,0.24869573832451428,133715.38843002074,4456.980756445828,138172.36918646656,678,94,407.03225806451616,30,1,17,31.127626164175876,0.671875,41.431451612903224,1034.2741935483866,34.47580645161289,0
681,4,0,0,30,0.0,0.0,1.0,30,900,600,300,0.6666666666666666,12,6,6,401.9591329097641,0.674712643678161,0.13553526673827432,0.25115701526106726,133759.41358024685,4753.163580246908,138512.57716049376,679,95,411.56666666666666,29,1,17,30.993779090583597,0.6752873563218391,41.388888888888886,1034.4444444444441,35.670498084291175,0
682,4,0,0,30,0.0,0.0,1.0,30,650,500,150,0.7692307692307693,8,5,3,403.4539175698006,0.6751436781609196,0.1390656463954889,0.2523365434070063,133795.3342013889,4796.050347222218,138591.38454861112,680,96,412.56666666666666,29,1,17,30.918999194522737,0.6756465517241379,41.354166666666664,1034.5833333333335,35.675287356321846,0
683,4,0,0,30,0.0,0.0,1.0,30,600,400,200,0.6666666666666666,8,4,4,402.19263866476746,0.6756226053639847,0.13216570482709278,0.25203846515485123,133867.1899112653,4768.079668209861,138635.26957947516,681,97,413.56666666666666,29,1,18,30.879384198988948,0.6763649425287357,41.284722222222214,1034.8611111111102,35.68486590038311,0
684,4,0,1,29,0.0,0.03333333333333333,0.9666666666666667,30,700,500,200,0.7142857142857143,9,5,4,411.6351622510291,0.6756226053639847,0.11180239857990215,0.2578664861001358,133854.4399099605,5019.838818071424,138874.2787280319,682,98,414.56666666666666,30,0,19,30.64791964324371,0.673263888888889,41.297043010752674,1034.8118279569876,34.49372759856625,5
685,4,0,0,29,0.0,0.0,1.0,29,900,900,0,1.0,9,9,0,420.3491082012287,0.6703612479474548,0.12328824180045261,0.26341641759523576,133867.1899112653,5454.190779320969,139321.3806905863,683,99,422.7931034482759,29,0,19,30.40964859303001,0.6763649425287357,41.284722222222214,1034.8611111111102,35.68486590038311,0
686,4,0,0,29,0.0,0.0,1.0,29,850,700,150,0.8235294117647058,10,7,3,419.49518265287116,0.6675903119868637,0.12379375109869306,0.2636523685914417,133975.00964506163,5440.37422839505,139415.38387345668,684,100,423.7931034482759,29,0,19,30.32320454342188,0.6774425287356323,41.18055555555555,1035.277777777777,35.699233716475064,0
687,4,0,0,29,0.0,0.0,1.0,29,500,400,100,0.8,6,4,2,420.1606532317629,0.6683087027914614,0.12152432567409477,0.264846829344823,134082.87278163584,5467.269483024698,139550.14226466054,685,101,424.7931034482759,29,0,19,30.197437530731754,0.6785201149425287,41.07638888888889,1035.6944444444448,35.71360153256706,0
688,4,0,0,29,0.0,0.0,1.0,29,300,200,100,0.6666666666666666,4,2,2,421.30280920243956,0.6674876847290641,0.12509766031315994,0.2660878623066045,134154.80565200624,5503.9592978395185,139658.76494984576,686,102,425.7931034482759,29,0,19,30.095494257496544,0.6792385057471264,41.00694444444445,1035.9722222222229,35.723180076628374,0
689,4,0,0,29,0.0,0.0,1.0,29,650,500,150,0.7692307692307693,8,5,3,421.30280920243956,0.6674876847290641,0.12509766031315994,0.2660878623066045,134154.80565200624,5503.9592978395185,139658.76494984576,687,103,426.7931034482759,29,0,19,30.095494257496544,0.6792385057471264,41.00694444444445,1035.9722222222229,35.723180076628374,0
690,4,0,0,29,0.0,0.0,1.0,29,800,600,200,0.75,10,6,4,420.72465122296586,0.6663587848932676,0.12424886752334285,0.2659835506884174,134190.7793209876,5491.473765432096,139682.25308641972,688,104,427.7931034482759,29,0,20,30.074285075960688,0.6795977011494253,40.97222222222222,1036.1111111111109,35.727969348658995,0
691,4,0,0,29,0.0,0.0,1.0,29,550,400,150,0.7272727272727273,7,4,3,418.19552545775235,0.6657430213464696,0.12118186986120927,0.26464434397288294,134226.7578125,5426.605902777777,139653.36371527778,689,105,428.7931034482759,29,0,20,30.1036221686101,0.6799568965517242,40.9375,1036.25,35.73275862068966,0
692,4,0,0,29,0.0,0.0,1.0,29,250,100,150,0.4,4,1,3,417.30925044682897,0.6666666666666666,0.12059493501272933,0.26460313815502856,134298.7292631173,5408.820408950622,139707.54967206792,690,106,429.7931034482759,29,0,20,30.054239805261524,0.6806752873563218,40.86805555555556,1036.5277777777778,35.74233716475096,0
693,4,0,0,29,0.0,0.0,1.0,29,700,600,100,0.8571428571428571,8,6,2,419.9324465276446,0.668411330049261,0.12028547012495072,0.2667911245386271,134370.72000385812,5485.325038580254,139856.04504243837,691,107,430.7931034482759,29,0,20,29.913903773163646,0.6813936781609196,40.798611111111114,1036.805555555556,35.75191570881228,0
694,4,0,0,29,0.0,0.0,1.0,29,800,500,300,0.625,11,5,6,421.8419945095502,0.6688218390804598,0.12189941451341801,0.2687982947949934,134478.7422839507,5545.756172839518,140024.49845679023,692,108,431.7931034482759,29,0,20,29.755847170148183,0.682471264367816,40.69444444444445,1037.2222222222229,35.76628352490424,0
695,4,0,0,29,0.0,0.0,1.0,29,800,600,200,0.75,10,6,4,421.8419945095502,0.6688218390804598,0.12189941451341801,0.2687982947949934,134478.7422839507,5545.756172839518,140024.49845679023,693,109,432.7931034482759,29,0,20,29.755847170148183,0.682471264367816,40.69444444444445,1037.2222222222229,35.76628352490424,0
696,4,0,0,29,0.0,0.0,1.0,29,1250,1000,250,0.8,15,10,5,426.291219905708,0.666871921182266,0.1255567702788507,0.272728209156681,134625.324617684,5677.9380624183505,140303.26268010234,694,110,433.7931034482759,28,1,20,29.493169966311324,0.6871279761904762,40.55316091954023,1037.7873563218393,37.063834154351404,0
697,4,0,0,29,0.0,0.0,1.0,29,750,600,150,0.8,9,6,3,421.97013493050076,0.666871921182266,0.1286316873860207,0.2593598074994665,133149.5008680555,5437.022569444439,138586.52343749994,695,111,434.7931034482759,29,0,18,31.09145808101197,0.6691810344827587,41.979166666666664,1032.083333333333,35.5890804597701,3
698,4,0,0,29,0.0,0.0,1.0,29,600,300,300,0.5,9,3,6,421.7021555175247,0.6664614121510674,0.12777922126127472,0.2594445711760136,133185.3395061729,5432.908950617296,138618.2484567902,696,112,435.7931034482759,29,0,18,31.06218604233944,0.6695402298850575,41.94444444444445,1032.2222222222226,35.59386973180078,0
699,4,0,0,29,0.0,0.0,1.0,29,750,500,250,0.6666666666666666,10,5,5,423.41287755167156,0.6650246305418719,0.1296930227380253,0.2609992812370753,133257.03125000003,5484.54861111111,138741.57986111115,697,113,436.7931034482759,29,0,18,30.94565509819747,0.6702586206896552,41.875,1032.5000000000002,35.60344827586208,0
700,4,0,1,28,0.0,0.034482758620689655,0.9655172413793104,29,700,400,300,0.5714285714285714,10,4,6,423.41287755167156,0.6650246305418719,0.1296930227380253,0.2609992812370753,133257.03125000003,5484.54861111111,138741.57986111115,698,114,437.7931034482759,29,0,18,30.94565509819747,0.6702586206896552,41.875,1032.5000000000002,35.60344827586208,0
701,4,1,0,29,0.034482758620689655,0.0,1.0,29,650,500,150,0.7692307692307693,8,5,3,422.11990670568537,0.6735426929392446,0.12576572431048838,0.26223925810368726,133546.46626040424,5474.697986854259,139021.1642472585,693,0,414.6896551724138,28,1,19,30.68703085904919,0.6763392857142858,41.59482758620689,1033.6206896551719,36.91502463054185,0
702,4,0,0,29,0.0,0.0,1.0,29,800,800,0,1.0,8,8,0,420.9465876556221,0.6746715927750411,0.12406510375491764,0.26229892565865887,133657.8710240783,5452.564944180187,139110.4359682585,694,1,415.6896551724138,28,1,19,30.605055347135387,0.6774553571428572,41.48706896551723,1034.0517241379296,36.93041871921177,0
703,4,0,0,29,0.0,0.0,1.0,29,450,300,150,0.6666666666666666,6,3,3,423.0216306110164,0.6741584564860427,0.12701804140997064,0.26385699281959213,133695.01626701004,5511.1767571673745,139206.19302417742,695,2,416.6896551724138,28,1,19,30.513973789015463,0.677827380952381,41.45114942528735,1034.1954022988493,36.93555008210176,0
704,4,0,0,29,0.0,0.0,1.0,29,1100,800,300,0.7272727272727273,14,8,6,422.57578645759145,0.6741584564860427,0.1182345871106596,0.25265799445550013,132112.2781635803,5365.489969135809,137477.76813271613,696,3,417.6896551724138,29,0,19,32.12532648833648,0.6587643678160919,42.986111111111114,1028.0555555555559,35.45019157088124,2
705,4,1,0,30,0.03333333333333333,0.0,1.0,30,650,400,250,0.6153846153846154,9,4,5,407.707301175937,0.6877394636015326,0.10497954209105909,0.2458442923153802,132432.58794369298,4798.746603653611,137231.3345473466,697,0,404.73333333333335,30,0,20,32.18339209541221,0.6590277777777778,42.6747311827957,1029.3010752688178,34.31003584229393,0
706,4,0,0,30,0.0,0.0,1.0,30,650,500,150,0.7692307692307693,8,5,3,405.79297600023455,0.6868295019157088,0.10159289724507103,0.24491476778453863,132467.17693158163,4750.849989883222,137218.02692146486,698,1,405.73333333333335,30,0,20,32.19768681725205,0.6593749999999999,42.641129032258064,1029.4354838709673,34.31451612903224,0
707,4,0,0,30,0.0,0.0,1.0,30,650,400,250,0.6153846153846154,9,4,5,405.8514871709144,0.685632183908046,0.0989390381772326,0.24653387485358402,132709.42630650944,4772.063605619147,137481.4899121286,699,2,406.73333333333335,30,0,16,31.95141968866858,0.6618055555555555,42.405913978494624,1030.3763440860216,34.34587813620072,0
708,4,0,0,30,0.0,0.0,1.0,30,550,400,150,0.7272727272727273,7,4,3,405.81622315296545,0.6868295019157088,0.09528716142776372,0.24674012552845256,132744.0514257429,4773.937919123603,137517.98934486648,700,3,407.73333333333335,30,0,16,31.917362288596152,0.6621527777777778,42.37231182795699,1030.5107526881723,34.350358422939074,0
709,4,1,2,29,0.03225806451612903,0.06451612903225806,0.935483870967742,31,800,700,100,0.875,9,7,2,397.21824644750234,0.7002688172043011,0.08572836128380845,0.24339985820599844,133035.2973937988,4368.809509277344,137404.10690307614,701,0,395.5483870967742,31,0,16,31.84518174933738,0.6622983870967742,42.08984375,1031.6406249999998,33.27872983870967,0
710,4,0,0,29,0.0,0.0,1.0,29,750,500,250,0.6666666666666666,10,5,5,415.6082415518685,0.6703612479474548,0.10514963602049043,0.25228984744940774,132684.03742283964,5228.915895061747,137912.95331790138,702,9,423.6896551724138,29,0,17,31.72575716725083,0.6645114942528735,42.430555555555564,1030.2777777777787,35.52681992337168,0
711,4,0,0,29,0.0,0.0,1.0,29,950,600,350,0.631578947368421,13,6,7,413.75168363755864,0.6680008210180624,0.10509296685529446,0.2521235628865322,132827.170138889,5191.493055555565,138018.66319444455,703,10,424.6896551724138,29,0,18,31.62894098625706,0.665948275862069,42.29166666666667,1030.8333333333342,35.54597701149428,0
712,4,0,0,29,0.0,0.0,1.0,29,750,600,150,0.8,9,6,3,411.9305542752804,0.6680008210180624,0.1063526286497336,0.23971302104748538,131079.11120756163,4999.098186728383,136078.20939429,704,11,425.6896551724138,29,0,17,33.44734730322348,0.6483477011494254,43.99305555555555,1024.027777777777,35.31130268199231,3
713,4,0,0,29,0.0,0.0,1.0,29,550,400,150,0.7272727272727273,7,4,3,414.9715215622455,0.6681034482758621,0.10942453915434447,0.24170616113744073,131114.67013888896,5081.770833333339,136196.4409722223,705,12,426.6896551724138,29,0,17,33.33333333333332,0.6487068965517242,43.958333333333336,1024.1666666666672,35.31609195402301,0
714,4,0,0,29,0.0,0.0,1.0,29,950,600,350,0.631578947368421,13,6,7,415.0855651224202,0.6696428571428571,0.1085386546255136,0.2424454642840928,131221.3758680555,5093.619791666662,136314.99565972216,706,13,427.6896551724138,29,0,17,33.22192286837467,0.6497844827586208,43.854166666666664,1024.583333333333,35.330459770114935,0
715,4,1,1,29,0.03333333333333333,0.03333333333333333,0.9666666666666667,30,650,400,250,0.6153846153846154,9,4,5,404.4819279523116,0.6874521072796935,0.09069076936512044,0.2386255825338446,131603.80715978733,4646.272329171008,136250.07948895835,707,0,414.4,30,0,15,33.105460221814674,0.6506944444444445,43.48118279569893,1026.075268817205,34.202508960573496,0
716,4,0,1,28,0.0,0.034482758620689655,0.9655172413793104,29,750,600,150,0.8,9,6,3,413.56773162309565,0.6719006568144499,0.10449886769546879,0.2433623663774152,131506.1366705246,5077.338927469129,136583.47559799373,708,15,429.6896551724138,29,0,17,32.97153577070638,0.6526580459770115,43.576388888888886,1025.694444444444,35.368773946360136,0
717,4,0,0,28,0.0,0.0,1.0,28,700,400,300,0.5714285714285714,10,4,6,421.7884370789679,0.6707451499118166,0.0975336322869953,0.24752321439107847,131401.77037917817,5484.749471528593,136886.51985070677,709,16,422.4642857142857,28,0,18,32.86680213004483,0.6547619047619048,43.678160919540225,1025.2873563218386,36.61740558292281,0
718,4,1,1,28,0.034482758620689655,0.034482758620689655,0.9655172413793104,29,750,400,350,0.5333333333333333,11,4,7,410.96781637597087,0.6903735632183908,0.08733828188057235,0.24319160374978374,131719.90981867278,5026.528742283939,136746.4385609567,710,0,408.86206896551727,29,0,17,32.82130857349028,0.6548132183908046,43.36805555555555,1026.5277777777771,35.39750957854404,0
719,4,0,0,28,0.0,0.0,1.0,28,750,500,250,0.6666666666666666,10,5,5,418.0439995061539,0.669918430335097,0.0485376509374813,0.22906476093964032,128727.08839096971,5162.717375148632,133889.80576611834,711,18,424.4642857142857,28,0,19,35.694523101609335,0.6276041666666667,46.30028735632184,1014.7988505747123,36.24281609195401,6
720,4,3,2,29,0.0967741935483871,0.06451612903225806,0.935483870967742,31,1000,900,100,0.9,11,9,2,386.5359331767844,0.7311827956989247,0.022440392706872148,0.2165265757480268,129598.82948133687,3818.9208984375045,133417.75037977437,712,0,384.2903225806452,31,0,19,35.603154305200334,0.6276881720430108,45.442708333333336,1018.2291666666672,32.846102150537654,0
721,4,1,0,30,0.03333333333333333,0.0,1.0,30,550,300,250,0.5454545454545454,8,3,5,396.0657813782258,0.7033045977011495,0.06012666578704251,0.22251909244370463,129714.3297816223,4275.0814761822285,133989.41125780455,713,0,398.06666666666666,30,0,21,35.24266613889255,0.6315972222222221,45.32930107526882,1018.6827956989259,33.9560931899642,0
722,4,0,0,30,0.0,0.0,1.0,30,900,700,200,0.7777777777777778,11,7,4,396.0664666164271,0.7025383141762452,0.06581827772649329,0.22329903467303858,129851.28564357164,4285.947978089966,134137.2336216616,714,1,399.06666666666666,30,0,21,35.102916611719195,0.632986111111111,45.19489247311829,1019.2204301075278,33.97401433691759,0
723,4,1,0,31,0.03225806451612903,0.0,1.0,31,450,300,150,0.6666666666666666,6,3,3,383.81806870020216,0.7129928315412186,0.06426099444876532,0.21850035152802377,130229.3586730958,3796.876186794719,134026.23485989054,715,0,387.16129032258067,31,0,23,35.030111196155985,0.6340725806451613,44.82421875000001,1020.7031250000008,32.92590725806454,0
724,4,0,0,31,0.0,0.0,1.0,31,700,400,300,0.5714285714285714,10,4,6,381.2532647894137,0.7129928315412186,0.06526335453302656,0.21780167713308018,130365.51371545851,3740.4597825460496,134105.97349800455,716,1,388.16129032258067,30,1,23,34.95711590769501,0.6381944444444445,44.69086021505377,1021.2365591397855,34.04121863799285,0
725,4,2,1,32,0.06060606060606061,0.030303030303030304,0.9696969696969697,33,1000,700,300,0.7,13,7,6,360.9185597109249,0.7399779040404041,0.05555056986448914,0.20892028627838113,130875.54841342727,2847.082886950322,133722.6313003776,717,0,365.57575757575756,32,1,18,34.95933078315237,0.6380208333333333,44.1919191919192,1023.2323232323238,31.976010101010118,0
726,4,1,1,32,0.030303030303030304,0.030303030303030304,0.9696969696969697,33,1000,800,200,0.8,12,8,4,359.13143699669644,0.7380839646464648,0.05615105171099222,0.20858436183160572,131004.77629833695,2809.5867130905044,133814.36301142746,718,0,366.54545454545456,32,1,19,34.87424971221839,0.6393229166666666,44.06565656565657,1023.7373737373741,31.99179292929294,0
727,4,0,0,32,0.0,0.0,1.0,32,650,400,250,0.6153846153846154,9,4,5,370.9493255451355,0.7306787634408602,0.0644285214403868,0.2148335113824037,130894.72664727099,3311.0621134440016,134205.788760715,719,2,379.0,31,1,19,34.68329834160411,0.6407930107526882,44.17317708333333,1023.3072916666661,33.009912634408586,0
728,4,0,0,32,0.0,0.0,1.0,32,700,500,200,0.7142857142857143,9,5,4,370.5948241814451,0.7297127016129032,0.062166030534351435,0.2148138140166782,130928.03955078113,3304.250759548597,134232.29031032973,720,3,380.0,31,1,20,34.65860899067006,0.6411290322580645,44.14062499999999,1023.4374999999991,33.01411290322578,0
729,4,0,0,32,0.0,0.0,1.0,32,1000,800,200,0.8,12,8,4,372.7807610324909,0.7286626344086022,0.06988029378099969,0.21664265513662018,131028.00369262673,3368.943786621065,134396.9474792478,721,4,381.0,31,1,21,34.50138305990079,0.6421370967741937,44.042968749999986,1023.8281249999983,33.02671370967737,0
730,4,1,1,32,0.030303030303030304,0.030303030303030304,0.9696969696969697,33,550,400,150,0.7272727272727273,7,4,3,363.790943743106,0.7454229797979799,0.053611618090002144,0.21325766586644598,131360.48179076108,2957.5507282420085,134318.03251900309,722,0,370.42424242424244,32,1,21,34.39514308001808,0.6429036458333335,43.71843434343434,1025.1262626262621,32.03519570707069,0
731,4,0,0,32,0.0,0.0,1.0,32,450,200,250,0.4444444444444444,7,2,5,375.7314298907437,0.7261844758064516,0.06295266836086388,0.21968843634770804,131261.4017062716,3463.806830512134,134725.20853678373,723,6,383.0,31,1,21,34.18943244387972,0.644489247311828,43.81510416666666,1024.7395833333323,33.05611559139782,0
732,4,0,0,32,0.0,0.0,1.0,32,450,200,250,0.4444444444444444,7,2,5,378.5651365532587,0.7261424731182796,0.06501318129843758,0.22153800667737528,131294.7612338595,3540.723843044695,134835.48507690418,724,7,384.0,31,1,21,34.08305276754331,0.6448252688172043,43.78255208333333,1024.8697916666658,33.06031586021503,0
733,4,0,0,32,0.0,0.0,1.0,32,1400,1200,200,0.8571428571428571,16,12,4,374.52227432536233,0.7261424731182796,0.1099862945427359,0.20337725126761597,128368.3504871955,3215.36131517196,131583.71180236744,725,8,385.0,32,0,14,37.16566990613838,0.6126302083333331,46.65404040404042,1013.3838383838408,31.668244949495026,6
734,4,3,3,32,0.08571428571428572,0.08571428571428572,0.9142857142857143,35,700,300,400,0.42857142857142855,11,3,8,350.10956374765357,0.7660364145658263,0.08016668837088203,0.19300009619657107,128966.15655006883,2030.4569615912546,130996.61351166008,726,0,352.9142857142857,35,0,14,37.17430112427836,0.6119047619047617,46.06481481481483,1015.7407407407427,29.021164021164076,0
735,4,0,0,32,0.0,0.0,1.0,32,850,600,250,0.7058823529411765,11,6,5,375.2947621863142,0.7253024193548387,0.11349912848605537,0.20478040284514146,128560.35098459374,3249.605269870463,131809.9562544642,727,10,387.0,32,0,14,36.94959744355909,0.6145833333333331,46.464646464646485,1014.1414141414168,31.691919191919276,0
736,4,0,0,32,0.0,0.0,1.0,32,800,700,100,0.875,9,7,2,376.0438250668259,0.7243363575268817,0.11538192283758542,0.20568496490210703,128656.40503838926,3276.089333996574,131932.49437238585,728,11,388.0,32,0,14,36.832348060568364,0.6155598958333331,46.369949494949516,1014.5202020202046,31.703756313131393,0
737,4,1,1,32,0.030303030303030304,0.030303030303030304,0.9696969696969697,33,850,600,250,0.7058823529411765,11,6,5,366.2410061605371,0.7311395202020202,0.10120268693938295,0.20166373541876242,128921.21006644101,2843.246738033478,131764.4568044745,729,0,377.2121212121212,33,0,14,36.81054161135916,0.6158459595959594,46.109068627450995,1015.5637254901978,30.774658348187813,0
738,4,1,2,31,0.030303030303030304,0.06060606060606061,0.9393939393939394,33,1100,800,300,0.7272727272727273,14,8,6,366.4398928944131,0.7420296717171718,0.10633462671080207,0.20288734790829566,129139.10064638629,2864.343641868548,132003.44428825483,730,0,378.1818181818182,33,0,15,36.58317257455189,0.6180555555555554,45.89460784313727,1016.4215686274532,30.80065359477131,0
739,4,0,0,31,0.0,0.0,1.0,31,900,500,400,0.5555555555555556,13,5,8,385.46881867361077,0.725358422939068,0.10959221405556496,0.21215746766658372,128903.70898776589,3737.6720852322096,132641.3810729981,731,14,390.0,31,0,15,36.340262640509465,0.6206317204301075,46.126302083333336,1015.4947916666671,32.75789650537636,0
740,4,0,0,31,0.0,0.0,1.0,31,750,300,450,0.4,12,3,9,387.80727516622676,0.7235663082437276,0.11428382467221132,0.2143376753114187,129069.04432508675,3810.7828776041615,132879.8272026909,732,15,391.0,31,0,16,36.11182299675379,0.6223118279569892,45.963541666666664,1016.1458333333329,32.77889784946235,0
741,4,2,2,31,0.06060606060606061,0.06060606060606061,0.9393939393939394,33,750,500,250,0.6666666666666666,10,5,5,367.79893448949537,0.7549715909090909,0.0932356051489629,0.20623543492629542,129637.82709775053,2936.130935217185,132573.95803296773,733,0,368.24242424242425,33,0,13,36.04041315683914,0.6231060606060608,45.40441176470586,1018.3823529411737,30.86007130124769,0
742,4,2,1,32,0.06060606060606061,0.030303030303030304,0.9696969696969697,33,1150,700,450,0.6086956521739131,16,7,9,377.6496890563651,0.7587594696969697,0.14675972667281223,0.2074568981527138,128827.88470780448,3130.3621203383063,131958.2468281428,734,0,369.1818181818182,33,0,17,36.616268308385656,0.61489898989899,46.20098039215685,1015.1960784313708,30.763517528223357,4
743,4,1,0,33,0.030303030303030304,0.0,1.0,33,800,600,200,0.75,10,6,4,377.3508279340727,0.758364898989899,0.15217701328477284,0.20778115023851543,128921.21006644068,3129.7050713667686,132050.91513780743,735,0,370.1515151515151,33,0,18,36.528473311612565,0.6158459595959597,46.109068627450974,1015.5637254901951,30.77465834818773,0
744,4,1,0,34,0.029411764705882353,0.0,1.0,34,700,500,200,0.7142857142857143,9,5,4,368.80224114169096,0.768716577540107,0.14409836968495293,0.20514624663506545,129322.44897959173,2738.881802721076,132061.3307823128,736,0,360.2352941176471,34,0,19,36.33617158239699,0.6176470588235294,45.71428571428571,1017.1428571428563,29.915966386554597,0
745,4,0,0,34,0.0,0.0,1.0,34,250,100,150,0.4,4,1,3,370.8621379739865,0.7690508021390375,0.14709324338278384,0.20645061687216357,129352.72285997709,2794.4054705215153,132147.1283304986,737,1,361.2352941176471,34,0,19,36.252925687536575,0.6179534313725491,45.684523809523796,1017.2619047619029,29.91946778711479,0
746,4,0,0,34,0.0,0.0,1.0,34,550,200,350,0.36363636363636365,9,2,7,372.2826247616203,0.7688651218062983,0.15246084395386594,0.20772009637482564,129443.56575963709,2837.9180839002124,132281.4838435373,738,2,362.2352941176471,34,0,15,36.12419084386211,0.6188725490196079,45.59523809523809,1017.6190476190468,29.929971988795494,0
747,4,0,0,34,0.0,0.0,1.0,34,500,200,300,0.4,8,2,6,374.6355582012888,0.7694964349376114,0.15449003323402177,0.20919395082056258,129473.85381235801,2901.101899092941,132374.95571145095,739,3,363.2352941176471,34,0,15,36.03345420517021,0.6191789215686276,45.565476190476176,1017.738095238093,29.933473389355676,0
748,4,1,1,34,0.02857142857142857,0.02857142857142857,0.9714285714285714,35,700,300,400,0.42857142857142855,11,3,8,364.9995210562205,0.778361344537815,0.15581583984945357,0.2057737376710035,129849.38298396756,2478.992519718764,132328.37550368631,740,0,353.8285714285714,35,0,16,35.896453175864934,0.6208333333333333,45.196759259259245,1019.2129629629612,29.12037037037032,0
749,4,1,1,34,0.02857142857142857,0.02857142857142857,0.9714285714285714,35,650,400,250,0.6153846153846154,9,4,5,365.29113424822197,0.7744397759103641,0.16786808696921085,0.206716774814456,129996.88042534704,2497.3415798610868,132494.22200520814,741,0,354.6857142857143,35,0,17,35.739061967994544,0.6223214285714287,45.05208333333332,1019.7916666666652,29.13690476190472,0
750,4,0,1,33,0.0,0.029411764705882353,0.9705882352941176,34,900,600,300,0.6666666666666666,12,6,6,376.06381474177283,0.7620692216280452,0.1787198241818626,0.21260637447282368,129958.94451530588,2974.571286848046,132933.5158021539,742,1,365.94117647058823,34,0,17,35.50301615100214,0.6240808823529413,45.0892857142857,1019.6428571428552,29.98949579831927,0
751,4,0,0,33,0.0,0.0,1.0,33,900,500,400,0.5555555555555556,13,5,8,393.41718491655,0.746054292929293,0.16477868449801658,0.21310527198690718,128268.64216887743,3492.6176230296132,131761.25979190704,743,2,377.7878787878788,33,0,17,36.78925719816114,0.6092171717171717,46.75245098039216,1012.990196078432,30.696672608437332,5
752,4,3,2,34,0.08333333333333333,0.05555555555555555,0.9444444444444444,36,950,700,250,0.7368421052631579,12,7,5,368.17545510737983,0.7737433862433863,0.14588107735147005,0.2026987945151618,128915.32368517162,2292.6915936206437,131208.01527879227,744,0,347.22222222222223,36,0,16,36.767437347527164,0.609375,46.11486486486486,1015.5405405405403,28.209459459459453,0
753,4,1,0,35,0.02857142857142857,0.0,1.0,35,1000,600,400,0.6,14,6,8,375.68235705824355,0.7682072829131652,0.1599374633574362,0.20648406241321493,128848.62075617275,2681.2307098765327,131529.8514660493,745,0,358.1142857142857,35,0,17,36.64500683994526,0.6107142857142858,46.18055555555555,1015.277777777777,29.00793650793649,0
754,4,1,1,35,0.027777777777777776,0.027777777777777776,0.9722222222222222,36,700,400,300,0.5714285714285714,10,4,6,364.1088082503969,0.7781415343915344,0.15089258233302583,0.20147651713426332,129115.5360385724,2202.4207907231616,131317.95682929558,746,0,349.1388888888889,36,0,17,36.66643582640813,0.611400462962963,45.917792792792795,1016.3288288288293,28.23135635635637,0
755,4,1,0,36,0.027777777777777776,0.0,1.0,36,700,500,200,0.7142857142857143,9,5,4,364.9679596058811,0.7802248677248678,0.16226872355083155,0.20297971743598028,129315.90374157955,2239.23230663097,131555.13604821052,747,0,350.1111111111111,36,0,18,36.44034174785947,0.6134259259259258,45.72072072072073,1017.1171171171181,28.25325325325328,0
756,4,3,0,39,0.07692307692307693,0.0,1.0,39,650,400,250,0.6153846153846154,9,4,5,352.62366205665535,0.8004385964912281,0.1982821531742167,0.20105810884320363,130290.57167830481,1395.6128348146258,131686.18451311943,748,0,324.1025641025641,37,2,17,35.76403805534673,0.6213400900900901,44.76425438596491,1020.9429824561399,27.593053579895674,0
757,4,0,2,37,0.0,0.05128205128205128,0.9487179487179487,39,950,700,250,0.7368421052631579,12,7,5,352.71457962087095,0.8003823661718399,0.19407233665339763,0.2015450058029934,130374.54433094799,1397.0005193905856,131771.54485033857,749,1,325.1025641025641,37,2,17,35.67658005869301,0.6221846846846846,44.68201754385965,1021.2719298245614,27.601944049312472,0
758,4,0,0,37,0.0,0.0,1.0,37,1200,600,600,0.5,18,6,12,381.91000462871165,0.7847847847847848,0.20631899505138995,0.2085816179126038,128596.93877551009,2429.440750215126,131026.37952572522,750,2,343.43243243243245,34,3,16,36.744424882629104,0.6102941176470589,46.42857142857142,1014.2857142857133,29.831932773109216,4
759,4,1,0,38,0.02631578947368421,0.0,1.0,38,1050,800,250,0.7619047619047619,13,8,5,372.99455131214773,0.7965564248458985,0.21162980377105045,0.2056155893414199,128966.15655006848,2020.7347393689884,130986.89128943747,751,0,335.36842105263156,35,3,17,36.59317076876329,0.611904761904762,46.06481481481481,1015.7407407407399,29.021164021163997,0
760,4,0,0,38,0.0,0.0,1.0,38,750,700,50,0.9333333333333333,8,7,1,372.99455131214773,0.7965564248458985,0.21162980377105045,0.2056155893414199,128966.15655006848,2020.7347393689884,130986.89128943747,752,1,336.36842105263156,35,3,17,36.59317076876329,0.611904761904762,46.06481481481481,1015.7407407407399,29.021164021163997,0
761,4,1,0,39,0.02564102564102564,0.0,1.0,39,1050,700,350,0.6666666666666666,14,7,7,365.11316028167676,0.8039811066126856,0.21706997833672692,0.2029130431079274,129287.27027280648,1640.896766699122,130928.1670395056,753,0,328.71794871794873,36,3,18,36.46583065736539,0.6131365740740742,45.74887387387387,1017.0045045045035,28.2501251251251,0
762,4,0,0,39,0.0,0.0,1.0,39,1000,400,600,0.4,16,4,12,368.8402129201669,0.8036437246963563,0.2218759136726587,0.20528241794872898,129344.54038075249,1741.4935628195856,131086.03394357208,754,1,329.71794871794873,36,3,18,36.31268681501162,0.6137152777777778,45.69256756756757,1017.2297297297307,28.25638138138141,0
763,4,2,0,41,0.04878048780487805,0.0,1.0,41,850,400,450,0.47058823529411764,13,4,9,354.51464984646213,0.81875,0.22718383561573763,0.20002509013513278,129881.14458917745,1008.9536991379925,130890.09828831544,755,0,314.5853658536585,38,3,18,36.13134542151417,0.6154057017543859,45.16559829059829,1019.3376068376069,26.824673864147552,0
764,4,1,1,41,0.023809523809523808,0.023809523809523808,0.9761904761904762,42,750,500,250,0.6666666666666666,10,5,5,349.1549059358065,0.8277922957801006,0.22478941561313714,0.19852992533099834,130182.84640842036,690.795898437525,130873.64230685789,756,0,308.07142857142856,39,3,19,35.96179527746591,0.6167200854700854,44.86979166666668,1020.5208333333351,26.167200854700898,0
765,4,0,0,41,0.0,0.0,1.0,41,1000,500,500,0.5,15,5,10,359.681747316105,0.8206808943089431,0.2291978331129343,0.20479138342419995,130235.32238476185,1168.6536635255013,131403.97604828735,757,2,316.5853658536585,38,3,19,35.6399588305073,0.6189692982456139,44.81837606837609,1020.7264957264987,26.861223571749964,0
766,4,1,0,42,0.023809523809523808,0.0,1.0,42,1250,1000,250,0.8,15,10,5,354.49519513887566,0.8223964382500968,0.23329145022805875,0.20388394227512271,130626.62459843421,861.3078626080393,131487.93246104225,758,0,310.0238095238095,37,5,17,35.37566144660159,0.6247184684684683,44.43530701754386,1022.2587719298251,27.62861545756284,0
767,4,0,1,41,0.0,0.023809523809523808,0.9761904761904762,42,1400,800,600,0.5714285714285714,20,8,12,351.41873560927576,0.822251258226868,0.2338625443910589,0.2029241842414481,130781.15297866915,791.789484257448,131572.9424629266,759,1,311.0238095238095,38,4,17,35.297855302555526,0.6244517543859648,44.28418803418804,1022.8632478632491,26.917453891138134,0
768,4,0,0,41,0.0,0.0,1.0,41,850,300,550,0.35294117647058826,14,3,11,358.4823863790568,0.8159044715447155,0.23592845388927963,0.20617713067316157,130626.62459843422,1165.4688221375886,131792.09342057182,760,2,319.3170731707317,37,4,17,35.27376291608566,0.6247184684684683,44.43530701754386,1022.2587719298252,27.628615457562844,0
769,4,2,1,42,0.046511627906976744,0.023255813953488372,0.9767441860465116,43,1350,700,650,0.5185185185185185,20,7,13,344.17454289440496,0.8266888150609081,0.230249823210404,0.20060867103027197,131141.3425021704,427.10232204863433,131568.444824219,761,0,305.4186046511628,39,4,18,35.119093020102376,0.62633547008547,43.93229166666668,1024.2708333333353,26.26335470085475,0
770,4,0,1,41,0.0,0.023809523809523808,0.9761904761904762,42,1350,1000,350,0.7407407407407407,17,10,7,349.78661114257096,0.8207510646535037,0.23148341331107858,0.20370926211498697,131109.19922017682,772.0484969683744,131881.2477171452,762,1,313.6904761904762,38,4,18,35.0078673760345,0.6277412280701754,43.96367521367522,1024.1452991452995,26.95119208277104,0
771,4,0,0,41,0.0,0.0,1.0,41,1100,600,500,0.5454545454545454,16,6,10,356.8034386588906,0.8135670731707317,0.23446712136608383,0.20731012487604594,131019.23338190588,1149.6226002231374,132168.85598212903,763,2,322.1707317073171,37,4,18,34.91920584770268,0.6286599099099099,44.051535087719294,1023.793859649122,27.670104314841137,0
772,4,0,0,41,0.0,0.0,1.0,41,1150,1000,150,0.8695652173913043,13,10,3,357.1239995261045,0.8135670731707317,0.23459104936308584,0.20813056434387625,131136.55495516476,1166.4021979326485,132302.9571530974,764,3,323.1707317073171,38,3,18,34.79234032196377,0.628015350877193,43.93696581196581,1024.252136752137,26.954003598740446,0
773,4,0,0,41,0.0,0.0,1.0,41,950,500,450,0.5263157894736842,14,5,9,357.2544991301569,0.8123475609756098,0.2356630072400192,0.20880121274572433,131246.0064308022,1177.6452580539244,132423.65168885613,765,4,324.1707317073171,38,3,19,34.67834428109686,0.629111842105263,43.83012820512821,1024.679487179488,26.965249662618106,0
774,4,2,2,41,0.046511627906976744,0.046511627906976744,0.9534883720930233,43,1000,700,300,0.7,13,7,6,342.45674404692494,0.820874861572536,0.2299151652448881,0.20269737012507183,131728.82080078125,422.31029583230594,132151.13109661356,766,0,310.04651162790697,39,4,17,34.57054371723322,0.6322115384615385,43.359375,1026.5625,26.322115384615383,0
775,4,0,0,41,0.0,0.0,1.0,41,1100,700,400,0.6363636363636364,15,7,8,355.631563983276,0.8099085365853659,0.23085885876492607,0.20968144575875947,131581.1250216412,1158.880256425043,132740.00527806624,767,6,326.1707317073171,37,4,18,34.38145684158026,0.6342905405405406,43.503289473684205,1025.9868421052627,27.729374110953046,0
776,4,0,0,41,0.0,0.0,1.0,41,750,500,250,0.6666666666666666,10,5,5,356.58794780369703,0.8088414634146341,0.22842752990394222,0.21096656419322155,131711.6845642485,1193.359860106638,132905.04442435515,768,7,327.1707317073171,38,3,19,34.22516826255898,0.6337719298245614,43.37606837606837,1026.4957264957252,27.013045434098032,0
777,4,0,1,40,0.0,0.024390243902439025,0.975609756097561,41,1150,900,250,0.782608695652174,14,9,5,356.95638195615624,0.8088414634146341,0.22627570565283417,0.21210004055169854,131876.2384487543,1214.8129885309231,133091.05143728523,769,8,328.1707317073171,38,3,19,34.04973649538868,0.6354166666666667,43.21581196581196,1027.1367521367508,27.029914529914496,0
778,4,0,0,40,0.0,0.0,1.0,40,700,500,200,0.7142857142857143,9,5,4,364.6632867599499,0.8103365384615384,0.22944064901793393,0.21676178111467037,131890.67790089233,1619.1376192674352,133509.81552015975,770,9,335.475,37,3,19,33.8372651579846,0.6373873873873874,43.2017543859649,1027.1929824561382,27.761972498814547,0
779,4,0,1,39,0.0,0.025,0.975,40,900,600,300,0.6666666666666666,12,6,6,368.81596070112397,0.8104700854700855,0.2333288869917831,0.21971865020535475,131975.1645337988,1734.9094192443713,133710.07395304315,771,10,336.475,37,3,19,33.645355351616686,0.6382319819819819,43.119517543859644,1027.5219298245606,27.77086296823137,0
780,4,0,0,39,0.0,0.0,1.0,39,1100,500,600,0.45454545454545453,17,5,12,378.5663790858602,0.8047683310841206,0.2377535504796271,0.22528774144816097,131934.82069485038,2189.2174691583596,134124.03816400873,772,11,345.7692307692308,36,3,19,33.43563886148562,0.6397569444444444,43.15878378378379,1027.364864864866,28.537912912912944,0
781,4,0,0,39,0.0,0.0,1.0,39,1100,800,300,0.7272727272727273,14,8,6,380.81535707208633,0.8030814215024742,0.23540748357226926,0.22731862419862214,132050.54029959018,2257.374731150075,134307.91503074026,773,12,346.7692307692308,36,3,19,33.26097476352214,0.6409143518518519,43.046171171171174,1027.8153153153157,28.550425425425438,0
782,4,0,0,39,0.0,0.0,1.0,39,850,400,450,0.47058823529411764,13,4,9,381.43631215141755,0.8030251911830859,0.23165127306231548,0.22786326291349102,132079.4781267756,2275.981809512231,134355.4599362878,774,13,347.7692307692308,36,3,19,33.215792068361075,0.6412037037037037,43.018018018018026,1027.9279279279292,28.553553553553588,0
783,4,0,0,39,0.0,0.0,1.0,39,1100,600,500,0.5454545454545454,16,6,10,383.8795852158631,0.8026878092667566,0.22947525016490555,0.23055489881307753,132282.1316882762,2356.0819687931275,134638.2136570693,775,14,348.7692307692308,36,3,19,32.94836708629813,0.6432291666666665,42.82094594594595,1028.7162162162167,28.575450450450465,0
784,4,1,1,39,0.025,0.025,0.975,40,1000,700,300,0.7,13,7,6,375.69813027235676,0.8064369658119658,0.22442677306957415,0.22723224099477615,132546.94097490137,1959.6290323223257,134506.5700072237,776,0,341.025,35,5,19,32.891822149788325,0.6479166666666667,42.563657407407405,1029.74537037037,29.421296296296287,0
785,4,0,0,39,0.0,0.0,1.0,39,950,700,250,0.7368421052631579,12,7,5,377.2403138993212,0.8023504273504274,0.18767251895951764,0.22432764950388587,131905.8987196656,2155.262897191645,134061.16161685725,777,16,350.7692307692308,36,3,17,33.49891288460134,0.6394675925925927,43.18693693693694,1027.2522522522522,28.534784784784783,2
786,4,1,0,40,0.025,0.0,1.0,40,1200,900,300,0.75,15,9,6,368.63904623851954,0.8086538461538462,0.17729235526175513,0.2209243204262666,132200.59447378034,1746.8602117959294,133947.45468557626,778,0,342.975,37,3,18,33.42251750364289,0.6404842342342343,42.90021929824561,1028.399122807017,27.794570886676134,0
787,4,1,1,40,0.024390243902439025,0.024390243902439025,0.975609756097561,41,1100,800,300,0.7272727272727273,14,8,6,361.09426478060584,0.8151422764227643,0.1708304532438032,0.21753727658734087,132398.0034722224,1361.9265062327067,133759.9299784551,779,0,335.5853658536585,36,5,18,33.41767881241565,0.6443865740740741,42.70833333333334,1029.166666666668,28.587962962963005,0
788,4,0,0,40,0.0,0.0,1.0,40,900,700,200,0.7777777777777778,11,7,4,373.36501374707603,0.8096955128205128,0.17336956521739166,0.22459341596170238,132341.58587257602,1882.3436057248246,134223.92947830085,780,2,344.975,37,3,18,33.15883418584826,0.6418918918918919,42.763157894736835,1028.9473684210514,27.809388335704092,0
789,4,0,0,40,0.0,0.0,1.0,40,750,500,250,0.6666666666666666,10,5,5,370.080701820444,0.808707264957265,0.17184320074005566,0.2234956640602794,132489.90929705222,1806.4277921464095,134296.33708919864,781,3,345.975,34,6,18,33.09387526981189,0.6495098039215685,42.61904761904762,1029.5238095238099,30.280112044817937,0
790,4,0,0,40,0.0,0.0,1.0,40,950,700,250,0.7368421052631579,12,7,5,368.4688983056138,0.8083600427350427,0.16998207885304661,0.22270352910169494,132520.55165816328,1765.9403344671227,134286.4919926304,782,4,346.975,34,6,18,33.10450148379388,0.6498161764705883,42.589285714285715,1029.6428571428573,30.28361344537816,0
791,4,0,0,40,0.0,0.0,1.0,40,1050,800,250,0.7619047619047619,13,8,5,370.7130082122949,0.8089476495726495,0.16185730791450048,0.22515937446157278,132704.4802295918,1839.0554138321982,134543.535643424,783,5,347.975,34,6,16,32.86154438667437,0.6516544117647058,42.410714285714285,1030.3571428571427,30.30462184873949,0
792,4,0,0,40,0.0,0.0,1.0,40,1200,900,300,0.75,15,9,6,369.5784915466138,0.8085470085470086,0.1566874566874572,0.22502184105559636,132796.4923469387,1815.7454648526038,134612.2378117913,784,6,348.975,34,6,16,32.79818279818281,0.6525735294117647,42.32142857142857,1030.714285714285,30.31512605042015,0
793,4,0,0,40,0.0,0.0,1.0,40,1550,1200,350,0.7741935483870968,19,12,7,367.60722782668813,0.8082264957264957,0.15451396906026305,0.2245566859968104,132919.2247732426,1772.413548752829,134691.63832199544,785,7,349.975,34,6,16,32.72555414453936,0.6537990196078431,42.20238095238095,1031.190476190476,30.329131652661058,0
794,4,0,0,40,0.0,0.0,1.0,40,800,800,0,1.0,8,8,0,367.7119997134724,0.8080662393162393,0.1522696667040735,0.22489235617342127,132964.41139671195,1778.5219210819373,134742.93331779388,786,8,350.975,35,5,16,32.6774258407212,0.6520833333333333,42.1585648148148,1031.3657407407393,29.467592592592553,0
795,4,0,1,39,0.0,0.025,0.975,40,1100,600,500,0.5454545454545454,16,6,10,358.7104830957867,0.807184829059829,0.16345288958848725,0.2164430825409716,132457.56842635432,1502.7836719821369,133960.35209833647,787,9,351.975,35,5,21,33.4190652874597,0.6470238095238097,42.65046296296295,1029.398148148146,29.4113756613756,2
796,4,0,0,39,0.0,0.0,1.0,39,1100,800,300,0.7272727272727273,14,8,6,367.132364078555,0.801450742240216,0.17535401693588581,0.2217151316027471,132489.90929705196,1928.266723355984,134418.17602040793,788,27,361.7692307692308,34,5,21,33.16975986740673,0.6495098039215688,42.619047619047606,1029.5238095238078,30.280112044817876,0
797,4,0,0,39,0.0,0.0,1.0,39,1100,800,300,0.7272727272727273,14,8,6,367.1803814371448,0.801450742240216,0.17786905650983376,0.22246811345897563,132612.49999999977,1938.5416666666388,134551.0416666664,789,28,362.7692307692308,34,5,21,33.04510517799353,0.6507352941176472,42.499999999999986,1029.9999999999982,30.29411764705877,0
798,4,0,0,39,0.0,0.0,1.0,39,950,700,250,0.7368421052631579,12,7,5,370.01729271801054,0.8002136752136753,0.1812111948433579,0.22492062400049836,132735.14739229012,2022.8599773242463,134758.00736961438,790,29,363.7692307692308,34,5,18,32.848602125693155,0.6519607843137256,42.38095238095237,1030.4761904761895,30.30812324929969,0
799,4,0,0,39,0.0,0.0,1.0,39,1050,800,250,0.7619047619047619,13,8,5,372.5200225546727,0.8001574448942871,0.17956417956418003,0.22681282385923734,132796.49234693873,2093.870464852604,134890.36281179133,791,30,364.7692307692308,34,5,18,32.72238584738586,0.6525735294117647,42.32142857142857,1030.7142857142853,30.315126050420158,0
800,4,0,0,39,0.0,0.0,1.0,39,800,600,200,0.75,10,6,4,372.28193600323596,0.7990890688259109,0.18190136650466604,0.2276873254443949,132964.41139671204,2100.049698859729,135064.46109557175,792,31,365.7692307692308,35,4,19,32.55959394755546,0.6520833333333333,42.15856481481481,1031.36574074074,29.46759259259257,0
801,4,0,0,39,0.0,0.0,1.0,39,1050,600,450,0.5714285714285714,15,6,9,378.3219346991657,0.7973459289248763,0.19772086162127667,0.23249460315041087,133143.5282305599,2274.2234385716856,135417.75166913157,793,32,366.7692307692308,35,4,19,32.223678554072755,0.6538690476190475,41.98495370370371,1032.0601851851857,29.487433862433875,0
802,4,0,0,39,0.0,0.0,1.0,39,1200,900,300,0.75,15,9,6,393.2223539601872,0.7973459289248763,0.22592809432976368,0.23587550039467492,132235.62168401192,2614.8015063567136,134850.42319036863,794,33,367.7692307692308,32,7,18,32.75508429495049,0.6516927083333333,42.86616161616162,1028.535353535354,32.141729797979814,7
803,4,0,0,39,0.0,0.0,1.0,39,750,300,450,0.4,12,3,9,395.3511811344245,0.796727395411606,0.2289788585039536,0.237765075650511,132333.03880024992,2663.604638557284,134996.6434388072,795,34,368.7692307692308,32,7,18,32.60190411911482,0.6526692708333334,42.77146464646464,1028.914141414141,32.15356691919191,0
804,4,0,0,39,0.0,0.0,1.0,39,950,300,650,0.3157894736842105,16,3,13,367.9992714523145,0.7969523166891588,0.22375927103199844,0.2112329783953038,130550.14209733381,1808.4714359629934,132358.6135332968,796,35,369.7692307692308,36,3,17,35.10812672176309,0.6258680555555556,44.51013513513514,1021.9594594594594,28.387762762762762,7
805,4,1,1,39,0.025,0.025,0.975,40,1100,900,200,0.8181818181818182,13,9,4,361.0131776507231,0.8013621794871795,0.22475348338692447,0.20868977369772262,130822.8553497229,1445.7549438288627,132268.61029355176,797,0,361.5,37,3,19,35.01027152554483,0.6266891891891893,44.243421052631575,1023.0263157894728,27.649359886201967,0
806,4,2,1,40,0.04878048780487805,0.024390243902439025,0.975609756097561,41,450,200,250,0.4444444444444444,7,2,5,355.1842807263773,0.804369918699187,0.23147837235568836,0.2071476206572084,131163.9135437212,1117.4720578566698,132281.38560157787,798,0,352.5609756097561,38,3,20,34.81435127242386,0.6282894736842106,43.91025641025641,1024.3589743589741,26.956815114709844,0
807,4,0,0,40,0.0,0.0,1.0,40,1050,500,550,0.47619047619047616,16,5,11,365.4488003867957,0.7952457264957264,0.24478163134232545,0.21311003078735613,131159.5935768698,1586.4232263773492,132746.01680324716,799,1,362.375,37,3,21,34.55585884535789,0.6300675675675675,43.91447368421053,1024.342105263158,27.684921763869134,0
808,4,0,0,40,0.0,0.0,1.0,40,1050,800,250,0.7619047619047619,13,8,5,365.0301832638118,0.7947649572649572,0.24861155698234394,0.21333377502190867,131243.84576263846,1581.59301419667,132825.43877683513,800,2,363.375,37,3,21,34.481340288924564,0.6309121621621622,43.83223684210526,1024.6710526315785,27.693812233285904,0
809,4,0,0,40,0.0,0.0,1.0,40,1050,700,350,0.6666666666666666,14,7,7,364.2012029876396,0.7951923076923076,0.25447154471544753,0.21331784746418894,131328.125,1566.053377000616,132894.17837700062,801,3,364.375,34,6,21,34.417344173441734,0.6378676470588236,43.75,1025.0,30.147058823529413,0
810,4,0,0,40,0.0,0.0,1.0,40,1000,600,400,0.6,14,6,8,365.6681053151864,0.7934829059829059,0.2557900677200904,0.21484213614672085,131446.7860510974,1613.1794410150897,133059.9654921125,802,4,365.375,35,5,21,34.25978179082016,0.6369047619047619,43.63425925925926,1025.462962962963,29.2989417989418,0
811,4,0,0,40,0.0,0.0,1.0,40,750,500,250,0.6666666666666666,10,5,5,361.9420127840817,0.7936431623931623,0.24957729468598977,0.21295657961482015,131501.32395909424,1519.1707755052344,133020.4947345995,803,5,366.375,36,4,21,34.30020311813789,0.6354166666666667,43.58108108108108,1025.6756756756758,28.490990990990994,0
812,4,0,0,40,0.0,0.0,1.0,40,800,500,300,0.625,11,5,6,358.93012050273444,0.793883547008547,0.24766217804851998,0.2116262846593625,131581.12502164117,1445.6858119805993,133026.81083362177,804,6,367.375,37,3,19,34.29684995190768,0.6342905405405406,43.503289473684205,1025.9868421052624,27.72937411095304,0
813,4,0,0,40,0.0,0.0,1.0,40,850,600,250,0.7058823529411765,11,6,5,357.4567170721021,0.7931891025641026,0.24722222222222268,0.21122442372442365,131665.51246537376,1412.9443674976733,133078.45683287142,805,7,368.375,37,3,19,34.24946581196581,0.6351351351351353,43.42105263157894,1026.3157894736826,27.738264580369798,0
814,4,0,0,40,0.0,0.0,1.0,40,1200,800,400,0.6666666666666666,16,8,8,363.27516782442393,0.7919604700854701,0.2537377189235377,0.21529801718404445,131778.07113727287,1574.340181594327,133352.4113188672,806,8,369.375,37,3,19,33.98654421187527,0.6362612612612613,43.311403508771924,1026.7543859649113,27.750118539592197,0
815,4,0,0,40,0.0,0.0,1.0,40,1200,900,300,0.75,15,9,6,366.3086940953489,0.7909989316239316,0.24949829205807017,0.21773983796226049,131890.67790089242,1662.5403970452278,133553.21829793765,807,9,370.375,37,3,20,33.795011386279526,0.6373873873873874,43.201754385964904,1027.1929824561391,27.761972498814572,0
816,4,0,0,40,0.0,0.0,1.0,40,650,400,250,0.6153846153846154,9,4,5,366.056996796732,0.7908119658119658,0.24854039918881465,0.21775161923737021,131918.83710612875,1657.9626663973531,133576.7997725261,808,10,371.375,37,3,20,33.77305920233396,0.637668918918919,43.17434210526316,1027.302631578947,27.76493598862019,0
817,4,0,0,40,0.0,0.0,1.0,40,1000,500,500,0.5,15,5,10,361.70890445083927,0.7906784188034188,0.2413217409857049,0.21596555861924616,132059.67821829783,1553.4323060941638,133613.110524392,809,11,372.375,37,3,21,33.742710333546675,0.6390765765765766,43.037280701754376,1027.8508771929814,27.779753437648147,0
818,4,1,1,40,0.024390243902439025,0.024390243902439025,0.975609756097561,41,450,100,350,0.2222222222222222,8,1,7,357.8256483035417,0.7946138211382113,0.2381575981093702,0.21494093371895195,132288.07259706684,1267.213067974279,133555.28566504113,810,0,364.2682926829268,38,3,21,33.612438120954074,0.6395285087719298,42.81517094017094,1028.7393162393153,27.072087269455665,0
819,4,0,0,40,0.0,0.0,1.0,40,1100,800,300,0.7272727272727273,14,8,6,369.5727475061944,0.7906517094017094,0.24435294744696723,0.22181458377195218,132256.98201610122,1775.7152441135822,134032.6972602148,811,13,374.375,37,3,21,33.34166133674448,0.6410472972972973,42.84539473684211,1028.6184210526324,27.800497866287362,0
820,4,0,0,40,0.0,0.0,1.0,40,1050,600,450,0.5714285714285714,15,6,9,368.30631546165284,0.791559829059829,0.23653846153846136,0.22188209736348388,132398.0034722224,1752.6793099800127,134150.6827822024,812,14,375.375,36,4,22,33.232118758434545,0.6443865740740741,42.70833333333334,1029.166666666668,28.587962962963005,0
821,4,0,0,40,0.0,0.0,1.0,40,1000,900,100,0.9,11,9,2,371.1271074848564,0.7899038461538461,0.23774885145482383,0.22409801959224307,132484.94059938332,1833.7505579904418,134318.69115737377,813,15,376.375,36,4,22,33.0719481513892,0.6452546296296295,42.62387387387388,1029.5045045045058,28.597347347347384,0
822,4,0,0,40,0.0,0.0,1.0,40,950,700,250,0.7368421052631579,12,7,5,371.1271074848564,0.7892361111111111,0.23774885145482383,0.22409801959224307,132484.94059938332,1833.7505579904418,134318.69115737377,814,16,377.375,36,4,22,33.0719481513892,0.6452546296296295,42.62387387387388,1029.5045045045058,28.597347347347384,0
823,4,0,0,40,0.0,0.0,1.0,40,950,600,350,0.631578947368421,13,6,7,372.55276974065526,0.7869123931623931,0.24158829961727757,0.22547948903231604,132571.90626014542,1878.0061734031515,134449.91243354857,815,17,378.375,36,4,22,32.94764898851831,0.6461226851851851,42.53941441441442,1029.8423423423435,28.606731731731763,0
824,4,0,0,40,0.0,0.0,1.0,40,1150,600,550,0.5217391304347826,17,6,11,371.16184005571057,0.7862446581196582,0.2418191976162607,0.2254562256627997,132708.51518015156,1851.2673370652487,134559.7825172168,816,18,379.375,37,3,18,32.84592157071406,0.6455518018018018,42.406798245614034,1030.3728070175437,27.847913703176857,0
825,4,0,0,40,0.0,0.0,1.0,40,800,300,500,0.375,13,3,10,370.9207786328656,0.7868589743589743,0.23734042553191514,0.2258196450225994,132793.26331178815,1851.1561249615168,134644.41943674965,817,19,380.375,37,3,19,32.76684397163121,0.6463963963963963,42.32456140350877,1030.7017543859643,27.856804172593627,0
826,4,0,0,40,0.0,0.0,1.0,40,850,500,350,0.5882352941176471,12,5,7,376.0522739960237,0.7861645299145299,0.24169857477132517,0.229289460448159,132849.7770948752,1991.692155278526,134841.46925015372,818,20,381.375,37,3,19,32.57773168829326,0.6469594594594594,42.26973684210525,1030.9210526315778,27.862731152204805,0
827,4,0,0,40,0.0,0.0,1.0,40,1050,900,150,0.8571428571428571,12,9,3,377.44815897825595,0.7857104700854701,0.23935633039226123,0.23101202547224775,132991.11415291223,2039.450239496743,135030.56439240897,819,21,382.375,37,3,19,32.39952074696147,0.6483671171171173,42.13267543859648,1031.4692982456124,27.877548601232768,0
828,4,0,0,40,0.0,0.0,1.0,40,650,400,250,0.6153846153846154,9,4,5,382.200192297277,0.7857104700854701,0.20953497570346946,0.22265237008812397,131120.59709630048,2050.597378950753,133171.19447525122,820,22,383.375,35,5,14,34.166407692017934,0.6336309523809525,43.95254629629629,1024.189814814814,29.262566137566118,5
829,4,0,0,40,0.0,0.0,1.0,40,1000,700,300,0.7,13,7,6,380.52493618927207,0.7833333333333333,0.209932821497121,0.22305157907533976,131357.78523930474,1996.9825692301138,133354.76780853485,821,23,384.375,35,5,16,33.96901226901509,0.6360119047619047,43.72106481481482,1025.115740740741,29.289021164021175,0
830,4,0,0,40,0.0,0.0,1.0,40,1000,600,400,0.6,14,6,8,378.54562316241106,0.7839476495726496,0.20700902934537257,0.22240810485536874,131446.7860510974,1951.7211076817566,133398.50715877916,822,24,385.375,35,5,16,33.92964635063958,0.6369047619047619,43.63425925925926,1025.462962962963,29.2989417989418,0
831,4,0,0,40,0.0,0.0,1.0,40,900,700,200,0.7777777777777778,11,7,4,379.6282096787279,0.7844551282051282,0.20820167024037906,0.22321735673279428,131476.4596863212,1982.4346011231196,133458.89428744433,823,25,386.375,35,5,16,33.87185889478237,0.637202380952381,43.605324074074076,1025.5787037037042,29.30224867724869,0
832,4,2,1,41,0.047619047619047616,0.023809523809523808,0.9761904761904762,42,1350,1100,250,0.8148148148148148,16,11,5,369.26809210264247,0.7972802942315137,0.20621882207117959,0.22047892327198557,132059.67821829804,1353.0850838719714,133412.76330217,824,0,368.92857142857144,37,5,15,33.54846739207736,0.6390765765765765,43.03728070175439,1027.8508771929833,27.779753437648196,0
833,4,0,0,41,0.0,0.0,1.0,41,1300,900,400,0.6923076923076923,17,9,8,369.96881556292516,0.7897357723577236,0.20971280601378406,0.22084404052601825,132050.54029959018,1570.9163978167435,133621.45669740692,825,1,378.9268292682927,36,5,15,33.53968080055513,0.6409143518518519,43.046171171171174,1027.8153153153157,28.550425425425438,0
834,4,0,0,41,0.0,0.0,1.0,41,1200,1000,200,0.8333333333333334,14,10,4,373.06254796917256,0.790599593495935,0.21235619211958134,0.22337272954141102,132166.31063073222,1661.2601199172311,133827.57075064944,826,2,379.9268292682927,36,5,15,33.34337239440734,0.6420717592592593,42.933558558558566,1028.265765765767,28.56293793793797,0
835,4,0,0,41,0.0,0.0,1.0,41,900,500,400,0.5555555555555556,13,5,8,376.5530063703642,0.7911077235772358,0.21723762333945573,0.22632817540787165,132311.09487866252,1764.4281105429811,134075.5229892055,827,3,380.9268292682927,36,5,16,33.107578079392866,0.6435185185185186,42.792792792792795,1028.8288288288295,28.578578578578597,0
836,4,1,0,42,0.023809523809523808,0.0,1.0,42,1150,500,650,0.43478260869565216,18,5,13,366.75389344414566,0.7959010840108401,0.22259725516430517,0.22261108416028363,132680.2718144044,1332.201254232068,134012.47306863646,828,0,372.8333333333333,37,5,15,32.9878849155669,0.6452702702702702,42.43421052631579,1030.2631578947367,27.84495021337126,0
837,4,0,1,41,0.0,0.023809523809523808,0.9761904761904762,42,850,600,250,0.7058823529411765,11,6,5,366.73050701835524,0.7965785907859079,0.22502761479139455,0.22293229656911395,132736.76155163127,1335.7239727608503,134072.4855243921,829,1,373.8333333333333,37,5,15,32.93165212456551,0.6458333333333333,42.37938596491228,1030.482456140351,27.850877192982455,0
838,4,0,0,41,0.0,0.0,1.0,41,1200,1000,200,0.8333333333333334,14,10,4,377.768896669617,0.7943089430894309,0.23737243164148314,0.22969854972914755,132745.9231824732,1829.4561876065434,134575.37937007975,830,2,383.1707317073171,36,5,15,32.638054128874806,0.6478587962962963,42.370495495495504,1030.5180180180196,28.625500500500543,0
839,4,0,0,41,0.0,0.0,1.0,41,1350,1000,350,0.7407407407407407,17,10,7,375.6748137339142,0.7942581300813009,0.23579189691831326,0.22895654094009682,132832.97444403882,1780.4005863972257,134613.37503043603,831,3,384.1707317073171,36,5,16,32.60437149515694,0.6487268518518519,42.286036036036045,1030.8558558558573,28.634884884884926,0
840,4,0,0,41,0.0,0.0,1.0,41,1500,1100,400,0.7333333333333333,19,11,8,373.7994370096041,0.7944105691056911,0.23434453217402385,0.22816717635066258,132891.0244704166,1734.918026134265,134625.94249655085,832,4,385.1707317073171,36,5,16,32.594291539245674,0.6493055555555556,42.22972972972974,1031.0810810810829,28.64114114114119,0
841,4,0,0,41,0.0,0.0,1.0,41,950,500,450,0.5263157894736842,14,5,9,375.80695524031955,0.7945121951219513,0.23408029232072147,0.229749005079496,132949.08717839484,1792.638330898494,134741.72550929332,833,5,386.1707317073171,36,5,16,32.48412135109559,0.6498842592592592,42.173423423423436,1031.3063063063082,28.64739739739745,0
842,4,0,0,41,0.0,0.0,1.0,41,1050,900,150,0.8571428571428571,12,9,3,374.83198622237825,0.7933943089430894,0.22895572695493294,0.229688015102556,133036.2050183632,1773.2449933041407,134809.45001166733,834,6,387.1707317073171,36,5,16,32.421633373358084,0.6507523148148147,42.08896396396398,1031.6441441441461,28.656781781781838,0
843,4,0,1,40,0.0,0.024390243902439025,0.975609756097561,41,850,600,250,0.7058823529411765,11,6,5,348.5531605878734,0.7929369918699187,0.2120988446726575,0.20695343909904976,131848.06428049668,1000.4980064523952,132848.56228694908,835,7,388.1707317073171,36,5,17,34.29390533625731,0.6388888888888888,43.24324324324324,1027.0270270270266,28.52852852852852,8
844,4,0,0,40,0.0,0.0,1.0,40,1050,600,450,0.5714285714285714,15,6,9,356.9720840330157,0.7882211538461539,0.22036692593845153,0.21153636322357267,131773.38023244595,1407.8836323302446,133181.2638647762,836,8,398.6,35,5,17,34.15306898884004,0.6401785714285715,43.31597222222222,1026.7361111111109,29.33531746031745,0
845,4,0,2,38,0.0,0.05,0.95,40,1100,700,400,0.6363636363636364,15,7,8,346.0850725820724,0.7880608974358975,0.19584626083235301,0.2025583702833204,131300.0289151468,1089.6729075025062,132389.7018226493,837,9,399.6,37,3,18,34.90993099390178,0.6314752252252254,43.777412280701746,1024.8903508771916,27.69973921289707,4
846,4,0,0,38,0.0,0.0,1.0,38,850,800,50,0.9411764705882353,9,8,1,353.4659044339188,0.7844061166429588,0.20107451432784829,0.2062311615124995,131179.8740381731,1673.5225640860876,132853.39660225916,838,40,407.4736842105263,35,3,19,34.84222592550748,0.6342261904761903,43.89467592592593,1024.421296296297,29.269179894179914,0
847,4,0,0,38,0.0,0.0,1.0,38,1100,800,300,0.7272727272727273,14,8,6,357.9218719016456,0.7838430535798957,0.20753102267864776,0.20963995354239262,131328.12500000015,1801.041666666681,133129.16666666683,839,41,408.4736842105263,35,3,19,34.578252032520325,0.6357142857142857,43.75000000000001,1025.0000000000011,29.285714285714317,0
848,4,2,2,38,0.05,0.05,0.95,40,850,600,250,0.7058823529411765,11,6,5,342.4634297245974,0.7931356837606838,0.1995351065028741,0.20325605431079288,131832.80452942822,1029.5828778720909,132862.38740730032,840,0,389.0,35,5,16,34.465630752470034,0.6407738095238095,43.258101851851855,1026.967592592593,29.34193121693123,0
849,4,0,0,38,0.0,0.0,1.0,38,1000,700,300,0.7,13,7,6,357.8638914168059,0.7815611664295875,0.214357552785583,0.211162393434314,131610.90573637543,1819.7581759419502,133430.66391231737,841,43,410.4736842105263,33,5,18,34.294134917791325,0.6429924242424242,43.474264705882355,1026.1029411764707,31.094028520499112,0
850,4,0,0,38,0.0,0.0,1.0,38,650,300,350,0.46153846153846156,10,3,7,358.7599749905439,0.7820649596965387,0.2124558470453659,0.21186572853108698,131642.34459102261,1845.600850634361,133487.94544165698,842,44,411.4736842105263,33,5,18,34.2394116710453,0.6433080808080809,43.44362745098039,1026.2254901960778,31.09774212715387,0
851,4,0,0,38,0.0,0.0,1.0,38,700,400,300,0.5714285714285714,10,4,6,360.2638770014636,0.7798719772403983,0.2146787953411815,0.21345762104089547,131768.13755526723,1894.2600201845435,133662.39757545176,843,45,412.4736842105263,33,5,18,34.07386408848571,0.6445707070707071,43.32107843137255,1026.7156862745098,31.112596553773024,0
852,4,0,0,38,0.0,0.0,1.0,38,650,400,250,0.6153846153846154,9,4,5,361.9425726670501,0.779457088667615,0.2189925888707449,0.21480727754602552,131831.05656478275,1943.0543540945764,133774.11091887733,844,46,413.4736842105263,33,5,19,33.96728321400159,0.6452020202020202,43.259803921568626,1026.9607843137253,31.120023767082586,0
853,4,0,0,38,0.0,0.0,1.0,38,650,300,350,0.46153846153846156,10,3,7,361.9114523620176,0.7786569464201043,0.2227557945959786,0.21557334336346304,131969.53125000026,1952.256944444474,133921.78819444473,845,47,414.4736842105263,34,4,19,33.828399567450674,0.6443014705882352,43.125000000000014,1027.500000000002,30.220588235294176,0
854,4,0,0,38,0.0,0.0,1.0,38,650,500,150,0.7692307692307693,8,5,3,368.2829362253402,0.7786569464201043,0.18927217770954274,0.20301828192924498,128966.15655006838,1899.2069615911962,130865.36351165957,846,48,415.4736842105263,35,3,20,36.712815253722255,0.611904761904762,46.0648148148148,1015.740740740739,29.021164021163973,7
855,4,2,2,38,0.05,0.05,0.95,40,950,800,150,0.8421052631578947,11,8,3,351.88717365058517,0.7931623931623931,0.16922864099158952,0.19627484574732612,129430.46932067184,1109.1987414090568,130539.66806208089,847,0,395.65,36,4,16,36.65638372436182,0.6145833333333335,45.6081081081081,1017.567567567566,28.26576576576572,0
856,4,1,1,38,0.02564102564102564,0.02564102564102564,0.9743589743589743,39,950,700,250,0.7368421052631579,12,7,5,360.78678705773586,0.7876180836707153,0.1796262706259384,0.200800187769102,129344.54038075222,1533.1602294862234,130877.70061023845,848,0,406.7692307692308,36,3,21,36.5174914203476,0.6137152777777779,45.69256756756756,1017.2297297297284,28.256381381381345,0
857,4,2,2,38,0.05,0.05,0.95,40,850,500,350,0.5882352941176471,12,5,7,354.49788145155776,0.7963675213675213,0.17416002584535883,0.19854447087811597,129591.8515793319,1188.0073676515606,130779.85894698346,849,0,397.55,37,3,16,36.425802283006675,0.6143018018018018,45.44956140350876,1018.2017543859632,27.518966334755763,0
858,4,1,0,39,0.02564102564102564,0.0,1.0,39,350,300,50,0.8571428571428571,4,3,1,363.02242102883196,0.7911605937921727,0.18730799016228872,0.20292885984413175,129516.42679419277,1603.4733635662635,131119.90015775902,850,0,408.71794871794873,36,3,17,36.28558653243354,0.615451388888889,45.523648648648646,1017.9054054054048,28.275150150150136,0
859,4,0,0,39,0.0,0.0,1.0,39,1000,700,300,0.7,13,7,6,366.84614610797155,0.7918353576248314,0.21558604294388783,0.1995551892927707,128437.66744898802,1625.5158542394645,130063.18330322749,851,1,409.71794871794873,35,4,19,37.28924031361804,0.6065476190476191,46.58564814814813,1013.6574074074048,28.961640211640137,2
860,4,1,1,39,0.025,0.025,0.975,40,900,500,400,0.5555555555555556,13,5,8,359.94166057937855,0.8028846153846154,0.20716981132075496,0.19702760399879696,128686.69979100715,1263.9408834510111,129950.64067445816,852,0,400.45,36,4,19,37.20981317055123,0.6070601851851853,46.34009009009009,1014.6396396396391,28.18443443443442,0
861,4,0,0,39,0.0,0.0,1.0,39,900,700,200,0.7777777777777778,11,7,4,370.4857909030369,0.7925663517768782,0.2196163793607886,0.2024275231592401,128613.70991940991,1729.9104080932516,130343.62032750316,853,3,411.71794871794873,35,4,19,37.016963334854715,0.6083333333333334,46.412037037037024,1014.3518518518499,28.981481481481428,0
862,4,3,3,39,0.07142857142857142,0.07142857142857142,0.9285714285714286,42,1300,1200,100,0.9230769230769231,14,12,2,348.00441896282416,0.8116289198606271,0.20271074906194042,0.1936674861858499,129340.77222077937,603.5716488857779,129944.34386966514,854,0,383.23809523809524,37,5,19,36.84638981711041,0.6117680180180181,45.696271929824555,1017.2149122807009,27.49229492650543,0
863,4,0,0,39,0.0,0.0,1.0,39,700,400,300,0.5714285714285714,10,4,6,369.62911196442803,0.7922852001799371,0.22071850968842766,0.203760369761295,128966.1565500685,1733.9291838134332,130700.08573388193,855,5,413.71794871794873,35,4,20,36.67863111516255,0.611904761904762,46.06481481481481,1015.74074074074,29.021164021163997,0
864,4,0,0,39,0.0,0.0,1.0,39,650,400,250,0.6153846153846154,9,4,5,370.98525743482503,0.7905982905982907,0.2264526267629452,0.20498468939586176,129058.31665702852,1775.7465658225663,130834.0632228511,856,6,414.71794871794873,36,3,20,36.55011267501569,0.6108217592592593,45.97409909909909,1016.1036036036026,28.22510010010007,0
865,4,0,0,39,0.0,0.0,1.0,39,1300,1100,200,0.8461538461538461,15,11,4,371.74950529452565,0.7913292847503374,0.23291119103217484,0.20585343771707906,129144.1504849444,1801.8548108919738,130946.00529583638,857,7,415.71794871794873,36,3,20,36.44309956422188,0.6116898148148149,45.88963963963964,1016.4414414414415,28.234484484484486,0
866,4,0,0,39,0.0,0.0,1.0,39,800,600,200,0.75,10,6,4,372.2610072354696,0.7904858299595142,0.23301223279650696,0.2062900058625244,129173.52123970813,1817.253024969195,130990.77426467733,858,8,416.71794871794873,37,2,20,36.40013213245604,0.6100788288288289,45.860745614035075,1016.5570175438577,27.47451398767183,0
867,4,0,0,39,0.0,0.0,1.0,39,1000,800,200,0.8,12,8,4,384.7007011772855,0.7909919028340081,0.23701079622132282,0.2088375234962406,128355.55555555549,2093.52144409818,130449.07699965367,859,9,417.71794871794873,34,5,20,36.92091557017545,0.607843137254902,46.666666666666664,1013.3333333333328,29.803921568627434,4
868,4,3,2,40,0.07142857142857142,0.047619047619047616,0.9523809523809523,42,1300,1000,300,0.7692307692307693,16,10,6,358.85813233348347,0.8152342237708091,0.21809729285457435,0.19872251414166012,129145.65659626042,868.9938250230858,130014.65042128351,860,0,388.8095238095238,37,5,20,36.76914778856526,0.6097972972972973,45.88815789473684,1016.4473684210529,27.471550497866296,0
869,4,2,1,41,0.047619047619047616,0.023809523809523808,0.9761904761904762,42,900,500,400,0.5555555555555556,13,5,8,362.7632039108491,0.8178474641889276,0.23507653532014094,0.20160704581654654,129287.27027280675,980.1449007403951,130267.41517354715,861,0,389.76190476190476,36,6,21,36.52557856272838,0.6131365740740741,45.74887387387388,1017.0045045045058,28.250125125125162,0
870,4,3,3,41,0.06818181818181818,0.06818181818181818,0.9318181818181819,44,950,500,450,0.5263157894736842,14,5,9,352.7726179081448,0.8316375968992249,0.228592805810252,0.19862722724958,129799.47973738034,357.94045401416906,130157.42019139451,862,0,372.97727272727275,38,6,16,36.25869329698748,0.6145833333333334,45.245726495726494,1019.0170940170938,26.816239316239308,0
871,4,1,1,41,0.023809523809523808,0.023809523809523808,0.9761904761904762,42,750,500,250,0.6666666666666666,10,5,5,371.0451278975779,0.8196138211382114,0.2545528275455282,0.2078680326177139,129602.4128013149,1217.6687667397214,130820.08156805462,863,0,391.7142857142857,36,6,17,35.99383432868836,0.6163194444444444,45.43918918918919,1018.2432432432438,28.28453453453455,0
872,4,1,1,41,0.023809523809523808,0.023809523809523808,0.9761904761904762,42,1100,800,300,0.7272727272727273,14,8,6,376.0187752880612,0.8162262872628726,0.2474758641019974,0.21127117026433573,129717.10519641278,1355.213405973559,131072.31860238634,864,0,392.6190476190476,36,6,17,35.750377699167224,0.6174768518518519,45.326576576576585,1018.693693693695,28.297047047047084,0
873,4,1,0,42,0.023809523809523808,0.0,1.0,42,900,700,200,0.7777777777777778,11,7,4,375.8205182991971,0.8161295005807201,0.2567587476979738,0.21177930825701957,129831.84831791249,1358.694505316124,131190.5428232286,865,0,393.5952380952381,36,6,18,35.63858195211786,0.6186342592592593,45.21396396396396,1019.1441441441441,28.30955955955956,0
874,4,0,0,42,0.0,0.0,1.0,42,1100,900,200,0.8181818181818182,13,9,4,372.48436551501186,0.8155487804878049,0.2574389968071622,0.2103618815350843,129917.93894823875,1278.4802116305461,131196.41915986929,866,1,394.5952380952381,36,6,18,35.63597702419088,0.6195023148148149,45.1295045045045,1019.4819819819817,28.318943943943935,0
875,4,1,2,41,0.023255813953488372,0.046511627906976744,0.9534883720930233,43,1000,500,500,0.5,15,5,10,363.4897193611166,0.8199981543004798,0.24832521657866957,0.20665844948649395,130178.65022170258,863.7202071791066,131042.3704288817,867,0,386.3953488372093,37,6,18,35.60033218724258,0.6202139639639641,44.87390350877192,1020.5043859649103,27.58119962067325,0
876,4,1,0,42,0.023809523809523808,0.0,1.0,42,1000,500,500,0.5,15,5,10,363.6817992503127,0.81937185443283,0.24207968901846466,0.20721404841006147,130262.58680555529,1074.8534404816533,131337.44024603695,868,0,379.7857142857143,35,7,19,35.51020408163263,0.6250000000000002,44.79166666666665,1020.8333333333312,29.166666666666607,0
877,4,0,0,42,0.0,0.0,1.0,42,1300,1100,200,0.8461538461538461,15,11,4,362.08762121103007,0.819904181184669,0.2439970207736275,0.20677663960808512,130351.21588059395,1039.7123360339288,131390.9282166279,869,1,380.7857142857143,35,7,20,35.460940156409386,0.6258928571428573,44.7048611111111,1021.1805555555541,29.176587301587258,0
878,4,1,1,42,0.023255813953488372,0.023255813953488372,0.9767441860465116,43,1150,900,250,0.782608695652174,14,9,5,348.1487252837294,0.823827980804725,0.2341891639129614,0.20052420403154883,130682.67549871115,499.40137830870685,131182.07687701986,870,0,372.90697674418607,37,6,15,35.481121537086686,0.6252815315315315,44.38048245614035,1022.4780701754387,27.63454243717402,0
879,4,1,2,41,0.023255813953488372,0.046511627906976744,0.9534883720930233,43,1000,700,300,0.7,13,7,6,342.952395885172,0.8273348098929494,0.23506952456129682,0.19817556974052633,130808.47447083422,372.2159443713896,131180.6904152056,871,0,373.8837209302326,38,5,15,35.48672758920801,0.6247258771929824,44.25747863247863,1022.9700854700852,26.920265407107507,0
880,4,0,0,41,0.0,0.0,1.0,41,750,300,450,0.4,12,3,9,356.76736383504783,0.8166666666666667,0.24122496928705672,0.20448201466047944,130492.6056757771,1111.1005853826791,131603.7062611598,872,7,393.0487804878049,36,5,16,35.45340570924723,0.6252893518518519,44.56644144144144,1021.734234234234,28.3815065065065,0
881,4,0,0,41,0.0,0.0,1.0,41,1200,900,300,0.75,15,9,6,356.47971266972144,0.8171239837398374,0.23917810575196974,0.20477277672091104,130578.91506371245,1109.746824527244,131688.6618882397,873,8,394.0487804878049,36,5,16,35.373283017481995,0.6261574074074073,44.48198198198199,1022.0720720720728,28.390890890890912,0
882,4,0,0,41,0.0,0.0,1.0,41,1150,800,350,0.6956521739130435,15,8,7,356.08308461502537,0.8144817073170731,0.24723716854077415,0.20576709546074357,130809.21292914536,1115.7896071747462,131925.0025363201,874,9,395.0487804878049,36,5,16,35.150172464406296,0.6284722222222222,44.25675675675676,1022.972972972973,28.415915915915917,0
883,4,1,0,42,0.023809523809523808,0.0,1.0,42,1700,1300,400,0.7647058823529411,21,13,8,344.5953248820099,0.8174603174603174,0.2425502115739917,0.20097201794213587,131163.9135437213,639.6942800789091,131803.6078238002,875,0,386.6190476190476,38,4,18,35.085523571130594,0.6282894736842104,43.910256410256416,1024.358974358975,26.95681511470987,0
884,4,0,0,42,0.0,0.0,1.0,42,450,300,150,0.6666666666666666,6,3,3,344.5953248820099,0.8169037940379403,0.2425502115739917,0.20097201794213587,131163.9135437213,639.6942800789091,131803.6078238002,876,1,387.6190476190476,38,4,18,35.085523571130594,0.6282894736842104,43.910256410256416,1024.358974358975,26.95681511470987,0
885,4,0,0,42,0.0,0.0,1.0,42,750,500,250,0.6666666666666666,10,5,5,345.0186770929777,0.816298877274487,0.24574377764868838,0.20164985569766913,131246.0064308022,656.4647024983708,131902.47113330057,877,2,388.6190476190476,38,4,19,34.99178917735377,0.629111842105263,43.83012820512821,1024.679487179488,26.965249662618106,0
886,4,1,1,42,0.023255813953488372,0.023255813953488372,0.9767441860465116,43,800,300,500,0.375,13,3,10,338.3232808377187,0.8219361387966039,0.24011198993482963,0.19888985830767963,131468.65051025315,295.8323978213093,131764.48290807445,878,0,380.5581395348837,37,6,20,34.93876741865353,0.6331644144144144,43.612938596491226,1025.548245614035,27.717520151730678,0
887,4,0,0,42,0.0,0.0,1.0,42,1700,1400,300,0.8235294117647058,20,14,6,347.5646752018266,0.8150406504065041,0.24399991635692642,0.204652012049996,131530.20154867697,743.0503560993375,132273.2519047763,879,4,390.6190476190476,36,6,22,34.639733596809016,0.6357060185185186,43.552927927927925,1025.7882882882877,28.494119119119105,0
888,4,0,0,42,0.0,0.0,1.0,42,1050,600,450,0.5714285714285714,15,6,9,346.1780373069514,0.8151374370886566,0.24261881242454209,0.20414421345654585,131587.96623904307,710.5727771690606,132298.53901621213,880,5,391.6190476190476,36,6,16,34.61703801265869,0.6362847222222222,43.49662162162162,1026.0135135135133,28.50037537537537,0
889,4,0,0,42,0.0,0.0,1.0,42,1500,1100,400,0.7333333333333333,19,11,8,345.4273967172449,0.815210027100271,0.24500226418166338,0.2039656155127252,131637.3803117305,694.2315183517944,132331.6118300823,881,6,392.6190476190476,37,5,16,34.5864720233643,0.6348536036036037,43.4484649122807,1026.206140350877,27.735301090564242,0
890,4,0,0,42,0.0,0.0,1.0,42,1200,1000,200,0.8333333333333334,14,10,4,302.2644440885377,0.8152826171118854,0.08180372438946582,0.16729090787656167,129123.91067031883,-594.0865845396023,128529.82408577923,882,7,393.6190476190476,40,2,19,38.22930206979301,0.6044270833333333,45.90955284552847,1016.3617886178881,25.4090447154472,8
891,4,0,0,42,0.0,0.0,1.0,42,850,500,350,0.5882352941176471,12,5,7,302.2644440885377,0.8152826171118854,0.08180372438946582,0.16729090787656167,129123.91067031883,-594.0865845396023,128529.82408577923,883,8,394.6190476190476,40,2,19,38.22930206979301,0.6044270833333333,45.90955284552847,1016.3617886178881,25.4090447154472,0
892,4,1,0,43,0.023255813953488372,0.0,1.0,43,750,500,250,0.6666666666666666,10,5,5,298.7524387675827,0.820828719084533,0.09976797604974008,0.1666522657036104,129433.96297053681,-866.2343429836637,128567.72862755315,884,0,386.4186046511628,40,3,13,38.004552415193565,0.6075520833333332,45.60467479674797,1017.581300813009,25.439532520325223,0
893,4,1,1,43,0.022727272727272728,0.022727272727272728,0.9772727272727273,44,800,700,100,0.875,9,7,2,292.08949337485075,0.8289728682170543,0.10434357208000922,0.1639629758600107,129680.91699932294,-1224.31333065633,128456.60366866662,885,0,378.6136363636364,41,3,14,37.9243977468264,0.6084857723577235,45.36210317460318,1018.5515873015879,24.842721641502145,0
894,4,0,0,43,0.0,0.0,1.0,43,1100,600,500,0.5454545454545454,16,6,10,295.4759475733994,0.8237356958287191,0.113209385854395,0.16591346904919815,129692.62390318282,-935.789811785295,128756.83409139753,886,1,387.95348837209303,40,3,14,37.826332767967,0.61015625,45.35060975609757,1018.5975609756113,25.464939024390283,0
895,4,0,0,43,0.0,0.0,1.0,43,900,400,500,0.4444444444444444,14,4,10,306.3642996825898,0.8237356958287191,0.16054895385288348,0.16564442643855268,128194.7593852355,-745.1404635928511,127449.61892164266,887,2,388.95348837209303,41,2,18,39.06903082549635,0.5934959349593496,46.82539682539682,1012.6984126984121,24.699961285327124,3
896,4,3,2,44,0.06521739130434782,0.043478260869565216,0.9565217391304348,46,1000,700,300,0.7,13,7,6,290.4974911090079,0.8393921095008052,0.1522453059184692,0.15938105593278007,128778.12500000001,-1718.0555555555554,127060.06944444445,888,0,364.5217391304348,44,2,16,38.87862616310891,0.5951704545454546,46.25,1015.0000000000001,23.06818181818182,0
897,4,2,0,46,0.043478260869565216,0.0,1.0,46,1150,800,350,0.6956521739130435,15,8,7,295.798681306764,0.8409822866344606,0.16795356082556712,0.16296412532666504,128942.64510459562,-1571.7871227708924,127370.85798182472,889,0,365.4782608695652,44,2,18,38.57727839061598,0.5968276515151514,46.087962962962976,1015.6481481481505,23.082912457912514,0
898,4,1,1,46,0.02127659574468085,0.02127659574468085,0.9787234042553191,47,900,600,300,0.6666666666666666,12,6,6,289.5726955119588,0.8483657107616404,0.16236484129752338,0.160581222056632,129201.38888888912,-1917.3611111110924,127284.02777777803,890,0,358.6808510638298,45,2,18,38.473360655737714,0.5981481481481481,45.83333333333334,1016.6666666666686,22.592592592592634,0
899,4,1,0,47,0.02127659574468085,0.0,1.0,47,1050,700,350,0.6666666666666666,14,7,7,288.89765227199075,0.8430080172679617,0.1582663426555837,0.16089307819377957,129369.92550684452,-1925.066449294024,127444.8590575505,891,0,359.6595744680851,43,4,19,38.32001070464489,0.6024709302325579,45.66761363636366,1017.3295454545496,23.658826638477898,0
900,4,0,0,47,0.0,0.0,1.0,47,1100,700,400,0.6363636363636364,15,7,8,286.9580600757738,0.8422371261177921,0.15082324287397375,0.1600085290874,129418.09900317129,-1972.4866742710828,127445.6123289002,892,1,360.6595744680851,43,4,19,38.32063362804405,0.602955426356589,45.62026515151517,1017.5189393939424,23.663231148696337,0
901,4,0,1,46,0.0,0.02127659574468085,0.9787234042553191,47,1400,1100,300,0.7857142857142857,17,11,6,286.2697071062347,0.8447810669133518,0.1466745549485442,0.1604094924707322,129610.88266363966,-1979.2661164198407,127631.61654721982,893,2,361.6595744680851,43,4,9,38.14332821848168,0.604893410852713,45.43087121212123,1018.2765151515187,23.6808491895702,0
902,4,1,0,47,0.02127659574468085,0.0,1.0,47,1050,800,250,0.7619047619047619,13,8,5,286.97138224528345,0.8452050570459451,0.14875418371141658,0.16109938347757174,129683.21352731893,-1956.925792010992,127726.28773530794,894,0,362.59574468085106,43,4,11,38.05240485930335,0.6056201550387595,45.3598484848485,1018.5606060606084,23.68745595489787,0
903,4,0,1,46,0.0,0.02127659574468085,0.9787234042553191,47,1050,800,250,0.7619047619047619,13,8,5,287.26775917716105,0.8453977798334874,0.1506586272156114,0.1615637125450645,129755.56456790955,-1945.0819451618172,127810.48262274773,895,1,363.59574468085106,43,4,12,37.97179493137527,0.606346899224806,45.28882575757577,1018.8446969696997,23.694062720225574,0
904,4,0,2,44,0.0,0.043478260869565216,0.9565217391304348,46,1050,600,450,0.5714285714285714,15,6,9,285.1536553362629,0.8453301127214171,0.15370910530610926,0.1606713946978463,129827.93578541106,-1795.8179092056753,128032.11787620538,896,2,369.5869565217391,43,3,12,37.952595552251765,0.6070736434108526,45.21780303030304,1019.1287878787889,23.70066948555323,0
905,4,1,1,44,0.022222222222222223,0.022222222222222223,0.9777777777777777,45,1050,600,450,0.5714285714285714,15,6,9,292.21855244268687,0.8393097643097643,0.16026205949173078,0.164402251414385,129768.46648526248,-1415.849314193843,128352.61717106865,897,0,378.46666666666664,42,3,13,37.832659692502766,0.6078869047619047,45.27616279069768,1018.8953488372108,24.25941306755264,0
906,4,0,0,44,0.0,0.0,1.0,44,1000,800,200,0.8,12,8,4,296.8725355474477,0.8336196264975335,0.16002517322814125,0.1663911187236338,129620.41348364006,-1103.851838080623,128516.56164555944,898,1,387.8636363636364,42,2,13,37.863775494020985,0.6063988095238094,45.42151162790699,1018.3139534883742,24.245570321151767,0
907,4,0,0,44,0.0,0.0,1.0,44,950,400,550,0.42105263157894735,15,4,11,295.13893145789183,0.8331791754756871,0.1606820127461237,0.16583621520132638,129719.10609526178,-1142.9683274743034,128576.13776778748,899,2,388.8636363636364,42,2,13,37.80815022670345,0.607390873015873,45.32461240310078,1018.7015503875975,24.254798818752324,0
908,4,0,0,44,0.0,0.0,1.0,44,900,700,200,0.7777777777777778,11,7,4,294.5597949083903,0.8330470401691332,0.16156789002723437,0.16571943517719223,129768.46648526227,-1155.0854253049665,128613.3810599573,900,3,389.8636363636364,42,2,14,37.77302266603267,0.6078869047619047,45.276162790697676,1018.895348837209,24.259413067552593,0
909,4,0,0,44,0.0,0.0,1.0,44,1700,1400,300,0.8235294117647058,20,14,6,293.95582886569485,0.8320560253699789,0.15807140018316557,0.16611188138157043,129941.30179226004,-1160.5993855537608,128780.70240670627,901,4,390.8636363636364,42,2,17,37.613848761325464,0.6096230158730158,45.10658914728682,1019.5736434108525,24.27556293835363,0
910,4,1,1,44,0.022222222222222223,0.022222222222222223,0.9777777777777777,45,1050,700,350,0.6666666666666666,14,7,7,288.9591978480069,0.8390151515151516,0.14170178162194103,0.16318517018566203,129916.60399202284,-1491.4837599903742,128425.12023203247,902,0,383.15555555555557,42,3,15,37.76613439787092,0.609375,45.13081395348838,1019.4767441860474,24.27325581395351,2
911,4,1,1,44,0.022222222222222223,0.022222222222222223,0.9777777777777777,45,1300,800,500,0.6153846153846154,18,8,10,288.4245173441517,0.8354377104377105,0.1357525094202212,0.163502686811087,130064.82600392107,-1497.2230672735966,128567.60293664748,903,0,384.1333333333333,42,3,16,37.630220702321026,0.6108630952380951,44.98546511627907,1020.058139534884,24.287098560354384,0
912,4,0,0,44,0.0,0.0,1.0,44,750,400,350,0.5333333333333333,11,4,7,295.8148753616195,0.83130725863284,0.131494454173964,0.16723791468463833,129958.94451530611,-1111.2422052154184,128847.7023100907,904,7,393.8636363636364,41,3,16,37.54864759680872,0.6112804878048781,45.089285714285715,1019.6428571428571,24.869337979094077,0
913,4,0,0,44,0.0,0.0,1.0,44,1500,1100,400,0.7333333333333333,19,11,8,298.03101470798106,0.8317036645525018,0.11837268485791097,0.1695875596966652,130211.95515243118,-1038.5597757621704,129173.39537666901,905,8,394.8636363636364,41,3,17,37.236748315189224,0.6138211382113821,44.841269841269835,1020.6349206349192,24.893534649632176,0
914,4,0,0,44,0.0,0.0,1.0,44,1450,1000,450,0.6896551724137931,19,10,9,297.6470225895778,0.8297216349541932,0.11658466881308138,0.17038427511790624,130444.20070725086,-1034.7245671821802,129409.47614006867,906,9,395.8636363636364,40,4,18,37.01232756333731,0.6177083333333333,44.61382113821138,1021.5447154471536,25.53861788617884,0
915,4,0,0,44,0.0,0.0,1.0,44,950,700,250,0.7368421052631579,12,7,5,300.4683319947672,0.8306465821000705,0.1243038981702469,0.17246059055590054,130548.03688280779,-954.8898225262816,129593.14706028151,907,10,396.8636363636364,40,4,14,36.83559566428002,0.6187500000000001,44.512195121951216,1021.9512195121946,25.548780487804866,0
916,4,0,0,44,0.0,0.0,1.0,44,1000,500,500,0.5,15,5,10,298.58994976364994,0.8311751233262862,0.11124123329363522,0.17180175501476322,130642.6379145406,-998.2842616213366,129644.35365291926,908,11,397.8636363636364,41,3,15,36.78827025715672,0.618140243902439,44.41964285714285,1022.3214285714267,24.934668989546992,0
917,4,0,1,43,0.0,0.022727272727272728,0.9772727272727273,44,900,600,300,0.6666666666666666,12,6,6,297.6973588103547,0.829853770260747,0.10975184966357787,0.17173822450900628,130744.07837498405,-1015.5666375346617,129728.51173744939,909,12,398.8636363636364,41,3,17,36.70892343259936,0.6191565040650406,44.3204365079365,1022.7182539682524,24.944347657762254,0
918,4,1,1,43,0.022727272727272728,0.022727272727272728,0.9772727272727273,44,950,700,250,0.7368421052631579,12,7,5,298.35388779317276,0.8311971458773785,0.11201424642076319,0.17245657460331812,130820.18455530345,-993.8578672209758,129826.32668808248,910,0,399.5681818181818,41,3,17,36.615512671321454,0.6199186991869918,44.24603174603174,1023.0158730158719,24.951606658923705,0
919,4,1,0,44,0.022727272727272728,0.0,1.0,44,950,600,350,0.631578947368421,13,6,7,301.3670106376246,0.8252290345313601,0.1266617625034141,0.17500316166402088,130997.85175933807,-904.3138030675124,130093.53795627055,911,0,400.54545454545456,41,3,18,36.35960768162289,0.6216971544715446,44.07242063492064,1023.710317460318,24.96854432830044,0
920,4,0,0,44,0.0,0.0,1.0,44,1150,700,450,0.6086956521739131,16,7,9,306.4903069079462,0.822454193093728,0.12903729852020684,0.17892172975909373,131201.04762101633,-757.6301295981052,130443.41749141822,912,1,401.54545454545456,41,3,18,36.02399454504373,0.6237296747967478,43.87400793650795,1024.503968253971,24.987901664730998,0
921,4,0,0,44,0.0,0.0,1.0,44,900,600,300,0.6666666666666666,12,6,6,308.0264157909975,0.8211328400281889,0.12057115198451074,0.1801762669943946,131277.28666698182,-712.625582640442,130564.66108434138,913,2,402.54545454545456,41,3,18,35.90795417876733,0.624491869918699,43.799603174603185,1024.801587301589,24.995160665892417,0
922,4,0,0,44,0.0,0.0,1.0,44,1300,800,500,0.6153846153846154,18,8,10,309.6140454622313,0.8212429527836504,0.1224713684570955,0.18171588741526765,131406.26161882802,-662.9453063255435,130743.31631250247,914,3,403.54545454545456,40,4,18,35.73756070968383,0.62734375,43.673780487804876,1025.3048780487802,25.632621951219505,0
923,4,0,0,44,0.0,0.0,1.0,44,1050,600,450,0.5714285714285714,15,6,9,310.92879163548065,0.8206703664552502,0.12074159124679129,0.18323561888851012,131562.6045694528,-618.6796673606939,130943.9249020921,915,4,404.54545454545456,40,4,17,35.546681525507665,0.62890625,43.521341463414636,1025.914634146342,25.64786585365855,0
924,4,0,0,44,0.0,0.0,1.0,44,1250,900,350,0.72,16,9,7,311.63062444858315,0.8199876673713883,0.12443744374437404,0.18427806246666817,131692.9613655894,-592.0880428316398,131100.87332275778,916,5,405.54545454545456,40,4,17,35.39768976897689,0.6302083333333333,43.394308943089435,1026.4227642276433,25.66056910569108,0
925,4,0,0,44,0.0,0.0,1.0,44,1100,900,200,0.8181818181818182,13,9,4,311.51597416950847,0.8204721634954193,0.11934967249694162,0.1847158100357224,131797.2932778107,-588.6075583316876,131208.68571947902,917,6,406.54545454545456,40,4,17,35.29583993138033,0.6312500000000001,43.292682926829265,1026.829268292682,25.67073170731705,0
926,4,0,0,44,0.0,0.0,1.0,44,1000,400,600,0.4,16,4,12,313.573242773065,0.8189305849189571,0.12274705903514782,0.18644696105589048,131901.66650142102,-527.8333415956183,131373.8331598254,918,7,407.54545454545456,40,4,17,35.13821560480147,0.6322916666666667,43.1910569105691,1027.235772357723,25.680894308943074,0
927,4,0,0,44,0.0,0.0,1.0,44,950,700,250,0.7368421052631579,12,7,5,313.95892889881713,0.8182699083861875,0.12492469947222262,0.18706179906281284,131979.97352972734,-512.7417749025306,131467.2317548248,919,8,408.54545454545456,40,4,17,35.04969834833352,0.6330729166666668,43.11483739837397,1027.5406504065015,25.688516260162537,0
928,4,1,1,44,0.022222222222222223,0.022222222222222223,0.9777777777777777,45,1200,900,300,0.75,15,9,6,312.1022475934729,0.8180555555555556,0.12468266975159947,0.18789533454945395,132372.47973552832,-737.2503110040377,131635.2294245243,920,0,400.44444444444446,41,4,18,34.703778238375286,0.6354166666666667,42.73313492063492,1029.0674603174593,25.099206349206327,0
929,4,0,0,44,0.0,0.0,1.0,44,1050,700,350,0.6666666666666666,14,7,7,319.9060399134467,0.8162438336856942,0.14958549880728866,0.1796312738404751,129692.6239031828,-457.8748379253815,129234.74906525742,921,1,410.34090909090907,40,4,18,37.20422195616749,0.61015625,45.35060975609757,1018.5975609756111,25.46493902439028,6
930,4,0,1,43,0.0,0.022727272727272728,0.9772727272727273,44,1450,1200,250,0.8275862068965517,17,12,5,315.84532350215056,0.81553911205074,0.14980616209805264,0.17775601740770325,129781.98346757676,-601.7934893864992,129180.18997819026,922,2,411.34090909090907,41,3,18,37.217144549378524,0.6095020325203251,45.26289682539682,1018.948412698412,24.852400309717364,0
931,4,1,0,44,0.022727272727272728,0.0,1.0,44,1250,1000,250,0.8,15,10,5,318.35758300655584,0.8232029598308669,0.15551821719136916,0.18021563619534112,130009.52695893182,-522.0962459057595,129487.43071302606,923,0,408.1818181818182,41,3,20,36.922827496757456,0.6117886178861788,45.039682539682545,1019.8412698412706,24.87417731320172,0
932,4,1,0,45,0.022222222222222223,0.0,1.0,45,1050,900,150,0.8571428571428571,12,9,3,313.33575747241275,0.8282407407407408,0.15473283793347514,0.17888623244788662,130340.40584308299,-831.4459461930292,129508.95989688997,924,0,400.0888888888889,40,5,23,36.71646928078558,0.6166666666666666,44.715447154471555,1021.1382113821152,25.52845528455288,0
933,4,0,0,45,0.0,0.0,1.0,45,950,500,450,0.5263157894736842,14,5,9,315.33113234562876,0.8281144781144781,0.15780364070426733,0.18062814093849608,130470.15587819758,-771.7396019234482,129698.41627627413,925,1,401.0888888888889,40,5,23,36.534492191385674,0.61796875,44.588414634146346,1021.6463414634153,25.54115853658538,0
934,4,0,0,45,0.0,0.0,1.0,45,1000,700,300,0.7,13,7,6,315.44537391714596,0.82739898989899,0.16268602300222046,0.1811784195022693,130574.00238160152,-762.2069989754822,129811.79538262603,926,2,402.0888888888889,40,5,16,36.42674256736602,0.6190104166666668,44.48678861788618,1022.052845528455,25.551321138211375,0
935,4,0,2,43,0.0,0.044444444444444446,0.9555555555555556,45,1850,1300,550,0.7027027027027027,24,13,11,314.9491584686417,0.8268939393939394,0.16233346268270576,0.18157136048628417,130718.71456916105,-766.0501700680288,129952.66439909302,927,3,403.0888888888889,41,4,16,36.293412883197476,0.6189024390243902,44.345238095238095,1022.619047619048,24.94192799070849,0
936,4,1,1,43,0.022727272727272728,0.022727272727272728,0.9772727272727273,44,950,500,450,0.5263157894736842,14,5,9,315.32532017662464,0.8267485905567301,0.15827341378811965,0.18196295999183215,130755.83316808783,-553.8750082622712,130201.95815982556,928,0,402.3863636363636,40,4,16,36.246356650768405,0.6208333333333333,44.3089430894309,1022.7642276422769,25.569105691056922,0
937,4,0,1,42,0.0,0.023255813953488372,0.9767441860465116,43,1350,1000,350,0.7407407407407407,17,10,7,321.0462850462295,0.8197212993724621,0.16454262641390782,0.18501533334107476,130703.86860499729,-207.6017086390105,130496.26689635828,929,6,412.74418604651163,40,3,17,36.152521036241986,0.6203124999999998,44.35975609756099,1022.5609756097582,25.564024390243954,0
938,4,1,1,42,0.023255813953488372,0.023255813953488372,0.9767441860465116,43,1200,800,400,0.6666666666666666,16,8,8,326.26569983234447,0.8174603174603174,0.16018772793307567,0.18891140492305242,130885.7897601463,-59.291241159337204,130826.49851898696,930,0,413.5813953488372,40,3,17,35.83544377131131,0.6221354166666666,44.1819105691057,1023.272357723579,25.581808943089477,0
939,4,0,0,42,0.0,0.0,1.0,42,850,500,350,0.5882352941176471,12,5,7,334.56141765300106,0.8131533101045296,0.16742321737738797,0.1931251357986374,130768.1762695314,349.9972873264042,131118.1735568578,931,11,424.42857142857144,39,3,17,35.74203500016973,0.6225961538461537,44.29687500000001,1022.8125000000011,26.22596153846157,0
940,4,1,0,43,0.023255813953488372,0.0,1.0,43,750,500,250,0.6666666666666666,10,5,5,327.7534170238699,0.8156146179401993,0.16927629088693363,0.1906722534603068,131067.83743142316,-8.41368398439343,131059.42374743876,932,0,415.5348837209302,40,3,18,35.61371079793569,0.6239583333333333,44.00406504065041,1023.9837398373988,25.599593495934972,0
941,4,0,0,43,0.0,0.0,1.0,43,950,500,450,0.5263157894736842,14,5,9,326.76524313429064,0.8148763381321521,0.17008582502768532,0.190613058495003,131171.9214753124,-27.515037345487826,131144.4064379669,933,1,416.5348837209302,40,3,18,35.534060846560855,0.625,43.90243902439025,1024.3902439024396,25.60975609756099,0
942,4,0,0,43,0.0,0.0,1.0,43,1300,1100,200,0.8461538461538461,15,11,4,328.0412657470401,0.8142764857881136,0.1704903512130762,0.19161715186915734,131223.97898902764,9.37603278471778,131233.35502181237,934,2,417.5348837209302,40,3,18,35.448902334192965,0.6255208333333333,43.85162601626016,1024.593495934959,25.614837398373975,0
943,4,0,0,43,0.0,0.0,1.0,43,1250,1000,250,0.8,15,10,5,326.75112313800696,0.8153377630121816,0.1687332095790428,0.19125276127955912,131302.08462431436,-19.379275728722007,131282.70534858564,935,3,418.5348837209302,40,3,19,35.40323913402744,0.6263020833333333,43.775406504065046,1024.8983739837408,25.62245934959352,0
944,4,0,0,43,0.0,0.0,1.0,43,1200,800,400,0.6666666666666666,16,8,8,326.01171875,0.8123385012919896,0.16463662790697664,0.19177159926470588,131492.4391847469,-26.379615826571325,131466.05956892035,936,4,419.5348837209302,38,5,21,35.23046875,0.631578947368421,43.58974358974359,1025.6410256410259,26.990553306342786,0
945,4,0,1,42,0.0,0.023255813953488372,0.9767441860465116,43,1250,900,350,0.72,16,9,7,323.312759247973,0.8116463639719453,0.16623609312010412,0.1908677967164586,131629.4461451713,-88.50411370443808,131540.94203146687,937,5,420.5348837209302,38,5,16,35.16180808606628,0.6329495614035088,43.45619658119658,1026.1752136752136,27.004610886189834,0
946,4,0,0,42,0.0,0.0,1.0,42,1150,800,350,0.6956521739130435,15,8,7,331.55210139123113,0.8052893921796361,0.17625459930685916,0.19548412178435745,131581.12502164146,325.1997008695175,131906.32472251097,938,6,429.73809523809524,37,5,16,34.99908713619036,0.6342905405405403,43.50328947368422,1025.9868421052647,27.7293741109531,0
947,4,0,0,42,0.0,0.0,1.0,42,850,500,350,0.5882352941176471,12,5,7,328.36403112500557,0.8050474254742548,0.16746551707838164,0.1907692762141468,131015.81090124925,217.66869507015753,131233.4795963194,939,7,430.73809523809524,40,2,17,35.65056084971212,0.6234375,44.05487804878049,1023.780487804878,25.59451219512195,5
948,4,0,1,41,0.0,0.023809523809523808,0.9761904761904762,42,750,500,250,0.6666666666666666,10,5,5,331.396038775414,0.8054345722028649,0.17195032042193636,0.19279136759244084,131067.83743142328,287.0724271267329,131354.90985855,940,8,431.73809523809524,40,2,17,35.52046116183672,0.6239583333333333,44.00406504065042,1023.9837398373998,25.599593495934993,0
949,4,0,0,41,0.0,0.0,1.0,41,1400,1000,400,0.7142857142857143,18,10,8,333.0250637292496,0.8022865853658536,0.1666889884274072,0.19424486813247016,131168.01757812526,536.4474826389194,131704.46506076417,941,9,430.9756097560976,39,2,18,35.37768625855875,0.6266025641025641,43.906250000000014,1024.375000000002,26.266025641025692,0
950,4,0,0,41,0.0,0.0,1.0,41,1150,900,250,0.782608695652174,14,9,5,335.2677514069965,0.8020833333333334,0.1715871138583298,0.19596131138387585,131248.0590820315,600.6483289930857,131848.7074110246,942,10,431.9756097560976,39,2,18,35.23950814950359,0.627403846153846,43.828125000000014,1024.687500000002,26.274038461538513,0
951,4,0,0,41,0.0,0.0,1.0,41,750,600,150,0.8,9,6,3,333.4655297772488,0.7999491869918699,0.16795558199484395,0.19531552458381743,131328.12500000026,558.680555555585,131886.80555555585,943,11,432.9756097560976,39,2,19,35.20494579945801,0.6282051282051281,43.750000000000014,1025.000000000002,26.282051282051334,0
952,4,1,1,41,0.023809523809523808,0.023809523809523808,0.9761904761904762,42,1050,700,350,0.6666666666666666,14,7,7,325.8159166725797,0.806716995741386,0.15904611002650149,0.19240287289822902,131640.8109012496,178.13429506249298,131818.9451963121,944,0,423.64285714285717,40,2,15,35.086155674390945,0.6296874999999998,43.44512195121953,1026.2195121951247,25.655487804878117,0
953,4,1,0,42,0.023809523809523808,0.0,1.0,42,1100,700,400,0.6363636363636364,15,7,8,339.82087199601017,0.8072735191637631,0.178383551931939,0.19755887393882296,131041.8228753553,506.14930348998854,131547.9721788453,945,0,424.6190476190476,40,2,17,35.33105872622002,0.6236979166666667,44.02947154471545,1023.8821138211383,25.59705284552846,4
954,4,0,0,42,0.0,0.0,1.0,42,800,600,200,0.75,10,6,4,340.0198042488275,0.8068621757646148,0.17743977924569299,0.19807627671790104,131119.87428944427,516.670797805554,131636.54508724983,946,1,425.6190476190476,40,2,18,35.24715552027518,0.6244791666666667,43.95325203252033,1024.18699186992,25.604674796747997,0
955,4,0,0,42,0.0,0.0,1.0,42,800,400,400,0.5,12,4,8,344.2027852485086,0.8057975222609369,0.17539090779141087,0.20093737497237737,131201.0476210163,631.9532037352278,131833.00082475154,947,2,426.6190476190476,41,1,18,35.05807995222879,0.6237296747967478,43.87400793650795,1024.5039682539707,24.98790166473099,0
956,4,0,0,42,0.0,0.0,1.0,42,1200,1000,200,0.8333333333333334,14,10,4,345.3632097296579,0.8052893921796361,0.18099109562524163,0.20228416569879995,131328.1250000003,671.1805555555854,131999.30555555588,948,3,427.6190476190476,41,1,18,34.90006775067751,0.6249999999999998,43.750000000000014,1025.0000000000023,25.000000000000057,0
957,4,0,0,42,0.0,0.0,1.0,42,900,700,200,0.7777777777777778,11,7,4,342.97379941574786,0.8045634920634921,0.18327126667893845,0.2012950937932218,131406.26161882817,613.7809628858612,132020.04258171402,949,4,428.6190476190476,40,2,18,34.882462748207615,0.6273437499999999,43.67378048780488,1025.3048780487813,25.632621951219534,0
958,4,0,0,42,0.0,0.0,1.0,42,950,800,150,0.8421052631578947,11,8,3,346.2020117689832,0.8053619821912504,0.1808146282091203,0.20388349514563125,131536.54095611087,707.6430200277773,132244.18397613865,950,5,429.6190476190476,40,2,18,34.66828478964401,0.6286458333333333,43.54674796747968,1025.8130081300822,25.645325203252053,0
959,4,0,0,42,0.0,0.0,1.0,42,950,700,250,0.7368421052631579,12,7,5,345.92638001462075,0.8040311653116531,0.17999924541471546,0.20413902156678124,131614.73954202203,705.802081267776,132320.5416232898,951,6,430.6190476190476,40,2,17,34.596497309431854,0.6294270833333333,43.47052845528456,1026.1178861788626,25.652947154471565,0
960,4,0,0,42,0.0,0.0,1.0,42,1100,700,400,0.6363636363636364,15,7,8,349.24494754825383,0.8031600851722803,0.18322701204974523,0.20647361299052785,131684.26890432113,798.013117283967,132482.2820216051,952,7,431.6190476190476,41,1,17,34.44124943617502,0.6285569105691056,43.402777777777786,1026.38888888889,25.033875338753415,0
961,4,1,0,43,0.023255813953488372,0.0,1.0,43,1100,700,400,0.6363636363636364,15,7,8,343.7415914309468,0.8108157991878922,0.1870904353776104,0.20477729413111015,131974.50949462177,473.0255843999797,132447.53507902176,953,0,422.5581395348837,42,1,18,34.29012636740854,0.6299603174603174,43.12015503875969,1027.5193798449616,24.464747139165752,0
962,4,0,0,43,0.0,0.0,1.0,43,1300,1100,200,0.8461538461538461,15,11,4,343.0442543721141,0.8103543743078626,0.18395028702489613,0.2046303353133094,132024.29710504168,458.035311880292,132482.33241692197,954,1,423.5581395348837,42,1,18,34.25792790244516,0.6304563492063493,43.07170542635659,1027.713178294573,24.469361387966025,0
963,4,0,1,42,0.0,0.023255813953488372,0.9767441860465116,43,1200,800,400,0.6666666666666666,16,8,8,338.46907021174843,0.8098468069398301,0.18151018154086218,0.20269942286044418,132173.7162730604,347.3429706748294,132521.05924373522,955,2,424.5581395348837,42,1,18,34.225208883025516,0.6319444444444444,42.92635658914728,1028.2945736434099,24.4832041343669,0
964,4,0,0,42,0.0,0.0,1.0,42,850,500,350,0.5882352941176471,12,5,7,343.1483137548929,0.8077574525745257,0.19315691544345648,0.20547269047195046,132168.37841907592,670.671237244888,132839.0496563208,956,3,434.8333333333333,41,1,18,34.11028702363722,0.6333841463414634,42.93154761904761,1028.273809523809,25.079849012775828,0
965,4,0,0,42,0.0,0.0,1.0,42,1100,900,200,0.8181818181818182,13,9,4,343.26383733139437,0.8064508323654666,0.19194347620425356,0.20609743655409535,132270.4093935027,680.7296587616433,132951.13905226433,957,4,435.8333333333333,41,1,18,34.0047055325168,0.6344004065040652,42.832341269841265,1028.6706349206343,25.08952768099108,0
966,4,0,1,41,0.0,0.023809523809523808,0.9761904761904762,42,1000,800,200,0.8,12,8,4,346.70979999104657,0.8048296554394115,0.20014507924264957,0.20858898175795437,132346.95845930962,777.1974993701157,133124.15595867974,958,5,436.8333333333333,41,1,18,33.839102069674766,0.6351626016260162,42.757936507936506,1028.9682539682537,25.09678668215253,0
967,4,0,0,41,0.0,0.0,1.0,41,700,400,300,0.5714285714285714,10,4,6,350.19141083491587,0.8050813008130081,0.19497738788511065,0.2103850238505551,132293.43401951555,1065.6048606980028,133359.03888021354,959,6,436.4878048780488,40,1,18,33.803385030787965,0.6361979166666667,42.8099593495935,1028.7601626016265,25.71900406504066,0
968,4,0,0,41,0.0,0.0,1.0,41,1050,600,450,0.5714285714285714,15,6,9,351.07009297363214,0.8045731707317073,0.1938644986449869,0.21120526983707813,132345.71358194525,1092.5243943750406,133438.2379763203,960,7,437.4878048780488,40,1,18,33.72818930041152,0.63671875,42.75914634146341,1028.9634146341461,25.724085365853654,0
969,4,0,0,41,0.0,0.0,1.0,41,950,700,250,0.7368421052631579,12,7,5,350.5504629403966,0.8033028455284553,0.19683825483817885,0.21149365750975083,132452.98603121119,1086.3117699101522,133539.29780112134,961,8,438.4878048780488,38,3,18,33.63367064521708,0.6411732456140351,42.65491452991453,1029.3803418803418,27.088956365272153,0
970,4,0,0,41,0.0,0.0,1.0,41,800,500,300,0.625,11,5,6,350.4055783892362,0.8028455284552846,0.19654922840990174,0.21187007305617683,132535.48127145885,1088.2343944042636,133623.7156658631,962,9,439.4878048780488,38,3,18,33.55446323580273,0.6419956140350876,42.574786324786324,1029.7008547008547,27.097390913180387,0
971,4,0,0,41,0.0,0.0,1.0,41,1200,800,400,0.6666666666666666,16,8,8,350.3591179768091,0.8009654471544716,0.20193803949675448,0.21313688154785962,132764.32188388193,1103.0381428052074,133867.36002668715,963,10,440.4878048780488,40,1,15,33.32573217631397,0.6408854166666667,42.35264227642276,1030.5894308943089,25.76473577235772,0
972,4,0,0,41,0.0,0.0,1.0,41,1000,400,600,0.4,16,4,12,368.9639292956818,0.8001524390243903,0.21641654929220633,0.22147036853234606,132260.5970121998,1563.6424132202535,133824.23942542006,964,11,441.4878048780488,38,3,18,33.35367331394545,0.6392543859649121,42.841880341880355,1028.6324786324806,27.06927575348633,2
973,4,0,1,40,0.0,0.024390243902439025,0.975609756097561,41,1150,800,350,0.6956521739130435,15,8,7,367.2401701448008,0.798729674796748,0.21337241176822097,0.22140548986186584,132426.21678064435,1526.516615645213,133952.73339628955,965,12,442.4878048780488,37,4,18,33.23113081921808,0.6427364864864863,42.6809210526316,1029.2763157894763,27.81827880512098,0
974,4,2,1,41,0.047619047619047616,0.023809523809523808,0.9761904761904762,42,1750,1400,350,0.8,21,14,7,361.2747140000338,0.80238579171506,0.22375818784028567,0.21988751835699247,132783.1210849042,1194.2368187961442,133977.35790370035,966,0,432.42857142857144,38,4,19,33.02559517639336,0.6444627192982454,42.334401709401725,1030.6623931623953,27.12269455690514,0
975,4,0,0,41,0.0,0.0,1.0,41,1400,1000,400,0.7142857142857143,18,10,8,366.58309175109633,0.7936483739837399,0.2262164624413079,0.22267493944311947,132708.51518015188,1529.739559287499,134238.25473943938,967,1,443.9756097560976,37,4,19,32.96386701429533,0.6455518018018016,42.40679824561405,1030.3728070175462,27.847913703176925,0
976,4,1,1,41,0.023809523809523808,0.023809523809523808,0.9761904761904762,42,1050,700,350,0.6666666666666666,14,7,7,358.5046494815491,0.7944008904374757,0.2206708208323711,0.2197172059693854,133042.0138888892,1139.2361111111445,134181.25000000035,968,0,434.3809523809524,39,3,19,32.83690091545505,0.6452991452991451,42.08333333333335,1031.6666666666692,26.45299145299152,0
977,4,0,0,41,0.0,0.0,1.0,41,1100,800,300,0.7272727272727273,14,8,6,365.2157209199762,0.7922764227642276,0.22611583280893388,0.22294098182154945,132893.25741699568,1506.94136259043,134400.19877958612,969,3,445.9756097560976,38,3,19,32.81330950160607,0.6455592105263156,42.227564102564116,1031.0897435897457,27.13394062078278,0
978,4,0,1,40,0.0,0.024390243902439025,0.975609756097561,41,1200,1000,200,0.8333333333333334,14,10,4,361.28060682047305,0.7920223577235772,0.2247348654588912,0.21848874793428605,132542.9145361577,1379.5537661441986,133922.46830230192,970,4,446.9756097560976,36,5,20,33.26703302712162,0.6458333333333335,42.567567567567565,1029.7297297297291,28.603603603603588,1
979,4,1,1,40,0.024390243902439025,0.024390243902439025,0.975609756097561,41,900,400,500,0.4444444444444444,14,4,10,352.1578793116024,0.7950711382113821,0.2283273518978408,0.2142350749287864,132765.0109288435,1150.8489390966488,133915.85986794013,971,0,445.0243902439024,37,4,18,33.2786954285917,0.6461148648648649,42.35197368421053,1030.592105263158,27.853840682788054,0
980,4,0,0,40,0.0,0.0,1.0,40,1200,700,500,0.5833333333333334,17,7,10,376.85912595126706,0.7875267094017094,0.1439475987309924,0.22738411025218055,132455.95838659615,2007.3068457696581,134463.2652323658,972,6,457.15,36,4,21,32.953633811034535,0.6449652777777778,42.65202702702703,1029.3918918918926,28.594219219219237,5
981,4,0,0,40,0.0,0.0,1.0,40,600,500,100,0.8333333333333334,7,5,2,379.6184830023979,0.7854433760683761,0.1535378390201223,0.22957879686335506,132542.91453615788,2063.1480297865523,134606.06256594445,973,7,458.15,36,4,21,32.79495662000583,0.6458333333333334,42.56756756756757,1029.7297297297305,28.603603603603624,0
982,4,0,0,40,0.0,0.0,1.0,40,950,700,250,0.7368421052631579,12,7,5,376.7051867777478,0.7833867521367521,0.1575355191256833,0.22887466527333294,132716.9124360848,1999.029857560271,134715.94229364506,974,8,459.15,36,4,19,32.69467213114755,0.6475694444444444,42.39864864864865,1030.4054054054059,28.622372372372386,0
983,4,0,0,40,0.0,0.0,1.0,40,1250,800,450,0.64,17,8,9,376.6550547763086,0.7816773504273504,0.15453899934454896,0.2295539528243893,132832.97444403855,2006.4422530638628,134839.41669710242,975,9,460.15,36,4,19,32.57910931468939,0.6487268518518519,42.28603603603603,1030.8558558558552,28.63488488488487,0
984,4,0,0,40,0.0,0.0,1.0,40,1200,800,400,0.6666666666666666,16,8,8,374.8395816250644,0.7802884615384615,0.15832969432314403,0.22951407538005286,133007.16256797337,1971.2698340232141,134978.43240199657,976,10,461.15,36,4,19,32.4506459243086,0.650462962962963,42.11711711711712,1031.5315315315315,28.653653653653652,0
985,4,0,0,40,0.0,0.0,1.0,40,1350,1000,350,0.7407407407407407,17,10,7,372.11410621499664,0.7785790598290598,0.15196271114416238,0.22878576628359001,133160.81781173043,1910.2037405740105,135071.02155230445,977,11,462.15,37,3,19,32.36647455646446,0.6500563063063063,41.96820175438596,1032.1271929824554,27.895329540066363,0
986,4,0,0,40,0.0,0.0,1.0,40,1150,800,350,0.6956521739130435,15,8,7,370.8116532499047,0.7774839743589743,0.14911046202867784,0.2283317014615989,133217.40974386327,1879.7135897583646,135097.12333362162,978,12,463.15,37,3,19,32.343224464506996,0.6506193693693694,41.913377192982445,1032.3464912280685,27.901256519677528,0
987,4,0,1,39,0.0,0.025,0.975,40,650,500,150,0.7692307692307693,8,5,3,370.70868077629007,0.7768963675213675,0.15006635523941014,0.22896426650700785,133330.62967691955,1885.3643669205624,135215.9940438401,979,13,464.15,37,3,20,32.23216813532929,0.6517454954954955,41.803728070175424,1032.7850877192961,27.913110478899895,0
988,4,0,0,39,0.0,0.0,1.0,39,1050,700,350,0.6666666666666666,14,7,7,376.537496932042,0.7750787224471435,0.1583363389055248,0.23254042992348525,133326.8038942658,2240.508202459207,135567.31209672499,980,14,470.3333333333333,36,3,22,32.085514120597544,0.6536458333333335,41.80743243243243,1032.7702702702695,28.68806306306304,0
989,4,0,0,39,0.0,0.0,1.0,39,950,600,350,0.631578947368421,13,6,7,373.26034291182924,0.7737854251012146,0.1520014757424828,0.23105873049076373,133414.04537983923,2159.634465546619,135573.67984538584,981,15,471.3333333333333,36,3,22,32.08251580553739,0.654513888888889,41.72297297297297,1033.1081081081074,28.69744744744743,0
990,4,0,0,39,0.0,0.0,1.0,39,800,500,300,0.625,11,5,6,375.26014568158126,0.7743477282950968,0.15529363110008232,0.23266129032258065,133472.22222222234,2217.38647431216,135689.6086965345,982,16,472.3333333333333,34,5,22,31.972446236559126,0.6593137254901961,41.66666666666667,1033.3333333333344,30.39215686274513,0
991,4,0,0,39,0.0,0.0,1.0,39,1150,800,350,0.6956521739130435,15,8,7,388.6789578946531,0.7738416554206028,0.17267975289688198,0.23060269466762146,131819.1518165125,2447.0661117198324,134266.21792823233,983,17,473.3333333333333,36,3,17,33.29289578535657,0.638599537037037,43.2713963963964,1026.9144144144148,28.52540040040041,4
992,4,1,0,40,0.025,0.0,1.0,40,1100,900,200,0.8181818181818182,13,9,4,379.81607170982886,0.7800747863247863,0.17108658562593337,0.22745307282852958,132172.40521121878,2040.240747152959,134212.64595837175,984,0,462.475,37,3,18,33.16360986706476,0.6402027027027027,42.92763157894736,1028.28947368421,27.79160739687054,0
993,4,0,1,39,0.0,0.025,0.975,40,700,300,400,0.42857142857142855,11,3,8,376.09584630301856,0.7794871794871795,0.16423470475378377,0.2258982861725301,132285.18029586028,1950.3813673437958,134235.56166320408,985,1,463.475,37,3,18,33.145473601932764,0.6413288288288288,42.81798245614035,1028.7280701754387,27.80346135609294,0
994,4,0,1,38,0.0,0.02564102564102564,0.9743589743589743,39,900,700,200,0.7777777777777778,11,7,4,380.8174719590478,0.7727732793522267,0.1756589878306165,0.22889134367222796,132311.0948786626,2277.2753327652176,134588.37021142783,986,2,475.87179487179486,36,3,18,32.99789295096323,0.6435185185185185,42.7927927927928,1028.8288288288302,28.578578578578615,0
995,4,1,1,38,0.02564102564102564,0.02564102564102564,0.9743589743589743,39,700,500,200,0.7142857142857143,9,5,4,370.01453507280377,0.7783963112910481,0.1585409126392734,0.2242526801596077,132623.7941001078,2014.546302708532,134638.34040281633,987,0,454.3076923076923,37,2,18,32.96075509190263,0.6447072072072071,42.4890350877193,1030.0438596491233,27.839023233760088,0
996,4,0,0,38,0.0,0.0,1.0,38,600,400,200,0.6666666666666666,8,4,4,376.2825747433485,0.7697664770033191,0.16495563202780605,0.22791261116573966,132600.90115453303,2379.0816999432004,134979.98285447623,988,4,467.2631578947368,36,2,18,32.822408703258255,0.646412037037037,42.51126126126127,1029.9549549549558,28.609859859859885,0
997,4,0,0,38,0.0,0.0,1.0,38,1050,700,350,0.6666666666666666,14,7,7,374.0889247215501,0.769825746799431,0.16077653149266613,0.22728510366548388,132716.91243608494,2329.5854131158408,135046.49784920076,989,5,468.2631578947368,36,2,17,32.762067395264125,0.6475694444444444,42.39864864864866,1030.405405405407,28.622372372372418,0
998,4,0,0,38,0.0,0.0,1.0,38,1400,1000,400,0.7142857142857143,18,10,8,373.5325501848126,0.7682550972024657,0.16116733037966657,0.2285360472373215,132978.12328798414,2334.3315021102408,135312.45479009437,990,6,469.2631578947368,36,2,17,32.51355679295412,0.650173611111111,42.14527027027028,1031.4189189189206,28.65052552552557,0
999,4,0,0,38,0.0,0.0,1.0,38,950,500,450,0.5263157894736842,14,5,9,374.329883983959,0.7692923186344239,0.16538397002069471,0.22962478541649634,133075.95245652506,2362.8611688211713,135438.81362534623,991,7,470.2631578947368,37,1,17,32.394615657102364,0.6492117117117117,42.050438596491226,1031.7982456140348,27.88643907064959,0
1000,4,0,0,38,0.0,0.0,1.0,38,1350,1000,350,0.7407407407407407,17,10,7,373.4223861157386,0.7692923186344239,0.17085974975680074,0.2297645975747426,133189.11227493064,2347.159222068318,135536.27149699896,992,8,471.2631578947368,37,1,17,32.30428085829615,0.6503378378378378,41.940789473684205,1032.2368421052624,27.898293029871958,0
1001,4,0,0,38,0.0,0.0,1.0,38,1200,1000,200,0.8333333333333334,14,10,4,365.77909403581845,0.7686699857752489,0.17004134540172067,0.22609180221899017,133358.94217451525,2155.9826100338587,135514.9247845491,993,9,472.2631578947368,37,1,17,32.331033262561924,0.652027027027027,41.776315789473685,1032.8947368421054,27.916073968705554,0
1002,4,0,0,38,0.0,0.0,1.0,38,1100,600,500,0.5454545454545454,16,6,10,367.0744022502314,0.7681661925082978,0.03324739760677087,0.22313174339030922,132735.1473922902,2216.427709703454,134951.57510199366,994,10,473.2631578947368,34,4,16,32.924416589648786,0.6519607843137255,42.38095238095238,1030.4761904761904,30.308123249299715,8
1003,4,0,0,38,0.0,0.0,1.0,38,750,500,250,0.6666666666666666,10,5,5,365.0624217670535,0.7681958274063537,0.033915359034064396,0.2220903292506943,132765.8180980725,2093.562216553285,134859.38031462577,995,11,474.2631578947368,34,4,16,32.94540063917446,0.6522671568627452,42.351190476190474,1030.5952380952376,30.31162464985993,0
1004,4,0,1,37,0.0,0.02631578947368421,0.9736842105263158,38,950,400,550,0.42105263157894735,15,4,11,361.1800114929886,0.7668918918918919,0.027318122175243875,0.22099319347282842,132980.6122448978,2005.9878117913609,134986.60005668917,996,12,475.2631578947368,34,4,17,32.82957256078792,0.6544117647058825,42.14285714285713,1031.4285714285702,30.336134453781476,0
1005,4,1,0,38,0.02631578947368421,0.0,1.0,38,850,500,350,0.5882352941176471,12,5,7,354.40099622338107,0.7664473684210527,0.06003764727487648,0.21886946372825775,133326.80389426582,1850.2304246814292,135177.03431894723,997,0,473.2894736842105,36,2,18,32.65706211609057,0.6536458333333335,41.80743243243243,1032.7702702702697,28.688063063063048,0
1006,4,0,0,38,0.0,0.0,1.0,38,950,500,450,0.5263157894736842,14,5,9,356.3435000260687,0.7664770033191086,0.05737610868243226,0.22058672531978105,133414.04537983934,1908.245576657744,135322.29095649708,998,1,474.2894736842105,36,2,18,32.51943899425914,0.6545138888888888,41.722972972972975,1033.1081081081084,28.697447447447455,0
1007,4,0,0,38,0.0,0.0,1.0,38,1350,900,450,0.6666666666666666,18,9,9,355.73931549335396,0.7647581792318634,0.0499177907819599,0.22109309858532675,133561.93636670534,1902.6590454122534,135464.5954121176,999,2,475.2894736842105,35,3,20,32.386840779308024,0.6580357142857143,41.579861111111114,1033.680555555556,29.533730158730176,0
1008,4,0,0,38,0.0,0.0,1.0,38,850,500,350,0.5882352941176471,12,5,7,354.27876334851396,0.7643432906590801,0.04598855809623714,0.22054161623639562,133621.76254125952,1867.8705579132509,135489.63309917276,1000,3,476.2894736842105,35,3,21,32.36466379342514,0.6586309523809523,41.52199074074075,1033.9120370370379,29.54034391534394,0
1009,4,0,0,38,0.0,0.0,1.0,38,1050,900,150,0.8571428571428571,12,9,3,352.5077162658321,0.7622984826932195,0.044338689157988886,0.21997269221728197,133711.52692043904,1826.8689986282677,135538.3959190673,1001,4,477.2894736842105,35,3,16,32.32057594747835,0.6595238095238094,41.43518518518519,1034.25925925926,29.550264550264572,0
1010,4,0,0,38,0.0,0.0,1.0,38,750,400,350,0.5333333333333333,11,4,7,353.89944106755524,0.7623281175912755,0.04820096443143873,0.22137908353414096,133801.3214404363,1870.4425743741353,135671.76401481044,1002,5,478.2894736842105,35,3,16,32.194713241600475,0.6604166666666667,41.348379629629626,1034.6064814814808,29.560185185185166,0
1011,4,0,1,37,0.0,0.02631578947368421,0.9736842105263158,38,650,400,250,0.6153846153846154,9,4,5,354.5637339393298,0.7615279753437648,0.04766628011702423,0.2221551748529467,133861.20119866685,1892.4654653206453,135753.6666639875,1003,6,479.2894736842105,35,3,16,32.1176089550013,0.6610119047619047,41.29050925925926,1034.837962962963,29.566798941798943,0
1012,4,0,0,37,0.0,0.0,1.0,37,750,300,450,0.4,12,3,9,370.83350902344387,0.7566941941941941,0.10981923481923483,0.21964753996004022,131755.5555555558,2383.532798568278,134139.08835412408,1004,7,492.72972972972974,34,3,17,33.81527326839829,0.6421568627450979,43.33333333333335,1026.6666666666688,30.196078431372612,4
1013,4,0,1,36,0.0,0.02702702702702703,0.972972972972973,37,1400,800,600,0.5714285714285714,20,8,12,371.5783014599157,0.7551926926926927,0.11540509223012108,0.22115315459303966,131938.95266439923,2405.130385487544,134344.08304988677,1005,8,493.72972972972974,34,3,17,33.610950173812284,0.6439950980392156,43.15476190476191,1027.3809523809534,30.217086834733923,0
1014,4,0,0,36,0.0,0.0,1.0,36,750,500,250,0.6666666666666666,10,5,5,382.0256207244204,0.7537037037037038,0.10522407849376836,0.22672625365939408,131831.05656478286,2872.5682429834787,134703.62480776635,1006,9,482.22222222222223,33,3,17,33.45167064439139,0.6452020202020201,43.25980392156863,1026.9607843137262,31.120023767082614,0
1015,4,0,0,36,0.0,0.0,1.0,36,700,500,200,0.7142857142857143,9,5,4,383.6532374625815,0.7542328042328043,0.1069686364961957,0.22806960541924526,131893.9905925605,2920.311298539017,134814.30189109952,1007,10,483.22222222222223,33,3,17,33.34625785413187,0.6458333333333334,43.1985294117647,1027.2058823529408,31.127450980392144,0
1016,4,0,0,36,0.0,0.0,1.0,36,750,600,150,0.8,9,6,3,382.3997832401544,0.753670634920635,0.10046047836745542,0.2278907023787275,131988.419793469,2894.468623846617,134882.8884173156,1008,11,484.22222222222223,33,3,17,33.28302027429935,0.646780303030303,43.10661764705883,1027.5735294117658,31.13859180035654,0
1017,4,0,0,36,0.0,0.0,1.0,36,650,200,450,0.3076923076923077,11,2,9,382.37289276480743,0.7525132275132276,0.09395697557357074,0.2284432923441031,132082.88278546729,2900.9827950788317,134983.86558054612,1009,12,485.22222222222223,33,3,17,33.18828485137498,0.6477272727272727,43.01470588235295,1027.9411764705894,31.14973262032089,0
1018,4,0,0,36,0.0,0.0,1.0,36,1550,1100,450,0.7096774193548387,20,11,9,384.95182827503425,0.7541005291005292,0.09873328189300423,0.2309710969650205,132244.89795918367,2981.5830498866158,135226.4810090703,1010,13,486.22222222222223,34,2,17,32.95838155864197,0.6470588235294117,42.857142857142854,1028.5714285714284,30.25210084033613,0
1019,4,0,0,36,0.0,0.0,1.0,36,1150,900,250,0.782608695652174,14,9,5,379.38998325667626,0.7550595238095239,0.09612962106020917,0.22837374758152562,132367.37528344663,2843.771258503393,135211.14654195003,1011,14,487.22222222222223,34,2,18,32.97783626407528,0.6482843137254901,42.738095238095234,1029.0476190476184,30.266106442577012,0
1020,4,0,0,36,0.0,0.0,1.0,36,850,600,250,0.7058823529411765,11,6,5,382.45447198623293,0.7539351851851852,0.09797722774822049,0.23059284273312197,132428.63520408154,2929.5847505668844,135358.21995464843,1012,15,488.22222222222223,34,2,18,32.83719831906855,0.6488970588235294,42.67857142857142,1029.2857142857135,30.27310924369746,0
1021,4,0,0,36,0.0,0.0,1.0,36,500,400,100,0.8,6,4,2,383.47969052920257,0.7538690476190477,0.09935044909602553,0.2313990847177958,132459.27047902485,2959.0880102040715,135418.35848922894,1013,16,489.22222222222223,34,2,18,32.779914035696386,0.649203431372549,42.64880952380952,1029.4047619047612,30.276610644257683,0
1022,4,0,1,35,0.0,0.027777777777777776,0.9722222222222222,36,1000,700,300,0.7,13,7,6,380.2321741432661,0.7506613756613757,0.09771974424158425,0.23075240077390047,132673.81660997716,2889.370748299304,135563.18735827645,1014,17,490.22222222222223,34,2,17,32.64723441953625,0.6513480392156863,42.44047619047618,1030.238095238094,30.301120448179237,0
1023,4,0,0,35,0.0,0.0,1.0,35,900,700,200,0.7777777777777778,11,7,4,383.60995332690374,0.7532913165266106,0.08319227762482573,0.2326569457190442,132650.37035034603,3177.2004757785435,135827.57082612457,1015,18,477.1142857142857,33,2,17,32.58386866523911,0.6534090909090909,42.463235294117645,1030.1470588235293,31.216577540106947,0
1024,4,0,0,35,0.0,0.0,1.0,35,900,600,300,0.6666666666666666,12,6,6,382.50313524610453,0.7521708683473389,0.08765075590283655,0.23276782687552372,132776.64389898113,3157.4965157631596,135934.1404147443,1016,19,478.1142857142857,33,2,17,32.48513674197383,0.6546717171717171,42.3406862745098,1030.6372549019604,31.231431966726074,0
1025,4,0,0,35,0.0,0.0,1.0,35,850,700,150,0.8235294117647058,10,7,3,382.8712870615512,0.75203081232493,0.0867604102982138,0.23338501933056297,132839.80320069205,3172.10928489043,136011.9124855825,1017,20,479.1142857142857,33,2,17,32.41203043271517,0.6553030303030303,42.279411764705884,1030.8823529411766,31.238859180035654,0
1026,4,0,0,35,0.0,0.0,1.0,35,1000,700,300,0.7,13,7,6,379.57077953996736,0.7512605042016807,0.08867463335143944,0.23215608143956148,132966.16685890043,3094.0143214148397,136060.18118031527,1018,21,480.1142857142857,33,2,17,32.36989068441065,0.6565656565656566,42.15686274509804,1031.3725490196077,31.25371360665478,0
1027,4,0,0,35,0.0,0.0,1.0,35,1000,800,200,0.8,12,8,4,377.6480782661734,0.7524509803921569,0.09045526275601157,0.23156731033670158,133060.97902549495,3050.0446042387507,136111.0236297337,1019,22,481.1142857142857,33,2,18,32.32408342241756,0.6575126262626263,42.064950980392155,1031.740196078431,31.26485442661912,0
1028,4,0,0,35,0.0,0.0,1.0,35,700,400,300,0.5714285714285714,10,4,6,377.18780897350337,0.7530112044817927,0.09556381155953653,0.2316775010478388,133124.20590938575,3042.5655096597397,136166.7714190455,1020,23,482.1142857142857,33,2,18,32.272369671060446,0.6581439393939394,42.00367647058823,1031.9852941176466,31.272281639928686,0
1029,4,0,0,35,0.0,0.0,1.0,35,700,500,200,0.7142857142857143,9,5,4,376.5494989046506,0.7507703081232493,0.09427520385156551,0.23246759174135462,133313.9766706315,3039.8622224625165,136353.838893094,1021,24,483.1142857142857,33,2,18,32.098092440963576,0.6600378787878787,41.81985294117647,1032.7205882352941,31.2945632798574,0
1030,4,0,0,35,0.0,0.0,1.0,35,900,600,300,0.6666666666666666,12,6,6,376.5494989046506,0.7507703081232493,0.09427520385156551,0.23246759174135462,133313.9766706315,3039.8622224625165,136353.838893094,1022,25,484.1142857142857,33,2,18,32.098092440963576,0.6600378787878787,41.81985294117647,1032.7205882352941,31.2945632798574,0
1031,4,1,1,35,0.027777777777777776,0.027777777777777776,0.9722222222222222,36,1200,800,400,0.6666666666666666,16,8,8,367.2378494401628,0.7558531746031747,0.0835956594622953,0.22825527893263647,133564.5000708616,2609.987953514733,136174.48802437633,1023,0,471.6388888888889,34,2,18,32.08712426580674,0.6602328431372548,41.57738095238095,1033.6904761904757,30.402661064425757,0
1032,4,0,0,35,0.0,0.0,1.0,35,600,400,200,0.6666666666666666,8,4,4,373.9762440606951,0.7483893557422968,0.08396902587390076,0.23166742936632767,133440.56560277296,2980.7203058919613,136421.28590866493,1024,27,486.1142857142857,33,2,19,32.03739671055232,0.661300505050505,41.697303921568626,1033.2107843137253,31.309417706476523,0
1033,4,0,0,35,0.0,0.0,1.0,35,650,300,350,0.46153846153846156,10,3,7,377.47154051807297,0.7482492997198879,0.07975879941732456,0.2344326194940668,133535.54672481734,3081.1737072279825,136616.72043204532,1025,28,487.1142857142857,33,2,19,31.8517310884515,0.6622474747474747,41.60539215686274,1033.5784313725487,31.32055852644087,0
1034,4,1,1,35,0.027777777777777776,0.027777777777777776,0.9722222222222222,36,900,500,400,0.5555555555555556,13,5,8,370.21646485417466,0.7531415343915344,0.06985505579201634,0.23203256877990902,133872.32320011323,2712.3476473922765,136584.6708475055,1026,0,474.55555555555554,34,2,17,31.70151271137696,0.663296568627451,41.2797619047619,1034.8809523809514,30.437675070027982,0
1035,4,0,0,35,0.0,0.0,1.0,35,1100,800,300,0.7272727272727273,14,8,6,382.6587440500816,0.7474789915966386,0.08381223136020566,0.23928926794598415,133788.99491781997,3239.1057525951396,137028.10067041512,1027,30,489.1142857142857,33,2,17,31.46321961620468,0.6647727272727273,41.36029411764705,1034.558823529411,31.35026737967912,0
1036,4,0,0,35,0.0,0.0,1.0,35,1250,900,350,0.72,16,9,7,388.61674491713256,0.7474789915966386,0.11728468190972641,0.24280636149855778,133757.30075271532,3396.065365484428,137153.36611819974,1028,31,490.1142857142857,33,2,16,31.340949926943885,0.6644570707070707,41.39093137254902,1034.436274509804,31.346553773024365,1
1037,4,0,0,35,0.0,0.0,1.0,35,800,600,200,0.75,10,6,4,383.8694355319009,0.7458683473389355,0.11365643237756928,0.24066647238804026,133884.09994052767,3278.80277417339,137162.90271470105,1029,32,491.1142857142857,33,2,16,31.33646635089796,0.665719696969697,41.268382352941174,1034.9264705882351,31.36140819964349,0
1038,4,0,0,35,0.0,0.0,1.0,35,600,500,100,0.8333333333333334,7,5,2,388.5535037878787,0.7441176470588234,0.12117153679653692,0.244233630952381,133979.2387543253,3411.6205305651742,137390.8592848905,1030,33,492.1142857142857,33,2,16,31.119791666666682,0.6666666666666666,41.1764705882353,1035.2941176470592,31.372549019607856,0
1039,4,0,0,35,0.0,0.0,1.0,35,900,600,300,0.6666666666666666,12,6,6,388.5535037878787,0.7441176470588234,0.12117153679653692,0.244233630952381,133979.2387543253,3411.6205305651742,137390.8592848905,1031,34,493.1142857142857,33,2,16,31.119791666666682,0.6666666666666666,41.1764705882353,1035.2941176470592,31.372549019607856,0
1040,4,0,0,35,0.0,0.0,1.0,35,1050,700,350,0.6666666666666666,14,7,7,388.61051214921264,0.7449579831932772,0.11327822573828983,0.24490286638128259,134074.41135921294,3420.545132881602,137494.95649209456,1032,35,494.1142857142857,33,2,17,31.022832603636655,0.6676136363636362,41.08455882352942,1035.6617647058833,31.383689839572224,0
1041,4,0,0,35,0.0,0.0,1.0,35,750,300,450,0.4,12,3,9,386.1381840574482,0.7429971988795517,0.10863630220300036,0.24440003625672013,134233.10745866975,3366.5056708958064,137599.61312956555,1033,36,495.1142857142857,33,2,18,30.927743614001884,0.6691919191919191,40.931372549019606,1036.2745098039215,31.402257872846107,0
1042,4,0,0,35,0.0,0.0,1.0,35,1000,800,200,0.8,12,8,4,383.4068261712747,0.742016806722689,0.10019587977034794,0.24351514635202567,134360.13192041515,3302.9183487120263,137663.05026912718,1034,37,496.1142857142857,33,2,18,30.871256895193053,0.6704545454545454,40.80882352941176,1036.7647058823525,31.417112299465227,0
1043,4,0,0,35,0.0,0.0,1.0,35,1000,900,100,0.9,11,9,2,384.0830873138639,0.74187675070028,0.09884863423034096,0.24436925449999372,134423.6666786812,3325.971381199529,137749.63805988073,1035,38,497.1142857142857,33,2,18,30.790100842984323,0.6710858585858586,40.74754901960784,1037.0098039215682,31.424539512774793,0
1044,4,0,0,35,0.0,0.0,1.0,35,850,600,250,0.7058823529411765,11,6,5,385.042309740174,0.7408263305322128,0.0986497434512561,0.2454064841597013,134487.21645520953,3356.653690888123,137843.87014609764,1036,39,498.1142857142857,33,2,18,30.70159892879647,0.6717171717171717,40.68627450980392,1037.2549019607843,31.431966726084372,0
1045,4,0,0,35,0.0,0.0,1.0,35,1000,700,300,0.7,13,7,6,389.36067683155403,0.7387955182072828,0.098841151763575,0.24924380741394056,134646.1566014274,3485.1837334198513,138131.34033484728,1037,40,499.1142857142857,33,2,19,30.430466997284213,0.6732954545454545,40.53308823529412,1037.8676470588243,31.450534759358312,0
1046,4,0,0,35,0.0,0.0,1.0,35,600,500,100,0.8333333333333334,7,5,2,389.36067683155403,0.7387955182072828,0.098841151763575,0.24924380741394056,134646.1566014274,3485.1837334198513,138131.34033484728,1038,41,500.1142857142857,33,2,19,30.430466997284213,0.6732954545454545,40.53308823529412,1037.8676470588243,31.450534759358312,0
1047,4,0,0,35,0.0,0.0,1.0,35,800,500,300,0.625,11,5,6,389.53471300787874,0.7386554621848739,0.10368821356898317,0.24979171490459826,134709.75894187338,3494.8254577566418,138204.58439963002,1039,42,501.1142857142857,33,2,19,30.362289969700555,0.6739267676767677,40.4718137254902,1038.1127450980398,31.457961972667874,0
1048,4,0,0,35,0.0,0.0,1.0,35,950,700,250,0.7368421052631579,12,7,5,388.47764986381947,0.7394957983193277,0.10283017277707529,0.24998846488958765,134837.00867755184,3476.23284914455,138313.2415266964,1040,43,502.1142857142857,33,2,17,30.262413962635193,0.675189393939394,40.34926470588235,1038.60294117647,31.47281639928697,0
1049,4,0,0,35,0.0,0.0,1.0,35,1300,800,500,0.6153846153846154,18,8,10,388.9891299833466,0.7386554621848739,0.10144507696971772,0.2518630382075378,135059.84026576314,3507.3619521337914,138567.20221789693,1041,44,503.1142857142857,33,2,17,30.02633026801855,0.6773989898989898,40.134803921568626,1039.4607843137253,31.498811645870465,0
1050,4,0,0,35,0.0,0.0,1.0,35,1400,1000,400,0.7142857142857143,18,10,8,387.27324481558287,0.7380252100840335,0.11010452961672468,0.2518611516283413,135219.11832288068,3473.349342800851,138692.46766568153,1042,45,504.1142857142857,33,2,17,29.911801382506574,0.6789772727272727,39.981617647058826,1040.073529411765,31.517379679144398,0
1051,4,0,0,35,0.0,0.0,1.0,35,1150,900,250,0.782608695652174,14,9,5,387.5626812545193,0.7355042016806722,0.11005988829823066,0.253167868401029,135378.49024413686,3493.5301326412914,138872.02037677815,1043,46,505.1142857142857,33,2,17,29.745152300204122,0.6805555555555556,39.82843137254902,1040.6862745098038,31.535947712418295,0
1052,4,0,0,35,0.0,0.0,1.0,35,850,500,350,0.5882352941176471,12,5,7,387.5626812545193,0.7355042016806722,0.11005988829823066,0.253167868401029,135378.49024413686,3493.5301326412914,138872.02037677815,1044,47,506.1142857142857,33,2,17,29.745152300204122,0.6805555555555556,39.82843137254902,1040.6862745098038,31.535947712418295,0
1053,4,0,0,35,0.0,0.0,1.0,35,450,100,350,0.2222222222222222,8,1,7,386.9787338118431,0.7345238095238095,0.10472715042461989,0.2534606278898695,135474.15845167733,3485.1236603710217,138959.28211204836,1045,48,507.1142857142857,33,2,17,29.66487639788112,0.6815025252525253,39.73651960784314,1041.053921568628,31.54708853238267,0
1054,4,0,0,35,0.0,0.0,1.0,35,900,700,200,0.7777777777777778,11,7,4,386.3082759328527,0.7346638655462184,0.10419930740006089,0.25369766065513016,135569.86045030763,3474.3518118031598,139044.21226211078,1046,49,508.1142857142857,33,2,18,29.586863575743326,0.6824494949494949,39.64460784313726,1041.4215686274513,31.55822935234701,0
1055,4,0,0,35,0.0,0.0,1.0,35,1250,900,350,0.72,16,9,7,410.560806736365,0.7346638655462184,0.09896033885252242,0.2497017365560514,132755.5941358024,3919.246136635474,136674.8402724379,1047,50,509.1142857142857,32,3,18,31.78346810422282,0.6569010416666667,42.36111111111111,1030.555555555555,32.20486111111109,5
1056,4,0,0,35,0.0,0.0,1.0,35,1000,800,200,0.8,12,8,4,404.9910581998877,0.7333333333333333,0.09052576327530426,0.24695683272607039,132853.20255905003,3760.8718179267353,136614.07437697676,1048,51,510.1142857142857,32,3,18,31.828434374362114,0.6578776041666667,42.26641414141414,1030.934343434343,32.21669823232322,0
1057,4,0,0,35,0.0,0.0,1.0,35,800,500,300,0.625,11,5,6,403.3671622209976,0.7333333333333333,0.09965764848399772,0.2401023115575903,131943.58555568318,3644.341935771876,135587.92749145505,1049,52,511.1142857142857,32,3,18,32.78977714964565,0.6487630208333333,43.15025252525253,1027.3989898989907,32.10621843434346,1
1058,4,1,0,36,0.027777777777777776,0.0,1.0,36,750,400,350,0.5333333333333333,11,4,7,390.2820395201688,0.7429232804232805,0.09181620877666608,0.23472836703519617,132334.94929834688,3129.590782391396,135464.54008073828,1050,0,497.8888888888889,33,3,19,32.730367635381924,0.6502525252525253,42.76960784313726,1028.9215686274515,31.179441473559137,0
1059,4,0,0,36,0.0,0.0,1.0,36,1200,1000,200,0.8333333333333334,14,10,4,389.4129880713073,0.7439484126984127,0.09138762827589009,0.2350025234452531,132462.9840864453,3116.5763066511486,135579.56039309644,1051,1,498.8888888888889,32,4,19,32.62347193262193,0.6539713541666666,42.64520202020202,1029.4191919191921,32.169349747474755,0
1060,4,0,0,36,0.0,0.0,1.0,36,650,500,150,0.7692307692307693,8,5,3,389.170580276908,0.7436177248677249,0.08572450439403245,0.23526212617925757,132527.98064291908,3115.19822594633,135643.17886886542,1052,2,499.8888888888889,32,4,19,32.56412221540976,0.6546223958333334,42.582070707070706,1029.671717171717,32.17724116161616,0
1061,4,1,1,36,0.02702702702702703,0.02702702702702703,0.972972972972973,37,650,400,250,0.6153846153846154,9,4,5,378.2536219692033,0.7565690690690691,0.07494295722595368,0.23018183507677276,132776.6438989812,2644.6492935409515,135421.29319252213,1053,0,487.35135135135135,33,4,17,32.594629409433225,0.6546717171717171,42.34068627450981,1030.6372549019611,31.231431966726095,0
1062,4,0,0,36,0.0,0.0,1.0,36,550,400,150,0.7272727272727273,7,4,3,387.42166314335753,0.7426587301587302,0.0858870638228324,0.23481321901363378,132625.50536935008,3076.3987730843796,135701.90414243445,1054,4,501.8888888888889,32,4,17,32.51077674266568,0.6555989583333334,42.48737373737374,1030.050505050505,32.189078282828284,0
1063,4,0,0,36,0.0,0.0,1.0,36,1650,1200,450,0.7272727272727273,21,12,9,389.69461925316824,0.7406084656084656,0.09743030783458906,0.23714412068879479,132776.6438989811,3148.4687379853826,135925.11263696649,1055,5,502.8888888888889,33,3,17,32.29984145858106,0.6546717171717171,42.3406862745098,1030.6372549019602,31.231431966726067,0
1064,4,0,0,36,0.0,0.0,1.0,36,750,600,150,0.8,9,6,3,393.16660951424444,0.7407738095238096,0.10235151947383025,0.23986299389726878,132871.3884833957,3248.1186622933374,136119.50714568904,1056,6,503.8888888888889,33,3,18,32.11485696739173,0.6556186868686871,42.248774509803916,1031.0049019607836,31.242572786690413,0
1065,4,0,0,36,0.0,0.0,1.0,36,1150,900,250,0.782608695652174,14,9,5,391.8375675951436,0.7408399470899472,0.10667789001122374,0.23945629130814317,132934.57031249988,3217.751736111097,136152.32204861098,1057,7,504.8888888888889,33,3,18,32.08543771043771,0.65625,42.18749999999999,1031.249999999999,31.24999999999997,0
1066,4,1,1,36,0.02702702702702703,0.02702702702702703,0.972972972972973,37,900,500,400,0.5555555555555556,13,5,8,382.58316438509036,0.7488738738738738,0.0969743818319535,0.23544205950199543,133195.58000283435,2791.6772959183554,135987.2572987527,1058,0,492.2162162162162,34,3,18,32.06137315957406,0.6565563725490196,41.9345238095238,1032.261904761904,30.360644257703058,0
1067,4,0,0,36,0.0,0.0,1.0,36,1150,900,250,0.782608695652174,14,9,5,393.36576452752485,0.7393518518518519,0.10728606098976501,0.24223049710379146,133219.0743944636,3280.764609765465,136499.83900422906,1059,9,506.8888888888889,33,3,19,31.759457106679328,0.6590909090909092,41.91176470588235,1032.3529411764698,31.283422459893025,0
1068,4,0,0,36,0.0,0.0,1.0,36,1050,800,250,0.7619047619047619,13,8,5,395.12448504307656,0.7416666666666667,0.1015793914465013,0.24414290028907967,133345.6182718184,3337.623750480571,136683.24202229897,1060,10,507.8888888888889,33,3,19,31.58667536782155,0.6603535353535355,41.7892156862745,1032.843137254901,31.298276886512152,0
1069,4,0,1,35,0.0,0.027777777777777776,0.9722222222222222,36,850,800,50,0.9411764705882353,9,8,1,395.0477770068523,0.7421296296296297,0.09945142169476795,0.24472659933208196,133441.47002551006,3343.151218820843,136784.6212443309,1061,11,508.8888888888889,34,2,19,31.49220340284979,0.6590073529411765,41.69642857142856,1033.2142857142846,30.388655462184843,0
1070,4,0,0,35,0.0,0.0,1.0,35,950,700,250,0.7368421052631579,12,7,5,393.79552549427694,0.7350840336134453,0.11935483870967767,0.2441532258064515,133472.22222222207,3512.1527777777583,136984.37499999983,1062,12,521.3428571428572,33,2,19,31.493615591397845,0.6616161616161618,41.66666666666666,1033.3333333333321,31.313131313131276,0
1071,4,0,0,35,0.0,0.0,1.0,35,950,500,450,0.5263157894736842,14,5,9,391.12271214523,0.7346638655462184,0.11799857718757423,0.24291082137208142,133535.5467248172,3445.7570405613014,136981.30376537848,1063,13,522.3428571428572,33,2,19,31.49899217453165,0.6622474747474748,41.605392156862735,1033.5784313725476,31.320558526440834,0
1072,4,0,0,35,0.0,0.0,1.0,35,600,300,300,0.5,9,3,6,391.6617823183669,0.7340336134453781,0.12286120707173342,0.24366215307063002,133598.88624567466,3465.1155805459352,137064.0018262206,1064,14,523.3428571428572,33,2,19,31.421388493756908,0.662878787878788,41.54411764705882,1033.8235294117642,31.32798573975043,0
1073,4,0,1,34,0.0,0.02857142857142857,0.9714285714285714,35,1100,700,400,0.6363636363636364,15,7,8,393.3643455649632,0.7313025210084033,0.12408704775442514,0.24598383742662341,133788.99491781995,3525.564085928473,137314.5590037484,1065,15,524.3428571428572,33,2,16,31.186330253494432,0.6647727272727273,41.36029411764705,1034.5588235294108,31.350267379679114,0
1074,4,0,0,34,0.0,0.0,1.0,34,550,400,150,0.7272727272727273,7,4,3,391.3256150881914,0.7282011289364231,0.10947306098283027,0.24534111502745173,133884.09994052764,3678.455551951168,137562.5554924788,1066,16,522.8823529411765,33,1,16,31.143551411091373,0.665719696969697,41.268382352941174,1034.926470588235,31.36140819964348,0
1075,4,0,0,34,0.0,0.0,1.0,34,700,400,300,0.5714285714285714,10,4,6,392.116970486111,0.7261957813428402,0.10464015151515138,0.24647352430555558,133979.2387543253,3707.1066416762837,137686.3453960016,1067,17,523.8823529411765,33,1,17,31.027560763888903,0.6666666666666666,41.1764705882353,1035.2941176470592,31.372549019607856,0
1076,4,0,0,34,0.0,0.0,1.0,34,850,700,150,0.8235294117647058,10,7,3,393.34510504629685,0.7247474747474748,0.10794984029338739,0.24831562158001103,134137.87853529892,3752.4955846309126,137890.37411992982,1068,18,524.8823529411765,33,1,17,30.836561970109237,0.6682449494949495,41.02328431372549,1035.906862745098,31.391117052881754,0
1077,4,0,0,34,0.0,0.0,1.0,34,850,500,350,0.5882352941176471,12,5,7,399.9673235840464,0.7247474747474748,0.12744565868143942,0.2318929352864547,130936.92370756173,3715.9540834988643,134652.8777910606,1069,19,525.8823529411765,29,5,19,33.89805830732347,0.64691091954023,44.13194444444444,1023.4722222222223,35.29214559386973,6
1078,4,4,3,35,0.10526315789473684,0.07894736842105263,0.9210526315789473,38,850,600,250,0.7058823529411765,11,6,5,357.9393774401259,0.7622688477951636,0.0939885496183206,0.21313662929389313,131956.93963860045,1846.5169646289805,133803.45660322942,1070,0,471.42105263157896,33,5,16,33.9431257951654,0.6464646464646465,43.13725490196078,1027.4509803921562,31.134878193701702,0
1079,4,2,1,36,0.05405405405405406,0.02702702702702703,0.972972972972973,37,1300,1100,200,0.8461538461538461,15,11,4,367.01803851206313,0.7536286286286287,0.11051803461530829,0.21940241333077945,132105.78799357195,2297.0414370982407,134402.8294306702,1071,0,485.1081081081081,32,5,18,33.559782608695656,0.650390625,42.992424242424235,1028.030303030302,32.12594696969694,0
1080,4,0,0,36,0.0,0.0,1.0,36,1000,800,200,0.8,12,8,4,378.11195148908314,0.7422619047619048,0.11433912051704476,0.22518350258115882,131962.841881646,2779.345533582895,134742.1874152289,1072,1,499.5833333333333,31,5,18,33.41900582942592,0.6515456989247312,43.131510416666664,1027.473958333333,33.14432123655913,0
1081,4,0,0,36,0.0,0.0,1.0,36,700,400,300,0.5714285714285714,10,4,6,377.64568523819776,0.7416005291005292,0.11604453452692653,0.22550189404465448,132063.2002088758,2774.6195475260374,134837.81975640182,1073,2,500.5833333333333,31,5,18,33.329638544041906,0.6525537634408602,43.033854166666664,1027.8645833333328,33.15692204301074,0
1082,4,0,0,36,0.0,0.0,1.0,36,750,500,250,0.6666666666666666,10,5,5,380.56427982397855,0.7412367724867726,0.12436892657750809,0.22865691063796606,132297.5179884168,2869.541931152335,135167.05991956915,1074,3,501.5833333333333,31,5,19,33.018104248407376,0.6549059139784946,42.80598958333333,1028.776041666666,33.18632392473116,0
1083,4,0,0,36,0.0,0.0,1.0,36,600,200,400,0.3333333333333333,10,2,8,382.40259633824536,0.7429894179894181,0.12112010796221351,0.23037424706230863,132398.00347222216,2925.8680555555466,135323.8715277777,1075,4,502.5833333333333,31,5,19,32.86943319838058,0.6559139784946237,42.70833333333333,1029.166666666666,33.19892473118278,0
1084,4,0,0,36,0.0,0.0,1.0,36,900,600,300,0.6666666666666666,12,6,6,384.1430052973382,0.742096560846561,0.12192080154012652,0.2320411568285752,132498.52710300012,2979.6764797634455,135478.20358276356,1076,5,503.5833333333333,31,5,20,32.723246279667805,0.6569220430107527,42.61067708333333,1029.5572916666658,33.21152553763438,0
1085,4,0,0,36,0.0,0.0,1.0,36,1100,800,300,0.7272727272727273,14,8,6,386.11305121939154,0.7408730158730159,0.12002387975839302,0.2338556075915302,132599.0888807508,3039.647759331587,135638.73664008238,1077,6,504.5833333333333,31,5,21,32.571112515802795,0.6579301075268817,42.51302083333333,1029.947916666666,33.224126344086,0
1086,4,0,0,36,0.0,0.0,1.0,36,1000,900,100,0.9,11,9,2,385.37477908831085,0.7419973544973546,0.08932196953098792,0.22191869375660708,130674.53833174348,2885.992759080926,133560.5310908244,1078,7,505.5833333333333,30,6,19,34.53781604662372,0.6413194444444446,44.38844086021505,1022.4462365591392,34.08154121863797,8
1087,4,0,0,36,0.0,0.0,1.0,36,1150,900,250,0.782608695652174,14,9,5,386.27693951251024,0.7428571428571429,0.09514682904747329,0.22283405858610225,130743.26014929461,2900.6212784714844,133643.8814277661,1079,8,506.5833333333333,30,6,19,34.44495553511193,0.642013888888889,44.32123655913978,1022.71505376344,34.090501792114665,0
1088,4,0,0,36,0.0,0.0,1.0,36,500,400,100,0.8,6,4,2,388.5005356631907,0.7431547619047619,0.09748124799346258,0.22511743367880754,130915.1437304889,2972.120693143693,133887.2644236326,1080,9,507.5833333333333,30,6,19,34.213564924262315,0.64375,44.1532258064516,1023.3870967741921,34.1129032258064,0
1089,4,0,1,35,0.0,0.027777777777777776,0.9722222222222222,36,1000,900,100,0.9,11,9,2,389.9074565487961,0.7452711640211641,0.09425332633053252,0.2263365235575936,130983.9287778932,3014.322103711384,133998.2508816046,1081,10,508.5833333333333,30,6,19,34.10774466036415,0.6444444444444446,44.08602150537633,1023.655913978493,34.1218637992831,0
1090,4,0,0,35,0.0,0.0,1.0,35,750,400,350,0.5333333333333333,11,4,7,401.8345022228354,0.7348739495798319,0.10828292228943681,0.23276073996681207,130901.38888888886,3520.1388888888846,134421.52777777775,1082,11,523.8,29,6,19,33.88640065146579,0.646551724137931,44.166666666666664,1023.333333333333,35.28735632183907,0
1091,4,1,1,35,0.027777777777777776,0.027777777777777776,0.9722222222222222,36,950,600,350,0.631578947368421,13,6,7,393.97658194838993,0.746494708994709,0.1033021411809294,0.23013666545536976,131224.8187109781,3139.901108509656,134364.71981948777,1083,0,510.22222222222223,30,6,20,33.75912807730992,0.646875,43.850806451612904,1024.5967741935483,34.15322580645161,0
1092,4,0,0,35,0.0,0.0,1.0,35,1250,1000,250,0.8,15,10,5,406.88926056239563,0.7334733893557422,0.10889078366018157,0.23656053855409923,131043.55709876533,3664.043209876531,134707.60030864188,1084,13,525.8,29,6,20,33.612542955326454,0.6479885057471264,44.02777777777777,1023.8888888888881,35.30651340996166,0
1093,4,0,0,35,0.0,0.0,1.0,35,800,700,100,0.875,9,7,2,406.632651062122,0.7327731092436974,0.10572939877157972,0.23663003443417716,131079.11120756165,3660.2092978394953,134739.32050540115,1085,14,526.8,29,6,20,33.582977304579764,0.6483477011494253,43.99305555555555,1024.0277777777771,35.311302681992316,0
1094,4,0,0,35,0.0,0.0,1.0,35,1100,800,300,0.7272727272727273,14,8,6,406.36476366835916,0.7320728291316526,0.10163896315238885,0.2366930305916652,131114.67013888893,3656.0763888888946,134770.74652777784,1086,15,527.8,29,6,20,33.55370219690805,0.6487068965517242,43.958333333333336,1024.166666666667,35.316091954023,0
1095,4,0,0,35,0.0,0.0,1.0,35,700,500,200,0.7142857142857143,9,5,4,406.15504604922955,0.730672268907563,0.10354964271190403,0.23722927749051181,131221.37586805547,3659.244791666662,134880.62065972213,1087,16,528.8,29,6,20,33.45067439338485,0.6497844827586208,43.854166666666664,1024.5833333333328,35.33045977011493,0
1096,4,0,0,35,0.0,0.0,1.0,35,900,800,100,0.8888888888888888,10,8,2,406.1788029052386,0.730532212885154,0.10931407662672088,0.2376838530244057,131292.53713348764,3665.649112654319,134958.18624614197,1088,17,529.8,29,6,20,33.377800740841124,0.6505028735632183,43.78472222222222,1024.861111111111,35.34003831417625,0
1097,4,0,0,35,0.0,0.0,1.0,35,800,500,300,0.625,11,5,6,411.20415593102905,0.7327731092436974,0.11977748225289875,0.24106488065226422,131362.56946251006,3803.3668993525157,135165.93636186258,1089,18,530.8,30,5,23,33.17790961933482,0.648263888888889,43.71639784946236,1025.13440860215,34.171146953405,5
1098,4,0,0,35,0.0,0.0,1.0,35,1250,1100,150,0.88,14,11,3,414.70434812705224,0.7333333333333333,0.12377208745133328,0.2442147827859305,131534.8595213318,3909.615634755446,135444.47515608722,1090,19,531.8,30,5,23,32.91322720125787,0.6500000000000001,43.548387096774185,1025.806451612902,34.19354838709673,0
1099,4,0,0,35,0.0,0.0,1.0,35,700,300,400,0.42857142857142855,11,3,8,415.04040433149277,0.7329831932773109,0.12020737025322403,0.24463346766504102,131569.33108235046,3921.3176740085423,135490.648756359,1091,20,532.8,30,5,18,32.869612210140176,0.6503472222222222,43.51478494623655,1025.940860215053,34.1980286738351,0
1100,4,0,0,35,0.0,0.0,1.0,35,650,500,150,0.7692307692307693,8,5,3,417.30007922001647,0.7324929971988795,0.11926214173464067,0.24663339047399713,131672.77286391478,3989.411709446164,135662.18457336095,1092,21,533.8,30,5,18,32.706641784529424,0.6513888888888889,43.41397849462365,1026.3440860215044,34.211469534050146,0
1101,4,0,0,35,0.0,0.0,1.0,35,1050,500,550,0.47619047619047616,16,5,11,414.51686157054246,0.7322128851540616,0.11901333383202717,0.2456551051619374,131776.255293242,3924.6959547346496,135700.95124797666,1093,22,534.8,30,5,18,32.67307020988784,0.6524305555555556,43.31317204301075,1026.747311827957,34.22491039426523,0
1102,4,0,0,35,0.0,0.0,1.0,35,1000,900,100,0.9,11,9,2,415.0191936605379,0.7315126050420168,0.1193856853086066,0.2465114005718615,131862.52170138882,3945.095486111106,135807.6171874999,1094,23,535.8,31,4,18,32.572684246112246,0.6505376344086022,43.229166666666664,1027.0833333333328,33.13172043010751,0
1103,4,0,0,35,0.0,0.0,1.0,35,1050,900,150,0.8571428571428571,12,9,3,411.944936315885,0.7300420168067226,0.12482803562377809,0.24554905116351716,131996.29041883687,3875.040690104172,135871.33110894106,1095,24,536.8,31,4,20,32.51605000844737,0.6518817204301075,43.098958333333336,1027.6041666666672,33.14852150537636,0
1104,4,0,0,35,0.0,0.0,1.0,35,1100,800,300,0.7272727272727273,14,8,6,411.66368463788115,0.7300420168067226,0.12864379794470993,0.24624973135611436,132130.126953125,3878.6349826388896,136008.76193576388,1096,25,537.8,31,4,21,32.38770685579196,0.6532258064516129,42.96875,1028.125,33.16532258064516,0
1105,4,0,0,35,0.0,0.0,1.0,35,1050,800,250,0.7619047619047619,13,8,5,412.1163471896459,0.7289215686274509,0.13309698657888047,0.24695712519755875,132197.07065158425,3896.114773220491,136093.18542480475,1097,26,538.8,31,4,21,32.308284797839114,0.6538978494623656,42.903645833333336,1028.385416666667,33.17372311827958,0
1106,4,0,0,35,0.0,0.0,1.0,35,700,300,400,0.42857142857142855,11,3,8,412.40503588613456,0.7273109243697479,0.129643354241608,0.24822825579650593,132364.50407240135,3917.5576104058264,136282.06168280717,1098,27,539.8,31,4,22,32.131389978489175,0.6555779569892473,42.74088541666667,1029.0364583333342,33.19472446236562,0
1107,4,0,0,35,0.0,0.0,1.0,35,750,400,350,0.5333333333333333,11,4,7,407.42781348841964,0.7288515406162465,0.12502164502164503,0.2489836637984786,132934.5703125,3832.252502441406,136766.8228149414,1099,28,540.8,31,4,20,31.683501683501678,0.6612903225806452,42.1875,1031.25,33.266129032258064,2
1108,4,0,0,35,0.0,0.0,1.0,35,950,600,350,0.631578947368421,13,6,7,397.18636008868793,0.7288515406162465,0.0876225092490428,0.22358239860746867,129790.40745027442,3310.1959019204473,133100.60335219486,1100,29,541.8,35,0,19,35.13649098894442,0.6202380952380953,45.25462962962963,1018.981481481482,29.113756613756628,6
1109,4,1,0,36,0.027777777777777776,0.0,1.0,36,1250,1100,150,0.88,14,11,3,390.3424365979064,0.7385582010582011,0.08302067240491384,0.2219123689115579,130176.38204082474,2962.6732306631075,133139.05527148786,1101,0,527.7222222222222,36,0,20,34.91755866990363,0.6221064814814814,44.87612612612613,1020.4954954954966,28.347097097097127,0
1110,4,1,1,36,0.02702702702702703,0.02702702702702703,0.972972972972973,37,950,600,350,0.631578947368421,13,6,7,382.93776930140564,0.7464964964964965,0.08089208089208055,0.2190404040404038,130414.5408163264,2588.2162697377253,133002.7570860641,1102,0,514.4324324324324,34,3,20,34.86426767676765,0.6286764705882353,44.64285714285713,1021.4285714285703,30.042016806722657,0
1111,4,2,2,36,0.05263157894736842,0.05263157894736842,0.9473684210526316,38,1200,700,500,0.5833333333333334,17,7,10,376.13058880840316,0.7639876718824087,0.07723170404789581,0.2167719342545493,130706.03358892741,2232.5074749228334,132938.54106385025,1103,0,501.8421052631579,35,3,18,34.74214770797962,0.6294642857142857,44.357638888888886,1022.569444444444,29.216269841269828,0
1112,4,1,1,36,0.02702702702702703,0.02702702702702703,0.972972972972973,37,1050,800,250,0.7619047619047619,13,8,5,381.8539706946946,0.7487487487487487,0.08006143078336869,0.21979637401649033,130657.8514739229,2578.4438775510216,133236.29535147393,1104,0,516.3783783783783,34,3,19,34.64475624902967,0.6311274509803921,44.404761904761905,1022.3809523809523,30.070028011204478,0
1113,4,0,1,35,0.0,0.027777777777777776,0.9722222222222222,36,1050,800,250,0.7619047619047619,13,8,5,391.6569299695276,0.7384589947089948,0.09549401955299786,0.22532428343488295,130638.16350682442,3033.068411188016,133671.23191801243,1105,4,531.7222222222222,33,3,19,34.41420922240868,0.6332070707070707,44.42401960784314,1022.3039215686284,30.97890671420086,0
1114,4,1,1,35,0.027777777777777776,0.027777777777777776,0.9722222222222222,36,950,700,250,0.7368421052631579,12,7,5,389.9597645322972,0.7420304232804233,0.09407454829990058,0.22499290376742523,130749.15143140576,2997.3816609977166,133746.53309240346,1106,0,532.5833333333334,34,2,19,34.344808520544746,0.632046568627451,44.31547619047618,1022.738095238094,30.080532212885117,0
1115,4,1,0,36,0.027777777777777776,0.0,1.0,36,1300,1000,300,0.7692307692307693,16,10,6,391.28849330256855,0.741765873015873,0.10337908572757959,0.22683123242900755,130931.84700963715,3046.425028344666,133978.2720379818,1107,0,533.5555555555555,34,2,21,34.12527625916017,0.6338848039215685,44.13690476190476,1023.4523809523806,30.10154061624649,0
1116,4,1,1,36,0.02702702702702703,0.02702702702702703,0.972972972972973,37,400,100,300,0.25,7,1,6,383.3886814133869,0.7542542542542543,0.09513513513513527,0.2235171166342868,131150.23389274688,2656.3030478394985,133806.53694058637,1108,0,520.1081081081081,35,2,21,34.10593220338982,0.6339285714285714,43.92361111111111,1024.3055555555552,29.265873015873005,0
1117,4,0,0,36,0.0,0.0,1.0,36,1350,1100,250,0.8148148148148148,16,11,5,394.9111550864943,0.7413690476190476,0.10227375463339672,0.23002171071151759,131114.67013888902,3155.729166666686,134270.3993055557,1109,2,535.5555555555555,34,2,22,33.84696229997288,0.6357230392156862,43.95833333333334,1024.1666666666679,30.122549019607877,0
1118,4,1,1,36,0.02702702702702703,0.02702702702702703,0.972972972972973,37,1300,800,500,0.6153846153846154,18,8,10,388.8753643541972,0.7489364364364365,0.09890461492132774,0.22886271443140485,131511.22448979606,2828.468679138333,134339.6931689344,1110,0,522.0540540540541,34,3,22,33.59955315691735,0.6397058823529411,43.57142857142858,1025.7142857142867,30.168067226890784,0
1119,4,0,0,36,0.0,0.0,1.0,36,950,600,350,0.631578947368421,13,6,7,398.5594489892385,0.7407738095238096,0.10931460450288921,0.23363348218605318,131359.5300635573,3270.9163843233364,134630.44644788062,1111,4,537.5555555555555,33,3,22,33.50505578800557,0.6404671717171717,43.71936274509804,1025.1225490196077,31.06431966726084,0
1120,4,0,0,36,0.0,0.0,1.0,36,600,100,500,0.16666666666666666,11,1,10,390.61560222497826,0.7399140211640212,0.0944218148902467,0.22563795375584034,130794.81336805549,3018.098958333323,133812.91232638882,1112,5,538.5555555555555,33,3,19,34.28165308893413,0.6347853535353536,44.27083333333333,1022.9166666666661,30.99747474747473,2
1121,4,1,1,36,0.02702702702702703,0.02702702702702703,0.972972972972973,37,800,700,100,0.875,9,7,2,380.89337235748263,0.746996996996997,0.09374828140371916,0.2213786315291914,131031.70680084026,2581.821737825794,133613.52853866605,1113,0,524.972972972973,35,2,20,34.289980405456326,0.6327380952380952,44.039351851851855,1023.8425925925931,29.252645502645517,0
1122,4,0,0,36,0.0,0.0,1.0,36,500,300,200,0.6,7,3,4,384.3631782355661,0.7440145502645503,0.10422077502551996,0.2231694105096309,130992.77388038555,2869.759778911571,133862.53365929713,1114,1,537.3333333333334,34,2,20,34.240657828429654,0.6344975490196079,44.077380952380956,1023.6904761904767,30.108543417366963,0
1123,4,0,0,36,0.0,0.0,1.0,36,950,700,250,0.7368421052631579,12,7,5,387.6285137916672,0.7443452380952381,0.10607087966729956,0.22577983101893814,131114.67013888902,2964.756944444463,134079.4270833335,1115,2,538.3333333333334,34,2,20,34.03342826145918,0.6357230392156862,43.95833333333334,1024.1666666666679,30.122549019607877,0
1124,4,1,0,37,0.02702702702702703,0.0,1.0,37,850,600,250,0.7058823529411765,11,6,5,379.0469592522673,0.7503128128128128,0.09942431075589053,0.22237776024575534,131390.93888168025,2561.0143935025103,133951.95327518275,1116,0,524.7567567567568,33,4,21,33.97332456769464,0.6407828282828282,43.688725490196084,1025.2450980392166,31.068033273915656,0
1125,4,0,0,37,0.0,0.0,1.0,37,500,200,300,0.4,8,2,6,379.9227417538347,0.7503128128128128,0.10342544719411717,0.22344156189303185,131485.18786344197,2590.842614619386,134076.03047806135,1117,1,525.7567567567568,33,4,21,33.8554735731071,0.6417297979797979,43.5968137254902,1025.6127450980396,31.07917409387999,0
1126,4,0,0,37,0.0,0.0,1.0,37,650,400,250,0.6153846153846154,9,4,5,379.8643673927907,0.7496871871871872,0.10710064903613281,0.22359105169322485,131516.61169982693,2591.694900999608,134108.30660082653,1118,2,526.7567567567568,33,4,21,33.825169255276776,0.6420454545454546,43.56617647058823,1025.7352941176466,31.082887700534744,0
1127,4,0,0,37,0.0,0.0,1.0,37,1000,800,200,0.8,12,8,4,373.6258998909883,0.7484359359359359,0.10419560030973973,0.2207696287155733,131663.90483276665,2438.6089852607925,134102.51381802745,1119,3,527.7567567567568,34,3,17,33.83622356261841,0.6412377450980391,43.42261904761906,1026.3095238095254,30.185574229691923,0
1128,4,0,1,36,0.0,0.02702702702702703,0.972972972972973,37,600,500,100,0.8333333333333334,7,5,2,371.79451656076964,0.7486236236236237,0.10330601176147991,0.22014802148825266,131743.6731074245,2396.315050582985,134139.98815800747,1120,4,528.7567567567568,35,2,17,33.80261180007516,0.6398809523809523,43.344907407407405,1026.6203703703698,29.332010582010565,0
1129,4,0,0,36,0.0,0.0,1.0,36,1050,800,250,0.7619047619047619,13,8,5,384.50429263261304,0.7426587301587302,0.10494722190001182,0.227197498751594,131663.90483276636,2925.067318594097,134588.97215136045,1121,8,544.3333333333334,34,2,17,33.55710861075668,0.6412377450980392,43.422619047619044,1026.3095238095232,30.18557422969186,0
1130,4,0,0,36,0.0,0.0,1.0,36,550,200,350,0.36363636363636365,9,2,7,385.58286074354163,0.7412698412698413,0.1029146537842196,0.2285671597191095,131786.11288265293,2962.8932823129153,134749.00616496586,1122,9,545.3333333333334,34,2,18,33.405797101449274,0.6424632352941178,43.30357142857142,1026.7857142857133,30.199579831932745,0
1131,4,0,1,35,0.0,0.027777777777777776,0.9722222222222222,36,750,500,250,0.6666666666666666,10,5,5,387.2381563098925,0.7400793650793651,0.10710707890354043,0.2298303786580386,131832.8045294282,3010.1384334276468,134842.94296285583,1123,10,546.3333333333334,35,1,18,33.31607592321275,0.6407738095238095,43.258101851851855,1026.9675925925928,29.341931216931226,0
1132,4,0,0,35,0.0,0.0,1.0,35,850,600,250,0.7058823529411765,11,6,5,393.35753278190214,0.7280812324929972,0.10968618484276127,0.23261513358337146,131694.45153061207,3360.600907029456,135055.05243764154,1124,11,562.4857142857143,34,1,18,33.29902188200726,0.6415441176470589,43.39285714285713,1026.42857142857,30.18907563025206,0
1133,4,0,0,35,0.0,0.0,1.0,35,1100,600,500,0.5454545454545454,16,6,10,390.671946299213,0.7279411764705882,0.10588020997201442,0.23195642675315276,131847.2381660997,3301.803429705203,135149.0415958049,1125,12,563.4857142857143,34,1,18,33.213312854990136,0.6430759803921569,43.24404761904761,1027.023809523809,30.206582633053205,0
1134,4,0,0,35,0.0,0.0,1.0,35,800,500,300,0.625,11,5,6,389.0132376616107,0.7272408963585434,0.1043866909452078,0.23152994765653087,131938.95266439897,3265.1998299319603,135204.15249433092,1126,13,564.4857142857143,34,1,18,33.16314213982233,0.6439950980392157,43.1547619047619,1027.3809523809514,30.217086834733863,0
1135,4,0,0,35,0.0,0.0,1.0,35,1000,500,500,0.5,15,5,10,388.42267982987585,0.7273109243697479,0.10533108309341821,0.23192540924281788,132061.2882653061,3259.1198979591813,135320.40816326527,1127,14,565.4857142857143,34,1,20,33.05463863794302,0.6452205882352942,43.035714285714285,1027.8571428571427,30.231092436974784,0
1136,4,0,0,35,0.0,0.0,1.0,35,600,300,300,0.5,9,3,6,391.17962098577584,0.7269607843137255,0.08715382506169456,0.223961079707241,130450.30757401,3206.3290880077557,133656.63666201776,1128,15,566.4857142857143,33,2,20,34.617422424824056,0.6313131313131313,44.6078431372549,1021.5686274509806,30.95662507427214,6
1137,4,0,0,35,0.0,0.0,1.0,35,650,500,150,0.7692307692307693,8,5,3,389.622286505421,0.7264005602240896,0.09136599653841038,0.2235640178718272,130536.16780045356,3171.9600340136094,133708.12783446716,1129,16,567.4857142857143,34,1,16,34.56988777570674,0.6299019607843137,44.523809523809526,1021.9047619047623,30.056022408963596,0
1138,4,0,0,35,0.0,0.0,1.0,35,1000,700,300,0.7,13,7,6,383.42965457158687,0.7260504201680672,0.07987321711568973,0.22080948947101672,130676.44702717755,3021.0449888545854,133697.49201603213,1130,17,568.4857142857143,35,0,16,34.58559731341031,0.6291666666666667,44.38657407407407,1022.453703703703,29.212962962962944,0
1139,4,1,1,35,0.027777777777777776,0.027777777777777776,0.9722222222222222,36,650,600,50,0.9230769230769231,7,6,1,375.0331908878456,0.7310846560846561,0.08186040826304875,0.21769167976823228,130982.06948502558,2624.5246936125327,133606.5941786381,1131,0,553.6666666666666,36,0,17,34.490282361569484,0.6302083333333334,44.08783783783784,1023.6486486486488,28.434684684684687,0
1140,4,1,0,36,0.027777777777777776,0.0,1.0,36,700,300,400,0.42857142857142855,11,3,8,375.3201195585901,0.7360119047619048,0.08914110879044368,0.21900494724980712,131183.87972009165,2647.189884140893,133831.06960423253,1132,0,554.6388888888889,36,0,18,34.278470924480594,0.6322337962962963,43.890765765765764,1024.4369369369365,28.45658158158157,0
1141,4,0,1,35,0.0,0.027777777777777776,0.9722222222222222,36,950,600,350,0.631578947368421,13,6,7,374.1381347653016,0.7351521164021164,0.09273607600346812,0.21864373077902866,131241.5683208546,2620.49511504748,133862.06343590206,1133,1,555.6388888888889,36,0,18,34.250329706561175,0.6328125,43.83445945945946,1024.6621621621618,28.462837837837828,0
1142,4,1,1,35,0.027777777777777776,0.027777777777777776,0.9722222222222222,36,650,400,250,0.6153846153846154,9,4,5,375.7683918302595,0.7417328042328043,0.08581752484191507,0.2200929152148664,131328.12500000015,2669.848733869019,133997.97373386918,1134,0,556.0555555555555,34,2,18,34.12093495934958,0.6378676470588235,43.75000000000001,1025.0000000000011,30.147058823529445,0
1143,4,0,0,35,0.0,0.0,1.0,35,1050,800,250,0.7619047619047619,13,8,5,392.2929473197167,0.7287114845938375,-0.004181184668989424,0.22977158343011997,131328.12500000015,3303.8194444444584,134631.9444444446,1135,3,572.9428571428572,34,1,17,33.69749322493224,0.6378676470588235,43.75000000000001,1025.0000000000011,30.147058823529445,8
1144,4,0,1,34,0.0,0.02857142857142857,0.9714285714285714,35,500,300,200,0.6,7,3,4,390.1312967800274,0.7285714285714285,3.980693635896593e-05,0.2290525466371081,131419.6588010205,3254.184382086179,134673.84318310668,1136,4,573.9428571428572,34,1,17,33.66011649057627,0.6387867647058822,43.66071428571429,1025.3571428571436,30.157563025210106,0
1145,4,0,0,34,0.0,0.0,1.0,34,1000,800,200,0.8,12,8,4,393.9833809977135,0.7245246583481878,-0.013664120528154022,0.23209253218380452,131548.0392907776,3565.548256680129,135113.58754745775,1137,5,567.1470588235294,33,1,19,33.431265679130334,0.642361111111111,43.53553921568628,1025.8578431372553,31.086601307189554,0
1146,4,2,1,35,0.05555555555555555,0.027777777777777776,0.9722222222222222,36,550,300,250,0.5454545454545454,8,3,5,376.85589504688426,0.7473875661375662,-0.016493935638916435,0.22436953590417136,131951.69331114984,2745.3546971450824,134697.04800829492,1138,0,536.5833333333334,35,1,16,33.46252957080095,0.6419642857142855,43.14236111111112,1027.4305555555568,29.355158730158767,0
1147,4,0,1,34,0.0,0.02857142857142857,0.9714285714285714,35,750,300,450,0.4,12,3,9,379.9799962129406,0.7355742296918767,-0.038526427459233736,0.2198512119460736,130857.49959450695,2953.357136444586,133810.85673095155,1139,1,552.9142857142857,33,2,16,34.49003373657524,0.6354166666666666,44.20955882352941,1023.1617647058827,31.004901960784323,7
1148,4,0,0,34,0.0,0.0,1.0,34,1250,1100,150,0.88,14,11,3,386.1227414782556,0.7228535353535354,-0.015330120202078579,0.22350990692427034,130875.54841342727,3306.8051091725442,134182.35352259982,1140,8,570.1470588235294,32,2,18,34.314587446528485,0.6380208333333333,44.1919191919192,1023.2323232323238,31.976010101010118,0
1149,4,0,0,34,0.0,0.0,1.0,34,750,500,250,0.6666666666666666,10,5,5,386.8943749208988,0.7229278074866311,-0.01652370792876745,0.22433231781894192,130940.15438475677,3332.0018365472984,134272.15622130406,1141,9,571.1470588235294,32,2,18,34.22927461139895,0.638671875,44.12878787878788,1023.4848484848493,31.98390151515154,0
1150,4,0,1,33,0.0,0.029411764705882353,0.9705882352941176,34,700,500,200,0.7142857142857143,9,5,4,388.61774529300885,0.7226678550207962,-0.011491917931454765,0.22571007728049566,131004.77629833703,3382.1561575349633,134386.932455872,1142,10,572.1470588235294,32,2,19,34.11959381680644,0.6393229166666665,44.065656565656575,1023.7373737373748,31.991792929292963,0
1151,4,1,1,33,0.029411764705882353,0.029411764705882353,0.9705882352941176,34,900,700,200,0.7777777777777778,11,7,4,377.50324650435095,0.730206476530006,-0.01877746567431382,0.22058183589022073,131236.6230867348,3108.450255102057,134345.07334183686,1143,0,556.5294117647059,34,0,19,34.16913558731267,0.6369485294117645,43.83928571428572,1024.642857142858,30.136554621848767,0
1152,4,1,1,33,0.029411764705882353,0.029411764705882353,0.9705882352941176,34,350,200,150,0.5714285714285714,5,2,3,380.06477625751796,0.7265300059417706,-0.020086083213773476,0.22260936895083255,131328.1250000004,3182.638888888931,134510.76388888934,1144,0,557.5,34,0,19,34.01084010840108,0.6378676470588234,43.75000000000002,1025.0000000000032,30.147058823529505,0
1153,4,0,0,33,0.0,0.0,1.0,33,700,400,300,0.5714285714285714,10,4,6,384.6911476073073,0.7143308080808082,-0.02192920475833282,0.22513450436948326,131296.7236910085,3501.73746275474,134798.46115376323,1145,13,575.3939393939394,33,0,19,33.924105185539474,0.6398358585858583,43.780637254901976,1024.877450980394,31.056892453951335,0
1154,4,0,0,33,0.0,0.0,1.0,33,600,300,300,0.5,9,3,6,382.1992768569971,0.7147253787878789,-0.015502313778175791,0.22423830405193781,131392.84256708517,3443.653637230611,134836.49620431577,1146,14,576.3939393939394,32,1,19,33.89059934318554,0.6432291666666665,43.6868686868687,1025.2525252525268,32.03914141414146,0
1155,4,0,0,33,0.0,0.0,1.0,33,750,600,150,0.8,9,6,3,383.5042439409019,0.7152777777777778,-0.02187578107804633,0.2255760299443844,131489.9488094328,3485.3906807978906,134975.3394902307,1147,15,577.3939393939394,32,1,19,33.758822684558254,0.6442057291666666,43.59217171717172,1025.6313131313138,32.05097853535356,0
1156,4,0,0,33,0.0,0.0,1.0,33,1150,900,250,0.782608695652174,14,9,5,377.5530034877136,0.7174084595959597,-0.02829826808809388,0.22296395283541015,131642.34459102273,3340.392517301042,134982.73710832378,1148,16,578.3939393939394,33,0,17,33.75726454900089,0.6433080808080808,43.443627450980394,1026.2254901960787,31.0977421271539,0
1157,4,0,0,33,0.0,0.0,1.0,33,1100,800,300,0.7272727272727273,14,8,6,380.3794692443082,0.7159090909090909,-0.026556736819266513,0.2257492884042,131831.05656478283,3429.165465205703,135260.22202998854,1149,17,579.3939393939394,33,0,17,33.49393396976931,0.6452020202020201,43.25980392156863,1026.960784313726,31.120023767082607,0
1158,4,0,0,33,0.0,0.0,1.0,33,1050,900,150,0.8571428571428571,12,9,3,380.3101682017692,0.7133838383838385,-0.027271643344136454,0.22702216232798855,132051.39136690216,3444.0973724048476,135495.488739307,1150,18,580.3939393939394,33,0,17,33.27309626008505,0.6474116161616161,43.0453431372549,1027.8186274509806,31.146019013666077,0
1159,4,0,0,33,0.0,0.0,1.0,33,750,500,250,0.6666666666666666,10,5,5,380.55349961146237,0.7157512626262627,-0.022349839274749428,0.22773494020971238,132145.87688629358,3457.715181660885,135603.59206795448,1151,19,581.3939393939394,33,0,18,33.1714342471196,0.6483585858585859,42.95343137254901,1028.1862745098026,31.15715983363038,0
1160,4,0,0,33,0.0,0.0,1.0,33,650,500,150,0.7692307692307693,8,5,3,378.6960389894232,0.7148832070707072,-0.01743363087500338,0.22700122565708836,132208.88600538237,3413.3962898884874,135622.28229527085,1152,20,582.3939393939394,33,0,19,33.15558468382587,0.6489898989898991,42.89215686274509,1028.4313725490183,31.16458704693995,0
1161,4,0,0,33,0.0,0.0,1.0,33,800,700,100,0.875,9,7,2,376.8227563912691,0.7145675505050506,-0.015218293717400577,0.2264443120905301,132303.42784325735,3370.9884719819247,135674.41631523927,1153,21,583.3939393939394,33,0,19,33.10837303950764,0.6499368686868687,42.80024509803921,1028.7990196078429,31.175727866904328,0
1162,4,0,0,33,0.0,0.0,1.0,33,700,500,200,0.7142857142857143,9,5,4,378.92787860115936,0.7146464646464648,-0.009061546409761867,0.22867498106848627,132462.98408644515,3438.817301701115,135901.80138814627,1154,22,584.3939393939394,32,1,19,32.89331125557054,0.6539713541666667,42.645202020202014,1029.419191919191,32.16934974747472,0
1163,4,0,0,33,0.0,0.0,1.0,33,550,400,150,0.7272727272727273,7,4,3,378.92787860115936,0.7146464646464648,-0.009061546409761867,0.22867498106848627,132462.98408644515,3438.7835106111497,135901.7675970563,1155,23,585.3939393939394,32,1,19,32.89331125557054,0.6539713541666667,42.645202020202014,1029.419191919191,32.16934974747472,0
1164,4,0,0,33,0.0,0.0,1.0,33,700,300,400,0.42857142857142855,11,3,8,375.609948813247,0.7122001262626263,-0.010262011978540153,0.22726073757573,132560.4848995,3358.2073895520757,135918.6922890521,1156,24,586.3939393939394,32,1,20,32.88044588850741,0.6549479166666667,42.550505050505045,1029.7979797979795,32.18118686868686,0
1165,4,0,0,33,0.0,0.0,1.0,33,550,200,350,0.36363636363636365,9,2,7,381.39601189856444,0.7114109848484849,-0.034463048086312065,0.22500596250646354,131603.80715978716,3476.974553433822,135080.781713221,1157,25,587.3939393939394,30,3,17,33.697657409833205,0.6506944444444445,43.48118279569892,1026.0752688172036,34.202508960573454,4
1166,4,0,0,33,0.0,0.0,1.0,33,850,700,150,0.8235294117647058,10,7,3,373.31275799544795,0.711489898989899,0.028473555430077457,0.20668278554768593,129137.2133583307,3041.7138557290023,132178.92721405972,1158,26,588.3939393939394,32,1,19,36.41045548654246,0.6204427083333334,45.89646464646464,1016.4141414141408,31.7629419191919,7
1167,4,1,1,33,0.029411764705882353,0.029411764705882353,0.9705882352941176,34,750,700,50,0.9333333333333333,8,7,1,364.0020407388825,0.7253416518122401,0.02397632564319352,0.1991786447638605,128672.41753472228,2567.4204561396887,131239.83799086197,1159,0,572.0588235294117,33,1,17,37.12140657084189,0.6133207070707071,46.35416666666667,1014.5833333333338,30.74494949494951,1
1168,4,1,0,34,0.029411764705882353,0.0,1.0,34,1250,900,350,0.72,16,9,7,362.08269779006594,0.7308749257278669,0.021687893115247325,0.19921761181198439,128890.09785899645,2533.774870242202,131423.87272923865,1160,0,573.0294117647059,33,1,19,36.94786386676321,0.6155303030303031,46.139705882352935,1015.4411764705875,30.770944741532954,0
1169,4,3,3,34,0.08108108108108109,0.08108108108108109,0.9189189189189189,37,700,700,0,1.0,7,7,0,335.13178533351305,0.7608233233233234,0.02997026877623865,0.1881605833855757,129688.42734203793,1292.5428384465472,130980.97018048448,1161,0,527.4864864864865,36,1,15,36.820757324488675,0.6171875,45.354729729729726,1018.5810810810807,28.29391891891891,0
1170,4,4,5,33,0.10526315789473684,0.13157894736842105,0.868421052631579,38,650,400,250,0.6153846153846154,9,4,5,324.82778479702216,0.7773826458036984,0.015486199911734388,0.18401632485882435,130038.81602993203,848.0441097260473,130886.86013965808,1162,0,495.55263157894734,37,1,15,36.728212570773344,0.6188063063063064,45.01096491228069,1019.9561403508751,27.566382171645273,0
1171,4,0,0,33,0.0,0.0,1.0,33,1300,1000,300,0.7692307692307693,16,10,6,366.195630092826,0.7221433080808082,0.021598808341608766,0.20373425386932367,129329.78777675744,2872.0006249362277,132201.78840169366,1163,2,571.5757575757576,32,1,20,36.394974760013234,0.6223958333333334,45.707070707070706,1017.1717171717169,31.786616161616152,0
1172,4,2,0,35,0.05714285714285714,0.0,1.0,35,550,400,150,0.7272727272727273,7,4,3,346.35511060115994,0.7465686274509803,0.031803098267438656,0.1961152830482576,130019.64462868476,2006.593679138322,132026.23830782308,1164,0,539.8571428571429,34,1,19,36.198737403213904,0.6246936274509804,45.029761904761905,1019.8809523809521,29.996498599439768,0
1173,4,1,1,35,0.027777777777777776,0.027777777777777776,0.9722222222222222,36,900,700,200,0.7777777777777778,11,7,4,340.17447696756784,0.7525462962962963,0.030372595699656557,0.19396761870270948,130292.12648158861,1664.411195773319,131956.53767736192,1165,0,525.8333333333334,35,1,19,36.08021104938972,0.6252976190476189,44.76273148148148,1020.9490740740737,29.169973544973534,0
1174,4,2,2,35,0.05405405405405406,0.05405405405405406,0.9459459459459459,37,1050,800,250,0.7619047619047619,13,8,5,335.0893320288327,0.7600725725725725,0.03289211220473631,0.19277192371088378,130636.47050766996,1354.9775282038981,131991.44803587385,1166,0,512.5675675675676,36,1,15,35.86165271351988,0.626736111111111,44.425675675675684,1022.2972972972983,28.397147147147177,0
1175,4,1,0,36,0.027777777777777776,0.0,1.0,36,850,700,150,0.8235294117647058,10,7,3,346.40837564721346,0.7574404761904763,0.03875047187618019,0.19888075142814654,130558.13426997598,1845.2862439986316,132403.42051397462,1167,0,527.7777777777778,35,1,16,35.651661004152515,0.6279761904761905,44.50231481481482,1021.9907407407406,29.199735449735446,0
1176,4,0,0,36,0.0,0.0,1.0,36,600,300,300,0.5,9,3,6,348.2228935285074,0.7580357142857144,0.04073277488491489,0.20053461808545223,130676.44702717778,1900.9060999657245,132577.35312714352,1168,1,528.7777777777778,35,1,17,35.485529394008005,0.6291666666666667,44.38657407407408,1022.4537037037048,29.212962962962994,0
1177,4,0,0,36,0.0,0.0,1.0,36,700,400,300,0.5714285714285714,10,4,6,349.5654630304879,0.7582671957671958,0.042190152801358405,0.20146189601267875,130706.03358892768,1938.0630304784183,132644.0966194061,1169,2,529.7777777777778,35,1,17,35.42126485568759,0.6294642857142856,44.3576388888889,1022.5694444444462,29.21626984126989,0
1178,4,0,1,35,0.0,0.027777777777777776,0.9722222222222222,36,1050,700,350,0.6666666666666666,14,7,7,346.5227154867016,0.7585317460317461,0.030541492405899096,0.20054174477147602,130866.8190995051,1869.6651042935052,132736.4842037986,1170,3,530.7777777777778,36,0,19,35.33641499743196,0.6290509259259258,44.20045045045046,1023.1981981981997,28.422172172172214,0
1179,4,0,0,35,0.0,0.0,1.0,35,1100,900,200,0.8181818181818182,13,9,4,352.5371140819889,0.7491596638655462,0.02909514111143441,0.2036420270755962,130794.81336805572,2222.0052083333526,133016.81857638908,1171,4,546.7714285714286,35,0,20,35.25543109300746,0.6303571428571427,44.27083333333334,1022.916666666668,29.226190476190514,0
1180,4,0,0,35,0.0,0.0,1.0,35,650,400,250,0.6153846153846154,9,4,5,362.328633595963,0.7491596638655462,0.04502372927986764,0.20284543719105524,129575.4337274125,2417.9897755670813,131993.42350297957,1172,5,547.7714285714286,33,2,16,36.24317926496548,0.6224747474747474,45.4656862745098,1018.1372549019605,30.8526440879382,4
1181,4,1,0,36,0.027777777777777776,0.0,1.0,36,900,800,100,0.8888888888888888,10,8,2,371.88412475341465,0.761441798941799,0.08583812766623633,0.20264472748079546,128506.39349489799,2388.3095149824694,130894.70300988045,1173,0,533.5277777777778,34,2,14,37.091258659152295,0.609375,46.517857142857146,1013.9285714285717,29.82142857142858,7
1182,4,0,0,36,0.0,0.0,1.0,36,950,500,450,0.5263157894736842,14,5,9,371.84492463250194,0.7602843915343915,0.08156493629967687,0.20332007263904414,128643.06205257625,2367.0539426868922,131010.11599526314,1174,1,534.5277777777778,35,1,17,36.95248621410915,0.6086309523809523,46.38310185185185,1014.4675925925922,28.984788359788347,0
1183,4,0,0,36,0.0,0.0,1.0,36,1000,1000,0,1.0,10,10,0,370.0617191654455,0.7605158730158731,0.07979855568225003,0.20309394725162436,128789.87295310355,2332.040359224962,131121.9133123285,1175,2,535.5277777777778,35,1,17,36.847681489927766,0.6101190476190477,46.238425925925924,1015.0462962962962,29.00132275132275,0
1184,4,2,0,38,0.05263157894736842,0.0,1.0,38,750,400,350,0.5333333333333333,11,4,7,359.1102546850176,0.7744487908961594,0.09363294789269783,0.20015799821586283,129401.82317029883,1694.5607351126298,131096.38390541147,1176,0,508.2894736842105,36,2,20,36.50179856115107,0.6142939814814814,45.63626126126127,1017.4549549549562,28.26263763763767,0
1185,4,2,2,38,0.05,0.05,0.95,40,750,300,450,0.4,12,3,9,345.0298643249872,0.7935897435897435,0.09443396226415146,0.19453811499174808,129853.9201183432,960.6960880999374,130814.61620644314,1177,0,483.825,38,2,15,36.40068134171908,0.6151315789473684,45.19230769230769,1019.2307692307693,26.82186234817814,0
1186,4,0,0,38,0.0,0.0,1.0,38,1100,900,200,0.8181818181818182,13,9,4,361.57068597189675,0.7801979611190137,0.09504233219865554,0.20300477061550665,129688.42734203821,1778.3067273354663,131466.73406937366,1178,1,510.2631578947368,36,2,15,36.14750322461765,0.6171875,45.35472972972974,1018.5810810810829,28.29391891891897,0
1187,4,0,0,38,0.0,0.0,1.0,38,1100,900,200,0.8181818181818182,13,9,4,363.8320101095602,0.7789829302987198,0.0942713465393632,0.20493664860353042,129815.23762119107,1846.187769313627,131661.4253905047,1179,2,511.2631578947368,37,1,15,35.96092461086005,0.6165540540540541,45.23026315789473,1019.0789473684206,27.542674253200556,0
1188,4,2,2,38,0.05,0.05,0.95,40,700,500,200,0.7142857142857143,9,5,4,352.64333247032977,0.7985844017094017,0.1052730696798494,0.2013479672491884,130344.39718934921,1193.7859862661546,131538.18317561536,1180,0,486.65,38,2,16,35.70896107972381,0.6200657894736842,44.71153846153847,1021.1538461538469,26.87246963562755,0
1189,4,1,1,38,0.02564102564102564,0.02564102564102564,0.9743589743589743,39,950,600,350,0.631578947368421,13,6,7,359.6712546264476,0.7830071974808818,0.10938166826369478,0.20464201878775792,130208.06081753605,1566.4193193440037,131774.48013688007,1181,0,499.9230769230769,38,1,17,35.66789664677761,0.6186951754385964,44.84508547008547,1020.6196581196588,26.858412055780494,0
1190,4,0,1,37,0.0,0.02631578947368421,0.9736842105263158,38,850,600,250,0.7058823529411765,11,6,5,364.8730221657187,0.7774715504978663,0.10878418507310728,0.20714725266943357,130122.70752779715,1895.653109610663,132018.3606374078,1182,2,514.078947368421,37,1,17,35.62186548450654,0.6196509009009008,44.928728070175445,1020.2850877192993,27.575272641062146,0
1191,4,0,0,37,0.0,0.0,1.0,37,850,600,250,0.7058823529411765,11,6,5,368.57168942173365,0.7765890890890891,0.12433684926237043,0.20969022104389043,130205.11379200163,2197.983752333434,132403.09754433506,1183,3,525.972972972973,36,1,17,35.44379160689986,0.6223958333333333,44.84797297297298,1020.6081081081095,28.350225225225262,0
1192,4,0,0,37,0.0,0.0,1.0,37,1400,1100,300,0.7857142857142857,17,11,6,372.08110999072164,0.7760885885885885,0.1256352856661671,0.21231336842579437,130320.07250071016,2297.9274460271076,132617.99994673725,1184,4,526.972972972973,36,1,18,35.237445314510495,0.6235532407407407,44.73536036036036,1021.0585585585584,28.36273773773773,0
1193,4,0,0,37,0.0,0.0,1.0,37,1100,900,200,0.8181818181818182,13,9,4,377.056401905317,0.7761511511511512,0.1298953533054712,0.21611072233019193,130492.605675777,2440.6144742715533,132933.22015004855,1185,5,527.972972972973,36,1,15,34.93515558984533,0.6252893518518519,44.566441441441434,1021.7342342342332,28.38150650650648,0
1194,4,2,0,39,0.05128205128205128,0.0,1.0,39,700,400,300,0.5714285714285714,10,4,6,366.8698840025535,0.7923976608187134,0.14363683061512833,0.21335442768692156,131054.4963109064,1815.9895719190442,132870.48588282545,1186,0,501.84615384615387,38,1,18,34.625852114635514,0.6271929824561404,44.01709401709401,1023.9316239316225,26.945569050832173,0
1195,4,0,0,39,0.0,0.0,1.0,39,750,400,350,0.5333333333333333,11,4,7,363.3593726228735,0.7918353576248314,0.14121555473527136,0.21161378772556885,131109.19922017664,1727.9512747461372,132837.15049492277,1187,1,502.84615384615387,38,1,18,34.660355379372696,0.6277412280701755,43.96367521367521,1024.1452991452982,26.951192082771005,0
1196,4,0,1,38,0.0,0.02564102564102564,0.9743589743589743,39,1050,800,250,0.7619047619047619,13,8,5,366.82719334203944,0.7921165092217725,0.14471805566696094,0.21424316590439435,131218.6392815398,1826.913032361738,133045.55231390154,1188,2,503.84615384615387,38,1,18,34.46080987139381,0.6288377192982457,43.8568376068376,1024.5726495726485,26.962438146648644,0
1197,4,0,0,38,0.0,0.0,1.0,38,800,400,400,0.5,12,4,8,374.0526103822946,0.7858878615457563,0.14693686689427476,0.2181273087510233,131159.5935768697,2212.1176708217786,133371.71124769148,1189,3,517.4736842105264,37,1,20,34.335527724256046,0.6300675675675675,43.91447368421052,1024.342105263157,27.68492176386911,0
1198,4,0,0,38,0.0,0.0,1.0,38,950,600,350,0.631578947368421,13,6,7,374.6205800419735,0.786036036036036,0.14021852383768407,0.21893866919901442,131243.84576263846,2233.32912530778,133477.17488794625,1190,4,518.4736842105264,37,1,20,34.23566523987872,0.6309121621621622,43.83223684210526,1024.6710526315785,27.693812233285904,0
1199,4,0,0,38,0.0,0.0,1.0,38,1050,700,350,0.6666666666666666,14,7,7,354.8355124761323,0.7864212897107634,0.08908097860431563,0.2048208948253316,130766.77439212053,1680.13908125576,132446.91347337628,1191,5,519.4736842105264,37,1,20,35.2250393081761,0.6261261261261262,44.29824561403508,1022.8070175438586,27.64343290659077,4
1200,4,1,0,39,0.02564102564102564,0.0,1.0,39,1350,1000,350,0.7407407407407407,17,10,7,344.63493051756416,0.7930724246513721,0.08408673399809063,0.2011384265814317,131191.27498584625,1242.6191878515533,132433.8941736978,1192,0,507.12820512820514,38,1,21,35.05687941043556,0.6285635964912281,43.883547008547005,1024.4658119658116,26.959626630679253,0
1201,4,0,0,39,0.0,0.0,1.0,39,850,500,350,0.5882352941176471,12,5,7,342.39226066202514,0.7917228969860549,0.08761196064438037,0.20040079051438703,131300.74929003202,1191.272075206361,132492.02136523838,1193,1,508.12820512820514,38,1,21,35.00382223148826,0.6296600877192983,43.7767094017094,1024.8931623931614,26.97087269455688,0
1202,4,0,0,39,0.0,0.0,1.0,39,800,600,200,0.75,10,6,4,342.0582986317667,0.7913855150697257,0.08755472170106282,0.2003484320557491,131328.12500000003,1184.3778535685597,132512.50285356859,1194,2,509.12820512820514,37,2,21,34.98475609756096,0.6317567567567568,43.75,1025.0000000000002,27.70270270270271,0
1203,4,0,1,38,0.0,0.02564102564102564,0.9743589743589743,39,550,200,350,0.36363636363636365,9,2,7,357.3487100009837,0.7904295996401259,0.12395042627600783,0.2023280418546494,130017.30974687697,1496.6438609467357,131513.9536078237,1195,3,510.12820512820514,38,1,19,35.9208045254557,0.6167763157894737,45.03205128205128,1019.8717948717941,26.838731443994583,5
1204,4,1,1,38,0.02564102564102564,0.02564102564102564,0.9743589743589743,39,1250,700,550,0.56,18,7,11,357.5858117924399,0.795152946468736,0.12584239495234262,0.20302880514969093,130126.29323727082,1506.2632405581148,131632.55647782894,1196,0,511.02564102564105,38,1,19,35.80410122164049,0.6178728070175439,44.925213675213676,1020.2991452991455,26.84997750787225,0
1205,4,1,0,39,0.02564102564102564,0.0,1.0,39,1250,900,350,0.72,16,9,7,361.95421803836155,0.7931286549707602,0.1350051753730861,0.20413383420780212,129864.12896050338,1600.9738498263846,131465.10281032976,1197,0,512.0,39,0,18,35.959057230454796,0.6135149572649572,45.182291666666664,1019.2708333333326,26.135149572649553,2
1206,4,3,2,40,0.07142857142857142,0.047619047619047616,0.9523809523809523,42,800,500,300,0.625,11,5,6,342.6239980503967,0.8153552071234998,0.12978793358540197,0.19576466212574656,130371.67302441735,536.1341750789793,130907.80719949632,1198,0,476.35714285714283,38,4,19,35.93711859678488,0.6203399122807018,44.684829059829056,1021.2606837606832,26.875281151596926,0
1207,4,0,1,39,0.0,0.025,0.975,40,700,400,300,0.5714285714285714,10,4,6,360.87128918233395,0.8002938034188034,0.14362862264714682,0.20506556959138716,130158.86423631749,1394.1194270936408,131552.98366341114,1199,1,501.175,40,0,19,35.68722404806958,0.6148437500000001,44.89329268292682,1020.4268292682912,25.51067073170728,0
1208,4,1,0,40,0.025,0.0,1.0,40,850,400,450,0.47058823529411764,13,4,9,355.835959353576,0.8033386752136752,0.1606483469300135,0.20362210057358182,130430.54112803932,1282.4992804265523,131713.04040846587,1200,0,500.475,37,3,20,35.54011020466581,0.6227477477477478,44.62719298245614,1021.4912280701748,27.607871028923643,0
1209,4,1,1,40,0.024390243902439025,0.024390243902439025,0.975609756097561,41,1200,1000,200,0.8333333333333334,14,10,4,349.05280797740204,0.8092479674796748,0.1553822462868213,0.2016293279022403,130794.81336805546,930.85937499999,131725.67274305545,1201,0,489.2439024390244,39,2,15,35.344534962661236,0.6228632478632479,44.27083333333333,1022.9166666666658,26.228632478632456,0
1210,4,0,1,39,0.0,0.025,0.975,40,800,500,300,0.625,11,5,6,357.52582137724715,0.800934829059829,0.16072771915160433,0.20601322314278325,130699.20562358458,1345.6681687851542,132044.87379236973,1202,1,502.45,38,2,16,35.22468045832898,0.6236293859649124,44.36431623931624,1022.5427350427346,26.909019343229858,0
1211,4,0,1,38,0.0,0.02564102564102564,0.9743589743589743,39,800,500,300,0.625,11,5,6,356.27029919404663,0.8010571300044984,0.15207060420909668,0.20579849047562,130794.81336805563,1519.6614583333387,132314.47482638896,1203,2,503.79487179487177,37,2,16,35.15996266123557,0.6264076576576576,44.270833333333336,1022.9166666666673,27.646396396396415,0
1212,4,0,0,38,0.0,0.0,1.0,38,1300,900,400,0.6923076923076923,17,9,8,362.01415962923744,0.7943634423897582,0.15785127798026366,0.2090384368666473,130780.41459956573,1868.8723774450045,132649.28697701072,1204,3,517.921052631579,36,2,16,35.02766156556203,0.6281828703703705,44.284909909909906,1022.86036036036,28.412787787787778,0
1213,4,0,1,37,0.0,0.02631578947368421,0.9736842105263158,38,750,400,350,0.5333333333333333,11,4,7,361.79717914662257,0.7942152678994784,0.16374976834692334,0.20969469158702211,130924.43795146499,1873.618466439409,132798.0564179044,1205,4,518.921052631579,36,2,16,34.88735145246478,0.6296296296296295,44.14414414414414,1023.4234234234235,28.428428428428433,0
1214,4,0,0,37,0.0,0.0,1.0,37,1550,1200,350,0.7741935483870968,19,12,7,364.7768936813185,0.7832832832832832,0.17000823867776638,0.21126371146476344,130895.62694028477,2149.5400383491483,133045.1669786339,1206,5,533.7297297297297,36,1,16,34.840293826345345,0.6293402777777779,44.17229729729729,1023.3108108108099,28.425300300300275,0
1215,4,1,0,38,0.02631578947368421,0.0,1.0,38,1000,500,500,0.5,15,5,10,351.75779524675846,0.7927038880986249,0.1616396544539176,0.205727681750701,131271.93583602633,1635.185345490902,132907.12118151723,1207,0,520.6578947368421,37,1,17,34.79295955488978,0.6311936936936938,43.8048245614035,1024.7807017543848,27.69677572309148,0
1216,4,0,0,38,0.0,0.0,1.0,38,750,500,250,0.6666666666666666,10,5,5,357.7986688017141,0.7927038880986249,0.17255362827645726,0.20779574691734454,131002.0834003128,1774.498256036864,132776.58165634965,1208,1,521.6578947368421,35,3,18,34.911084416807995,0.6324404761904763,44.06828703703703,1023.7268518518508,29.249338624338595,1
1217,4,1,1,38,0.02564102564102564,0.02564102564102564,0.9743589743589743,39,1100,900,200,0.8181818181818182,13,9,4,354.4853509174224,0.7997076023391814,0.1728311601979624,0.20778365417909173,131356.983567182,1512.8252830533181,132869.80885023533,1209,0,509.2564102564103,36,3,18,34.63716174155039,0.6339699074074074,43.721846846846844,1025.1126126126123,28.475350350350343,0
1218,4,0,0,38,0.0,0.0,1.0,38,1300,900,400,0.6923076923076923,17,9,8,363.3341016304339,0.7918148411569464,0.18126116852399088,0.2126497529864037,131299.269603218,1941.1004332034627,133240.37003642146,1210,3,523.6578947368421,36,2,19,34.46873969893417,0.6333912037037037,43.77815315315315,1024.8873873873868,28.469094094094075,0
1219,4,0,1,37,0.0,0.02631578947368421,0.9736842105263158,38,750,700,50,0.9333333333333333,8,7,1,367.3190691417535,0.7921408250355619,0.18834501603896858,0.21581213213500905,131446.7860510974,2056.5853891929964,133503.37144029042,1211,4,524.6578947368421,35,3,19,34.21745673438676,0.6369047619047619,43.63425925925926,1025.462962962963,29.2989417989418,0
1220,4,0,0,37,0.0,0.0,1.0,37,750,600,150,0.8,9,6,3,379.73428514772957,0.7844719719719719,0.2017139090309823,0.22241579558652727,131328.125,2573.9583333333326,133902.08333333334,1212,5,539.5675675675676,34,3,19,34.01930894308942,0.6378676470588236,43.75,1025.0,30.147058823529413,0
1221,4,0,0,37,0.0,0.0,1.0,37,950,700,250,0.7368421052631579,12,7,5,374.31357390404844,0.783596096096096,0.19806223683632584,0.21994114090105563,131450.17715419506,2440.7171201814176,133890.89427437648,1213,6,540.5675675675676,34,3,19,34.0347109356861,0.6390931372549019,43.63095238095239,1025.476190476191,30.161064425770324,0
1222,4,0,0,37,0.0,0.0,1.0,37,750,400,350,0.5333333333333333,11,4,7,377.9891392216111,0.7854729729729729,0.19592947943882133,0.2226337944410543,131541.75347222228,2544.2708333333435,134086.02430555562,1214,7,541.5675675675676,34,3,19,33.8478202003791,0.6400122549019608,43.54166666666667,1025.833333333334,30.171568627451,0
1223,4,0,0,37,0.0,0.0,1.0,37,1100,800,300,0.7272727272727273,14,8,6,374.571940036119,0.7845970970970971,0.19471872707780835,0.22150612256456917,131694.45153061228,2465.8092403628175,134160.2607709751,1215,8,542.5675675675676,34,3,16,33.78107361014459,0.6415441176470588,43.392857142857146,1026.4285714285718,30.189075630252113,0
1224,4,0,0,37,0.0,0.0,1.0,37,1200,900,300,0.75,15,9,6,375.52583418482783,0.7845970970970971,0.19510820206069335,0.22350261717345277,131938.9526643992,2509.2970521542097,134448.2497165534,1216,9,543.5675675675676,34,3,16,33.509559675550406,0.6439950980392156,43.15476190476191,1027.3809523809532,30.21708683473392,0
1225,4,0,0,37,0.0,0.0,1.0,37,1000,700,300,0.7,13,7,6,374.26958851303095,0.7837837837837838,0.19317811787691275,0.22311430166053084,132000.11337868494,2480.7256235827804,134480.83900226772,1217,10,544.5675675675676,34,3,16,33.48007414272473,0.6446078431372548,43.0952380952381,1027.6190476190486,30.22408963585437,0
1226,4,0,0,37,0.0,0.0,1.0,37,1050,800,250,0.7619047619047619,13,8,5,374.9296598939216,0.7834084084084084,0.19830251743174387,0.22423078551550624,132122.47732426316,2507.3270975056803,134629.80442176884,1218,11,545.5675675675676,34,3,16,33.33960552725028,0.6458333333333333,42.97619047619048,1028.095238095239,30.238095238095266,0
1227,4,0,1,36,0.0,0.02702702702702703,0.972972972972973,37,1300,1100,200,0.8461538461538461,15,11,4,373.6811293862882,0.7818443443443444,0.1928901931217013,0.2240271531414395,132214.28748582763,2481.196853741491,134695.4843395691,1219,12,546.5675675675676,34,3,16,33.279073581047186,0.6467524509803921,42.88690476190476,1028.4523809523807,30.248599439775905,0
1228,4,0,0,36,0.0,0.0,1.0,36,1150,1000,150,0.8695652173913043,13,10,3,384.82329693246845,0.7765873015873016,0.1951330949543113,0.23029011849239725,132145.87688629373,2970.5624038831224,135116.43929017684,1220,13,561.8333333333334,33,3,17,33.06168057210966,0.6483585858585859,42.95343137254902,1028.1862745098038,31.157159833630416,0
1229,4,0,0,36,0.0,0.0,1.0,36,900,500,400,0.5555555555555556,13,5,8,383.73843215853356,0.7761904761904762,0.1956600036016567,0.22987049771050028,132183.68055555562,2944.791666666677,135128.4722222223,1221,14,562.8333333333334,34,2,17,33.05139113992436,0.6464460784313726,42.91666666666667,1028.333333333334,30.245098039215705,0
1230,4,3,2,37,0.07692307692307693,0.05128205128205128,0.9487179487179487,39,1100,900,200,0.8181818181818182,13,9,4,359.625930287922,0.8075236167341431,0.1827986635478831,0.21735881698534157,132520.55165816328,1744.2389455782336,134264.7906037415,1222,0,520.4615384615385,34,5,19,33.33212895517785,0.6498161764705883,42.589285714285715,1029.6428571428573,30.28361344537816,1
1231,4,0,0,37,0.0,0.0,1.0,37,850,700,150,0.8235294117647058,10,7,3,378.0574245212664,0.7852227227227228,0.1998059722826242,0.2268599818852459,132249.14969403704,2599.554585691001,134848.70427972803,1223,1,549.5945945945946,35,2,19,33.13137635497545,0.6449404761904762,42.85300925925925,1028.5879629629617,29.388227513227477,0
1232,4,0,0,37,0.0,0.0,1.0,37,1200,1000,200,0.8333333333333334,14,10,4,373.87926371518984,0.7852852852852853,0.19717693401903968,0.22523945887232155,132398.00347222213,2500.3410600994425,134898.3445323216,1224,2,550.5945945945946,33,4,19,33.08873144399462,0.6508838383838385,42.70833333333333,1029.1666666666658,31.18686868686866,0
1233,4,0,0,37,0.0,0.0,1.0,37,1350,1200,150,0.8888888888888888,15,12,3,373.72448127234486,0.7834084084084084,0.2009998437744105,0.2260641093011035,132551.19756235814,2507.5255102040687,135058.72307256222,1225,3,551.5945945945946,34,3,19,32.93834296724471,0.6501225490196079,42.5595238095238,1029.7619047619037,30.287114845938344,0
1234,4,0,0,37,0.0,0.0,1.0,37,800,600,200,0.75,10,6,4,370.4404531593698,0.7829079079079079,0.19865630104853493,0.2246265761168904,132643.15653344675,2427.278202947845,135070.43473639459,1226,4,552.5945945945946,34,3,16,32.930293925035635,0.6510416666666667,42.470238095238095,1030.1190476190477,30.29761904761905,0
1235,4,0,0,37,0.0,0.0,1.0,37,1300,1100,200,0.8461538461538461,15,11,4,372.7535111560325,0.7819069069069069,0.1998391429048363,0.22688790272347703,132785.41512613595,2499.245943715703,135284.66106985166,1227,5,553.5945945945946,35,2,16,32.72751731237132,0.6502976190476191,42.332175925925924,1030.671296296296,29.447751322751316,0
1236,4,0,0,37,0.0,0.0,1.0,37,850,700,150,0.8235294117647058,10,7,3,373.0495375669746,0.7804679679679679,0.20446850083132073,0.22761132059223346,132874.89819101506,2513.7838648833945,135388.68205589845,1228,6,554.5945945945946,35,2,16,32.62984583146235,0.6511904761904762,42.24537037037037,1031.0185185185182,29.45767195767195,0
1237,4,0,1,36,0.0,0.02702702702702703,0.972972972972973,37,600,400,200,0.6666666666666666,8,4,4,374.5669041481177,0.7805930930930931,0.21062337166029232,0.2290848100798815,132964.41139671195,2560.813587748604,135525.22498446054,1229,7,555.5945945945946,35,2,16,32.50067800097257,0.6520833333333333,42.1585648148148,1031.3657407407393,29.467592592592553,0
1238,4,1,0,37,0.02702702702702703,0.0,1.0,37,1050,700,350,0.6666666666666666,14,7,7,370.1341269681675,0.7881006006006006,0.2166282874803056,0.22801080197210308,133233.13185871052,2462.8257887517084,135695.95764746223,1230,0,555.1351351351351,35,2,18,32.344917787742894,0.6547619047619049,41.898148148148145,1032.4074074074072,29.49735449735449,0
1239,4,0,0,37,0.0,0.0,1.0,37,1050,800,250,0.7619047619047619,13,8,5,370.9889015349406,0.7885385385385385,0.22124421855453957,0.2290888559443791,133322.76562767927,2492.253273962625,135815.0189016419,1231,1,556.1351351351351,35,2,18,32.23282995255704,0.6556547619047619,41.811342592592595,1032.7546296296305,29.507275132275158,0
1240,4,0,0,37,0.0,0.0,1.0,37,950,700,250,0.7368421052631579,12,7,5,371.1081966600779,0.7891641641641641,0.21931678485565986,0.22971648844575965,133412.42953746565,2502.08922753771,135914.51876500336,1232,2,557.1351351351351,35,2,18,32.139722906863824,0.656547619047619,41.72453703703703,1033.1018518518513,29.51719576719575,0
1241,4,0,0,37,0.0,0.0,1.0,37,900,600,300,0.6666666666666666,12,6,6,365.0096549497031,0.7899774774774775,0.12565090794862832,0.23000749242886917,134070.88584533604,2427.9696073388177,136498.85545267485,1233,3,558.1351351351351,35,2,18,31.637423632841617,0.6630952380952382,41.08796296296296,1035.6481481481478,29.58994708994708,5
1242,4,0,0,37,0.0,0.0,1.0,37,800,500,300,0.625,11,5,6,363.04436889505433,0.789914914914915,0.12223751902036106,0.229517880674331,134190.7793209876,2343.441358024689,136534.2206790123,1234,4,559.1351351351351,35,2,18,31.568364611260055,0.6642857142857144,40.97222222222222,1036.1111111111109,29.603174603174597,0
1243,4,1,1,37,0.02631578947368421,0.02631578947368421,0.9736842105263158,38,950,800,150,0.8421052631578947,11,8,3,352.23718463466525,0.7953710289236605,0.11465594076376351,0.22470976072399845,134521.57393880375,1876.7000953656407,136398.2740341694,1235,0,545.3947368421053,36,2,18,31.51799283543205,0.6655092592592593,40.653153153153156,1037.387387387388,28.816316316316332,0
1244,4,0,0,37,0.0,0.0,1.0,37,1150,900,250,0.782608695652174,14,9,5,358.5316501992974,0.7892267267267267,0.12463384245949216,0.22796913088257673,134400.72183909905,2237.3825177897907,136638.10435688883,1236,6,561.1351351351351,35,2,18,31.475448338728267,0.6663690476190476,40.76967592592593,1036.9212962962972,29.62632275132278,0
1245,4,0,0,37,0.0,0.0,1.0,37,750,500,250,0.6666666666666666,10,5,5,358.75244439345283,0.7876001001001001,0.1277383598035169,0.2288610789393961,134520.7626698601,2251.930485896758,136772.69315575686,1237,7,562.1351351351351,35,2,19,31.349831715571433,0.6675595238095239,40.653935185185176,1037.384259259258,29.639550264550227,0
1246,4,0,0,37,0.0,0.0,1.0,37,400,100,300,0.25,7,1,6,358.75244439345283,0.7876001001001001,0.1277383598035169,0.2288610789393961,134520.7626698601,2251.930485896758,136772.69315575686,1238,8,563.1351351351351,35,2,19,31.349831715571433,0.6675595238095239,40.653935185185176,1037.384259259258,29.639550264550227,0
1247,4,0,0,37,0.0,0.0,1.0,37,1000,600,400,0.6,14,6,8,358.2854488010298,0.7881006006006006,0.13251521568603097,0.22913971072623457,134612.54428854873,2245.9465179140066,136858.49080646274,1239,9,564.1351351351351,34,3,20,31.27031471071852,0.6706495098039216,40.56547619047619,1037.7380952380952,30.52170868347339,0
1248,4,0,0,37,0.0,0.0,1.0,37,900,700,200,0.7777777777777778,11,7,4,361.21340270876084,0.7872247247247247,0.1345616748759313,0.23140482426287182,134674.32149943308,2329.233985260769,137003.55548469385,1240,10,565.1351351351351,34,3,20,31.132679588637835,0.6712622549019608,40.50595238095238,1037.9761904761904,30.528711484593835,0
1249,4,0,0,37,0.0,0.0,1.0,37,1050,700,350,0.6666666666666666,14,7,7,362.1178343553522,0.786036036036036,0.14559211280522777,0.23277478769946477,134797.91843820858,2362.546060090698,137160.4644982993,1241,11,566.1351351351351,34,3,17,30.985851580113877,0.6724877450980392,40.38690476190476,1038.4523809523807,30.542717086834728,0
1250,4,0,0,37,0.0,0.0,1.0,37,950,800,150,0.8421052631578947,11,8,3,364.1559527508007,0.7854104104104104,0.1442556341146921,0.23488462672995122,134921.5720663266,2426.4987244898025,137348.0707908164,1242,12,567.1351351351351,34,3,17,30.809556548642135,0.6737132352941175,40.267857142857146,1038.928571428572,30.55672268907565,0
1251,4,0,0,37,0.0,0.0,1.0,37,650,400,250,0.6153846153846154,9,4,5,364.1559527508007,0.7854104104104104,0.1442556341146921,0.23488462672995122,134921.5720663266,2426.4987244898025,137348.0707908164,1243,13,568.1351351351351,34,3,17,30.809556548642135,0.6737132352941175,40.267857142857146,1038.928571428572,30.55672268907565,0
1252,4,0,1,36,0.0,0.02702702702702703,0.972972972972973,37,950,700,250,0.7368421052631579,12,7,5,365.7176698927083,0.7849099099099099,0.14465387389451045,0.2366998499505736,135045.28238378692,2477.689200680276,137522.9715844672,1244,14,569.1351351351351,34,3,17,30.645592333829633,0.6749387254901961,40.148809523809526,1039.4047619047624,30.57072829131654,0
1253,4,0,0,36,0.0,0.0,1.0,36,900,500,400,0.5555555555555556,13,5,8,374.2347775386452,0.7719907407407408,0.15110350973762166,0.2414583290694547,134932.48540224918,2899.2857314494427,137831.7711336986,1245,23,585.5555555555555,33,3,17,30.53687976724069,0.6761363636363636,40.25735294117647,1038.9705882352944,31.483957219251344,0
1254,4,0,0,36,0.0,0.0,1.0,36,700,400,300,0.5714285714285714,10,4,6,362.73503679656056,0.7719246031746032,0.15447338276963918,0.23196414740321328,134609.20538359293,2565.4950135946647,137174.70039718758,1246,24,586.5555555555555,36,0,19,31.158211249773917,0.6663773148148149,40.56869369369369,1037.7252252252244,28.82570070070068,3
1255,4,0,2,34,0.0,0.05555555555555555,0.9444444444444444,36,850,600,250,0.7058823529411765,11,6,5,362.18298261897706,0.7699074074074075,0.1505207203297898,0.2321698702212609,134696.86536198363,2556.9824892460065,137253.84785122963,1247,25,587.5555555555555,36,0,19,31.08501482606494,0.6672453703703705,40.484234234234236,1038.0630630630633,28.83508508508509,0
1256,4,0,0,34,0.0,0.0,1.0,34,700,500,200,0.7142857142857143,9,5,4,373.4600250580889,0.7605095068330363,0.15785336958501683,0.23925040106403211,134674.32149943308,3259.095096371879,137933.41659580497,1248,26,589.1176470588235,34,0,20,30.814887028328933,0.6712622549019608,40.50595238095238,1037.9761904761904,30.528711484593835,0
1257,4,0,0,34,0.0,0.0,1.0,34,650,400,250,0.6153846153846154,9,4,5,371.83192806979844,0.7593211527035056,0.1561646330358777,0.2386126743706189,134736.112882653,3219.8377267573655,137955.95060941036,1249,27,590.1176470588235,34,0,20,30.79539808125981,0.671875,40.44642857142857,1038.214285714285,30.535714285714267,0
1258,4,0,0,34,0.0,0.0,1.0,34,650,500,150,0.7692307692307693,8,5,3,390.0125910048055,0.7593211527035056,0.12804574119958678,0.2333484591147782,132138.240437838,3513.0749719156142,135651.3154097536,1250,28,591.1176470588235,32,2,15,32.9360084326006,0.6507161458333334,42.96085858585859,1028.1565656565658,32.12989267676768,6
1259,4,1,1,34,0.02857142857142857,0.02857142857142857,0.9714285714285714,35,850,600,250,0.7058823529411765,11,6,5,382.1405051559726,0.7646358543417366,0.11655674168763142,0.2313767150814693,132587.2561034218,3133.3922049211815,135720.64830834296,1251,0,575.2,33,2,16,32.685328415040445,0.6527777777777778,42.52450980392157,1029.9019607843138,31.20915032679739,0
1260,4,0,0,34,0.0,0.0,1.0,34,850,800,50,0.9411764705882353,9,8,1,391.26234987527636,0.7574272133095663,0.12680171406310925,0.23632245932466686,132495.48037190072,3568.0985996326826,136063.5789715334,1252,30,593.1176470588235,32,2,17,32.543077017414774,0.654296875,42.61363636363636,1029.5454545454538,32.17329545454543,0
1261,4,0,0,34,0.0,0.0,1.0,34,1050,600,450,0.5714285714285714,15,6,9,390.48858665803357,0.7567959001782532,0.1196328304633949,0.23728796394014964,132723.06596584522,3565.368489184764,136288.43445503,1253,31,594.1176470588235,32,2,14,32.33340481150186,0.6565755208333335,42.39267676767676,1030.4292929292922,32.20091540404038,0
1262,4,0,0,34,0.0,0.0,1.0,34,600,300,300,0.5,9,3,6,389.636808799704,0.7572786690433749,0.1189154907245924,0.23697582961424582,132755.59413580227,3545.2932098765205,136300.88734567878,1254,32,595.1176470588235,32,2,14,32.322551662174305,0.6569010416666667,42.3611111111111,1030.5555555555538,32.20486111111106,0
1263,4,0,0,34,0.0,0.0,1.0,34,1200,1000,200,0.8333333333333334,14,10,4,387.58518467711866,0.7543820558526442,0.12103186034452995,0.23696076260798665,132950.84685236186,3505.955706050384,136456.80255841225,1255,33,596.1176470588235,32,2,16,32.178674910218746,0.6588541666666667,42.17171717171716,1031.31313131313,32.228535353535314,0
1264,4,0,1,33,0.0,0.029411764705882353,0.9705882352941176,34,700,500,200,0.7142857142857143,9,5,4,388.3812836083374,0.7538621509209745,0.11793142174260463,0.2380692774466412,133048.52701573828,3534.7115409142048,136583.23855665248,1256,34,597.1176470588235,32,2,16,32.05977440541754,0.6598307291666666,42.07702020202021,1031.6919191919199,32.240372474747495,0
1265,4,0,0,33,0.0,0.0,1.0,33,550,300,250,0.5454545454545454,8,3,5,398.2944754712047,0.7458175505050506,0.1330899600883182,0.2431838050313393,132901.00309583882,3986.7470635308205,136887.75015936964,1257,71,615.1818181818181,31,2,16,31.952819169086993,0.6609543010752688,42.220052083333336,1031.1197916666672,33.26192876344088,0
1266,4,0,0,33,0.0,0.0,1.0,33,800,600,200,0.75,10,6,4,397.287530740255,0.7456597222222223,0.13161790866626122,0.24300498308830593,132968.14176771382,3965.316942003047,136933.45870971688,1258,72,616.1818181818181,31,2,17,31.91108551108867,0.6616263440860215,42.15494791666667,1031.380208333334,33.270329301075286,0
1267,4,0,0,33,0.0,0.0,1.0,33,600,400,200,0.6666666666666666,8,4,4,396.12911004569423,0.7465277777777778,0.1310052415450873,0.2423954082369495,132983.40292125804,3935.7194100091824,136919.12233126722,1259,73,617.1818181818181,32,1,17,31.925572285469453,0.6591796875,42.140151515151516,1031.439393939394,32.23248106060606,0
1268,4,0,0,33,0.0,0.0,1.0,33,700,400,300,0.5714285714285714,10,4,6,395.9249994112844,0.7440814393939394,0.12578000734124561,0.24311758228312735,133113.66705246904,3940.605709876537,137054.2727623456,1260,74,618.1818181818181,32,1,18,31.799573799910277,0.6604817708333334,42.013888888888886,1031.944444444444,32.24826388888887,0
1269,4,0,0,33,0.0,0.0,1.0,33,550,500,50,0.9090909090909091,6,5,1,395.92492214460026,0.7443181818181819,0.12145676953016338,0.243542982583304,133178.82303145106,3945.7630280073654,137124.58605945844,1261,75,619.1818181818181,32,1,18,31.733944954128436,0.6611328125,41.950757575757585,1032.196969696971,32.25615530303035,0
1270,4,0,0,33,0.0,0.0,1.0,33,750,600,150,0.8,9,6,3,396.86133485815503,0.7442392676767677,0.12325035854447619,0.24454673211267028,133243.99495268342,3975.8779397510457,137219.87289243448,1262,76,620.1818181818181,32,1,18,31.64414414414414,0.6617838541666666,41.88762626262626,1032.4494949494951,32.26404671717172,0
1271,4,0,0,33,0.0,0.0,1.0,33,650,500,150,0.7692307692307693,8,5,3,396.1741206791583,0.7437657828282829,0.12536961693234572,0.2443372518034812,133276.5868916439,3960.1469237833085,137236.73381542723,1263,77,621.1818181818181,32,1,18,31.62906578625581,0.662109375,41.856060606060616,1032.575757575759,32.26799242424247,0
1272,4,0,0,33,0.0,0.0,1.0,33,1100,800,300,0.7272727272727273,14,8,6,398.60935121748327,0.7425031565656566,0.12805725016946123,0.24648700697734183,133374.3866219009,4032.855544077144,137407.24216597804,1264,78,622.1818181818181,32,1,18,31.467730106343964,0.6630859375,41.76136363636364,1032.954545454546,32.27982954545456,0
1273,4,0,0,33,0.0,0.0,1.0,33,950,400,550,0.42105263157894735,15,4,11,383.9741526603326,0.7425031565656566,0.1431610098954963,0.2233411787367495,131061.3335503471,3464.8687693698166,134526.20231971692,1265,79,623.1818181818181,31,2,17,34.181078331637835,0.64247311827957,44.01041666666666,1023.9583333333323,33.03091397849459,5
1274,4,0,0,33,0.0,0.0,1.0,33,800,600,200,0.75,10,6,4,387.8923436498878,0.73989898989899,0.14931213507725993,0.2264048189790293,131194.6953667534,3577.8835720486027,134772.578938802,1266,80,624.1818181818181,31,2,17,33.9455177088629,0.6438172043010754,43.88020833333333,1024.479166666666,33.04771505376342,0
1275,4,1,1,33,0.029411764705882353,0.029411764705882353,0.9705882352941176,34,750,500,250,0.6666666666666666,10,5,5,372.8573826533443,0.751114081996435,0.11554207072760003,0.21583115921590773,130875.54841342752,2959.5828869503503,133835.13130037786,1267,0,606.7941176470588,32,2,18,34.65392604475155,0.6380208333333331,44.19191919191921,1023.2323232323258,31.976010101010182,1
1276,4,0,0,33,0.0,0.0,1.0,33,550,300,250,0.5454545454545454,8,3,5,384.51614643588726,0.7398200757575758,0.1254099435917615,0.22173199809893265,130728.22570800805,3453.422715928846,134181.6484239369,1268,82,626.1818181818181,31,2,18,34.505241490535596,0.6391129032258063,44.335937500000014,1022.6562500000018,32.98891129032264,0
1277,4,0,0,33,0.0,0.0,1.0,33,850,700,150,0.8235294117647058,10,7,3,381.9067397696227,0.7394255050505051,0.12639502687861026,0.22098845074445497,130861.41798231353,3395.3715006510656,134256.7894829646,1269,83,627.1818181818181,31,2,18,34.43677356409604,0.6404569892473118,44.20572916666668,1023.1770833333347,33.00571236559144,0
1278,4,1,1,33,0.029411764705882353,0.029411764705882353,0.9705882352941176,34,1000,700,300,0.7,13,7,6,373.01884186817995,0.7528594771241831,0.11885774768374224,0.21774639445456237,131198.73769258262,2987.920237730879,134186.6579303135,1270,0,609.7058823529412,32,2,19,34.32236463725249,0.6412760416666665,43.876262626262644,1024.4949494949515,32.01546717171723,0
1279,4,0,0,33,0.0,0.0,1.0,33,850,500,350,0.5882352941176471,12,5,7,380.61414456994913,0.7398200757575758,0.1120919412734358,0.22215668319557563,131194.69536675353,3386.9113498263932,134581.60671657993,1271,85,629.1818181818181,31,2,19,34.13192679206914,0.6438172043010753,43.880208333333336,1024.479166666667,33.04771505376345,0
1280,4,1,1,33,0.029411764705882353,0.029411764705882353,0.9705882352941176,34,900,500,400,0.5555555555555556,13,5,8,371.8567344933008,0.7526737967914439,0.10568460853125905,0.21835491979899468,131425.20732897156,2974.269685491279,134399.47701446284,1272,0,611.6470588235294,32,2,19,34.12295283832041,0.6435546875,43.65530303030303,1025.378787878788,32.043087121212125,0
1281,4,0,0,33,0.0,0.0,1.0,33,450,300,150,0.6666666666666666,6,3,3,381.2097372894886,0.7402146464646465,0.1161609745017187,0.22308563882569252,131294.76123385964,3410.1682874891544,134704.9295213488,1273,87,631.1818181818181,31,2,19,34.01529348240376,0.6448252688172043,43.782552083333336,1024.869791666667,33.06031586021506,0
1282,4,0,0,33,0.0,0.0,1.0,33,600,500,100,0.8333333333333334,7,5,2,383.0297983176612,0.7377683080808082,0.11850278246011037,0.22473745394584688,131394.8652479384,3465.6297471788243,134860.49499511722,1274,88,632.1818181818181,31,2,19,33.86726356786046,0.6458333333333333,43.684895833333336,1025.260416666667,33.07291666666668,0
1283,4,0,0,33,0.0,0.0,1.0,33,1200,1000,200,0.8333333333333334,14,10,4,379.8733157986492,0.7383207070707072,0.11464640247109803,0.2234403290537602,131489.94880943277,3389.9045696867797,134879.85337911954,1275,89,633.1818181818181,32,1,19,33.85192252451887,0.6442057291666666,43.59217171717172,1025.6313131313136,32.05097853535355,0
1284,4,0,0,33,0.0,0.0,1.0,33,600,300,300,0.5,9,3,6,379.1072057380286,0.7375315656565657,0.11194146734387944,0.22355770347077086,131587.0909218448,3377.1228701153086,134964.2137919601,1276,90,634.1818181818181,32,1,15,33.77327918615145,0.6451822916666666,43.497474747474755,1026.0101010101018,32.06281565656568,0
1285,4,1,0,34,0.029411764705882353,0.0,1.0,34,900,600,300,0.6666666666666666,12,6,6,381.62963972434346,0.7495172311348782,0.10766144856756643,0.21907165276091028,130552.7576905417,3167.051353178235,133719.80904371993,1277,0,616.5,32,2,15,34.7572275759822,0.634765625,44.50757575757575,1021.9696969696962,31.936553030303006,4
1286,4,0,0,34,0.0,0.0,1.0,34,700,500,200,0.7142857142857143,9,5,4,384.4177601491146,0.7485888294711824,0.1143669768759672,0.22122463425212366,130649.553058999,3244.8017102846534,133894.35476928364,1278,1,617.5,32,2,15,34.58765592194639,0.6357421875,44.41287878787878,1022.3484848484842,31.94839015151513,0
1287,4,1,1,34,0.02857142857142857,0.02857142857142857,0.9714285714285714,35,750,500,250,0.6666666666666666,10,5,5,374.8167377819212,0.7544817927170868,0.1087972626176219,0.21704020530367837,130888.84833958095,2811.866229334874,133700.7145689158,1279,0,600.8285714285714,33,2,16,34.590319361277444,0.6357323232323233,44.17892156862745,1023.2843137254904,31.008615567439104,0
1288,4,0,0,34,0.0,0.0,1.0,34,1000,800,200,0.8,12,8,4,380.6636941572096,0.7485516934046347,0.11459044244703542,0.21998125892023634,130810.95838434855,3158.9965309662293,133969.95491531477,1280,3,619.5,32,2,16,34.51976878137085,0.6373697916666667,44.255050505050505,1022.9797979797981,31.968118686868692,0
1289,4,2,0,36,0.05555555555555555,0.0,1.0,36,650,500,150,0.7692307692307693,8,5,3,364.4080464903732,0.7620701058201059,0.12619637282976015,0.21412079894052366,131450.1771541951,2380.3004535147525,133830.47760770985,1281,0,586.0277777777778,34,2,18,34.288657998606915,0.6390931372549019,43.63095238095239,1025.4761904761913,30.16106442577033,0
1290,4,0,0,36,0.0,0.0,1.0,36,1000,800,200,0.8,12,8,4,359.5007487229185,0.7639550264550266,0.1286208763584329,0.21208329590984493,131602.82206632654,2262.2626133786803,133865.0846797052,1282,1,587.0277777777778,34,2,16,34.26030668677726,0.640625,43.482142857142854,1026.0714285714284,30.178571428571423,0
1291,4,1,0,37,0.02702702702702703,0.0,1.0,37,1050,700,350,0.6666666666666666,14,7,7,351.64353542731936,0.7662662662662663,0.14243973703433155,0.20985178727114218,132040.8950617284,1886.2654320987697,133927.16049382716,1283,0,572.1351351351351,35,2,17,34.02027027027028,0.6428571428571428,43.05555555555556,1027.7777777777778,29.365079365079367,0
1292,4,0,0,37,0.0,0.0,1.0,37,1350,1000,350,0.7407407407407407,17,10,7,347.81692792510074,0.7663288288288288,0.1450972638367125,0.20838525992006188,132189.63162562152,1795.5583151148767,133985.1899407364,1284,1,573.1351351351351,35,2,17,33.96888482461077,0.6443452380952381,42.910879629629626,1028.356481481481,29.381613756613746,0
1293,4,0,0,37,0.0,0.0,1.0,37,1050,700,350,0.6666666666666666,14,7,7,366.0589677259858,0.7660785785785785,0.15573014388895512,0.2150908559339457,131450.17715419506,2229.89549488135,133680.0726490764,1285,2,574.1351351351351,34,3,19,34.24633348812013,0.6390931372549019,43.63095238095239,1025.476190476191,30.161064425770324,2
1294,4,1,0,38,0.02631578947368421,0.0,1.0,38,800,600,200,0.75,10,6,4,360.92457680822264,0.7731152204836416,0.1656995888436006,0.213878551828039,131773.38023244595,1912.050298996912,133685.43053144286,1286,0,560.0,35,3,18,34.05161481230977,0.6401785714285715,43.31597222222222,1026.7361111111109,29.33531746031745,0
1295,4,0,0,38,0.0,0.0,1.0,38,1050,900,150,0.8571428571428571,12,9,3,359.1478486527412,0.7717816500711238,0.16879343469082797,0.2136592697481053,131921.96609224964,1875.8980624142682,133797.8641546639,1287,1,561.0,35,3,18,33.94734865555055,0.6416666666666666,43.1712962962963,1027.3148148148148,29.35185185185185,0
1296,4,1,1,38,0.02564102564102564,0.02564102564102564,0.9743589743589743,39,1000,600,400,0.6,14,6,8,351.3884668840398,0.7794646873594242,0.16568522559104082,0.21039528466348661,132166.31063073222,1488.3434532505632,133654.65408398278,1288,0,547.5897435897435,36,3,18,33.900540284014156,0.6420717592592592,42.933558558558566,1028.265765765767,28.56293793793797,0
1297,4,1,0,39,0.02564102564102564,0.0,1.0,39,850,500,350,0.5882352941176471,12,5,7,349.4282832259166,0.7818825910931174,0.17014862532103936,0.20986373223331678,132282.1316882762,1444.6236354597938,133726.755323736,1289,0,548.5641025641025,36,3,19,33.834382411968626,0.6432291666666665,42.82094594594595,1028.7162162162167,28.575450450450465,0
1298,4,0,0,39,0.0,0.0,1.0,39,1250,900,350,0.72,16,9,7,346.99798390401384,0.7824448942869996,0.16277379840132866,0.209045126888516,132398.0034722224,1388.3680555555748,133786.37152777796,1290,1,549.5641025641025,36,3,20,33.780364372469634,0.6443865740740741,42.70833333333334,1029.166666666668,28.587962962963005,0
1299,4,0,0,39,0.0,0.0,1.0,39,600,400,200,0.6666666666666666,8,4,4,347.6958684483633,0.7823886639676114,0.15732442447243877,0.20978798240834917,132455.95838659615,1410.877896477568,133866.8362830737,1291,2,550.5641025641025,36,3,20,33.704144331400656,0.6449652777777778,42.65202702702703,1029.3918918918926,28.594219219219237,0
1300,4,0,0,39,0.0,0.0,1.0,39,1300,1000,300,0.7692307692307693,16,10,6,347.9984850119917,0.7828947368421053,0.15971176627272854,0.210618540399382,132571.9062601452,1426.9645067364556,133998.87076688165,1292,3,551.5641025641025,36,3,22,33.579825041006,0.6461226851851853,42.53941441441441,1029.8423423423417,28.606731731731713,0
1301,4,0,1,38,0.0,0.02564102564102564,0.9743589743589743,39,700,400,300,0.5714285714285714,10,4,6,347.3935108593675,0.784131803868646,0.1555895642034686,0.21073977701203556,132658.9004545086,1416.968235127023,134075.86868963562,1293,4,552.5641025641025,36,3,16,33.50800721469172,0.6469907407407407,42.45495495495496,1030.1801801801805,28.616116116116125,0
1302,4,0,0,38,0.0,0.0,1.0,38,750,600,150,0.8,9,6,3,352.3797158020328,0.7833688952110005,0.15435580863179177,0.21380585210319655,132666.15125868047,1749.7721354166613,134415.92339409713,1294,5,552.8947368421053,35,3,18,33.37230367374453,0.6491071428571429,42.447916666666664,1030.2083333333328,29.434523809523796,0
1303,4,0,0,38,0.0,0.0,1.0,38,1650,1500,150,0.9090909090909091,18,15,3,347.5202719185926,0.7833688952110005,0.13404512633238874,0.20706610564384317,131981.42387902946,1573.2440629286657,133554.66794195812,1295,6,553.8947368421053,35,3,19,34.18609671848014,0.6422619047619048,43.113425925925924,1027.546296296296,29.358465608465604,1
1304,4,0,0,38,0.0,0.0,1.0,38,800,400,400,0.5,12,4,8,347.9386091627436,0.7828651019440493,0.14165367816568764,0.20780381896263114,132070.63567654745,1590.4946577074688,133661.1303342549,1296,7,554.8947368421053,35,3,19,34.08552434035205,0.643154761904762,43.02662037037037,1027.8935185185182,29.368386243386237,0
1305,4,0,0,38,0.0,0.0,1.0,38,1100,900,200,0.8181818181818182,13,9,4,348.71772762220934,0.7816204362256994,0.1426705060523652,0.20859660434128519,132130.126953125,1615.2235243055568,133745.35047743056,1297,8,555.8947368421053,35,3,20,34.0056146572104,0.64375,42.96875,1028.125,29.375,0
1306,4,0,0,38,0.0,0.0,1.0,38,1000,800,200,0.8,12,8,4,388.1170830872344,0.7815611664295875,0.21565518192337008,0.2144291927264209,129054.3435597778,2417.6390764317425,131471.98263620955,1298,9,556.8947368421053,35,3,18,36.1189818506284,0.612797619047619,45.97800925925925,1016.0879629629617,29.03108465608462,6
1307,4,1,1,38,0.02564102564102564,0.02564102564102564,0.9743589743589743,39,550,400,150,0.7272727272727273,7,4,3,378.53512638696,0.7887989203778678,0.20189906847210248,0.2105601640527466,129322.44897959186,1990.7853628205414,131313.2343424124,1299,0,543.5897435897435,34,5,18,36.08867821473158,0.6176470588235294,45.714285714285715,1017.1428571428573,29.91596638655463,0
1308,4,4,2,40,0.09523809523809523,0.047619047619047616,0.9523809523809523,42,1050,600,450,0.5714285714285714,15,6,9,350.5130087842679,0.8158149438637243,0.19441118377288547,0.19913761048512815,130150.67737188369,723.9011041859051,130874.5784760696,1300,0,505.6666666666667,37,5,18,35.959775055519735,0.6199324324324323,44.901315789473685,1020.3947368421057,27.57823613086772,0
1309,4,1,0,41,0.024390243902439025,0.0,1.0,41,1050,900,150,0.8571428571428571,12,9,3,358.5464201969617,0.8130589430894309,0.20808918182699987,0.20326370183378026,130066.77685682132,1126.9954457140614,131193.7723025354,1301,0,518.9756097560976,37,4,19,35.8400292020495,0.6190878378378378,44.983552631578945,1020.0657894736842,27.569345661450924,0
1310,4,1,0,42,0.023809523809523808,0.0,1.0,42,950,500,450,0.5263157894736842,14,5,9,354.51816383411244,0.8206784746418893,0.20739761232387566,0.2028454915869508,130426.23325525966,847.693745890859,131273.92700115053,1302,0,507.5952380952381,38,4,20,35.578129902729835,0.6208881578947368,44.631410256410255,1021.4743589743587,26.880904183535755,0
1311,4,0,0,42,0.0,0.0,1.0,42,550,400,150,0.7272727272727273,7,4,3,354.39241764622534,0.8198073945025165,0.20568610169153967,0.203058998798733,130480.80490037623,848.281581013956,131329.08648139017,1303,1,508.5952380952381,38,4,20,35.52602914008853,0.6214364035087719,44.577991452991455,1021.6880341880343,26.886527215474587,0
1312,4,1,1,42,0.023255813953488372,0.023255813953488372,0.9767441860465116,43,1300,800,500,0.6153846153846154,18,8,10,349.11981104316135,0.8253506829088224,0.2061750156365496,0.20111267988261003,130688.28125000015,525.1736111111256,131213.45486111127,1304,0,497.74418604651163,39,4,16,35.45062483020919,0.6217948717948718,44.37500000000001,1022.5000000000011,26.217948717948747,0
1313,4,0,1,41,0.0,0.023809523809523808,0.9761904761904762,42,700,300,400,0.42857142857142855,11,3,8,347.0115561831149,0.8192266744096013,0.20461822660098483,0.19352567556366054,129424.43828870445,583.9176477377864,130008.35593644224,1305,3,510.5952380952381,37,5,17,36.7865481321839,0.6126126126126126,45.61403508771931,1017.5438596491247,27.50118539592229,4
1314,4,0,0,41,0.0,0.0,1.0,41,1050,800,250,0.7619047619047619,13,8,5,356.42451471558513,0.8096036585365853,0.20601966232216284,0.19837231308847106,129344.54038075256,1020.3130072640429,130364.8533880166,1306,4,523.9512195121952,36,5,17,36.62842724823795,0.6137152777777777,45.69256756756758,1017.2297297297313,28.256381381381424,0
1315,4,0,0,41,0.0,0.0,1.0,41,1250,1000,250,0.8,15,10,5,364.362877335482,0.8085873983739837,0.2223157644785867,0.2036781724326174,129516.42679419294,1238.1955857884982,130754.62237998145,1307,5,524.9512195121952,36,5,16,36.2514750894273,0.6154513888888888,45.52364864864865,1017.9054054054062,28.27515015015017,0
1316,4,0,0,41,0.0,0.0,1.0,41,900,600,300,0.6666666666666666,12,6,6,366.6915352528475,0.8082317073170732,0.2277609637410245,0.2054290496751085,129602.412801315,1304.8215445175122,130907.23434583252,1308,6,525.9512195121952,36,5,17,36.1046597360466,0.6163194444444444,45.4391891891892,1018.2432432432446,28.284534534534572,0
1317,4,0,0,41,0.0,0.0,1.0,41,750,400,350,0.5333333333333333,11,4,7,369.2680874235786,0.8074186991869918,0.22981029810298081,0.20732649601156233,129688.42734203805,1377.9595051132271,131066.38684715127,1309,7,526.9512195121952,36,5,17,35.95149253731343,0.6171875,45.35472972972973,1018.5810810810816,28.293918918918934,0
1318,4,2,0,43,0.046511627906976744,0.0,1.0,43,1100,700,400,0.6363636363636364,15,7,8,352.00033231055954,0.8247046880767811,0.23103971033042914,0.20083983139653824,130317.1242078492,574.3342053838696,130891.45841323308,1310,0,503.3953488372093,38,5,19,35.75302570541664,0.6197916666666667,44.73824786324786,1021.0470085470073,26.869658119658087,0
1319,4,0,0,43,0.0,0.0,1.0,43,900,600,300,0.6666666666666666,12,6,6,351.9456378635955,0.824750830564784,0.22971168045699009,0.20109075626647396,130371.67302441738,576.748324384533,130948.42134880192,1311,1,504.3953488372093,38,5,19,35.69912299054991,0.6203399122807018,44.684829059829056,1021.2606837606834,26.87528115159693,0
1320,4,0,0,43,0.0,0.0,1.0,43,1600,1300,300,0.8125,19,13,6,352.32104708843843,0.8244739756367663,0.22819585071926674,0.20201429822265152,130508.09500328745,596.1497370151343,131104.2447403026,1312,2,505.3953488372093,38,5,18,35.55128607277289,0.6217105263157894,44.55128205128206,1021.7948717948728,26.889338731444024,0
1321,4,1,1,43,0.022727272727272728,0.022727272727272728,0.9772727272727273,44,1300,900,400,0.6923076923076923,17,9,8,346.94123268993303,0.8278276955602537,0.23545787783136274,0.20054796034419287,130821.45317925357,277.47124565973127,131098.9244249133,1313,0,494.8863636363636,39,5,18,35.37158894206293,0.6231303418803419,44.24479166666667,1023.0208333333342,26.23130341880344,0
1322,4,0,0,43,0.0,0.0,1.0,43,1100,900,200,0.8181818181818182,13,9,4,351.8804372396628,0.8240586932447397,0.23634865983239095,0.20276024472130114,130699.20562358462,598.0987243407083,131297.30434792532,1314,4,507.3953488372093,38,5,18,35.368996621739285,0.6236293859649122,44.36431623931624,1022.542735042735,26.90901934322987,0
1323,4,1,0,44,0.022727272727272728,0.0,1.0,44,900,600,300,0.6666666666666666,12,6,6,347.6973665373614,0.8252290345313601,0.24836258175527437,0.2018205564656027,130981.34901258693,308.3740234375065,131289.72303602443,1315,0,496.84090909090907,39,5,19,35.19056765374308,0.624732905982906,44.08854166666667,1023.6458333333344,26.247329059829088,0
1324,4,1,0,45,0.022222222222222223,0.0,1.0,45,850,500,350,0.5882352941176471,12,5,7,346.28963939477416,0.8276515151515152,0.2552881108679794,0.20326248741722625,131410.26925131504,102.11983404217438,131512.38908535722,1316,0,486.77777777777777,38,7,20,34.793425028654795,0.6307565789473684,43.6698717948718,1025.3205128205138,26.982118758434574,0
1325,4,0,0,45,0.0,0.0,1.0,45,950,600,350,0.631578947368421,13,6,7,364.4639147639522,0.8276515151515152,0.20977508650519083,0.19873598371090923,128533.39489073522,388.90640395037536,128922.30129468559,1317,1,487.77777777777777,37,8,16,37.25174812572087,0.6036036036036038,46.49122807017542,1014.0350877192951,27.406353722143113,8
1326,4,1,0,46,0.021739130434782608,0.0,1.0,46,800,400,400,0.5,12,4,8,360.94809337933293,0.830877616747182,0.22346327605506944,0.19869469013862862,128910.32036675328,105.98687065970262,129016.30723741298,1318,0,478.1521739130435,39,7,17,36.95603395220023,0.6038995726495727,46.11979166666666,1015.5208333333318,26.03899572649569,0
1327,4,2,3,45,0.041666666666666664,0.0625,0.9375,48,1600,1400,200,0.875,18,14,4,349.00847708279446,0.8397052304964538,0.2282635836995608,0.1945586231933706,129408.1110780619,-566.7662125899665,128841.34486547194,1319,0,459.1875,40,8,18,36.75235550672527,0.6072916666666668,45.630081300813,1017.4796747967472,25.43699186991868,0
1328,4,0,0,45,0.0,0.0,1.0,45,1600,1400,200,0.875,18,14,4,364.34869990267896,0.8257575757575758,0.23799048074514384,0.20177721984394653,129148.44292534703,411.0134548610919,129559.45638020812,1320,1,489.93333333333334,39,6,19,36.62678486028557,0.6063034188034189,45.88541666666666,1016.4583333333318,26.06303418803415,0
1329,4,1,1,45,0.021739130434782608,0.021739130434782608,0.9782608695652174,46,700,500,200,0.7142857142857143,9,5,4,358.6540610958052,0.8313607085346216,0.23634968904961529,0.19971368244176915,129364.36760355007,79.4328618096433,129443.80046535972,1321,0,480.2608695652174,38,8,19,36.551538542323044,0.6101973684210528,45.67307692307691,1017.3076923076904,26.771255060728695,0
1330,4,0,0,45,0.0,0.0,1.0,45,1400,1100,300,0.7857142857142857,17,11,6,376.19223066933006,0.8259680134680135,0.2478291593307227,0.209354248585445,129340.77222077921,731.3987236457092,130072.17094442491,1322,3,491.93333333333334,37,8,19,36.12956325679997,0.6117680180180181,45.69627192982455,1017.2149122806997,27.492294926505394,0
1331,4,0,0,45,0.0,0.0,1.0,45,1100,700,400,0.6363636363636364,15,7,8,374.63263143540564,0.8273148148148148,0.24404928692028616,0.20878175297832574,129396.54659366321,695.2337498076089,130091.78034347082,1323,4,492.93333333333334,37,8,19,36.11234597837411,0.6123310810810811,45.64144736842104,1017.434210526314,27.498221906116594,0
1332,4,0,0,45,0.0,0.0,1.0,45,950,700,250,0.7368421052631579,12,7,5,375.1587586251344,0.8271885521885523,0.24920801548977112,0.20948196568950903,129473.07715136219,714.5917798962425,130187.66893125843,1324,5,493.93333333333334,38,7,16,36.02093393519489,0.611293859649123,45.566239316239304,1017.735042735041,26.78250112460634,0
1333,4,2,2,45,0.0425531914893617,0.0425531914893617,0.9574468085106383,47,1500,1100,400,0.7333333333333333,19,11,8,361.23761155835024,0.8345667591736047,0.24989133776463257,0.20445682075510668,130003.35784131456,-7.579503767611357,129995.77833754694,1325,0,473.8723404255319,40,7,17,35.83582461385153,0.6132812500000002,45.04573170731707,1019.8170731707306,25.495426829268265,0
1334,4,1,0,46,0.021739130434782608,0.0,1.0,46,850,500,350,0.5882352941176471,12,5,7,375.4459871049403,0.832487922705314,0.27146568225321266,0.2116876310272536,129853.92011834323,550.8848398350138,130404.80495817824,1326,0,485.0217391304348,38,8,19,35.625655136268335,0.6151315789473684,45.19230769230769,1019.2307692307695,26.821862348178144,2
1335,4,0,0,46,0.0,0.0,1.0,46,1350,1000,350,0.7407407407407407,17,10,7,370.28922851997436,0.8331924315619968,0.26576855626665474,0.2095086358164287,129990.07100819994,426.7846217766037,130416.85562997655,1327,1,486.0217391304348,38,8,19,35.618561201327054,0.6165021929824561,45.05876068376068,1019.7649572649567,26.835919928025177,0
1336,4,2,2,46,0.041666666666666664,0.041666666666666664,0.9583333333333334,48,1250,1000,250,0.8,15,10,5,350.99077626419,0.8453752955082742,0.2557245922208278,0.2012515458147911,130508.09500328747,-438.0017714953476,130070.09323179213,1328,0,466.7291666666667,38,10,16,35.58526767043078,0.6217105263157894,44.55128205128206,1021.794871794873,26.889338731444024,0
1337,4,0,0,46,0.0,0.0,1.0,46,1400,1000,400,0.7142857142857143,18,10,8,364.9429911413813,0.8335144927536232,0.2666567576379424,0.20839439821599812,130348.8201038879,313.9776600925479,130662.79776398046,1329,3,488.0217391304348,36,10,20,35.390475665343324,0.6238425925925926,44.70720720720722,1021.171171171173,28.365865865865917,0
1338,4,2,1,47,0.041666666666666664,0.020833333333333332,0.9791666666666666,48,1550,1100,450,0.7096774193548387,20,11,9,350.26150513639647,0.8424386820330969,0.26802366040361836,0.20311774934665133,130945.12473518887,-426.99270399590705,130518.13203119297,1330,0,468.6458333333333,38,10,18,35.1615779401531,0.6260964912280702,44.123931623931625,1023.5042735042739,26.934322986954577,0
1339,4,0,0,47,0.0,0.0,1.0,47,1400,1000,400,0.7142857142857143,18,10,8,338.32302323505377,0.8377274128893,0.1984112136739653,0.19500621227998222,130710.70545744848,-554.3931932148654,130156.31226423361,1331,1,479.6170212765957,37,10,15,35.703945957538046,0.6255630630630631,44.353070175438596,1022.5877192982459,27.63750592697962,4
1340,4,2,1,48,0.04081632653061224,0.02040816326530612,0.9795918367346939,49,800,500,300,0.625,11,5,6,338.61613928000753,0.8469387755102041,0.23784294917318638,0.18742716015345642,129127.51379311638,-1055.067960909801,128072.44583220658,1332,0,461.0,42,7,16,37.30197508500971,0.6014384920634921,45.906007751937985,1016.3759689922479,24.199427833148757,3
1341,4,1,1,48,0.02040816326530612,0.02040816326530612,0.9795918367346939,49,1250,700,550,0.56,18,7,11,311.47630766001475,0.8506944444444444,0.15553579976748932,0.16778597387874444,128046.43956380329,-1777.4460481641731,126268.99351563911,1333,0,461.83673469387753,42,7,16,39.09067336843785,0.5905257936507936,46.9718992248062,1012.1124031007755,24.097914359542273,7
1342,4,0,0,48,0.0,0.0,1.0,48,1450,900,550,0.6206896551724138,20,9,11,315.9395583964831,0.8451906028368794,0.17247990787023437,0.17028691570625049,128069.20750070883,-1507.5742276076849,126561.63327310115,1334,1,472.4375,41,7,16,38.95453543075568,0.5922256097560974,46.94940476190477,1012.2023809523826,24.68786295005811,0
1343,4,3,4,47,0.058823529411764705,0.0784313725490196,0.9215686274509804,51,1050,500,550,0.47619047619047616,16,5,11,300.76876193943576,0.8561111111111112,0.18369703457677988,0.16467742893107076,128696.43814745462,-2458.404182200605,126238.03396525401,1335,0,445.5882352941176,43,8,16,38.700906050707744,0.595687984496124,46.33049242424242,1014.67803030303,23.597163495419302,0
1344,4,1,0,48,0.020833333333333332,0.0,1.0,48,1250,900,350,0.72,16,9,7,324.5359933018549,0.8457816193853428,0.19977775549762722,0.17649520159175033,128427.65239771298,-1264.1208523365767,127163.5315453764,1336,0,474.3541666666667,40,8,17,38.371641267294955,0.5973958333333333,46.59552845528455,1013.6178861788617,25.34044715447154,0
1345,4,1,1,48,0.02040816326530612,0.02040816326530612,0.9795918367346939,49,1600,1000,600,0.625,22,10,12,318.76009025830393,0.8510841836734694,0.19574761778428496,0.17486511975510463,128773.09032698712,-1590.4556209057894,127182.63470608133,1337,0,465.6530612244898,41,8,17,38.166581142279995,0.599339430894309,46.25496031746031,1014.9801587301574,24.755613627564816,0
1346,4,1,0,49,0.02040816326530612,0.0,1.0,49,950,700,250,0.7368421052631579,12,7,5,321.64723409373283,0.8494897959183674,0.19986007881031087,0.17734765912147174,128974.55401431398,-1503.138286564635,127471.41572774935,1338,0,466.6326530612245,41,8,18,37.88852671159292,0.6013719512195121,46.05654761904761,1015.773809523809,24.77497096399534,0
1347,4,2,2,49,0.0392156862745098,0.0392156862745098,0.9607843137254902,51,950,500,450,0.5263157894736842,14,5,9,311.69383209714243,0.8588562091503269,0.19939424229104064,0.17389703288160974,129439.78000217023,-2130.0865951849423,127309.69340698529,1339,0,449.29411764705884,39,12,16,37.66943477667448,0.6092414529914529,45.598958333333336,1017.6041666666674,26.09241452991455,0
1348,4,1,1,49,0.02,0.02,0.98,50,1200,800,400,0.6666666666666666,16,8,8,318.4267843416708,0.8530102040816326,0.195595000525155,0.17719119893144625,129337.19735051865,-1763.1144303820613,127574.08292013659,1340,0,459.26,38,12,20,37.602186394986525,0.6099232456140351,45.699786324786324,1017.2008547008545,26.76844354475933,0
1349,4,0,0,49,0.0,0.0,1.0,49,1350,1000,350,0.7407407407407407,17,10,7,323.6039432078864,0.8463718820861679,0.21482886067812945,0.18056986286204565,129445.89548405661,-1422.159557856663,128023.73592619995,1341,1,469.18367346938777,38,11,18,37.360236220472444,0.6110197368421052,45.59294871794872,1017.6282051282058,26.779689608636993,0
1350,4,0,0,49,0.0,0.0,1.0,49,1000,700,300,0.7,13,7,6,323.19868550745605,0.8466198979591837,0.21715434021603564,0.18046838676108015,129473.07715136246,-1430.894331214839,128042.18282014763,1342,2,470.18367346938777,38,11,18,37.34297361606831,0.6112938596491228,45.56623931623932,1017.7350427350432,26.782501124606398,0
1351,4,0,1,48,0.0,0.02040816326530612,0.9795918367346939,49,1150,600,550,0.5217391304347826,17,6,11,342.4596130762407,0.8466198979591837,0.24602684279987797,0.18257779800627638,127630.56593504168,-1058.337154636823,126572.22878040485,1343,3,471.18367346938777,40,9,16,38.732022528411946,0.5893229166666669,47.3831300813008,1010.4674796747944,25.26168699186986,8
1352,4,1,0,49,0.02040816326530612,0.0,1.0,49,1050,800,250,0.7619047619047619,13,8,5,340.9165312421084,0.8492417800453514,0.24785287864410077,0.18271835538812006,127843.36911848036,-1083.2164115646642,126760.1527069157,1344,0,472.1020408163265,41,8,18,38.55331567588776,0.589939024390244,47.17261904761903,1011.3095238095209,24.66608594657368,0
1353,4,3,2,50,0.057692307692307696,0.038461538461538464,0.9615384615384616,52,1150,900,250,0.782608695652174,14,9,5,327.4896062547442,0.8652432126696832,0.2619790216630682,0.17874672956445528,128571.78411005596,-1977.7524840955002,126594.03162596046,1345,0,445.8076923076923,41,11,12,38.149984512048015,0.5973069105691058,46.45337301587301,1014.1865079365072,24.73625629113432,0
1354,4,2,0,52,0.038461538461538464,0.0,1.0,52,1100,500,600,0.45454545454545453,17,5,12,328.89638032008685,0.8638920311714429,0.2678660049627797,0.1803113596288579,128747.9184382086,-1931.0551303854872,126816.8633078231,1346,0,446.7692307692308,41,11,16,37.93499511241448,0.5990853658536586,46.279761904761905,1014.8809523809522,24.75319396051103,0
1355,4,0,0,52,0.0,0.0,1.0,52,1200,700,500,0.5833333333333334,17,7,10,321.6492693249379,0.8629650578179989,0.25522190337093487,0.17715218033603142,128930.61682178067,-2105.912261132132,126824.70456064853,1347,1,447.7692307692308,42,10,17,37.933125019877245,0.599454365079365,46.09980620155039,1015.6007751937994,24.180970837947605,0
1356,4,4,3,53,0.07142857142857142,0.05357142857142857,0.9464285714285714,56,1450,1000,450,0.6896551724137931,19,10,9,301.2805256463966,0.8739042207792208,0.2675363653687355,0.16914126364921286,129685.3103749871,-3385.3842731635636,126299.92610182353,1348,0,416.7142857142857,45,11,12,37.685915962650085,0.6030092592592592,45.357789855072475,1018.568840579712,22.6348631239936,0
1357,4,0,0,53,0.0,0.0,1.0,53,1700,1200,500,0.7058823529411765,22,12,10,319.2667573696146,0.8641448959845186,0.27093620844564237,0.17793529471236477,129398.4924283396,-2337.4725827774846,127061.01984556211,1349,1,441.1132075471698,42,11,20,37.518650793650785,0.6041666666666666,45.63953488372093,1017.4418604651158,24.224806201550376,0
1358,4,0,0,53,0.0,0.0,1.0,53,1850,1400,450,0.7567567567567568,23,14,9,320.2276757904395,0.8640844218674407,0.2701445798708624,0.17936846573592416,129595.74619914664,-2299.9710804639158,127295.77511868272,1350,2,442.1132075471698,42,11,15,37.294204415683275,0.6061507936507937,45.445736434108525,1018.2170542635656,24.243263196751563,0
1359,4,0,1,52,0.0,0.018867924528301886,0.9811320754716981,53,1350,800,550,0.5925925925925926,19,8,11,323.8623134769225,0.8635099177552007,0.2715243674793948,0.18186114526011782,129694.42942130864,-2199.37240850912,127495.05701279952,1351,3,443.1132075471698,42,11,15,37.101645738203956,0.6071428571428572,45.34883720930232,1018.6046511627892,24.252491694352123,0
1360,4,0,0,52,0.0,0.0,1.0,52,1900,1500,400,0.7894736842105263,23,15,8,327.909301148791,0.8599013323278029,0.273753342771748,0.18430764168018235,129731.44531249985,-1891.970486111125,127839.47482638873,1352,4,452.15384615384613,41,11,17,36.96105998636672,0.6089939024390245,45.31249999999999,1018.7499999999989,24.847560975609728,0
1361,4,0,2,50,0.0,0.038461538461538464,0.9615384615384616,52,1250,800,450,0.64,17,8,9,328.3992756180491,0.8596028154851684,0.2735727292006409,0.18522423486467868,129867.2154336427,-1870.340105011729,127996.87532863098,1353,5,453.15384615384613,42,10,17,36.810969040149566,0.6088789682539684,45.17926356589147,1019.2829457364332,24.26864156515317,0
1362,4,1,1,50,0.0196078431372549,0.0196078431372549,0.9803921568627451,51,1100,800,300,0.7272727272727273,14,8,6,337.9175962228782,0.8548692810457518,0.27378054717164835,0.19017817155096875,129781.98346757678,-1428.8768227198325,128353.10664485695,1354,0,462.7450980392157,41,10,17,36.65488186804272,0.6095020325203253,45.26289682539682,1018.9484126984121,24.852400309717368,0
1363,4,0,0,50,0.0,0.0,1.0,50,1150,800,350,0.6956521739130435,15,8,7,346.009426249388,0.8502721088435374,0.28441185273870095,0.19428865430238748,129692.62390318264,-1025.0259228964196,128667.59798028623,1355,7,473.0,40,10,17,36.53950081479265,0.61015625,45.35060975609756,1018.5975609756098,25.464939024390244,0
1364,4,0,1,49,0.0,0.02,0.98,50,1300,900,400,0.6923076923076923,17,9,8,344.1668060409778,0.850969387755102,0.2804149212048668,0.19363728380285325,129770.27253123146,-1067.4759567717617,128702.7965744597,1356,8,474.0,40,10,17,36.50758029124274,0.6109375,45.27439024390244,1018.9024390243907,25.472560975609767,0
1365,4,0,0,49,0.0,0.0,1.0,49,1200,700,500,0.5833333333333334,17,7,10,347.50046967770663,0.8517219387755103,0.27283048812745414,0.19603091737161968,129873.84018276157,-773.7559075285881,129100.08427523299,1357,9,458.2244897959184,40,9,17,36.317505815885674,0.6119791666666667,45.172764227642276,1019.3089430894308,25.48272357723577,0
1366,4,0,0,49,0.0,0.0,1.0,49,1150,700,450,0.6086956521739131,16,7,9,348.07917202933294,0.8524305555555556,0.2698927748026887,0.19740218806951673,130081.09941998823,-744.295723445025,129336.8036965432,1358,10,459.2244897959184,40,9,17,36.092432091386065,0.6140625,44.96951219512196,1020.1219512195131,25.503048780487827,0
1367,4,0,0,49,0.0,0.0,1.0,49,1700,1300,400,0.7647058823529411,21,13,8,345.2459516637351,0.8535289115646258,0.26065312624452464,0.19657881737588198,130236.65229030354,-807.2646077070315,129429.3876825965,1359,11,460.2244897959184,40,9,17,36.00698592858093,0.6156249999999999,44.81707317073172,1020.7317073170743,25.51829268292686,0
1368,4,0,0,49,0.0,0.0,1.0,49,1450,1100,350,0.7586206896551724,18,11,7,348.98049336216326,0.8533517573696145,0.2648064875667786,0.19925660427452555,130344.39718934918,-702.4644284498356,129641.93276089935,1360,12,461.2244897959184,38,11,18,35.80246913580249,0.6200657894736842,44.71153846153847,1021.1538461538466,26.872469635627542,0
1369,4,0,0,49,0.0,0.0,1.0,49,1350,1000,350,0.7407407407407407,17,10,7,354.80038884266185,0.8535643424036281,0.24374282064219743,0.1952737519368559,128902.8613873366,-596.2084063846787,128306.65298095191,1361,13,462.2244897959184,38,11,19,37.11971769244259,0.6055372807017543,46.12713675213676,1015.4914529914533,26.723459289248773,7
1370,4,2,1,50,0.0392156862745098,0.0196078431372549,0.9803921568627451,51,1300,800,500,0.6153846153846154,18,8,10,341.27577501588866,0.8599346405228759,0.2438869665513268,0.18977484685462986,129310.02995105572,-1373.233298633922,127936.7966524218,1362,0,445.05882352941177,38,13,20,37.04875700280114,0.6096491228070174,45.726495726495735,1017.0940170940181,26.765632028789952,0
1371,4,0,0,50,0.0,0.0,1.0,50,1200,1000,200,0.8333333333333334,14,10,4,349.97334732101535,0.8554761904761905,0.24719131058510113,0.19394604750174857,129174.91455078138,-958.4445529513736,128216.46999783,1363,1,454.96,39,11,20,36.965130477849506,0.6065705128205128,45.85937500000001,1016.562500000001,26.065705128205156,0
1372,4,0,0,50,0.0,0.0,1.0,50,1750,1400,350,0.8,21,14,7,355.0600104042805,0.8543367346938775,0.254853448275862,0.198014236571618,129424.43828870417,-809.3060935816874,128615.13219512248,1364,2,455.96,37,13,21,36.58180675287355,0.6126126126126126,45.614035087719294,1017.5438596491224,27.501185395922228,0
1373,4,0,0,50,0.0,0.0,1.0,50,1150,900,250,0.782608695652174,14,9,5,353.3299753019401,0.8539115646258503,0.2534216478190632,0.19774977822052525,129563.94184989601,-844.2351252308536,128719.70672466516,1365,3,456.96,37,13,17,36.483912224017224,0.6140202702702704,45.47697368421052,1018.092105263157,27.51600284495019,0
1374,4,0,2,48,0.0,0.04,0.96,50,1550,1400,150,0.9032258064516129,17,14,3,354.05455824230825,0.8537074829931972,0.260990312163617,0.19886135707805597,129703.52055440146,-815.5754655278415,128887.94508887362,1366,4,457.96,37,13,18,36.32355579476141,0.6154279279279278,45.33991228070176,1018.6403508771938,27.53082029397821,0
1375,4,0,2,46,0.0,0.041666666666666664,0.9583333333333334,48,1200,900,300,0.75,15,9,6,369.21874558028134,0.853372488179669,0.25833759808939005,0.20612955110396258,129466.28146701382,-39.724392361116884,129426.5570746527,1367,19,476.1875,35,13,18,36.17899181166838,0.6169642857142856,45.572916666666664,1017.7083333333327,29.077380952380935,0
1376,4,1,0,47,0.02127659574468085,0.0,1.0,47,1000,700,300,0.7,13,7,6,371.450794033587,0.8501773049645389,0.2732258104629619,0.20837780609556283,129655.65653344654,232.13931405893786,129887.79584750548,1368,0,485.1489361702128,34,13,19,35.92928112215078,0.6210171568627452,45.38690476190475,1018.4523809523796,29.954481792717047,0
1377,4,2,1,48,0.04081632653061224,0.02040816326530612,0.9795918367346939,49,1650,1100,550,0.6666666666666666,22,11,11,356.018325697626,0.8538477891156463,0.27571845064556433,0.20284765068818236,130262.58680555562,-524.8263888888789,129737.76041666674,1369,0,466.3061224489796,37,12,20,35.70578231292518,0.6210585585585584,44.79166666666667,1020.8333333333339,27.590090090090108,0
1378,4,0,0,48,0.0,0.0,1.0,48,1100,700,400,0.6363636363636364,15,7,8,363.75766106047877,0.8518210697399528,0.27877487768090337,0.20664628005448277,130147.65346004804,-131.55879697263293,130016.0946630754,1370,1,477.0208333333333,36,12,20,35.62497700768864,0.6218171296296295,44.90427927927929,1020.382882882884,28.343968968969,0
1379,4,1,1,48,0.02040816326530612,0.02040816326530612,0.9795918367346939,49,1350,1000,350,0.7407407407407407,17,10,7,356.46716835450843,0.855796485260771,0.2739091005241001,0.2037051512165744,130377.57087746532,-504.8845720720663,129872.68630539325,1371,0,468.265306122449,36,13,20,35.57770059175948,0.6241319444444444,44.679054054054056,1021.283783783784,28.368993993994,0
1380,4,0,0,48,0.0,0.0,1.0,48,1150,600,550,0.5217391304347826,17,6,11,359.2824318694668,0.852485963356974,0.27631506396118244,0.20516203351337067,130348.82010388775,-233.5917843519099,130115.22831953583,1372,3,479.0208333333333,36,12,20,35.534985663872945,0.6238425925925926,44.70720720720721,1021.1711711711717,28.36586586586588,0
1381,4,1,1,48,0.02040816326530612,0.02040816326530612,0.9795918367346939,49,1500,1100,400,0.7333333333333333,19,11,8,353.16613139214843,0.8575325963718821,0.27858686110934716,0.20311954614244299,130626.62459843412,-573.4200667513147,130053.2045316828,1373,0,470.2244897959184,37,12,18,35.40962762344021,0.6247184684684685,44.435307017543856,1022.2587719298244,27.628615457562823,0
1382,4,3,2,49,0.058823529411764705,0.0392156862745098,0.9607843137254902,51,1250,1000,250,0.8,15,10,5,337.863175781846,0.8662418300653596,0.27821776592371195,0.19695332265501617,131145.8965913975,-1338.12617737456,129807.77041402293,1374,0,452.72549019607845,40,11,19,35.276110394549725,0.6247395833333333,43.92784552845529,1024.2886178861804,25.60721544715451,0
1383,4,0,0,49,0.0,0.0,1.0,49,1350,900,450,0.6666666666666666,18,9,9,352.13362616253914,0.8568948412698413,0.29113430527237494,0.20405856049673077,130917.78897518077,-579.8888477975086,130337.90012738325,1375,1,472.2040816326531,38,11,20,35.1413247729408,0.6258223684210527,44.15064102564102,1023.3974358974356,26.931511470985146,0
1384,4,1,2,48,0.02,0.04,0.96,50,1600,1100,500,0.6875,21,11,10,343.1287345901002,0.8585884353741496,0.2870841805612039,0.20041652217507255,131221.37586805547,-994.8350694444481,130226.54079861102,1376,0,463.74,39,11,21,35.06506710044734,0.6271367521367521,43.854166666666664,1024.5833333333328,26.27136752136751,0
1385,4,0,0,48,0.0,0.0,1.0,48,1900,1600,300,0.8421052631578947,22,16,6,360.16580386906287,0.8484411938534279,0.29332619557458983,0.20972248180405495,131103.4404816864,-156.20479378273282,130947.23568790368,1377,1,483.3125,37,11,21,34.74794789436116,0.6295045045045047,43.96929824561402,1024.1228070175418,27.67899478425789,0
1386,4,0,0,48,0.0,0.0,1.0,48,1200,800,400,0.6666666666666666,16,8,8,362.7816676942378,0.8465573286052009,0.3014311070676807,0.21170950164067812,131187.6746330598,-81.50332313792904,131106.17130992186,1378,2,484.3125,37,11,21,34.59575350529808,0.6303490990990992,43.88706140350875,1024.451754385962,27.687885253674647,0
1387,4,0,0,48,0.0,0.0,1.0,48,1150,800,350,0.6956521739130435,15,8,7,360.56147805912497,0.846058658392435,0.29611745386299715,0.21073401194790106,131246.0064308017,-135.5491863905776,131110.4572444111,1379,3,485.3125,38,10,21,34.59362944427066,0.6291118421052634,43.83012820512818,1024.6794871794839,26.965249662617996,0
1388,4,0,0,48,0.0,0.0,1.0,48,800,500,300,0.625,11,5,6,360.56147805912497,0.8463356973995272,0.29611745386299715,0.21073401194790106,131246.0064308017,-135.5491863905776,131110.4572444111,1380,4,486.3125,38,10,21,34.59362944427066,0.6291118421052634,43.83012820512818,1024.6794871794839,26.965249662617996,0
1389,4,0,0,48,0.0,0.0,1.0,48,1600,1000,600,0.625,22,10,12,361.5572741093265,0.8450428486997635,0.3003048780487805,0.21176926054974832,131328.125,-103.36949375410927,131224.75550624589,1381,5,487.3125,34,14,21,34.485094850948514,0.6378676470588236,43.75,1025.0,30.147058823529413,0
1390,4,0,0,48,0.0,0.0,1.0,48,1200,800,400,0.6666666666666666,16,8,8,360.1440212292871,0.8456153959810875,0.3016178177597211,0.21178435105053292,131480.69905045352,-129.6024659863973,131351.09658446713,1382,6,488.3125,34,14,21,34.36714064615978,0.6393995098039216,43.601190476190474,1025.595238095238,30.16456582633053,0
1391,4,1,1,48,0.02040816326530612,0.02040816326530612,0.9795918367346939,49,1350,1100,250,0.8148148148148148,16,11,5,349.0242708260474,0.8481788548752834,0.29614604462474614,0.2073120066472786,131862.52170138876,-595.3559027777972,131267.16579861095,1383,0,479.3265306122449,35,14,20,34.26724137931034,0.6410714285714286,43.22916666666666,1027.0833333333321,29.34523809523806,0
1392,4,1,1,48,0.02040816326530612,0.02040816326530612,0.9795918367346939,49,1550,1300,250,0.8387096774193549,18,13,5,350.4799687343963,0.8472222222222222,0.3035340741387793,0.20882960821637375,131981.42387902946,-548.6309370713348,131432.79294195812,1384,0,480.3061224489796,35,14,21,34.11006608094916,0.6422619047619048,43.113425925925924,1027.546296296296,29.358465608465604,0
1393,4,1,0,49,0.02040816326530612,0.0,1.0,49,1200,700,500,0.5833333333333334,17,7,10,358.4802815573663,0.8483205782312926,0.2796818666478582,0.20967473305358955,131274.74500868074,-388.1184895833135,130886.62651909742,1385,0,481.2857142857143,39,10,20,34.6178932032256,0.6276709401709402,43.80208333333334,1024.7916666666683,26.276709401709443,2
1394,4,0,1,48,0.0,0.02040816326530612,0.9795918367346939,49,950,600,350,0.631578947368421,13,6,7,359.52749212519745,0.8480017006802721,0.27888183426638236,0.21043372962640217,131301.43364800356,-358.70496961804497,130942.72867838551,1386,1,482.2857142857143,39,10,20,34.56408595046923,0.6279380341880341,43.77604166666667,1024.8958333333342,26.279380341880362,0
1395,4,0,0,48,0.0,0.0,1.0,48,1500,1000,500,0.6666666666666666,20,10,10,362.6724200604521,0.8491430260047281,0.2814144991484753,0.21276123171393824,131389.1439909297,-69.74538513322062,131319.39860579648,1387,2,488.7708333333333,34,14,20,34.39483666202199,0.6384803921568627,43.69047619047619,1025.2380952380952,30.15406162464986,0
1396,4,0,0,48,0.0,0.0,1.0,48,1450,1100,350,0.7586206896551724,18,11,7,357.9158949159505,0.8504728132387707,0.2523915650088626,0.20918777258615975,131246.00643080208,-204.9936308349803,131041.0127999671,1388,3,489.7708333333333,38,10,20,34.66140131373162,0.6291118421052632,43.830128205128204,1024.6794871794868,26.965249662618074,2
1397,4,2,1,49,0.04,0.02,0.98,50,1200,800,400,0.6666666666666666,16,8,8,342.911813834215,0.8564795918367347,0.25539861826954713,0.20344911062812016,131819.15181651243,-959.4283820342779,130859.72343447815,1389,0,471.14,36,14,16,34.467869283912705,0.638599537037037,43.2713963963964,1026.9144144144143,28.525400400400397,0
1398,4,1,0,50,0.02,0.0,1.0,50,1400,1200,200,0.8571428571428571,16,12,4,341.6823337714024,0.8589455782312925,0.25970056144728604,0.20361218625857172,131985.99810979606,-980.5432281394006,131005.45488165665,1390,0,472.12,38,12,17,34.33146184237886,0.636513157894737,43.10897435897435,1027.5641025641016,27.04116059379215,0
1399,4,0,1,49,0.0,0.02,0.98,50,1450,1000,450,0.6896551724137931,19,10,9,342.206749336136,0.8575850340136054,0.25962593516209487,0.2048132932593888,132150.72320841538,-955.4261176857476,131195.29709072964,1391,1,473.12,38,12,18,34.15224958437239,0.6381578947368423,42.94871794871794,1028.2051282051273,27.058029689608613,0
1400,4,0,0,49,0.0,0.0,1.0,49,1400,1000,400,0.7142857142857143,18,10,8,349.60510937488135,0.8548044217687075,0.27698347413181534,0.2093612206716243,132172.40521121884,-558.3703639581377,131614.0348472607,1392,2,483.46938775510205,37,12,18,33.94025023103718,0.6402027027027026,42.92763157894737,1028.2894736842106,27.791607396870557,0
1401,4,0,0,49,0.0,0.0,1.0,49,1650,1200,450,0.7272727272727273,21,12,9,354.06867386055995,0.8539540816326531,0.2793632426859691,0.21282680120651096,132313.3815813521,-430.3952898968775,131882.98629145522,1393,3,484.46938775510205,37,12,18,33.68359000319727,0.6416103603603602,42.7905701754386,1028.8377192982466,27.806424845898558,0
1402,4,1,0,50,0.02,0.0,1.0,50,1350,1000,350,0.7407407407407407,17,10,7,349.0697431022089,0.8561224489795918,0.2821843730040452,0.21155878494852587,132623.7941001078,-740.9822012542254,131882.81189885357,1394,0,475.76,37,13,19,33.50010645092612,0.6447072072072071,42.4890350877193,1030.0438596491233,27.839023233760088,0
1403,4,0,1,49,0.0,0.02,0.98,50,1100,800,300,0.7272727272727273,14,8,6,351.68924976272143,0.8559523809523809,0.2881676952543091,0.21378884665394926,132736.7615516313,-663.5815827947054,132073.1799688366,1395,1,476.76,37,13,15,33.319145917571106,0.6458333333333333,42.37938596491228,1030.4824561403511,27.850877192982463,0
1404,4,1,1,49,0.02,0.02,0.98,50,1200,700,500,0.5833333333333334,17,7,10,345.7426737641132,0.8579251700680272,0.2718149770323679,0.20445339034149493,131693.64762474992,-881.2657500384771,130812.38187471144,1396,0,477.72,37,13,16,34.521663461880834,0.6354166666666666,43.39364035087719,1026.4254385964912,27.74122807017544,3
1405,4,0,0,49,0.0,0.0,1.0,49,1100,800,300,0.7272727272727273,14,8,6,341.6524360086967,0.85328089569161,0.22902044415649825,0.1956736678958902,130463.84222059917,-883.4635160224153,129580.37870457675,1397,7,488.46938775510205,36,13,20,35.868606701940024,0.625,44.594594594594604,1021.6216216216231,28.37837837837842,5
1406,4,1,0,50,0.02,0.0,1.0,50,750,400,350,0.5333333333333333,11,4,7,335.13218068562776,0.8612585034013606,0.23510882384475162,0.1933072262990014,130738.73842191842,-1237.048298514914,129501.6901234035,1398,0,479.68,37,13,17,35.75718791322683,0.6258445945945945,44.32565789473685,1022.6973684210537,27.640469416785237,0
1407,4,0,0,50,0.0,0.0,1.0,50,1800,1200,600,0.6666666666666666,24,12,12,342.6835203245592,0.8617857142857143,0.23401907210971773,0.19852670981931186,130906.99932912065,-1028.065726954434,129878.93360216622,1399,1,480.68,37,13,18,35.39400960748597,0.6275337837837838,44.16118421052632,1023.3552631578959,27.658250355618808,0
1408,4,0,0,50,0.0,0.0,1.0,50,1850,1200,650,0.6486486486486487,25,12,13,342.27727438348813,0.8612925170068026,0.23634864546525325,0.19916058974874745,131075.36844269387,-1027.1760301246554,130048.19241256922,1400,2,481.68,37,13,18,35.23429971088983,0.629222972972973,43.99671052631579,1024.0131578947364,27.676031294452336,0
1409,4,0,2,48,0.0,0.04,0.96,50,1450,900,550,0.6206896551724138,20,9,11,346.5807541028286,0.8609353741496598,0.24005006257822248,0.20212994345121194,131163.91354372134,-908.2223865877581,130255.69115713358,1401,3,482.68,38,12,18,35.034678765123076,0.6282894736842104,43.910256410256416,1024.3589743589753,26.956815114709876,0
1410,4,1,3,46,0.02040816326530612,0.061224489795918366,0.9387755102040817,49,1350,900,450,0.6666666666666666,18,9,9,350.5658364201066,0.8558673469387755,0.24234174988912183,0.20428168920774878,131131.51552641185,-605.9541156894554,130525.5614107224,1402,0,492.14285714285717,37,12,18,34.96536327302573,0.6297860360360361,43.941885964912274,1024.23245614035,27.681958274063515,0
1411,4,0,0,46,0.0,0.0,1.0,46,1400,900,500,0.6428571428571429,19,9,10,364.10620068955905,0.8469404186795492,0.23180735443607725,0.21107356758787174,130931.84700963712,334.76675368323095,131266.61376332035,1403,5,522.2391304347826,34,12,20,34.820770811523396,0.6338848039215685,44.13690476190476,1023.4523809523804,30.10154061624648,1
1412,4,0,0,46,0.0,0.0,1.0,46,1100,900,200,0.8181818181818182,13,9,4,364.384436542357,0.8458735909822866,0.23752904363545269,0.21260162477497713,131179.8740381731,359.98089741942084,131539.8549355925,1404,6,523.2391304347826,35,11,21,34.56259650510301,0.6342261904761903,43.89467592592593,1024.421296296297,29.269179894179914,0
1413,4,0,0,46,0.0,0.0,1.0,46,1500,1000,500,0.6666666666666666,20,10,10,373.5735616857109,0.8465177133655395,0.2363133342757322,0.2191563701115357,131389.14399092982,616.7858219998529,132005.92981292968,1405,7,524.2391304347826,34,12,21,34.115430020126965,0.6384803921568627,43.6904761904762,1025.238095238096,30.154061624649884,0
1414,4,1,2,45,0.02127659574468085,0.0425531914893617,0.9574468085106383,47,950,600,350,0.631578947368421,13,6,7,364.816639422757,0.8494835029293863,0.2333586883231875,0.21551160171629502,131654.57182623894,205.9556916581051,131860.52751789705,1406,0,514.063829787234,35,12,15,34.07167493703245,0.6389880952380952,43.43171296296297,1026.273148148149,29.32208994708997,0
1415,4,0,0,45,0.0,0.0,1.0,45,1200,800,400,0.6666666666666666,16,8,8,381.1713270608913,0.8401936026936028,0.23991329927233296,0.2236135877825884,131389.14399092982,1016.3548752834597,132405.49886621328,1407,9,537.2,34,11,21,33.92069205759407,0.6384803921568627,43.6904761904762,1025.238095238096,30.154061624649884,0
1416,4,3,3,45,0.0625,0.0625,0.9375,48,1350,1000,350,0.7407407407407407,17,10,7,356.7789994605329,0.8511561761229314,0.2235660692696113,0.21302205993267725,132059.67821829786,-176.7760272391559,131882.9021910587,1408,0,504.5625,37,11,15,33.86939051276582,0.6390765765765766,43.03728070175438,1027.850877192982,27.77975343764816,0
1417,4,0,0,45,0.0,0.0,1.0,45,1500,1100,400,0.7333333333333333,19,11,8,380.4502786851643,0.8401515151515152,0.23496334093574078,0.22516285196308622,131725.00177154175,1022.9627267573471,132747.9644982991,1409,11,539.2,34,11,18,33.599337044338775,0.6418504901960785,43.36309523809523,1026.5476190476174,30.192577030812277,0
1418,4,0,0,45,0.0,0.0,1.0,45,900,600,300,0.6666666666666666,12,6,6,381.04549671108134,0.839520202020202,0.2383838383838388,0.22569617882117884,131755.55555555545,1040.972222222214,132796.52777777766,1410,12,540.2,34,11,18,33.55316558441559,0.6421568627450981,43.33333333333333,1026.6666666666658,30.196078431372523,0
1419,4,0,0,45,0.0,0.0,1.0,45,1350,800,550,0.5925925925925926,19,8,11,381.1745699558772,0.8382996632996633,0.24265266192977086,0.2272305861781166,132000.11337868465,1063.0172902494196,133063.13066893406,1411,13,541.2,34,11,19,33.302681881371655,0.644607843137255,43.09523809523809,1027.6190476190463,30.224089635854305,0
1420,4,0,0,45,0.0,0.0,1.0,45,1200,1000,200,0.8333333333333334,14,10,4,380.4549120147944,0.8379208754208755,0.24116693679092416,0.22790357350789114,132183.68055555542,1057.9861111110922,133241.6666666665,1412,14,542.2,34,11,20,33.135804970286316,0.6464460784313726,42.91666666666666,1028.3333333333321,30.24509803921565,0
1421,4,0,0,45,0.0,0.0,1.0,45,1300,1000,300,0.7692307692307693,16,10,6,379.37242798353947,0.8382996632996633,0.2400720164609058,0.22762345679012322,132244.8979591834,1034.0136054421432,133278.91156462554,1413,15,543.2,34,11,21,33.10185185185183,0.6470588235294119,42.85714285714284,1028.5714285714264,30.25210084033607,0
1422,4,1,1,45,0.021739130434782608,0.021739130434782608,0.9782608695652174,46,850,300,550,0.35294117647058826,14,3,11,370.74887924810076,0.8440217391304348,0.23085181793251897,0.22429106064231738,132555.70461180783,629.1529387490141,133184.85755055683,1414,0,532.3695652173913,33,13,21,33.01040798921021,0.6524621212121213,42.55514705882352,1029.779411764705,31.205436720142576,0
1423,4,0,0,45,0.0,0.0,1.0,45,900,600,300,0.6666666666666666,12,6,6,380.99767325621826,0.8370791245791246,0.24420455784538264,0.229725816004785,132430.49178655245,1091.1418477706468,133521.6336343231,1415,17,545.2,32,13,21,32.8728123977756,0.6536458333333333,42.67676767676768,1029.2929292929298,32.165404040404056,0
1424,4,0,0,45,0.0,0.0,1.0,45,850,500,350,0.5882352941176471,12,5,7,384.0556050985417,0.8370791245791246,0.2487613441255827,0.2319695854795194,132495.48037190086,1177.1263774104755,133672.60674931135,1416,18,546.2,32,13,21,32.72856880058867,0.654296875,42.61363636363637,1029.545454545455,32.17329545454547,0
1425,4,0,0,45,0.0,0.0,1.0,45,1050,800,250,0.7619047619047619,13,8,5,384.63208449226227,0.8356481481481481,0.251366924114258,0.23292085472927887,132592.99314164388,1199.9038682277555,133792.89700987164,1417,19,547.2,32,13,22,32.615391688120646,0.6552734375,42.518939393939405,1029.9242424242436,32.18513257575761,0
1426,4,0,0,45,0.0,0.0,1.0,45,1150,700,450,0.6086956521739131,16,7,9,383.0761062139181,0.8331649831649832,0.25753250872185207,0.23272427030683684,132713.49961553246,1167.874134948091,133881.37375048056,1418,20,548.2,33,12,17,32.5339954012052,0.6540404040404041,42.40196078431372,1030.3921568627447,31.22400475341651,0
1427,4,0,0,45,0.0,0.0,1.0,45,800,400,400,0.5,12,4,8,388.06019106974463,0.8336279461279462,0.26117056414321604,0.23614950845850594,132776.6438989812,1305.0659602076184,134081.7098591888,1419,21,549.2,33,12,17,32.34195402298851,0.6546717171717171,42.34068627450981,1030.6372549019611,31.231431966726095,0
1428,4,0,0,45,0.0,0.0,1.0,45,1450,1000,450,0.6896551724137931,19,10,9,382.54634524538835,0.8331228956228957,0.25928214879961975,0.23358091065999279,132902.97752066524,1168.3096645521118,134071.28718521734,1420,22,550.2,33,12,17,32.35678630853341,0.6559343434343433,42.21813725490197,1031.1274509803932,31.246286393345247,0
1429,4,0,0,45,0.0,0.0,1.0,45,1600,1200,400,0.75,20,12,8,383.24317107011655,0.8326599326599327,0.2638969032506251,0.2346856591747394,133011.31129535154,1195.1353458049944,134206.44664115654,1421,23,551.2,34,11,18,32.22975572225428,0.6547181372549019,42.11309523809524,1031.5476190476195,30.33963585434175,0
1430,4,0,0,45,0.0,0.0,1.0,45,800,400,400,0.5,12,4,8,383.9311023650087,0.8316498316498316,0.26397959052856956,0.23549404559076653,133072.72002551024,1218.1512188208653,134290.8712443311,1422,24,552.2,34,11,19,32.150205761316876,0.6553308823529411,42.05357142857143,1031.7857142857147,30.346638655462197,0
1431,4,0,0,45,0.0,0.0,1.0,45,1150,900,250,0.782608695652174,14,9,5,386.2100748645792,0.8308080808080809,0.2674715781648531,0.2372824336641416,133134.14292800458,1283.5494614512513,134417.69238945583,1423,25,553.2,34,11,19,32.02959780059214,0.6559436274509804,41.99404761904762,1032.0238095238099,30.353641456582643,0
1432,4,0,0,45,0.0,0.0,1.0,45,1300,800,500,0.6153846153846154,18,8,10,389.71552375604557,0.828409090909091,0.2805270638853672,0.24102363504142627,133379.97626133796,1396.0494614512602,134776.02572278923,1424,26,554.2,34,11,21,31.69178095347854,0.6583946078431373,41.75595238095239,1032.9761904761913,30.38165266106445,0
1433,4,1,1,45,0.021739130434782608,0.021739130434782608,0.9782608695652174,46,1350,1200,150,0.8888888888888888,15,12,3,380.23324747204845,0.8303140096618358,0.2681392986021087,0.237120331714981,133687.5868055556,966.5249433106642,134654.11174886624,1425,0,543.1304347826087,34,12,21,31.627719580983086,0.6614583333333333,41.458333333333336,1034.166666666667,30.416666666666675,0
1434,4,0,0,45,0.0,0.0,1.0,45,1100,800,300,0.7272727272727273,14,8,6,388.3435938166613,0.8253787878787879,0.2765121883765953,0.241804789743998,133630.5616379518,1378.9145100442179,135009.476147996,1426,28,556.2,33,12,21,31.47532199438979,0.6631944444444444,41.513480392156865,1033.9460784313728,31.331699346405237,0
1435,4,0,0,45,0.0,0.0,1.0,45,1550,1200,350,0.7741935483870968,19,12,7,386.2951079306268,0.8248316498316499,0.273341004986575,0.24150391999403928,133779.93905895695,1335.707199546488,135115.64625850343,1427,29,557.2,34,11,18,31.378260452627543,0.6623774509803921,41.36904761904762,1034.5238095238096,30.427170868347343,0
1436,4,0,0,45,0.0,0.0,1.0,45,1200,900,300,0.75,15,9,6,385.85210620490045,0.8243686868686869,0.2728843892212509,0.24163015181073455,133841.52494331068,1328.6068594104324,135170.13180272112,1428,30,558.2,34,11,18,31.327897300199414,0.6629901960784313,41.30952380952381,1034.7619047619048,30.43417366946779,0
1437,4,0,0,45,0.0,0.0,1.0,45,850,500,350,0.5882352941176471,12,5,7,384.30671259516413,0.8236952861952862,0.2679956552296978,0.2412669217339315,133933.9303429705,1294.3416950113372,135228.27203798183,1429,31,559.2,34,11,18,31.275158136860263,0.6639093137254901,41.220238095238095,1035.1190476190475,30.444677871148457,0
1438,4,0,0,45,0.0,0.0,1.0,45,900,600,300,0.6666666666666666,12,6,6,378.66305438492924,0.8235690235690236,0.2371340407917515,0.22213227389017898,131387.4488275891,961.0323649778773,132348.48119256698,1430,32,560.2,35,10,19,33.986697523895536,0.6363095238095238,43.692129629629626,1025.231481481481,29.29232804232803,8
1439,4,1,0,46,0.021739130434782608,0.0,1.0,46,950,600,350,0.631578947368421,13,6,7,397.4538928182667,0.8278381642512077,0.22344392813804093,0.22542848206565014,130085.41907793215,1148.3340835048036,131233.75316143697,1431,0,549.0,41,5,18,34.82882346267302,0.6125508130081301,44.96527777777778,1020.1388888888893,24.881436314363153,5
1440,4,1,1,46,0.02127659574468085,0.02127659574468085,0.9787234042553191,47,1300,900,400,0.6923076923076923,17,9,8,394.88844728711234,0.8330635214307739,0.22164463943374813,0.22569939968528585,130384.14292800472,898.4028565129975,131282.54578451772,1432,0,538.2978723404256,34,13,18,34.59003574620196,0.6283700980392156,44.67261904761906,1021.3095238095253,30.03851540616251,0
1441,4,0,0,46,0.0,0.0,1.0,46,1350,1100,250,0.8148148148148148,16,11,5,402.9570519194219,0.8257850241545894,0.2202635931524215,0.23014675213465025,130356.43029423797,1305.6085700211672,131662.03886425914,1433,2,551.0,33,13,18,34.412251490059596,0.6303661616161615,44.699754901960794,1021.2009803921584,30.94548425430783,0
1442,4,1,0,47,0.02127659574468085,0.0,1.0,47,600,300,300,0.5,9,3,6,391.7856301933139,0.828168362627197,0.22836551415510997,0.2258924004943166,130722.82745160717,843.0650667559626,131565.89251836314,1434,0,540.2553191489362,36,11,19,34.32487244429762,0.6276041666666665,44.341216216216225,1022.6351351351364,28.406531531531567,0
1443,4,1,0,48,0.020833333333333332,0.0,1.0,48,950,700,250,0.7368421052631579,12,7,5,383.4289411122042,0.8331301713947991,0.235544483861992,0.22298440361767993,131054.49631090659,450.017349696837,131504.51366060344,1435,0,529.9791666666666,38,10,20,34.20196855870896,0.6271929824561404,44.01709401709402,1023.9316239316241,26.945569050832216,0
1444,4,3,3,48,0.058823529411764705,0.058823529411764705,0.9411764705882353,51,1300,800,500,0.6153846153846154,18,8,10,358.33472772655296,0.8479738562091504,0.2344397818931081,0.21237002471085054,131778.07113727287,-754.7267243155286,131023.34441295735,1436,0,499.7450980392157,37,14,17,34.11335967535241,0.6362612612612613,43.311403508771924,1026.7543859649113,27.750118539592197,0
1445,4,0,0,48,0.0,0.0,1.0,48,1750,1200,550,0.6857142857142857,23,12,11,380.77229422320795,0.8319111997635934,0.2443385691271236,0.22336024269381993,131385.84530476423,405.61794903011645,131791.46325379435,1437,2,531.9791666666666,36,12,20,33.93425966608085,0.6342592592592593,43.693693693693696,1025.2252252252254,28.478478478478483,0
1446,4,0,0,48,0.0,0.0,1.0,48,600,300,300,0.5,9,3,6,381.93773840552615,0.8317080378250591,0.24760433827567252,0.22421296635604895,131414.71021274666,438.4474423748219,131853.1576551215,1438,3,532.9791666666666,36,12,20,33.87516016840563,0.634548611111111,43.66554054054055,1025.3378378378388,28.481606606606633,0
1447,4,1,0,49,0.02040816326530612,0.0,1.0,49,1400,1300,100,0.9285714285714286,15,13,2,385.2042550920711,0.8361323696145125,0.2875884576857213,0.22319633181678178,130913.23329260963,321.2958590941961,131234.5291517038,1439,0,523.0816326530612,35,14,19,34.29983789489558,0.631547619047619,44.15509259259259,1023.3796296296288,29.239417989417966,4
1448,4,1,1,49,0.02,0.02,0.98,50,1500,900,600,0.6,21,9,12,379.6212281423202,0.8410204081632653,0.28659338243376964,0.22151470894231456,131183.87972009153,-39.962893636898855,131143.91682645463,1440,0,513.6,36,14,19,34.16831556190686,0.6322337962962964,43.89076576576576,1024.4369369369356,28.456581581581545,0
1449,4,0,0,49,0.0,0.0,1.0,49,1550,1200,350,0.7741935483870968,19,12,7,389.86101146204584,0.8352820294784581,0.29377056437759785,0.22746603905409166,131179.87403817312,428.3836751971976,131608.25771337032,1441,2,525.0816326530612,35,14,20,33.910127857492554,0.6342261904761904,43.89467592592593,1024.4212962962972,29.26917989417992,0
1450,4,0,0,49,0.0,0.0,1.0,49,1600,1400,200,0.875,18,14,4,391.82589438156197,0.8358843537414966,0.2967169476486249,0.22932044248174013,131298.46810967493,489.22793960046033,131787.6960492754,1442,3,526.0816326530612,35,14,20,33.739530397139085,0.6354166666666667,43.778935185185176,1024.884259259258,29.282407407407373,0
1451,4,0,0,49,0.0,0.0,1.0,49,1100,800,300,0.7272727272727273,14,8,6,392.40280631115843,0.8357780612244898,0.2965392380825993,0.2302025182528403,131389.1439909297,511.49711315210146,131900.6411040818,1443,4,527.0816326530612,34,15,20,33.63281854776281,0.6384803921568627,43.69047619047619,1025.2380952380952,30.15406162464986,0
1452,4,0,0,49,0.0,0.0,1.0,49,1550,1000,550,0.6451612903225806,21,10,11,391.51561216246864,0.8342191043083901,0.2966194834479754,0.23041656519069872,131511.2244897959,497.7395124716523,132008.96400226754,1444,5,528.0816326530612,34,15,20,33.53184965954813,0.6397058823529411,43.57142857142857,1025.7142857142853,30.168067226890745,0
1453,4,0,0,49,0.0,0.0,1.0,49,1500,1100,400,0.7333333333333333,19,11,8,388.8067200907009,0.8346088435374149,0.29768983735626264,0.2293261193349342,131595.1877170138,433.01866319443525,132028.20638020823,1445,6,529.0816326530612,35,14,19,33.51628595600678,0.6383928571428572,43.48958333333333,1026.0416666666658,29.315476190476165,0
1454,4,0,0,49,0.0,0.0,1.0,49,1400,1000,400,0.7142857142857143,18,10,8,390.5544741916168,0.8338293650793651,0.30101350418381134,0.2308958051420839,131684.268904321,485.97608024691516,132170.24498456792,1446,7,530.0816326530612,35,14,19,33.381258457374834,0.6392857142857142,43.40277777777778,1026.3888888888891,29.325396825396833,0
1455,4,0,0,49,0.0,0.0,1.0,49,1750,1300,450,0.7428571428571429,22,13,9,391.56143671141103,0.8342899659863946,0.30438764006166164,0.23185246619694347,131743.6731074244,517.1483839163056,132260.8214913407,1447,8,531.0816326530612,35,14,19,33.29528372792183,0.6398809523809523,43.3449074074074,1026.620370370369,29.332010582010543,0
1456,4,1,1,49,0.02,0.02,0.98,50,900,400,500,0.4444444444444444,14,4,10,382.37640568196935,0.836360544217687,0.3159185014788042,0.2285994896837394,132108.4191243609,103.0284930200612,132211.44761738097,1448,0,521.44,36,14,20,33.16240369518386,0.6414930555555556,42.98986486486487,1028.040540540541,28.556681681681695,0
1457,4,0,0,49,0.0,0.0,1.0,49,1600,800,800,0.5,24,8,16,382.51289454190055,0.8335813492063492,0.3168539426282997,0.22920654546959562,132195.26113951797,313.27839663989346,132508.53953615786,1449,1,530.9591836734694,36,13,20,33.07120565045993,0.6423611111111112,42.90540540540541,1028.378378378379,28.566066066066085,0
1458,4,0,0,49,0.0,0.0,1.0,49,1550,1100,450,0.7096774193548387,20,11,9,379.8333645155055,0.8334041950113379,0.3046034525894421,0.2282998433035304,132311.0948786626,251.23366609855265,132562.32854476117,1450,2,531.9591836734694,36,13,20,33.023204903677765,0.6435185185185185,42.7927927927928,1028.8288288288302,28.578578578578615,0
1459,4,0,0,49,0.0,0.0,1.0,49,1100,700,400,0.6363636363636364,15,7,8,378.93253328585206,0.8333333333333334,0.30319232092048876,0.22810839849579184,132369.0307706357,231.78643170199632,132600.8172023377,1451,3,532.9591836734694,36,13,20,32.987934996717016,0.6440972222222221,42.7364864864865,1029.0540540540558,28.584834834834883,0
1460,4,0,0,49,0.0,0.0,1.0,49,1450,1100,350,0.7586206896551724,18,11,7,376.7027538823552,0.8331561791383221,0.30230964814786576,0.22643189876221267,132313.381581352,168.56304343644044,132481.94462478845,1452,4,533.9591836734694,37,12,21,33.10142012149631,0.6416103603603605,42.790570175438596,1028.837719298246,27.80642484589854,1
1461,4,0,0,49,0.0,0.0,1.0,49,1800,1300,500,0.7222222222222222,23,13,10,372.72662364746566,0.83156179138322,0.3076915816621486,0.22527690900956854,132520.55165816302,78.86871146771,132599.42036963074,1453,5,534.9591836734694,34,15,22,32.994903071646036,0.6498161764705884,42.5892857142857,1029.6428571428553,30.283613445378098,0
1462,4,0,0,49,0.0,0.0,1.0,49,1350,900,450,0.6666666666666666,18,9,9,367.70912763539997,0.8319160997732427,0.29736299013987666,0.2229299207053852,132636.3436642659,-45.68115569275119,132590.66250857315,1454,6,535.9591836734694,35,14,15,33.00749063670412,0.648809523809524,42.47685185185184,1030.092592592591,29.431216931216888,0
1463,4,0,0,49,0.0,0.0,1.0,49,1550,1100,450,0.7096774193548387,20,11,9,370.43814252298955,0.8313846371882087,0.3005911788505138,0.22512018995782748,132725.7764944485,33.33802190498139,132759.1145163535,1455,7,536.9591836734694,35,14,15,32.84719102175296,0.6497023809523811,42.39004629629628,1030.4398148148132,29.44113756613752,0
1464,4,0,0,49,0.0,0.0,1.0,49,1500,900,600,0.6,21,9,12,371.06117842772954,0.8314200680272109,0.30654623506154133,0.22657875521676746,132904.7325772674,63.15733774859575,132967.88991501599,1456,8,537.9591836734694,35,14,16,32.651087851236575,0.6514880952380953,42.21643518518517,1031.134259259257,29.460978835978775,0
1465,4,0,0,49,0.0,0.0,1.0,49,2000,1400,600,0.7,26,14,12,366.96309192473456,0.8304988662131519,0.3008149456443061,0.22521653123284266,133094.2994303424,-31.860872697032192,133062.43855764536,1457,9,538.9591836734694,36,13,19,32.56620830150243,0.6513310185185186,42.03265765765765,1031.8693693693683,28.66303803803801,0
1466,4,0,0,49,0.0,0.0,1.0,49,1150,800,350,0.6956521739130435,15,8,7,366.96309192473456,0.8299319727891157,0.3008149456443061,0.22521653123284266,133094.2994303424,-31.860872697032192,133062.43855764536,1458,10,539.9591836734694,36,13,19,32.56620830150243,0.6513310185185186,42.03265765765765,1031.8693693693683,28.66303803803801,0
1467,4,0,1,48,0.0,0.02040816326530612,0.9795918367346939,49,1250,1000,250,0.8,15,10,5,371.7547503921665,0.829187925170068,0.3031772760075684,0.22926093545795856,133274.0136989264,109.04953928129837,133383.0632382077,1459,11,540.9591836734694,37,12,19,32.262021698346956,0.6511824324324325,41.85855263157894,1032.5657894736828,27.907183499288724,0
1468,4,0,0,48,0.0,0.0,1.0,48,1250,800,450,0.64,17,8,9,376.3197179811472,0.8264258274231678,0.3199021012416432,0.23314008563684058,133443.8977016964,443.5139898814664,133887.41169157787,1460,12,550.6666666666666,37,11,19,31.973517811029737,0.6528716216216217,41.6940789473684,1033.223684210524,27.92496443812227,0
1469,4,0,0,48,0.0,0.0,1.0,48,1250,1000,250,0.8,15,10,5,375.3617853952162,0.826278073286052,0.31609418787669386,0.23330468021379114,133564.50007086166,427.010859601221,133991.5109304629,1461,13,551.6666666666666,34,14,20,31.87718338515872,0.6602328431372548,41.57738095238095,1033.6904761904761,30.402661064425768,0
1470,4,0,0,48,0.0,0.0,1.0,48,1450,1200,250,0.8275862068965517,17,12,5,374.9823788405634,0.8245050236406619,0.3163938120995897,0.23423593743678334,133749.15143140592,430.71499433106885,134179.86642573698,1462,14,552.6666666666666,34,14,17,31.70172056623318,0.6620710784313726,41.398809523809526,1034.4047619047622,30.42366946778712,0
1471,4,0,2,46,0.0,0.041666666666666664,0.9583333333333334,48,900,600,300,0.6666666666666666,12,6,6,375.4749912588692,0.8246527777777778,0.31310400368154645,0.23513174524654826,133841.52494331065,450.82908163265586,134292.3540249433,1463,15,553.6666666666666,34,14,17,31.59634338088664,0.6629901960784313,41.30952380952381,1034.7619047619046,30.434173669467782,0
1472,4,0,0,46,0.0,0.0,1.0,46,1200,900,300,0.75,15,9,6,379.8009613759868,0.8229669887278583,0.3113092908780093,0.2379109286245427,133852.39451172636,967.4536236063162,134819.8481353327,1464,16,568.5434782608696,33,13,19,31.473531501657977,0.6654040404040403,41.29901960784314,1034.8039215686283,31.357694592988736,0
1473,4,0,0,46,0.0,0.0,1.0,46,1650,1300,350,0.7878787878787878,20,13,7,379.6580686552737,0.8219001610305958,0.31650290043802487,0.23843655806179193,133947.5220618274,970.8515054306254,134918.373567258,1465,17,569.5434782608696,33,13,20,31.381826881338547,0.66635101010101,41.207107843137265,1035.1715686274524,31.368835412953104,0
1474,4,0,0,46,0.0,0.0,1.0,46,1200,900,300,0.75,15,9,6,376.4192503576332,0.8210346215780998,0.3116833679705342,0.23742503761363556,134106.1430699731,896.0267685505611,135002.16983852367,1466,18,570.5434782608696,33,13,20,31.306692696008827,0.6679292929292928,41.05392156862745,1035.7843137254904,31.387403446226983,0
1475,4,0,0,46,0.0,0.0,1.0,46,800,500,300,0.625,11,5,6,377.9039619860138,0.8204307568438004,0.30867302331800706,0.23877429705753078,134169.6177551904,940.646025567103,135110.26378075752,1467,19,571.5434782608696,33,13,20,31.204656572825495,0.668560606060606,40.992647058823536,1036.0294117647068,31.39483065953657,0
1476,4,0,0,46,0.0,0.0,1.0,46,550,300,250,0.5454545454545454,8,3,5,378.84616521815525,0.8199476650563607,0.30848885070332455,0.23964222544032152,134211.33786848077,969.0901360544302,135180.4280045352,1468,20,572.5434782608696,34,12,20,31.138461243872555,0.6666666666666666,40.952380952380956,1036.1904761904766,30.47619047619049,0
1477,4,0,0,46,0.0,0.0,1.0,46,900,800,100,0.8888888888888888,10,8,2,379.4376974781533,0.8193438003220612,0.3162869994558355,0.24103011723831053,134365.57716836737,996.6730442176936,135362.25021258506,1469,21,573.5434782608696,34,12,20,30.968681823401084,0.6681985294117647,40.80357142857143,1036.7857142857144,30.493697478991603,0
1478,4,1,0,47,0.02127659574468085,0.0,1.0,47,1000,800,200,0.8,12,8,4,384.13022220313826,0.8258556891766882,0.3547120669513759,0.23068577127983056,132278.91375171463,762.5932574675869,133041.5070091822,1470,0,562.3191489361702,35,12,19,32.945169516951694,0.6452380952380953,42.82407407407407,1028.7037037037032,29.39153439153438,4
1479,4,0,0,47,0.0,0.0,1.0,47,1250,900,350,0.72,16,9,7,385.67890140452533,0.8247764415664508,0.3548204226615477,0.2328997846567043,132487.35592689048,819.5155767746937,133306.87150366517,1471,1,563.3191489361702,35,12,19,32.694983136593585,0.6473214285714286,42.62152777777778,1029.5138888888891,29.41468253968255,0
1480,4,0,0,47,0.0,0.0,1.0,47,700,500,200,0.7142857142857143,9,5,4,362.4899183475197,0.8255858772741288,0.2838450981673559,0.21457520101662272,131732.4334469605,150.33580878175712,131882.76925574226,1472,2,564.3191489361702,36,11,16,34.05276437033785,0.6377314814814815,43.35585585585586,1026.5765765765768,28.516016016016025,4
1481,4,0,0,47,0.0,0.0,1.0,47,1500,1300,200,0.8666666666666667,17,13,4,363.4204871564637,0.826086956521739,0.28637803393246153,0.2161096273690524,131905.89871966562,187.4611943024127,132093.35991396804,1473,3,565.3191489361702,36,11,16,33.85382408828473,0.6394675925925927,43.18693693693694,1027.2522522522524,28.53478478478479,0
1482,4,0,0,47,0.0,0.0,1.0,47,1050,700,350,0.6666666666666666,14,7,7,363.4204871564637,0.8256629663891458,0.28637803393246153,0.2161096273690524,131905.89871966562,187.4611943024127,132093.35991396804,1474,4,566.3191489361702,36,11,16,33.85382408828473,0.6394675925925927,43.18693693693694,1027.2522522522524,28.53478478478479,0
1483,4,0,0,47,0.0,0.0,1.0,47,1050,700,350,0.6666666666666666,14,7,7,362.70548153018586,0.8257400555041627,0.2870102746750707,0.21667379812876553,132079.47812677544,181.19014284555146,132260.668269621,1475,5,567.3191489361702,36,11,17,33.69714066608239,0.6412037037037037,43.01801801801802,1027.927927927928,28.553553553553556,0
1484,4,0,0,47,0.0,0.0,1.0,47,1100,600,500,0.5454545454545454,16,6,10,358.873620538713,0.8245837187789083,0.28392559249214844,0.2150415946692604,132195.26113951797,88.27839663989442,132283.53953615786,1476,6,568.3191489361702,36,11,17,33.67895860709593,0.6423611111111112,42.90540540540541,1028.378378378379,28.566066066066085,0
1485,4,1,1,47,0.020833333333333332,0.020833333333333332,0.9791666666666666,48,1300,1000,300,0.7692307692307693,16,10,6,347.286726753701,0.8293439716312057,0.27603390131345407,0.2098469989843792,132510.8747403047,-396.1464104339792,132114.7283298707,1477,0,557.4583333333334,37,11,17,33.659478168264116,0.643581081081081,42.598684210526315,1029.6052631578946,27.82716927453769,0
1486,4,0,0,47,0.0,0.0,1.0,47,1700,1200,500,0.7058823529411765,22,12,10,353.5972825181249,0.8231190255935861,0.2891038604117555,0.2136774589598955,132513.92598257054,-28.687175351011888,132485.23880721952,1478,8,570.3191489361702,36,11,18,33.49397535455175,0.6455439814814814,42.59572072072073,1029.6171171171181,28.600475475475506,0
1487,4,0,0,47,0.0,0.0,1.0,47,1150,700,450,0.6086956521739131,16,7,9,353.8915133468708,0.8232346592661116,0.28885450717169014,0.21418516807128626,132571.90626014533,-16.78549326352777,132555.1207668818,1479,9,571.3191489361702,36,11,18,33.428102788408964,0.6461226851851851,42.539414414414416,1029.8423423423428,28.606731731731745,0
1488,4,1,1,47,0.020833333333333332,0.020833333333333332,0.9791666666666666,48,1450,1100,350,0.7586206896551724,18,11,7,349.2624076100526,0.8251883865248226,0.2870621498971855,0.21295493880348332,132849.77709487526,-320.113400277014,132529.66369459825,1480,0,560.3958333333334,37,11,16,33.2681876196554,0.6469594594594594,42.26973684210526,1030.9210526315783,27.86273115220482,0
1489,4,0,0,47,0.0,0.0,1.0,47,1000,800,200,0.8,12,8,4,354.9601008148318,0.8221554116558741,0.29383183306055605,0.21599699751711057,132774.93709926156,25.961011687376896,132800.89811094894,1481,1,572.4468085106383,36,11,16,33.196523528554785,0.6481481481481481,42.34234234234235,1030.6306306306317,28.628628628628658,0
1490,4,0,0,47,0.0,0.0,1.0,47,1050,700,350,0.6666666666666666,14,7,7,357.4276500860087,0.8211147086031452,0.30343144659934684,0.21800467265405812,132861.99787202754,97.71033702622873,132959.70820905376,1482,2,573.4468085106383,36,11,16,33.04546695794647,0.6490162037037037,42.25788288288289,1030.9684684684694,28.638013013013037,0
1491,4,0,0,47,0.0,0.0,1.0,47,1350,800,550,0.5925925925925926,19,8,11,357.5394224542812,0.8197271045328399,0.3030991490755517,0.21875107349757936,132978.123287984,108.98427988800387,133087.107567872,1483,3,574.4468085106383,36,11,16,32.925947155803044,0.6501736111111112,42.145270270270274,1031.4189189189194,28.650525525525538,0
1492,4,0,0,47,0.0,0.0,1.0,47,1400,1000,400,0.7142857142857143,18,10,8,358.19730745027715,0.8192260252852297,0.306582737155068,0.21932401980244268,133007.16256797354,128.56150068989484,133135.72406866343,1484,4,575.4468085106383,36,11,16,32.87982168850071,0.6504629629629629,42.117117117117125,1031.531531531533,28.65365365365369,0
1493,4,1,0,48,0.020833333333333332,0.0,1.0,48,1050,600,450,0.5714285714285714,15,6,9,348.93264078973687,0.8246527777777778,0.30105029376371517,0.21535043322134603,133302.3201850569,-297.2938788858132,133005.0263061711,1485,0,564.4375,37,11,17,32.82278615417286,0.6514639639639639,41.83114035087719,1032.675438596491,27.91014698909435,0
1494,4,0,0,48,0.0,0.0,1.0,48,1500,1000,500,0.6666666666666666,20,10,10,350.95013027445003,0.8237108451536643,0.3046557182779721,0.217422950530976,133443.89770169675,-233.56934345182478,133210.32835824494,1486,1,565.4375,37,11,18,32.62882928296014,0.6528716216216215,41.694078947368425,1033.223684210527,27.92496443812235,0
1495,4,0,0,48,0.0,0.0,1.0,48,1500,1200,300,0.8,18,12,6,346.1241739467403,0.8202940307328604,0.2959464595043664,0.21541946113160457,133613.88991083775,-350.6005453601349,133263.28936547763,1487,2,566.4375,37,11,18,32.58332007636015,0.6545608108108109,41.52960526315788,1033.8815789473667,27.94274537695586,0
1496,4,0,0,48,0.0,0.0,1.0,48,1300,800,500,0.6153846153846154,18,8,10,347.65748577455133,0.8176344562647754,0.30139654441382224,0.21720534574815328,133755.6327427669,-299.7706024930876,133455.86214027382,1488,3,567.4375,37,11,15,32.401862059218416,0.6559684684684686,41.392543859649116,1034.4298245614027,27.957562825983857,0
1497,4,0,0,48,0.0,0.0,1.0,48,1650,1200,450,0.7272727272727273,21,12,9,347.96416575297735,0.8171542553191489,0.2914239567888164,0.21874018994937464,133982.577571945,-275.77283394893186,133706.80473799608,1489,4,568.4375,37,11,15,32.16700204758878,0.6582207207207208,41.173245614035075,1035.307017543858,27.981270744428592,0
1498,4,0,0,48,0.0,0.0,1.0,48,1200,800,400,0.6666666666666666,16,8,8,343.6994280963381,0.8174682328605201,0.28485161267555936,0.216727957129373,134096.12212411498,-382.24790320100186,133713.87422091397,1490,5,569.4375,37,11,15,32.163967111299314,0.659346846846847,41.06359649122806,1035.7456140350866,27.99312470365099,0
1499,4,0,1,47,0.0,0.020833333333333332,0.9791666666666666,48,1200,900,300,0.75,15,9,6,343.51689132148783,0.8166740543735225,0.29046529467781257,0.21745332484121743,134238.12044330925,-377.3876336950045,133860.73280961424,1491,6,570.4375,37,11,15,32.02692395866399,0.6607545045045047,40.92653508771929,1036.293859649121,28.007942152678947,0
1500,4,0,0,47,0.0,0.0,1.0,47,1300,600,700,0.46153846153846156,20,6,14,350.9913918643467,0.8107847671908726,0.2966328821797817,0.22195682450473228,134200.5027620526,20.644250669589837,134221.1470127222,1492,12,583.4468085106383,36,11,15,31.87085642864906,0.6623263888888888,40.96283783783784,1036.1486486486488,28.78190690690691,0
1501,4,1,0,48,0.020833333333333332,0.0,1.0,48,1450,1200,250,0.8275862068965517,17,12,5,339.0950649251913,0.8169510933806147,0.28952455176300673,0.21666823763585996,134579.22299409437,-472.9699282471522,134106.2530658472,1493,0,572.2708333333334,37,11,16,31.801379935890665,0.6641328828828829,40.59758771929825,1037.6096491228072,28.043504030346142,0
1502,4,0,0,48,0.0,0.0,1.0,48,1050,700,350,0.6666666666666666,14,7,7,340.4329599590481,0.8157136524822695,0.28793479791578647,0.21837528894934083,134721.47680055414,-427.27377654661746,134294.20302400753,1494,1,573.2708333333334,37,11,17,31.624947190536552,0.6655405405405406,40.46052631578948,1038.157894736843,28.058321479374136,0
1503,4,0,0,48,0.0,0.0,1.0,48,1250,900,350,0.72,16,9,7,341.5759554935454,0.8158798758865248,0.2893894990671313,0.21928018458090717,134749.93657904354,-394.5323320637127,134355.40424697983,1495,2,574.2708333333334,37,11,17,31.56693332629281,0.665822072072072,40.43311403508772,1038.267543859649,28.061284969179706,0
1504,4,0,0,48,0.0,0.0,1.0,48,750,400,350,0.5333333333333333,11,4,7,341.73089104729723,0.8161753841607565,0.2892384572072073,0.21989639945652176,134835.3339489074,-384.52023699599204,134450.8137119114,1496,3,575.2708333333334,37,11,14,31.477864583333325,0.6666666666666666,40.35087719298246,1038.5964912280706,28.070175438596504,0
1505,4,0,0,48,0.0,0.0,1.0,48,1550,1200,350,0.7741935483870968,19,12,7,343.73751227017345,0.8144762115839244,0.28474274406332456,0.22170952544315145,134920.75837036406,-324.5348328331682,134596.2235375309,1497,4,576.2708333333334,37,11,14,31.34069920844328,0.6675112612612611,40.2686403508772,1038.925438596492,28.0790659080133,0
1506,4,0,1,47,0.0,0.020833333333333332,0.9791666666666666,48,1100,600,500,0.5454545454545454,16,6,10,344.0559430595283,0.8139590721040189,0.28743317858901296,0.2224394425865083,135006.20984341353,-310.06223068634745,134696.1476127272,1498,5,577.2708333333334,37,11,14,31.24736231272421,0.6683558558558558,40.18640350877194,1039.2543859649136,28.087956377430096,0
1507,4,0,0,47,0.0,0.0,1.0,47,900,600,300,0.6666666666666666,12,6,6,349.32399145129654,0.8093200740055504,0.2907455457533299,0.22519313914313155,134901.5162755662,24.86722364257514,134926.38349920875,1499,19,590.4468085106383,36,11,15,31.214769647696478,0.6692708333333333,40.28716216216217,1038.8513513513522,28.856981981982003,0
1508,4,0,0,47,0.0,0.0,1.0,47,1450,1100,350,0.7586206896551724,18,11,7,350.15492499680715,0.8075855689176688,0.28973886661610115,0.22645969185672993,135018.52940355908,55.48060729649393,135074.01001085556,1500,20,591.4468085106383,36,11,17,31.07663343807563,0.6704282407407407,40.17454954954955,1039.3018018018026,28.869494494494518,0
1509,4,0,0,47,0.0,0.0,1.0,47,1500,1100,400,0.7333333333333333,19,11,8,354.0534402983735,0.8061208757323466,0.2976004203239535,0.22972420339247251,135135.5932579539,169.0443399480584,135304.63759790198,1501,21,592.4468085106383,36,11,17,30.85874038773963,0.6715856481481481,40.06193693693694,1039.7522522522524,28.88200700700701,0
1510,4,0,0,47,0.0,0.0,1.0,47,1200,800,400,0.6666666666666666,16,8,8,358.7652582999853,0.8052343509096515,0.30204611886976296,0.23353873790817237,135252.707838751,304.794532708396,135557.50237145938,1502,22,593.4468085106383,36,11,17,30.619609541337383,0.6727430555555556,39.94932432432433,1040.2027027027034,28.894519519519537,0
1511,4,0,1,46,0.0,0.02127659574468085,0.9787234042553191,47,1200,700,500,0.5833333333333334,17,7,10,359.15828502715493,0.8033842121492445,0.3080213755994907,0.234557011444236,135369.87314595006,323.8422966885869,135693.71544263864,1503,23,594.4468085106383,36,11,17,30.49273166684702,0.6739004629629629,39.836711711711715,1040.6531531531534,28.90703203203204,0
1512,4,0,1,45,0.0,0.021739130434782608,0.9782608695652174,46,1300,1000,300,0.7692307692307693,16,10,6,361.48779144134454,0.8008252818035427,0.3121228531641653,0.23622806836050653,135392.66117969822,588.558813443076,135981.2199931413,1504,24,576.8260869565217,35,11,18,30.409438018979838,0.6761904761904761,39.81481481481482,1040.7407407407409,29.735449735449738,0
1513,4,0,0,45,0.0,0.0,1.0,45,1200,900,300,0.75,15,9,6,369.02115160980304,0.8006734006734008,0.3092853237721074,0.2404829115524288,135292.8730867348,985.1863662131675,136278.05945294796,1505,25,586.7777777777778,34,11,18,30.312869512148616,0.6773897058823529,39.91071428571429,1040.3571428571436,30.59873949579834,0
1514,4,0,0,45,0.0,0.0,1.0,45,1100,700,400,0.6363636363636364,15,7,8,370.2125582493267,0.8000420875420876,0.31383551895903206,0.24230079411168517,135447.73242630393,1028.8903061224592,136476.6227324264,1506,26,587.7777777777778,34,11,18,30.127563662702048,0.6789215686274509,39.761904761904766,1040.9523809523816,30.61624649859946,0
1515,4,0,0,45,0.0,0.0,1.0,45,950,400,550,0.42105263157894735,15,4,11,370.93482480064546,0.7997895622895623,0.3149228130360202,0.24298314927952414,135478.71492346947,1050.754676870757,136529.46960034024,1507,27,588.7777777777778,34,11,18,30.07790165809033,0.6792279411764706,39.73214285714286,1041.0714285714294,30.619747899159687,0
1516,4,0,0,45,0.0,0.0,1.0,45,1000,700,300,0.7,13,7,6,372.6703260484519,0.7991582491582492,0.3130063640867342,0.24454218619248402,135540.69054705233,1102.3986678004758,136643.0892148528,1508,28,589.7777777777778,34,11,18,29.97099005373272,0.6798406862745097,39.67261904761906,1041.3095238095252,30.626750700280155,0
1517,4,0,0,45,0.0,0.0,1.0,45,1650,1100,550,0.6666666666666666,22,11,11,371.24003414001595,0.7978535353535354,0.30937436522445694,0.24466060081275748,135695.69160997734,1075.1346371882132,136770.82624716556,1509,29,590.7777777777778,34,11,18,29.853890539305315,0.6813725490196079,39.523809523809526,1041.904761904762,30.644257703081234,0
1518,4,0,1,44,0.0,0.022222222222222223,0.9777777777777777,45,1250,800,450,0.64,17,8,9,369.6438728437416,0.797895622895623,0.3063945371004999,0.24403185994525758,135757.71683673482,1036.4016439909474,136794.11848072577,1510,30,591.7777777777778,34,11,18,29.833742670017504,0.681985294117647,39.46428571428572,1042.1428571428582,30.651260504201712,0
1519,4,0,0,44,0.0,0.0,1.0,44,1450,1200,250,0.8275862068965517,17,12,5,369.2179051537312,0.7944194855532065,0.29992837717204,0.24459987998005883,135881.80980725627,1233.9994331065768,137115.80924036284,1511,31,591.5227272727273,34,10,17,29.721397579356008,0.6832107843137255,39.345238095238095,1042.6190476190477,30.66526610644258,0
1520,4,0,0,44,0.0,0.0,1.0,44,700,400,300,0.5714285714285714,10,4,6,371.981922812285,0.7935606060606061,0.30476857617268593,0.24686073059360727,135943.87755102038,1313.732993197277,137257.61054421766,1512,32,592.5227272727273,34,10,17,29.587614155251146,0.6838235294117647,39.285714285714285,1042.8571428571427,30.67226890756302,0
1521,4,0,0,44,0.0,0.0,1.0,44,1150,900,250,0.782608695652174,14,9,5,374.7304352183804,0.7924154334038055,0.3075117979567499,0.24977279579384834,136099.10891439914,1400.0956632653156,137499.20457766447,1513,33,593.5227272727273,34,10,18,29.361570640806242,0.6853553921568627,39.136904761904766,1043.4523809523814,30.68977591036416,0
1522,4,0,0,44,0.0,0.0,1.0,44,1100,600,500,0.5454545454545454,16,6,10,368.16942328632877,0.7924154334038055,0.26976461949538044,0.22571267119493343,133053.9547432269,1052.6402426968598,134106.59498592376,1514,34,594.5227272727273,35,9,21,32.57563009498169,0.6529761904761905,42.07175925925925,1031.712962962962,29.477513227513196,7
1523,4,0,0,44,0.0,0.0,1.0,44,1250,800,450,0.64,17,8,9,374.62301990360316,0.7910059901338972,0.27281392077310396,0.2304060752758852,133173.39275763038,1177.9637131344334,134351.35647076482,1515,35,595.5227272727273,35,9,21,32.289096957464295,0.6541666666666666,41.95601851851852,1032.1759259259265,29.49074074074076,0
1524,4,0,0,44,0.0,0.0,1.0,44,850,600,250,0.7058823529411765,11,6,5,372.7402521667438,0.7907417195207893,0.27250305748063597,0.22961623268835318,133233.13185871052,1132.2702331961532,134365.40209190667,1516,36,596.5227272727273,35,9,21,32.277653213751854,0.6547619047619049,41.898148148148145,1032.4074074074072,29.49735449735449,0
1525,4,0,0,44,0.0,0.0,1.0,44,1050,800,250,0.7619047619047619,13,8,5,374.2282344566182,0.7901911557434813,0.27564938704384967,0.23071804281876226,133263.0064327203,1174.1559231395713,134437.16235585988,1517,37,597.5227272727273,35,9,21,32.20923009378619,0.6550595238095238,41.86921296296296,1032.5231481481478,29.500661375661366,0
1526,4,0,0,44,0.0,0.0,1.0,44,1150,900,250,0.782608695652174,14,9,5,375.33745860416593,0.7879448555320648,0.2790876499704642,0.23233440745497808,133412.4295374657,1214.936449759947,134627.36598722567,1518,38,598.5227272727273,35,9,21,32.03049144820374,0.6565476190476189,41.72453703703704,1033.101851851852,29.51719576719577,0
1527,4,1,1,44,0.022222222222222223,0.022222222222222223,0.9777777777777777,45,900,500,400,0.5555555555555556,13,5,8,369.60995813940673,0.7914983164983166,0.2751137974778002,0.23027164337639214,133651.68065200633,879.8118141289603,134531.4924661353,1519,0,586.2,35,10,21,31.938381464069845,0.6589285714285713,41.493055555555564,1034.027777777779,29.543650793650826,0
1528,4,0,0,44,0.0,0.0,1.0,44,1250,1100,150,0.88,14,11,3,381.54928848323243,0.7879889006342495,0.2773125078514298,0.237347709254183,133595.2664399095,1394.6357709750778,134989.90221088458,1520,40,600.5227272727273,34,10,21,31.686386841701225,0.6605392156862744,41.54761904761906,1033.8095238095252,30.406162464986036,0
1529,4,0,0,44,0.0,0.0,1.0,44,1400,1100,300,0.7857142857142857,17,11,6,380.17451977762624,0.7889799154334038,0.279284675504033,0.23747925250523344,133749.15143140606,1369.6038832199724,135118.75531462603,1521,41,601.5227272727273,34,10,20,31.5674511834887,0.6620710784313724,41.39880952380953,1034.404761904763,30.42366946778715,0
1530,4,0,0,44,0.0,0.0,1.0,44,1750,1100,650,0.6285714285714286,24,11,13,380.92902343874766,0.7901471106412967,0.26603110075348235,0.2399494261327782,134057.18714569169,1413.2546768707587,135470.44182256245,1522,42,602.5227272727273,34,10,20,31.23898340805457,0.6651348039215685,41.10119047619048,1035.5952380952388,30.458683473389375,0
1531,4,0,0,44,0.0,0.0,1.0,44,1100,900,200,0.8181818181818182,13,9,4,380.92902343874766,0.7903893587033122,0.26603110075348235,0.2399494261327782,134057.18714569169,1413.2546768707587,135470.44182256245,1523,43,603.5227272727273,34,10,20,31.23898340805457,0.6651348039215685,41.10119047619048,1035.5952380952388,30.458683473389375,0
1532,4,0,0,44,0.0,0.0,1.0,44,900,500,400,0.5555555555555556,13,5,8,380.92902343874766,0.7906316067653277,0.26603110075348235,0.2399494261327782,134057.18714569169,1413.2546768707587,135470.44182256245,1524,44,604.5227272727273,34,10,20,31.23898340805457,0.6651348039215685,41.10119047619048,1035.5952380952388,30.458683473389375,0
1533,4,0,0,44,0.0,0.0,1.0,44,1300,900,400,0.6923076923076923,17,9,8,383.71918400739577,0.7913583509513742,0.2713848436096191,0.24231671547404646,134149.6669501135,1495.160147392301,135644.8270975058,1525,45,605.5227272727273,34,10,20,31.074034704665586,0.6660539215686274,41.011904761904766,1035.9523809523819,30.469187675070057,0
1534,4,0,0,44,0.0,0.0,1.0,44,1100,900,200,0.8181818181818182,13,9,4,382.2628657876003,0.7888037350246653,0.2691643996914208,0.24246078087774428,134310.7263803156,1468.4006344307409,135779.12701474634,1526,46,606.5227272727273,35,9,21,30.950387077564397,0.6654761904761903,40.85648148148149,1036.5740740740748,29.61640211640214,0
1535,4,0,0,44,0.0,0.0,1.0,44,800,500,300,0.625,11,5,6,381.46007781526976,0.7886715997181114,0.26485048047164317,0.2425479657308022,134400.72183909905,1453.7019622342345,135854.4238013333,1527,47,607.5227272727273,35,9,21,30.881073966588524,0.6663690476190476,40.76967592592593,1036.9212962962972,29.62632275132278,0
1536,4,0,0,44,0.0,0.0,1.0,44,800,500,300,0.625,11,5,6,386.70702718079485,0.789750704721635,0.2714947962102612,0.246491349757773,134490.74743870046,1601.7034250686088,136092.45086376907,1528,48,608.5227272727273,35,9,21,30.654894740757268,0.6672619047619046,40.68287037037038,1037.26851851852,29.636243386243432,0
1537,4,0,0,44,0.0,0.0,1.0,44,1150,700,450,0.6086956521739131,16,7,9,387.0587370331586,0.7911601479915433,0.27290124231396673,0.24735132922351566,134584.55615573458,1618.4792496376358,136203.0354053722,1529,49,609.5227272727273,31,13,21,30.551851968042822,0.677755376344086,40.592447916666664,1037.6302083333333,33.47194220430107,0
1538,4,0,0,44,0.0,0.0,1.0,44,1300,1000,300,0.7692307692307693,16,10,6,381.2346931805984,0.7907417195207893,0.26543415262423564,0.24425551068378737,134677.95589436754,1468.7818387158734,136146.7377330834,1530,50,610.5227272727273,33,11,21,30.609504132231407,0.6736111111111112,40.502450980392155,1037.9901960784312,31.454248366013065,0
1539,4,0,1,43,0.0,0.022727272727272728,0.9772727272727273,44,1250,1200,50,0.96,13,12,1,377.6064143622351,0.7891560958421424,0.2586823289070479,0.24252453211100272,134767.01388888896,1377.7777777777887,136144.79166666674,1531,51,611.5227272727273,34,10,21,30.61463349384698,0.6721813725490196,40.41666666666667,1038.333333333334,30.539215686274527,0
1540,4,0,0,43,0.0,0.0,1.0,43,1200,900,300,0.75,15,9,6,378.0598514302207,0.7882059800664452,0.2554461672947461,0.24364477574446872,134890.65334467124,1599.3480725623651,136490.0014172336,1532,52,608.3720930232558,34,9,18,30.479314691725875,0.673406862745098,40.29761904761905,1038.809523809524,30.553221288515413,0
1541,4,0,0,43,0.0,0.0,1.0,43,1000,500,500,0.5,15,5,10,378.1486105239211,0.7870524178663714,0.2606352507885936,0.24086920585493368,134465.474052112,1569.586435249288,136035.06048736128,1533,53,609.3720930232558,37,6,22,30.902117031398664,0.6630067567567568,40.70723684210525,1037.1710526315774,28.031650071123714,1
1542,4,0,0,43,0.0,0.0,1.0,43,1200,800,400,0.6666666666666666,16,8,8,377.5745552491086,0.787329272794389,0.2579620808816656,0.24106683142827723,134550.78125000015,1560.6714325561857,136111.45268255632,1534,54,610.3720930232558,34,9,22,30.831659973226234,0.6700367647058822,40.62500000000001,1037.5000000000011,30.514705882352974,0
1543,4,0,1,42,0.0,0.023255813953488372,0.9767441860465116,43,1400,1200,200,0.8571428571428571,16,12,4,378.17714777977903,0.7838224437061646,0.272061466694107,0.24336000967605378,134837.00867755193,1598.4550713667866,136435.46374891873,1535,55,611.3720930232558,33,10,19,30.529867256637164,0.6751893939393939,40.349264705882355,1038.602941176471,31.472816399286998,0
1544,4,0,0,42,0.0,0.0,1.0,42,1300,1000,300,0.7692307692307693,16,10,6,380.068539796233,0.7788666279519938,0.2630503685034564,0.245567600583369,134983.4201388888,1860.5902777777683,136844.01041666657,1536,56,598.8809523809524,34,8,20,30.334469393210384,0.6743259803921569,40.20833333333333,1039.1666666666658,30.563725490196052,0
1545,4,0,0,42,0.0,0.0,1.0,42,900,600,300,0.6666666666666666,12,6,6,383.00713728801315,0.7788424312814557,0.2661301754500749,0.24852781107529756,135138.10232426293,1951.7715419500996,137089.87386621302,1537,57,599.8809523809524,34,8,20,30.103618044424074,0.675857843137255,40.0595238095238,1039.761904761904,30.581232492997174,0
1546,4,0,0,42,0.0,0.0,1.0,42,1200,800,400,0.6666666666666666,16,8,8,382.21452028225707,0.7777535811072397,0.26141423720684354,0.24865288635190427,135230.9541524941,1937.4468537414655,137168.40100623557,1538,58,600.8809523809524,34,8,20,30.03152302468429,0.6767769607843139,39.97023809523808,1040.1190476190457,30.591736694677813,0
1547,4,0,0,42,0.0,0.0,1.0,42,1500,1000,500,0.6666666666666666,20,10,10,377.67900059016466,0.776180797522261,0.2568320333804599,0.24701580016780714,135422.77688025107,1829.2678058556016,137252.04468610667,1539,59,601.8809523809524,35,7,22,29.958138737536583,0.6764880952380954,39.78587962962962,1040.8564814814804,29.738756613756582,0
1548,4,0,0,42,0.0,0.0,1.0,42,1400,1100,300,0.7857142857142857,17,11,6,376.82178117898303,0.7755032907471932,0.2562897941521911,0.24669550603530585,135457.78041555066,1808.6884181478674,137266.46883369854,1540,60,602.8809523809524,36,6,22,29.94555026683974,0.6747685185185186,39.75225225225225,1040.9909909909907,28.916416416416407,0
1549,4,0,0,42,0.0,0.0,1.0,42,900,700,200,0.7777777777777778,11,7,4,360.52883662733603,0.7755032907471932,0.19294004712453106,0.22372467989346076,133504.84206012153,1232.6735514645177,134737.51561158604,1541,61,603.8809523809524,32,10,21,32.320301364284276,0.6643880208333333,41.63510101010102,1033.459595959597,32.295612373737406,5
1550,4,0,0,42,0.0,0.0,1.0,42,1350,1000,350,0.7407407407407407,17,10,7,359.05609825000414,0.7736885404568331,0.1940245157015572,0.22438952043953336,133765.944243572,1205.8956037649086,134971.83984733693,1542,62,604.8809523809524,32,10,20,32.096759428780665,0.6669921875,41.38257575757575,1034.4696969696963,32.32717803030301,0
1551,4,0,0,42,0.0,0.0,1.0,42,1150,600,550,0.5217391304347826,17,6,11,360.48927970715533,0.7728174603174603,0.19610167718539717,0.22548466854354401,133798.59995153538,1246.5921844709494,135045.1921360063,1543,63,605.8809523809524,32,10,20,32.02699129444308,0.6673177083333335,41.35101010101009,1034.5959595959582,32.331123737373694,0
1552,4,0,0,42,0.0,0.0,1.0,42,600,400,200,0.6666666666666666,8,4,4,359.69693386091365,0.7720915602013163,0.19658929417337778,0.22531757489032303,133852.39451172634,1229.259179161872,135081.6536908882,1544,64,606.8809523809524,33,9,20,31.99362466445603,0.6654040404040404,41.29901960784314,1034.803921568628,31.35769459298873,0
1553,4,0,0,42,0.0,0.0,1.0,42,1050,900,150,0.8571428571428571,12,9,3,360.0531330267494,0.7712446767324816,0.196232648872952,0.22592932849509118,133915.80912389472,1243.3613273740962,135159.17045126882,1545,65,607.8809523809524,33,9,20,31.92092903938747,0.6660353535353535,41.23774509803922,1035.0490196078438,31.365121806298298,0
1554,4,0,0,42,0.0,0.0,1.0,42,900,700,200,0.7777777777777778,11,7,4,361.3415762741044,0.7713898567557104,0.19970914502164483,0.2271289908008658,133979.23875432534,1282.453863898508,135261.69261822384,1546,66,608.8809523809524,33,9,20,31.82410037878789,0.6666666666666666,41.1764705882353,1035.2941176470595,31.372549019607863,0
1555,4,0,0,42,0.0,0.0,1.0,42,500,300,200,0.6,7,3,4,361.3415762741044,0.7708817266744096,0.19970914502164483,0.2271289908008658,133979.23875432534,1282.453863898508,135261.69261822384,1547,67,609.8809523809524,33,9,20,31.82410037878789,0.6666666666666666,41.1764705882353,1035.2941176470595,31.372549019607863,0
1556,4,1,1,42,0.023255813953488372,0.023255813953488372,0.9767441860465116,43,1100,700,400,0.6363636363636364,15,7,8,354.41151193254166,0.7763012181616833,0.1953702095828378,0.2243747062816563,134242.1786422902,915.3946995464789,135157.5733418367,1548,0,596.6744186046511,34,9,20,31.740618418533415,0.6669730392156863,40.922619047619044,1036.3095238095234,30.47969187675069,0
1557,4,0,1,41,0.0,0.023809523809523808,0.9761904761904762,42,750,600,150,0.8,9,6,3,362.9296761185355,0.7691879597367403,0.19862488944471712,0.2291146043487661,134137.87853529878,1336.5233624086757,135474.40189770746,1549,69,611.8809523809524,33,9,20,31.62425075909934,0.6682449494949496,41.02328431372548,1035.9068627450968,31.39111705288172,0
1558,4,0,0,41,0.0,0.0,1.0,41,1250,1200,50,0.96,13,12,1,362.17111980841173,0.7686483739837399,0.1917036746473153,0.22928724348597992,134242.1786422903,1523.728032879827,135765.90667517012,1550,70,608.2682926829268,34,7,20,31.539584529963637,0.6669730392156863,40.92261904761905,1036.309523809524,30.479691876750707,0
1559,4,0,0,41,0.0,0.0,1.0,41,1050,700,350,0.6666666666666666,14,7,7,360.6866340426362,0.769359756097561,0.19059465577426282,0.2285398716139148,134273.0229591836,1486.0969387755028,135759.1198979591,1551,71,609.2682926829268,34,7,20,31.547208821502412,0.6672794117647058,40.89285714285714,1036.4285714285709,30.483193277310907,0
1560,4,0,0,41,0.0,0.0,1.0,41,1050,700,350,0.6666666666666666,14,7,7,360.47353095864855,0.7691565040650407,0.18596510879000916,0.22917696749268812,134396.43565759627,1489.2715419501033,135885.70719954636,1552,72,610.2682926829268,34,7,20,31.42939150401837,0.6685049019607843,40.77380952380952,1036.904761904761,30.497198879551796,0
1561,4,0,0,41,0.0,0.0,1.0,41,1250,900,350,0.72,16,9,7,359.341758430789,0.7692073170731707,0.19217675647830856,0.22884396194802892,134458.16326530618,1463.2865646258538,135921.44982993204,1553,73,611.2682926829268,34,7,20,31.397067263544518,0.6691176470588236,40.714285714285715,1037.1428571428576,30.50420168067228,0
1562,4,0,0,41,0.0,0.0,1.0,41,1050,900,150,0.8571428571428571,12,9,3,361.7683585748619,0.7691056910569106,0.19257517876383634,0.23097518278241172,134550.78124999997,1535.2749433106585,136086.05619331062,1554,74,612.2682926829268,33,8,20,31.241633199464548,0.6723484848484849,40.625,1037.4999999999998,31.439393939393934,0
1563,4,0,0,41,0.0,0.0,1.0,41,1050,600,450,0.5714285714285714,15,6,9,357.9802634750957,0.7685467479674797,0.18005878717197898,0.2297237584817007,134736.11288265316,1446.5738378684925,136182.68672052165,1555,75,613.2682926829268,34,7,20,31.154922982838375,0.671875,40.44642857142858,1038.2142857142865,30.535714285714306,0
1564,4,0,0,41,0.0,0.0,1.0,41,850,500,350,0.5882352941176471,12,5,7,357.3167683940132,0.7673780487804878,0.17914888619191127,0.22949314093759826,134767.01388888888,1430.9027777777728,136197.91666666666,1556,76,614.2682926829268,34,7,20,31.141318887105395,0.6721813725490196,40.416666666666664,1038.3333333333333,30.539215686274506,0
1565,4,0,0,41,0.0,0.0,1.0,41,1050,600,450,0.5714285714285714,15,6,9,356.1799893663344,0.7657520325203252,0.1796201986773478,0.22954406109384318,134890.65334467127,1409.0702947845875,136299.72363945586,1557,77,615.2682926829268,34,7,18,31.047539919015964,0.673406862745098,40.29761904761905,1038.8095238095243,30.55322128851542,0
1566,4,0,0,41,0.0,0.0,1.0,41,1000,700,300,0.7,13,7,6,355.63138219778796,0.764989837398374,0.17982670604572926,0.2297784111920423,134983.42013888893,1400.8680555555623,136384.2881944445,1558,78,616.2682926829268,34,7,19,30.96932638331997,0.6743259803921569,40.208333333333336,1039.166666666667,30.563725490196088,0
1567,4,0,0,41,0.0,0.0,1.0,41,1000,700,300,0.7,13,7,6,355.83960089628727,0.7646341463414634,0.18186134454955005,0.23070135372140138,135107.1588010204,1415.2954931972818,136522.4542942177,1559,79,617.2682926829268,34,7,19,30.840633230275973,0.6755514705882353,40.089285714285715,1039.642857142857,30.577731092436974,0
1568,4,0,0,41,0.0,0.0,1.0,41,850,600,250,0.7058823529411765,11,6,5,355.065042484831,0.7642276422764228,0.18075700793646332,0.23039658848904257,135138.10232426296,1396.563208616768,136534.66553287974,1560,80,618.2682926829268,34,7,19,30.82994618731394,0.6758578431372548,40.0595238095238,1039.7619047619041,30.58123249299718,0
1569,4,0,0,41,0.0,0.0,1.0,41,950,700,250,0.7368421052631579,12,7,5,351.5625,0.7638211382113821,0.18284865540963113,0.228515625,135200.0,1306.2500000000007,136506.25,1561,81,619.2682926829268,34,7,19,30.859375000000007,0.6764705882352942,40.0,1040.0,30.58823529411765,0
1570,4,0,0,41,0.0,0.0,1.0,41,750,200,550,0.26666666666666666,13,2,11,356.1712649879036,0.7638211382113821,0.16685397691866055,0.22721445182110872,134520.7626698601,1382.4860414523152,135903.24871131242,1562,82,620.2682926829268,35,6,21,31.41677358771246,0.6675595238095239,40.653935185185176,1037.384259259258,29.639550264550227,4
1571,4,0,0,41,0.0,0.0,1.0,41,1200,900,300,0.75,15,9,6,355.19190023540403,0.7634146341463415,0.16679482416503255,0.2273711415792618,134646.15660142718,1365.0515424904654,136011.20814391764,1563,83,621.2682926829268,33,8,23,31.317033691502335,0.6732954545454546,40.53308823529411,1037.8676470588223,31.450534759358252,0
1572,4,0,0,41,0.0,0.0,1.0,41,1150,900,250,0.782608695652174,14,9,5,355.53301690226743,0.761280487804878,0.1622024623409224,0.2283875096446483,134773.3763005814,1383.2770148500515,136156.65331543147,1564,84,622.2682926829268,33,8,24,31.181276800818278,0.6745580808080809,40.41053921568627,1038.3578431372543,31.465389185977404,0
1573,4,0,0,41,0.0,0.0,1.0,41,850,500,350,0.5882352941176471,12,5,7,355.6447994709407,0.7591971544715447,0.16225627743003068,0.22886026389644842,134837.00867755205,1390.8161824779133,136227.82486002997,1565,85,623.2682926829268,33,8,20,31.11492133726647,0.6751893939393938,40.34926470588236,1038.6029411764719,31.472816399287026,0
1574,4,0,0,41,0.0,0.0,1.0,41,750,400,350,0.5333333333333333,11,4,7,355.07399443155253,0.7582317073170731,0.16133181032175958,0.2288944677411614,134900.65607278454,1379.9429606401416,136280.5990334247,1566,86,624.2682926829268,33,8,20,31.066292123785924,0.6758207070707071,40.28799019607843,1038.8480392156866,31.480243612596563,0
1575,4,0,0,41,0.0,0.0,1.0,41,300,100,200,0.3333333333333333,5,1,4,355.10791589458063,0.7569105691056911,0.16705835651350975,0.22931911796421567,134964.3184862794,1385.3795715590309,136349.69805783842,1567,87,625.2682926829268,33,8,20,31.001960726500773,0.6764520202020201,40.22671568627452,1039.0931372549028,31.487670825906147,0
1576,4,0,0,41,0.0,0.0,1.0,41,500,300,200,0.6,7,3,4,340.7070122166517,0.75625,0.14173396187743426,0.2107283495518788,133382.5382185568,888.8732156635494,134271.41143422032,1568,88,626.2682926829268,35,6,18,32.95483193277312,0.6562500000000002,41.75347222222221,1032.9861111111088,29.513888888888822,4
1577,4,0,0,41,0.0,0.0,1.0,41,1000,700,300,0.7,13,7,6,342.0915712799168,0.7557418699186992,0.1435877261998426,0.21209677419354825,133472.22222222207,931.9444444444255,134404.1666666665,1569,89,627.2682926829268,35,6,18,32.82930107526881,0.6571428571428573,41.66666666666666,1033.3333333333321,29.52380952380949,0
1578,4,0,0,41,0.0,0.0,1.0,41,1200,900,300,0.75,15,9,6,341.99202707633964,0.7558943089430894,0.1433807663944502,0.21237752446395766,133532.0283028977,933.3778077846255,134465.40611068232,1570,90,628.2682926829268,35,6,19,32.77202314296379,0.6577380952380952,41.60879629629629,1033.564814814814,29.53042328042326,0
1579,4,0,0,41,0.0,0.0,1.0,41,750,400,350,0.5333333333333333,11,4,7,341.99202707633964,0.7564024390243902,0.1433807663944502,0.21237752446395766,133532.0283028977,933.3778077846255,134465.40611068232,1571,91,629.2682926829268,35,6,19,32.77202314296379,0.6577380952380952,41.60879629629629,1033.564814814814,29.53042328042326,0
1580,4,0,0,41,0.0,0.0,1.0,41,1000,700,300,0.7,13,7,6,346.9169796790204,0.7567581300813008,0.15160081519952695,0.2109937696080596,132755.59413580227,1011.0339506172618,133766.62808641954,1572,92,630.2682926829268,35,6,16,33.42318059299192,0.6500000000000001,42.3611111111111,1030.5555555555538,29.444444444444397,1
1581,4,0,0,41,0.0,0.0,1.0,41,600,100,500,0.16666666666666666,11,1,10,343.6645947724558,0.7561991869918699,0.14931528230742108,0.20951543775758122,132845.0671537422,930.8292341820882,133775.89638792427,1573,93,631.2682926829268,35,6,16,33.417185921185585,0.6508928571428572,42.27430555555555,1030.902777777777,29.454365079365054,0
1582,4,0,0,41,0.0,0.0,1.0,41,1400,1100,300,0.7857142857142857,17,11,6,343.2301981611675,0.7559451219512195,0.14929205065813433,0.20991930650749221,132964.41139671204,927.4802544152842,133891.8916511273,1574,94,632.2682926829268,35,6,18,33.308668125537736,0.6520833333333333,42.15856481481481,1031.36574074074,29.46759259259257,0
1583,4,0,0,41,0.0,0.0,1.0,41,900,500,400,0.5555555555555556,13,5,8,343.50634490360966,0.7566565040650407,0.14642904059202166,0.2102560814410005,132994.25582990394,936.8741426611721,133931.1299725651,1575,95,633.2682926829268,35,6,18,33.271618791143034,0.6523809523809524,42.129629629629626,1031.481481481481,29.470899470899457,0
1584,4,1,0,42,0.023809523809523808,0.0,1.0,42,1350,1000,350,0.7407407407407407,17,10,7,336.3411598978147,0.7650503290747194,0.14717552415229385,0.20739153295918392,133268.6587558843,564.7470527960403,133833.40580868034,1576,0,619.1666666666666,36,6,19,33.18155378630893,0.6530671296296295,41.86373873873874,1032.5450450450453,28.681806806806815,0
1585,4,0,0,42,0.0,0.0,1.0,42,1500,1300,200,0.8666666666666667,17,13,4,339.3084855710815,0.7636953155245838,0.15046345432675312,0.21005023331476552,133415.57618690372,653.8074215143183,134069.38360841805,1577,1,620.1666666666666,37,5,19,32.95788226137409,0.6525900900900901,41.72149122807018,1033.11403508772,27.922000948316754,0
1586,4,0,0,42,0.0,0.0,1.0,42,1150,800,350,0.6956521739130435,15,8,7,337.3950508451771,0.763187185443283,0.15186776464971974,0.2093491806359831,133501.3153990139,608.5486423197966,134109.8640413337,1578,2,621.1666666666666,36,6,19,32.92152482655914,0.6553819444444444,41.638513513513516,1033.4459459459463,28.706831831831842,0
1587,4,0,0,42,0.0,0.0,1.0,42,1000,900,100,0.9,11,9,2,335.60976072830476,0.7630178087495161,0.15278555866791166,0.2087328999651652,133588.61395178968,566.7285528772061,134155.34250466689,1579,3,622.1666666666666,36,6,20,32.88035584604211,0.65625,41.554054054054056,1033.7837837837842,28.716216216216228,0
1588,4,0,0,42,0.0,0.0,1.0,42,900,500,400,0.5555555555555556,13,5,8,334.07030535440225,0.7623644986449865,0.15159222787448878,0.2082666404663596,133675.94103816658,531.4324882314789,134207.37352639806,1580,4,623.1666666666666,36,6,20,32.83286144687648,0.6571180555555556,41.4695945945946,1034.121621621622,28.725600600600607,0
1589,4,0,0,42,0.0,0.0,1.0,42,950,600,350,0.631578947368421,13,6,7,333.7496277075901,0.7610336817653891,0.15001607000300687,0.20855946123278413,133763.2966581448,528.6900921191647,134291.98675026395,1581,5,624.1666666666666,36,6,15,32.7538736483054,0.657986111111111,41.385135135135144,1034.4594594594607,28.73498498498502,0
1590,4,0,0,42,0.0,0.0,1.0,42,1650,1400,250,0.8484848484848485,19,14,5,335.73701387996675,0.7605255516840883,0.15071420799850777,0.21063200645534325,133908.9527661109,591.6383866975302,134500.59115280843,1582,6,625.1666666666666,36,6,15,32.5569850941138,0.6594328703703702,41.24436936936938,1035.022522522524,28.750625625625666,0
1591,4,0,0,42,0.0,0.0,1.0,42,1250,1000,250,0.8,15,10,5,335.553515289016,0.7605739450251645,0.14430947979931363,0.21152060864380276,134083.84471887443,598.4610877769888,134682.30580665142,1583,7,626.1666666666666,36,6,16,32.38714617085282,0.6611689814814814,41.07545045045046,1035.6981981981996,28.769394394394435,0
1592,4,0,0,42,0.0,0.0,1.0,42,300,0,300,0.0,6,0,6,335.553515289016,0.7605739450251645,0.14430947979931363,0.21152060864380276,134083.84471887443,598.4610877769888,134682.30580665142,1584,8,627.1666666666666,36,6,16,32.38714617085282,0.6611689814814814,41.07545045045046,1035.6981981981996,28.769394394394435,0
1593,4,0,1,41,0.0,0.023809523809523808,0.9761904761904762,42,1150,800,350,0.6956521739130435,15,8,7,337.4432892249526,0.7593157181571816,0.14695134575569346,0.2132196607740088,134171.333495658,655.0432188945921,134826.3767145526,1585,9,628.1666666666666,36,6,16,32.25090579710143,0.662037037037037,40.990990990991,1036.0360360360376,28.778778778778822,0
1594,4,0,0,41,0.0,0.0,1.0,41,950,600,350,0.631578947368421,13,6,7,345.19332873994097,0.7497459349593496,0.14887615185236713,0.21769803374867736,134100.85419077933,1058.1440489969154,135158.99823977624,1586,106,644.2682926829268,35,6,17,32.12055816292323,0.6633928571428571,41.05902777777778,1035.763888888889,29.59325396825397,0
1595,4,0,0,41,0.0,0.0,1.0,41,1000,700,300,0.7,13,7,6,344.38795683135436,0.7475101626016261,0.14482694748770153,0.21807989854794557,134250.74615269218,1046.8680341221057,135297.6141868143,1587,107,645.2682926829268,35,6,18,31.99175415084506,0.6648809523809522,40.91435185185186,1036.3425925925937,29.609788359788393,0
1596,4,0,1,40,0.0,0.024390243902439025,0.975609756097561,41,700,500,200,0.7142857142857143,9,5,4,347.55183979164866,0.7454268292682927,0.15058300822990356,0.2209877170115956,134400.72183909902,1142.2436289009022,135542.96546799992,1588,108,646.2682926829268,35,6,18,31.76007831975296,0.6663690476190476,40.76967592592593,1036.921296296297,29.62632275132277,0
1597,4,0,0,40,0.0,0.0,1.0,40,1300,1000,300,0.7692307692307693,16,10,6,352.48621334303505,0.7418269230769231,0.1661606015382846,0.22428834217904883,134427.29768990935,1476.7538265306152,135904.05151643997,1589,119,660.725,34,6,18,31.605632724907203,0.6688112745098038,40.74404761904762,1037.0238095238099,30.500700280112056,0
1598,4,0,0,40,0.0,0.0,1.0,40,750,400,350,0.5333333333333333,11,4,7,351.12336897791977,0.7405448717948718,0.16516064257028118,0.22417876634744105,134550.78125,1448.7847222222215,135999.56597222222,1590,120,661.725,34,6,19,31.517737617135193,0.6700367647058822,40.625,1037.5,30.514705882352942,0
1599,4,0,0,40,0.0,0.0,1.0,40,1300,900,400,0.6923076923076923,17,9,8,349.2653215812266,0.7383012820512821,0.1577447833065806,0.2243219539640251,134767.01388888902,1413.8888888888994,136180.90277777793,1591,121,662.725,34,6,19,31.350321027287304,0.6721813725490196,40.41666666666667,1038.3333333333344,30.53921568627454,0
1600,4,0,0,40,0.0,0.0,1.0,40,950,600,350,0.631578947368421,13,6,7,351.4555387584114,0.7387286324786325,0.1627636405318662,0.22611343068793371,134828.82653061222,1477.2675736961394,136306.09410430837,1592,122,663.725,34,6,16,31.23185083295124,0.6727941176470589,40.357142857142854,1038.5714285714282,30.54621848739495,0
1601,4,0,0,40,0.0,0.0,1.0,40,900,400,500,0.4444444444444444,14,4,10,349.51969646418036,0.7399305555555555,0.16199164345403916,0.22519305640818502,134881.2066642018,1428.7276823988323,136309.93434660064,1593,123,664.725,35,5,16,31.22992107706593,0.6711309523809523,40.30671296296296,1038.7731481481478,29.679232804232793,0
1602,4,0,0,40,0.0,0.0,1.0,40,1000,400,600,0.4,16,4,12,350.4837638558671,0.7383279914529914,0.15966636961122838,0.22618927017499066,134941.32754897556,1458.9488758144782,136400.27642479003,1594,124,665.725,35,5,16,31.14498626118598,0.6717261904761904,40.248842592592595,1039.0046296296302,29.685846560846578,0
1603,4,0,0,40,0.0,0.0,1.0,40,1000,700,300,0.7,13,7,6,375.5811121535512,0.7389423076923077,0.16256528503167056,0.2468849107574733,135603.54141214432,2187.797389403308,137791.33880154762,1595,125,666.725,35,5,17,29.832597140423022,0.6782738095238094,39.612268518518526,1041.5509259259268,29.758597883597908,3
1604,4,0,0,40,0.0,0.0,1.0,40,1550,1200,350,0.7741935483870968,19,12,7,372.8393029621437,0.7394764957264958,0.16600205667276047,0.2457145767714367,135695.69160997725,2118.540763945743,137814.232373923,1596,126,667.725,34,6,17,29.812233394271782,0.6813725490196079,39.52380952380952,1041.9047619047612,30.644257703081212,0
1605,4,0,0,40,0.0,0.0,1.0,40,850,400,450,0.47058823529411764,13,4,9,335.51065995213213,0.7387019230769231,0.14460582039309355,0.21352575449199626,134433.9710276155,1020.8060678922233,135454.77709550774,1597,127,668.725,36,4,18,32.03908314330184,0.6646412037037037,40.737612612612615,1037.04954954955,28.806931931931942,7
1606,4,0,0,40,0.0,0.0,1.0,40,1900,1700,200,0.8947368421052632,21,17,4,341.6195132320122,0.7414797008547008,0.13800000000000057,0.2162995612500336,134246.132843889,1172.2197110818647,135418.35255497086,1598,128,669.725,38,2,17,32.068084192439855,0.6589912280701755,40.91880341880341,1036.3247863247843,27.271704903283798,2
1607,4,2,1,41,0.047619047619047616,0.023809523809523808,0.9761904761904762,42,950,700,250,0.7368421052631579,12,7,5,324.3418887266671,0.7609126984126984,0.13633690586453828,0.2080283916011237,134717.09863987507,339.57020691796544,135056.66884679304,1599,0,638.7857142857143,38,4,19,32.046928064217354,0.6636513157894737,40.46474358974359,1038.1410256410256,27.319500674763834,0
1608,4,0,0,41,0.0,0.0,1.0,41,800,600,200,0.75,10,6,4,331.0287189277368,0.7482215447154471,0.13883835859275573,0.21201068020094435,134664.56626077258,715.5677708525767,135380.13403162517,1600,1,655.3658536585366,37,4,20,31.925663779139384,0.6649774774774775,40.515350877192986,1037.9385964912283,28.052394499762926,0
1609,4,0,0,41,0.0,0.0,1.0,41,1050,700,350,0.6666666666666666,14,7,7,330.63391940683607,0.7451219512195122,0.1395479396669168,0.21258885612370293,134806.86515322022,714.3444377116067,135521.20959093183,1601,2,656.3658536585366,37,4,13,31.79431510224193,0.6663851351351351,40.37828947368421,1038.4868421052631,28.067211948790895,0
1610,4,0,0,41,0.0,0.0,1.0,41,750,500,250,0.6666666666666666,10,5,5,327.9746590458157,0.7436991869918699,0.13068537228907906,0.21154253876508533,134920.75837036403,650.1179449446096,135570.87631530865,1602,3,657.3658536585366,37,4,13,31.750109938434488,0.6675112612612611,40.2686403508772,1038.9254385964919,28.079065908013295,0
1611,4,0,1,40,0.0,0.024390243902439025,0.975609756097561,41,850,600,250,0.7058823529411765,11,6,5,329.58901592880363,0.7420731707317073,0.1314263068775443,0.21308626827920893,135006.2098434135,699.312769313653,135705.52261272716,1603,4,658.3658536585366,37,4,14,31.62323274952523,0.6683558558558558,40.18640350877194,1039.2543859649134,28.08795637743009,0
1612,4,0,0,40,0.0,0.0,1.0,40,1150,800,350,0.6956521739130435,15,8,7,333.0831990930275,0.7336004273504273,0.10226431582193918,0.2152757659520183,134994.52257515147,994.3362624194785,135988.85883757094,1604,134,675.725,38,2,14,31.544069771426603,0.6663925438596492,40.19764957264957,1039.2094017094007,27.347615834457912,6
1613,4,0,0,40,0.0,0.0,1.0,40,1000,600,400,0.6,14,6,8,330.93884311138686,0.7325587606837607,0.10586330935251853,0.21438315202888097,135077.80540032132,940.4985298414693,136018.3039301628,1605,135,676.725,38,2,14,31.517000685166153,0.6672149122807018,40.11752136752136,1039.5299145299136,27.35605038236615,0
1614,4,0,0,40,0.0,0.0,1.0,40,1550,1100,450,0.7096774193548387,20,11,9,309.1696135201118,0.732852564102564,0.05853846153846143,0.19183170555806822,133500.54974848044,274.72921839768594,133775.27896687813,1606,136,677.725,37,3,20,33.65152519893897,0.6534346846846846,41.63925438596492,1033.4429824561414,27.93089141773355,7
1615,4,0,0,40,0.0,0.0,1.0,40,1300,900,400,0.6923076923076923,17,9,8,312.6659300912972,0.7329861111111111,0.061037755859582266,0.19459584520335574,133613.88991083787,355.3022324176577,133969.19214325552,1607,137,678.725,37,3,20,33.448116626011945,0.6545608108108107,41.52960526315789,1033.8815789473679,27.942745376955887,0
1616,4,0,0,40,0.0,0.0,1.0,40,650,400,250,0.6153846153846154,9,4,5,313.38510634826855,0.7330395299145299,0.061178560067861154,0.1953426925294461,133670.57802641185,378.07366208831536,134048.65168850016,1608,138,679.725,37,3,20,33.37298536740534,0.6551238738738739,41.474780701754376,1034.1008771929814,27.948672356567066,0
1617,4,0,0,40,0.0,0.0,1.0,40,750,700,50,0.9333333333333333,8,7,1,313.4194573884911,0.7329861111111111,0.057693734760945414,0.19566417879190173,133727.27816491603,382.5461920975536,134109.8243570136,1609,139,680.725,37,3,18,33.31555443655252,0.6556869369369369,41.41995614035087,1034.3201754385957,27.954599336178262,0
1618,4,0,0,40,0.0,0.0,1.0,40,900,600,300,0.6666666666666666,12,6,6,315.3286072424044,0.7324519230769231,0.058781922221044614,0.1974622472824533,133840.71451071484,440.76121979839263,134281.47573051322,1610,140,681.725,37,3,18,33.15308095793152,0.6568130630630631,41.310307017543856,1034.7587719298244,27.96645329540066,0
1619,4,0,0,40,0.0,0.0,1.0,40,1100,700,400,0.6363636363636364,15,7,8,317.31452887101443,0.7332799145299145,0.06382415254237328,0.1991655021637214,133925.82333025517,499.32190674050594,134425.14523699568,1611,141,682.725,37,3,18,33.01686087570622,0.6576576576576578,41.22807017543858,1035.0877192982432,27.975343764817385,0
1620,4,0,0,40,0.0,0.0,1.0,40,1250,1000,250,0.8,15,10,5,314.76299983441953,0.7334134615384615,0.0649089368911484,0.19817478469575023,134039.3438365649,438.12519236686046,134477.46902893175,1612,142,683.725,37,3,18,32.9697868134971,0.6587837837837839,41.11842105263157,1035.526315789472,27.98719772403978,0
1621,4,0,0,40,0.0,0.0,1.0,40,700,300,400,0.42857142857142855,11,3,8,316.1875504023924,0.7340010683760684,0.066054414567013,0.19937967964626135,134096.12212411492,479.9048745767758,134576.0269986917,1613,143,684.725,37,3,18,32.87634977768368,0.659346846846847,41.06359649122806,1035.7456140350862,27.993124703650977,0
1622,4,0,0,40,0.0,0.0,1.0,40,1200,1000,200,0.8333333333333334,14,10,4,310.8350336587124,0.7338675213675213,0.08385673959068418,0.19257793247100385,133445.31385633693,295.89572482639517,133741.20958116333,1614,144,685.725,39,1,17,33.663612763383384,0.6493055555555556,41.692708333333336,1033.2291666666677,26.493055555555582,3
1623,4,1,1,40,0.024390243902439025,0.024390243902439025,0.975609756097561,41,1050,700,350,0.6666666666666666,14,7,7,306.0163718661549,0.743140243902439,0.07924372555570791,0.19083734547030068,133687.58680555565,-17.879231770826493,133669.70757378484,1615,0,669.9756097560976,39,2,17,33.5465350523771,0.6517094017094017,41.458333333333336,1034.1666666666674,26.517094017094035,0
1624,4,0,0,40,0.0,0.0,1.0,40,800,400,400,0.5,12,4,8,314.89819314098554,0.7327991452991452,0.08575229926630135,0.19596590450323573,133610.2564673277,414.7256693330293,134024.98213666075,1616,146,687.725,38,2,17,33.394044297475105,0.652686403508772,41.53311965811965,1033.8675213675208,27.20704003598739,0
1625,4,0,0,40,0.0,0.0,1.0,40,1000,700,300,0.7,13,7,6,315.6708152407356,0.7309027777777778,0.09183362594237376,0.1973299227873492,133775.99172921665,445.8352737599303,134221.82700297658,1617,147,688.725,38,2,14,33.20875933767085,0.6543311403508772,41.372863247863236,1034.508547008545,27.22390913180382,0
1626,4,0,0,40,0.0,0.0,1.0,40,850,500,350,0.5882352941176471,12,5,7,326.5676158421775,0.7299946581196581,0.024758824819119063,0.1941949016761632,131905.89871966562,660.1113376656972,132566.01005733132,1618,148,689.725,36,4,17,34.800253964773816,0.6394675925925926,43.18693693693694,1027.2522522522524,28.53478478478479,8
1627,4,1,1,40,0.024390243902439025,0.024390243902439025,0.975609756097561,41,1200,900,300,0.75,15,9,6,304.26315610975604,0.7378048780487805,0.03294306237571498,0.18105164041778543,131931.11257213814,-171.64465994595002,131759.4679121922,1619,0,673.8780487804878,38,3,18,35.347771075984475,0.6359649122807018,43.16239316239316,1027.3504273504268,27.035537561853335,5
1628,4,0,0,40,0.0,0.0,1.0,40,1250,1000,250,0.8,15,10,5,309.07823442463854,0.7398771367521367,0.02725114691134123,0.1844042196856867,132031.50398439908,161.61282798554234,132193.11681238463,1620,1,671.2,37,3,18,35.12338187702266,0.638795045045045,43.064692982456144,1027.7412280701758,27.776789947842587,0
1629,4,0,0,40,0.0,0.0,1.0,40,1250,900,350,0.72,16,9,7,312.16978648157664,0.7398504273504274,0.026524845382810636,0.1869430560424153,132172.4052112188,252.04630270851507,132424.4515139273,1621,2,672.2,37,3,19,34.90260894291603,0.6402027027027027,42.92763157894736,1028.2894736842102,27.791607396870546,0
1630,4,0,0,40,0.0,0.0,1.0,40,650,500,150,0.7692307692307693,8,5,3,311.17607212187653,0.739423076923077,0.029840085287847096,0.18662605859994866,132228.78674207424,229.2868959679696,132458.0736380422,1622,3,673.2,37,3,20,34.87162402274343,0.6407657657657658,42.87280701754385,1028.5087719298226,27.797534376481693,0
1631,4,0,0,40,0.0,0.0,1.0,40,850,400,450,0.47058823529411764,13,4,9,310.1126343979432,0.7380074786324786,0.03248161568794661,0.18640530740268396,132313.38158135168,206.41026565863504,132519.79184701032,1623,4,674.2,37,3,20,34.81418078794983,0.6416103603603605,42.79057017543858,1028.8377192982434,27.80642484589847,0
1632,4,0,0,40,0.0,0.0,1.0,40,900,400,500,0.4444444444444444,14,4,10,311.9832398983973,0.7384882478632478,0.035186467767714724,0.1878103083031721,132369.79316953273,259.4313875422955,132629.224557075,1624,5,675.2,37,3,20,34.70953205469722,0.6421734234234235,42.735745614035075,1029.057017543858,27.812351825509673,0
1633,4,0,0,40,0.0,0.0,1.0,40,600,300,300,0.5,9,3,6,313.22243657574245,0.736698717948718,0.041741214057508635,0.1892637502861144,132510.87474030454,301.07581178822704,132811.95055209278,1625,6,676.2,37,3,21,34.53629747958823,0.6435810810810811,42.59868421052631,1029.6052631578934,27.82716927453766,0
1634,4,0,0,40,0.0,0.0,1.0,40,1000,800,200,0.8,12,8,4,314.185847242991,0.7363782051282052,0.043971574576813,0.19027386609628688,132595.55975155794,331.92965624035736,132927.4894077983,1626,7,677.2,37,3,21,34.42667855495228,0.6444256756756758,42.51644736842104,1029.934210526314,27.836059743954433,0
1635,4,0,0,40,0.0,0.0,1.0,40,1150,700,450,0.6086956521739131,16,7,9,317.50496577468994,0.7332532051282051,0.05206670922438583,0.19315399180040826,132765.01092884337,430.71005020774345,133195.7209790511,1627,8,678.2,37,3,16,34.17152090647941,0.6461148648648649,42.35197368421052,1030.592105263157,27.85384068278803,0
1636,4,0,0,40,0.0,0.0,1.0,40,950,600,350,0.631578947368421,13,6,7,316.66455409687654,0.7324252136752136,0.04876595744680845,0.19278800573255403,132793.26331178803,410.183902739279,133203.44721452732,1628,9,679.2,37,3,16,34.16489361702128,0.6463963963963965,42.32456140350876,1030.7017543859633,27.856804172593606,0
1637,4,0,0,40,0.0,0.0,1.0,40,1250,800,450,0.64,17,8,9,314.5244763126941,0.734508547008547,0.05254147171416368,0.19206416722367364,132906.30290089248,360.4570637118944,133266.75996460437,1629,10,680.2,37,3,17,34.10694030908832,0.6475225225225225,42.214912280701746,1031.140350877192,27.868658131816,0
1638,4,0,0,40,0.0,0.0,1.0,40,1050,800,250,0.7619047619047619,13,8,5,314.5244763126941,0.734508547008547,0.05254147171416368,0.19206416722367364,132906.30290089248,360.4570637118944,133266.75996460437,1630,11,681.2,37,3,17,34.10694030908832,0.6475225225225225,42.214912280701746,1031.140350877192,27.868658131816,0
1639,4,0,0,40,0.0,0.0,1.0,40,500,200,300,0.4,8,2,6,313.7292897449337,0.7352564102564103,0.044934084626834014,0.19186851101045801,132962.84072983987,342.8675169282725,133305.70824676813,1631,12,682.2,37,3,18,34.07089446452617,0.6480855855855856,42.16008771929824,1031.3596491228063,27.874585111427198,0
1640,4,0,0,40,0.0,0.0,1.0,40,1250,1000,250,0.8,15,10,5,314.5309463070942,0.7350961538461539,0.043590561224489566,0.19265020461309518,133019.3905817174,367.74295937210513,133387.1335410895,1632,13,683.2,37,3,18,33.99367559523808,0.6486486486486487,42.10526315789473,1031.5789473684206,27.880512091038394,0
1641,4,0,0,40,0.0,0.0,1.0,40,1050,800,250,0.7619047619047619,13,8,5,313.77038807107107,0.7347756410256411,0.029536279613301186,0.19291447830914388,133160.81781173055,356.3842961295795,133517.20210786012,1633,14,684.2,37,3,18,33.8719280073657,0.6500563063063063,41.968201754385966,1032.1271929824563,27.89532954006639,0
1642,4,0,0,40,0.0,0.0,1.0,40,800,500,300,0.625,11,5,6,321.283786783902,0.7347756410256411,0.026787994891443567,0.1950117868618568,132680.2718144045,525.6040320098616,133205.87584641436,1634,15,685.2,37,3,15,34.15903930750676,0.6452702702702702,42.434210526315795,1030.2631578947373,27.84495021337128,1
1643,4,0,0,40,0.0,0.0,1.0,40,650,600,50,0.9230769230769231,7,6,1,321.283786783902,0.7347756410256411,0.026787994891443567,0.1950117868618568,132680.2718144045,525.6040320098616,133205.87584641436,1635,16,686.2,37,3,15,34.15903930750676,0.6452702702702702,42.434210526315795,1030.2631578947373,27.84495021337128,0
1644,4,0,0,40,0.0,0.0,1.0,40,850,600,250,0.7058823529411765,11,6,5,321.93371910483785,0.7343482905982905,0.027670781017237855,0.1957007174739499,132736.76155163127,546.48786164974,133283.249413281,1636,17,687.2,37,3,15,34.085709725473514,0.6458333333333333,42.37938596491228,1030.482456140351,27.850877192982455,0
1645,4,0,0,40,0.0,0.0,1.0,40,1000,700,300,0.7,13,7,6,322.68864475889325,0.7338675213675213,0.028700552956189007,0.19704961138393715,132906.3029008926,577.470952600799,133483.7738534934,1637,18,688.2,37,3,16,33.896480221182465,0.6475225225225225,42.21491228070175,1031.140350877193,27.868658131816026,0
1646,4,1,0,41,0.024390243902439025,0.0,1.0,41,1050,500,550,0.47619047619047616,16,5,11,315.7419936368933,0.739430894308943,0.04412799895041486,0.19503372859347246,133334.2593163305,219.84497132733281,133554.10428765786,1638,0,672.390243902439,38,3,17,33.64776214613289,0.6499451754385965,41.80021367521367,1032.7991452991444,27.178924876293273,0
1647,4,1,1,41,0.023809523809523808,0.023809523809523808,0.9761904761904762,42,800,500,300,0.625,11,5,6,311.05695557134254,0.747822299651568,0.044257760979547145,0.19343104769333588,133582.64391116938,-89.56655435022898,133493.07735681915,1639,0,657.3571428571429,38,4,17,33.52086778283038,0.6524122807017545,41.55982905982905,1033.7606837606822,27.204228520017953,0
1648,4,0,0,41,0.0,0.0,1.0,41,1550,1100,450,0.7096774193548387,20,11,9,316.05322859319256,0.7402439024390244,0.03700519172047945,0.1960989660155194,133499.823364106,238.6100381693111,133738.43340227532,1640,2,674.390243902439,38,3,17,33.47440470036871,0.6515899122807018,41.63995726495725,1033.4401709401693,27.19579397210972,0
1649,4,0,0,41,0.0,0.0,1.0,41,800,600,200,0.75,10,6,4,314.6801273961902,0.7401422764227642,0.03764794857250875,0.19553822945138966,133555.03420857977,205.42303583167393,133760.45724441146,1641,3,675.390243902439,38,3,17,33.45478036175708,0.652138157894737,41.58653846153845,1033.6538461538453,27.20141700404856,0
1650,4,0,0,41,0.0,0.0,1.0,41,750,400,350,0.5333333333333333,11,4,7,318.0797372864385,0.7407012195121951,0.04008588752967479,0.19809367422510615,133637.87187705445,301.49983563443595,133939.37171268888,1642,4,676.390243902439,38,3,17,33.284252944823294,0.6529605263157896,41.50641025641025,1033.9743589743582,27.209851551956795,0
1651,4,0,0,41,0.0,0.0,1.0,41,1400,1000,400,0.7142857142857143,18,10,8,317.61747744297753,0.740650406504065,0.047485787261054124,0.1985468065900804,133775.99172921662,297.9186070932639,134073.9103363099,1643,5,677.390243902439,38,3,16,33.158413370511916,0.6543311403508772,41.372863247863236,1034.5085470085448,27.22390913180381,0
1652,4,0,0,41,0.0,0.0,1.0,41,1250,900,350,0.72,16,9,7,315.6169593499354,0.7400914634146342,0.04677608617919771,0.19774035370397616,133858.8978833368,249.6276663744394,134108.52554971122,1644,6,678.390243902439,38,3,16,33.12749500998004,0.65515350877193,41.29273504273503,1034.8290598290582,27.23234367971206,0
1653,4,0,0,41,0.0,0.0,1.0,41,700,500,200,0.7142857142857143,9,5,4,319.6756240858738,0.7392784552845528,0.05279225633036444,0.20103676009190122,133997.1318782414,367.12335177877156,134364.25523002018,1645,7,679.390243902439,38,3,16,32.88467822378151,0.6565241228070177,41.15918803418802,1035.3632478632458,27.2464012595591,0
1654,4,0,0,41,0.0,0.0,1.0,41,1250,1000,250,0.8,15,10,5,319.48925800329084,0.7389227642276422,0.05320958698650169,0.20107077198492784,134024.7872379279,363.8959657388812,134388.6832036668,1646,8,680.390243902439,38,3,16,32.8619394001926,0.6567982456140353,41.132478632478616,1035.4700854700827,27.24921277552849,0
1655,4,0,0,41,0.0,0.0,1.0,41,1350,1000,350,0.7407407407407407,17,10,7,319.618221843272,0.7380081300813008,0.05323429278861069,0.2013034063890079,134052.44545118322,369.1208497698651,134421.56630095307,1647,9,681.390243902439,38,3,17,32.83103786237489,0.6570723684210528,41.10576923076922,1035.5769230769213,27.25202429149793,0
1656,4,0,0,41,0.0,0.0,1.0,41,700,400,300,0.5714285714285714,10,4,6,318.7543695984837,0.7351626016260162,0.04882073158155564,0.20136554540693755,134163.1068398894,353.015308824578,134516.12214871397,1648,10,682.390243902439,38,3,17,32.74315939637689,0.658168859649123,40.99893162393161,1036.0042735042714,27.263270355375564,0
1657,4,0,0,41,0.0,0.0,1.0,41,1400,1200,200,0.8571428571428571,16,12,4,317.6251632537142,0.7361280487804878,0.0494594614984194,0.20095541150670385,134218.454655654,326.2317143326561,134544.68636998665,1649,11,683.390243902439,38,3,17,32.71729044231364,0.658717105263158,40.94551282051281,1036.2179487179474,27.268893387314403,0
1658,4,0,0,41,0.0,0.0,1.0,41,600,200,400,0.3333333333333333,10,2,8,317.10933958659484,0.7357723577235772,0.052059003220689126,0.2009325736988603,134273.81388569262,315.8960890130471,134589.70997470568,1650,12,684.390243902439,38,3,17,32.67554032230354,0.6592653508771931,40.892094017094,1036.4316239316217,27.274516419253203,0
1659,4,0,0,41,0.0,0.0,1.0,41,900,500,400,0.5555555555555556,13,5,8,317.5647984971822,0.7339430894308943,0.05507409567088262,0.2016785866895714,134356.87413251487,333.4027321206535,134690.27686463553,1651,13,685.390243902439,38,3,17,32.58106622698542,0.6600877192982457,40.8119658119658,1036.7521367521347,27.28295096716144,0
1660,4,0,0,41,0.0,0.0,1.0,41,800,400,400,0.5,12,4,8,319.224898816892,0.733739837398374,0.05041890105692737,0.20304042384775572,134412.26189823938,381.54814084300585,134793.81003908237,1652,14,686.390243902439,38,3,17,32.48291434851296,0.6606359649122808,40.758547008547005,1036.9658119658113,27.288573999100297,0
1661,4,0,0,41,0.0,0.0,1.0,41,1350,1000,350,0.7407407407407407,17,10,7,316.6468043317306,0.7339939024390244,0.05088565047768112,0.20185973888750966,134495.36494859002,317.50550168017577,134812.8704502702,1653,15,687.390243902439,38,3,18,32.46708380540393,0.6614583333333334,40.6784188034188,1037.2863247863243,27.297008547008534,0
1662,4,0,0,41,0.0,0.0,1.0,41,1000,700,300,0.7,13,7,6,318.4545996588727,0.7328252032520325,0.04915163808723633,0.20347980260445034,134579.22299409422,371.48593047151434,134950.70892456573,1654,16,688.390243902439,37,4,18,32.336798583958576,0.664132882882883,40.59758771929824,1037.609649122806,28.04350403034611,0
1663,4,0,0,41,0.0,0.0,1.0,41,900,600,300,0.6666666666666666,12,6,6,320.2689178798794,0.7318597560975609,0.04711101721770339,0.20528001662618942,134693.02002779697,427.59755405509,135120.61758185207,1655,17,689.390243902439,37,4,19,32.176573888243375,0.665259009009009,40.487938596491226,1038.0482456140348,28.05535798956851,0
1664,4,0,0,41,0.0,0.0,1.0,41,300,200,100,0.6666666666666666,4,2,2,320.2689178798794,0.7318597560975609,0.04711101721770339,0.20528001662618942,134693.02002779697,427.59755405509,135120.61758185207,1656,18,690.390243902439,37,4,19,32.176573888243375,0.665259009009009,40.487938596491226,1038.0482456140348,28.05535798956851,0
1665,4,0,0,41,0.0,0.0,1.0,41,1000,600,400,0.6,14,6,8,321.4515256916545,0.7299288617886179,0.050335777851021835,0.20684706870593433,134835.3339489074,468.6047630040082,135303.9387119114,1657,19,691.390243902439,37,4,17,32.0044165259009,0.6666666666666666,40.35087719298246,1038.5964912280706,28.070175438596504,0
1666,4,0,0,41,0.0,0.0,1.0,41,1200,600,600,0.5,18,6,12,320.05229358174165,0.7304369918699187,0.04594920157728377,0.2065950636226555,134949.2391889812,438.1627039088954,135387.4018928901,1658,20,692.390243902439,37,4,17,31.927588996763753,0.6677927927927928,40.24122807017544,1039.0350877192982,28.08202939781887,0
1667,4,0,0,41,0.0,0.0,1.0,41,600,500,100,0.8333333333333334,7,5,2,319.5203475414043,0.7296239837398374,0.04690688882197458,0.20641406500680914,134977.72301333104,425.6257935133913,135403.34880684444,1659,21,693.390243902439,37,4,17,31.91311860293341,0.6680743243243243,40.213815789473685,1039.1447368421054,28.08499288762447,0
1668,4,0,0,41,0.0,0.0,1.0,41,800,500,300,0.625,11,5,6,319.5563698524179,0.7292682926829268,0.052360431097373095,0.20685056036554691,135050.0416050294,431.2202087442279,135481.26181377363,1660,22,694.390243902439,38,3,17,31.840374139171544,0.6669407894736843,40.14423076923076,1039.4230769230755,27.353238866396726,0
1669,4,0,0,41,0.0,0.0,1.0,41,1600,1300,300,0.8125,19,13,6,318.3521351319873,0.7292682926829268,0.05572119849454982,0.2063087213387816,135091.68836805565,401.3454861111219,135493.03385416677,1661,23,695.390243902439,39,2,17,31.830327321309284,0.6655982905982906,40.10416666666667,1039.5833333333342,26.655982905982928,0
1670,4,0,0,41,0.0,0.0,1.0,41,1100,700,400,0.6363636363636364,15,7,8,317.5494338152198,0.7298272357723578,0.055644442273165895,0.20656228642638222,135227.08468967004,388.2568359374911,135615.34152560754,1662,24,696.390243902439,39,2,18,31.716846102487064,0.6669337606837608,39.97395833333333,1040.1041666666658,26.669337606837587,0
1671,4,0,0,41,0.0,0.0,1.0,41,600,400,200,0.6666666666666666,8,4,4,317.17120912438,0.728810975609756,0.05131549062561791,0.20662680140412154,135281.26220703125,381.4643012152788,135662.72650824653,1663,25,697.390243902439,39,2,18,31.67294566269484,0.6674679487179487,39.921875,1040.3125,26.674679487179485,0
1672,4,0,0,41,0.0,0.0,1.0,41,1250,1000,250,0.8,15,10,5,315.99643763062056,0.7294715447154472,0.05203707727198381,0.20648269511887057,135389.64979383687,356.5294053819504,135746.1791992188,1664,26,698.390243902439,39,2,18,31.596040603209556,0.6685363247863249,39.817708333333336,1040.7291666666672,26.68536324786326,0
1673,4,0,0,41,0.0,0.0,1.0,41,1500,1200,300,0.8,18,12,6,341.53557766429174,0.7300813008130081,-0.01853527473995431,0.21254275145063353,133610.25646732782,933.0443542288771,134543.3008215567,1665,27,699.390243902439,38,3,16,32.705556129654504,0.6526864035087719,41.53311965811966,1033.8675213675217,27.207040035987415,5
1674,4,0,0,41,0.0,0.0,1.0,41,1050,900,150,0.8571428571428571,12,9,3,340.16471101008597,0.729979674796748,-0.015438585879969269,0.21184775245531592,133637.8718770544,891.7776134122123,134529.6494904666,1666,28,700.390243902439,38,3,16,32.713370531101454,0.6529605263157896,41.50641025641025,1033.9743589743578,27.209851551956785,0
1675,4,0,0,41,0.0,0.0,1.0,41,750,500,250,0.6666666666666666,10,5,5,340.0847118103267,0.7298272357723578,-0.012145983635680757,0.21195620898983583,133665.4901403498,891.5179386733811,134557.0080790232,1667,29,701.390243902439,38,3,17,32.68782071150602,0.653234649122807,41.47970085470085,1034.0811965811959,27.212663067926208,0
1676,4,0,0,41,0.0,0.0,1.0,41,1100,600,500,0.5454545454545454,16,6,10,339.6796490683834,0.728150406504065,-0.01646838940763673,0.2123381563543674,133775.99172921668,888.1963848710407,134664.1881140877,1668,30,702.390243902439,38,3,14,32.5878257427106,0.6543311403508772,41.372863247863236,1034.5085470085453,27.223909131803822,0
1677,4,0,0,41,0.0,0.0,1.0,41,950,700,250,0.7368421052631579,12,7,5,339.2866804359343,0.7266260162601627,-0.007579458408666362,0.21256990858359998,133858.8978833368,883.3082219299945,134742.20610526679,1669,31,703.390243902439,38,3,14,32.515142129534034,0.65515350877193,41.29273504273503,1034.8290598290582,27.23234367971206,0
1678,4,0,0,41,0.0,0.0,1.0,41,650,500,150,0.7692307692307693,8,5,3,340.7616889388374,0.7275406504065041,-0.002426689557431194,0.2139753729182366,133941.82971957393,928.4488229600207,134870.27854253395,1670,32,704.390243902439,38,3,14,32.394123920597245,0.6559758771929826,41.21260683760683,1035.1495726495712,27.240778227620293,0
1679,4,0,0,41,0.0,0.0,1.0,41,1350,1000,350,0.7407407407407407,17,10,7,340.70764098743825,0.7257113821138211,0.000745638992995179,0.21497441510019555,134118.8368055554,939.0624999999809,135057.89930555536,1671,33,705.390243902439,39,2,14,32.21875838026281,0.6559829059829061,41.04166666666666,1035.833333333332,26.559829059829024,0
1680,4,0,1,40,0.0,0.024390243902439025,0.975609756097561,41,1000,600,400,0.6,14,6,8,336.3046387717484,0.7253048780487805,0.0010785635494545698,0.21313574240629893,134280.73459201373,831.8467881944248,135112.58138020817,1672,34,706.390243902439,39,2,14,32.171273031825784,0.6575854700854702,40.88541666666666,1036.458333333332,26.575854700854663,0
1681,4,0,0,40,0.0,0.0,1.0,40,750,300,450,0.4,12,3,9,339.8236709951649,0.7242521367521367,0.013446872101412044,0.21565134595592428,134329.18453000562,1129.6473217546709,135458.83185176027,1673,35,716.125,38,2,15,32.03175993678932,0.6598135964912282,40.8386752136752,1036.6452991452973,27.28013945119203,0
1682,4,0,0,40,0.0,0.0,1.0,40,750,400,350,0.5333333333333333,11,4,7,340.98068784567687,0.7242521367521367,-0.007969728601252335,0.19773577418653687,130945.12473518899,930.1343688363097,131875.2591040253,1674,36,717.125,38,2,16,35.399051844119704,0.62609649122807,44.12393162393163,1023.5042735042748,26.9343229869546,4
1683,4,0,0,40,0.0,0.0,1.0,40,1250,1100,150,0.88,14,11,3,341.17949410628165,0.7243055555555555,-0.008794074692259679,0.19869663611803262,131109.19922017682,946.3540525239297,132055.55327270075,1675,37,718.125,38,2,17,35.228240837332216,0.6277412280701754,43.96367521367522,1024.1452991452995,26.95119208277104,0
1684,4,1,0,41,0.024390243902439025,0.0,1.0,41,1400,1200,200,0.8571428571428571,16,12,4,332.59945939370306,0.7304878048780488,-0.003087240622245968,0.19566888950746514,131496.76462950124,547.5158223341301,132044.28045183537,1676,0,701.5853658536586,37,4,19,35.05719478298053,0.633445945945946,43.585526315789465,1025.657894736841,27.72048364153624,0
1685,4,0,0,41,0.0,0.0,1.0,41,850,700,150,0.8235294117647058,10,7,3,330.9932120813885,0.7304369918699187,-0.0074206885342487094,0.1952615975939592,131602.03904594926,511.87632405581087,132113.91537000507,1677,1,702.5853658536586,38,3,15,34.99236429265586,0.6326754385964912,43.48290598290598,1026.0683760683758,27.001799370220414,0
1686,4,0,1,40,0.0,0.024390243902439025,0.975609756097561,41,850,500,350,0.5882352941176471,12,5,7,333.0597904770244,0.7305894308943089,-0.007066545844977679,0.19718863380737656,131739.1030777447,575.3996137409374,132314.50269148563,1678,2,703.5853658536586,38,3,16,34.801358101779584,0.634046052631579,43.349358974358964,1026.6025641025624,27.01585695006743,0
1687,4,0,0,40,0.0,0.0,1.0,40,1150,800,350,0.6956521739130435,15,8,7,340.8113910853345,0.7216346153846154,-0.011841542899882818,0.20123998796010378,131637.3803117305,972.7037405740153,132610.0840523045,1679,41,722.125,37,3,16,34.70489635644832,0.6348536036036037,43.4484649122807,1026.206140350877,27.735301090564242,0
1688,4,0,0,40,0.0,0.0,1.0,40,550,300,250,0.5454545454545454,8,3,5,339.9855723573677,0.7224626068376069,-0.008856837606836976,0.20090056548389876,131665.51246537373,952.8749230532273,132618.38738842696,1680,42,723.125,37,3,16,34.69773860398861,0.6351351351351353,43.42105263157894,1026.3157894736823,27.738264580369794,0
1689,4,0,0,40,0.0,0.0,1.0,40,600,400,200,0.6666666666666666,8,4,4,339.9855723573677,0.7218482905982906,-0.008856837606836976,0.20090056548389876,131665.51246537373,952.8749230532273,132618.38738842696,1681,43,724.125,37,3,16,34.69773860398861,0.6351351351351353,43.42105263157894,1026.3157894736823,27.738264580369794,0
1690,4,0,0,40,0.0,0.0,1.0,40,1250,900,350,0.72,16,9,7,335.8388406204717,0.7209401709401709,-0.006785180439888405,0.19933248296903266,131834.3685076176,855.020294706056,132689.38880232364,1682,44,725.125,37,3,16,34.6341376610435,0.6368243243243243,43.25657894736842,1026.9736842105253,27.756045519203386,0
1691,4,0,0,40,0.0,0.0,1.0,40,800,500,300,0.625,11,5,6,334.21817854616756,0.7200053418803419,-0.010474919957310647,0.19895961454749597,131946.99931709742,819.8171552785338,132766.81647237594,1683,45,726.125,37,3,18,34.56243329775881,0.6379504504504505,43.1469298245614,1027.4122807017534,27.767899478425768,0
1692,4,0,1,39,0.0,0.025,0.975,40,700,300,400,0.42857142857142855,11,3,8,335.65716132306454,0.7200587606837607,-0.005324370465215722,0.20011316259031553,132003.33275623262,861.572791628184,132864.9055478608,1684,46,727.125,37,3,18,34.46880779627258,0.6385135135135136,43.09210526315789,1027.6315789473679,27.773826458036968,0
1693,4,0,0,39,0.0,0.0,1.0,39,650,400,250,0.6153846153846154,9,4,5,335.06677892671644,0.7174988753936122,0.01882420351036851,0.2003159544742631,132108.41912436092,1053.0284930200576,133161.44761738097,1685,47,741.2820512820513,36,3,18,34.37830905173989,0.6414930555555556,42.98986486486487,1028.0405405405413,28.556681681681702,0
1694,4,0,0,39,0.0,0.0,1.0,39,800,400,400,0.5,12,4,8,336.9390794939512,0.7178362573099415,0.016219752940813015,0.2017436547448703,132166.31063073225,1106.3990088061187,133272.70963953837,1686,48,742.2820512820513,36,3,18,34.271985543752045,0.6420717592592592,42.933558558558566,1028.2657657657671,28.562937937937974,0
1695,4,0,0,39,0.0,0.0,1.0,39,1150,1100,50,0.9565217391304348,12,11,1,340.8969503513624,0.7172177237966711,0.01072201455833155,0.20506262705751194,132341.58587257622,1222.96860572484,133564.55447830106,1687,49,743.2820512820513,37,2,19,33.99403239556692,0.6418918918918919,42.76315789473684,1028.947368421053,27.809388335704135,0
1696,4,1,1,39,0.025,0.025,0.975,40,1150,900,250,0.782608695652174,14,9,5,334.936543914281,0.7296207264957265,0.011467206132878882,0.2026884033790549,132567.32840874133,880.3405855648062,133447.66899430615,1688,0,725.675,37,3,19,33.92071266325951,0.6441441441441441,42.543859649122815,1029.8245614035102,27.833096254148924,0
1697,4,0,0,39,0.0,0.0,1.0,39,1200,1000,200,0.8333333333333334,14,10,4,344.09880493380587,0.7177237966711651,0.014313878909744782,0.20793756599535965,132513.92598257065,1319.5767135378915,133833.50269610854,1689,51,745.2820512820513,36,3,20,33.73847023223597,0.6455439814814814,42.595720720720735,1029.617117117119,28.60047547547553,0
1698,4,1,1,39,0.025,0.025,0.975,40,750,500,250,0.6666666666666666,10,5,5,338.60989562738786,0.7279380341880342,0.017764417961268375,0.20583802064076293,132736.7615516314,989.1961949830866,133725.9577466145,1690,0,727.625,37,3,16,33.65609704192381,0.6458333333333333,42.37938596491229,1030.482456140352,27.850877192982487,0
1699,4,2,1,40,0.04878048780487805,0.024390243902439025,0.975609756097561,41,850,600,250,0.7058823529411765,11,6,5,330.40946593024233,0.7370934959349593,0.02653452443191706,0.2025882039675143,133058.5475221894,592.7607248520736,133651.30824704145,1691,0,710.829268292683,38,3,17,33.54496738117429,0.647203947368421,42.06730769230769,1031.7307692307695,27.1508097165992,0
1700,4,0,1,39,0.0,0.025,0.975,40,1200,800,400,0.6666666666666666,16,8,8,336.57924111305766,0.7321581196581196,0.0301881777588775,0.20584293510464374,132962.84072983995,950.5064058171768,133913.34713565712,1692,1,729.6,37,3,17,33.48173151888865,0.6480855855855856,42.16008771929825,1031.359649122807,27.874585111427216,0
1701,4,0,0,39,0.0,0.0,1.0,39,850,600,250,0.7058823529411765,11,6,5,334.49147745817567,0.7312753036437247,0.048873010292927566,0.20503129064521014,133047.67001625506,1100.6623432209997,134148.33235947604,1693,2,742.6153846153846,37,2,18,33.45057480426543,0.6489301801801801,42.077850877192986,1031.6885964912285,27.883475580844014,0
1702,4,2,1,40,0.04878048780487805,0.024390243902439025,0.975609756097561,41,1400,1200,200,0.8571428571428571,16,12,4,319.7196720062398,0.7502540650406504,0.050785973397823536,0.19880313439786493,133579.88281249997,341.6232638888887,133921.50607638885,1694,0,707.3414634146342,39,2,19,33.299744726588735,0.6506410256410255,41.5625,1033.7499999999998,26.506410256410252,0
1703,4,0,0,40,0.0,0.0,1.0,40,900,600,300,0.6666666666666666,12,6,6,326.78201931795786,0.7411324786324787,0.05349167786622577,0.20275577119067412,133499.82336410639,725.068371502686,134224.89173560907,1695,1,726.025,38,2,19,33.19721561735416,0.6515899122807016,41.639957264957275,1033.4401709401723,27.195793972109797,0
1704,4,1,0,41,0.024390243902439025,0.0,1.0,41,1000,600,400,0.6,14,6,8,317.5049863842553,0.7473577235772357,0.056560219246977184,0.19858057460758363,133795.3342013891,296.13715277780125,134091.47135416692,1696,0,709.2926829268292,39,2,18,33.14203248758223,0.6527777777777777,41.35416666666668,1034.583333333335,26.52777777777782,0
1705,4,0,0,41,0.0,0.0,1.0,41,1050,900,150,0.8571428571428571,12,9,3,316.16379229878874,0.7469512195121951,0.05666701004501462,0.19784041606600933,133813.73443593437,261.4115481856172,134075.14598412,1697,1,710.2926829268292,40,1,18,33.158375077759224,0.6513020833333333,41.336382113821145,1034.6544715447162,25.866361788617905,0
1706,4,0,0,41,0.0,0.0,1.0,41,1150,900,250,0.782608695652174,14,9,5,315.9570878190301,0.745630081300813,0.05880381010760827,0.19841793443431843,133945.20147564294,264.1871571154903,134209.38863275843,1698,2,711.2926829268292,40,1,18,33.03267556777276,0.6526041666666667,41.20934959349594,1035.1626016260175,25.87906504065044,0
1707,4,0,0,41,0.0,0.0,1.0,41,1150,800,350,0.6956521739130435,15,8,7,317.6791499622679,0.745630081300813,0.05827901443211103,0.1999279097569829,134024.11268300976,315.3332383171675,134339.44592132693,1699,3,712.2926829268292,40,1,18,32.90946936238427,0.6533854166666666,41.13313008130083,1035.467479674799,25.886686991869976,0
1708,4,0,0,41,0.0,0.0,1.0,41,650,500,150,0.7692307692307693,8,5,3,317.6791499622679,0.7457825203252032,0.05827901443211103,0.1999279097569829,134024.11268300976,315.3332383171675,134339.44592132693,1700,4,713.2926829268292,40,1,18,32.90946936238427,0.6533854166666666,41.13313008130083,1035.467479674799,25.886686991869976,0
1709,4,0,0,41,0.0,0.0,1.0,41,850,600,250,0.7058823529411765,11,6,5,317.06078458433205,0.7448678861788618,0.056380901328636046,0.19996803938635635,134103.04712803251,303.7634675127483,134406.81059554528,1701,5,714.2926829268292,40,1,18,32.84684065934066,0.6541666666666666,41.0569105691057,1035.7723577235793,25.89430894308948,0
1710,4,0,1,40,0.0,0.024390243902439025,0.975609756097561,41,850,500,350,0.5882352941176471,12,5,7,315.58522399956536,0.7435975609756098,0.04953640356332967,0.1996096119044398,134208.32920219455,270.8331267763998,134479.16232897094,1702,6,715.2926829268292,40,1,18,32.78021609781615,0.6552083333333333,40.955284552845534,1036.1788617886186,25.904471544715467,0
1711,4,0,0,40,0.0,0.0,1.0,40,950,600,350,0.631578947368421,13,6,7,323.7085013324922,0.7299946581196581,0.054663147310206384,0.2043987965556593,134145.81298828122,684.8280164930554,134830.64100477428,1703,7,733.9,39,1,19,32.6320806100218,0.65625,41.015625,1035.9374999999998,26.562499999999993,0
1712,4,0,0,40,0.0,0.0,1.0,40,950,700,250,0.7368421052631579,12,7,5,342.495172658978,0.7298611111111111,0.04567574382249129,0.21157879357718173,133337.70751953125,1133.5042317708333,134471.2117513021,1704,8,734.9,39,1,18,32.953542612203734,0.6482371794871795,41.796875,1032.8125,26.482371794871796,3
1713,4,0,0,40,0.0,0.0,1.0,40,700,400,300,0.5714285714285714,10,4,6,345.92145205527015,0.7297275641025641,0.048674127848356674,0.21416035964320668,133418.408203125,1230.4578993055557,134648.86610243056,1705,9,735.9,39,1,18,32.784247496134974,0.6490384615384617,41.71875,1033.125,26.490384615384617,0
1714,4,0,0,40,0.0,0.0,1.0,40,1250,1000,250,0.8,15,10,5,342.11293736860534,0.7274305555555556,0.04672073342736294,0.21303720303141618,133633.72938368045,1143.565538194439,134777.29492187488,1706,10,736.9,39,1,19,32.66715360333133,0.6511752136752137,41.510416666666664,1033.9583333333326,26.51175213675212,0
1715,4,0,0,40,0.0,0.0,1.0,40,900,400,500,0.4444444444444444,14,4,10,343.0274121945533,0.7271100427350428,0.04724012892828333,0.21391809976554804,133687.58680555562,1171.701388888894,134859.28819444453,1707,11,737.9,39,1,19,32.58964544721997,0.6517094017094017,41.458333333333336,1034.1666666666672,26.51709401709403,0
1716,4,0,0,40,0.0,0.0,1.0,40,750,500,250,0.6666666666666666,10,5,5,342.33581137324865,0.7277777777777777,0.04629116728774263,0.21364250604179677,133714.51958550356,1155.0537109375095,134869.57329644106,1708,12,738.9,39,1,15,32.58059304394534,0.6519764957264957,41.43229166666667,1034.2708333333342,26.51976495726498,0
1717,4,0,0,40,0.0,0.0,1.0,40,850,500,350,0.5882352941176471,12,5,7,343.25880356858556,0.7274038461538461,0.05017623363544854,0.21437483770038065,133741.45507812497,1181.5863715277771,134923.04144965275,1709,13,739.9,39,1,15,32.52979187646863,0.6522435897435896,41.40625,1034.3749999999998,26.52243589743589,0
1718,4,0,0,40,0.0,0.0,1.0,40,1200,900,300,0.75,15,9,6,344.9396489217482,0.724332264957265,0.0523925732112307,0.2165297088651555,133930.07948133687,1239.5589192708376,135169.6384006077,1710,14,740.9,39,1,16,32.297746637147355,0.6541132478632479,41.223958333333336,1035.1041666666672,26.54113247863249,0
1719,4,0,0,40,0.0,0.0,1.0,40,1000,900,100,0.9,11,9,2,345.7153062641056,0.7229967948717949,0.05725027663212945,0.2176539493078829,134037.92453342007,1267.7924262152721,135305.71695963535,1711,15,741.9,39,1,16,32.16990661569928,0.6551816239316239,41.119791666666664,1035.5208333333328,26.551816239316224,0
1720,4,0,0,40,0.0,0.0,1.0,40,1350,1100,250,0.8148148148148148,16,11,5,345.78036590431094,0.7222222222222222,0.06448532368315263,0.21881826208753713,134226.75781249997,1282.5954861111109,135509.3532986111,1712,16,742.9,39,1,18,31.97962739579146,0.6570512820512822,40.9375,1036.2499999999998,26.570512820512814,0
1721,4,0,0,40,0.0,0.0,1.0,40,1000,600,400,0.6,14,6,8,367.77271126070207,0.7218215811965812,0.04753457775778713,0.2217357777112833,132427.78427479873,1763.060887131367,134190.8451619301,1713,17,743.9,35,5,18,33.21584860751902,0.6467261904761903,42.67939814814816,1029.282407407409,29.408068783068828,5
1722,4,0,0,40,0.0,0.0,1.0,40,1100,700,400,0.6363636363636364,15,7,8,368.8216356008882,0.7209668803418804,0.0435455771608404,0.2230731537689398,132546.94097490152,1777.2359128515184,134324.17688775304,1714,18,744.9,35,5,18,33.068848113596346,0.6479166666666666,42.56365740740741,1029.7453703703711,29.42129629629632,0
1723,4,0,0,40,0.0,0.0,1.0,40,1250,700,550,0.56,18,7,11,367.0240570024786,0.7194177350427351,0.048158067337123134,0.2226482807333344,132658.90045450884,1737.801568460385,134396.70202296923,1715,19,745.9,36,4,17,33.00243222562309,0.6469907407407405,42.45495495495497,1030.1801801801826,28.61611611611618,0
1724,4,0,0,40,0.0,0.0,1.0,40,1600,1400,200,0.875,18,14,4,365.25904028188336,0.7195779914529915,0.04934426229508171,0.22192033323899307,132716.91243608494,1695.2104131158412,134412.1228492008,1716,20,746.9,36,4,17,32.98952641165756,0.6475694444444443,42.39864864864866,1030.405405405407,28.622372372372418,0
1725,4,0,0,40,0.0,0.0,1.0,40,1050,600,450,0.5714285714285714,15,6,9,365.25904028188336,0.7190705128205128,0.04934426229508171,0.22192033323899307,132716.91243608494,1695.2104131158412,134412.1228492008,1717,21,747.9,36,4,17,32.98952641165756,0.6475694444444443,42.39864864864866,1030.405405405407,28.622372372372418,0
1726,4,0,0,40,0.0,0.0,1.0,40,750,400,350,0.5333333333333333,11,4,7,364.5654152534476,0.7183226495726496,0.05252348700021825,0.22218587291811354,132832.9744440389,1685.261697508351,134518.23614154727,1718,22,748.9,36,4,17,32.89067620712256,0.6487268518518517,42.28603603603605,1030.8558558558582,28.63488488488495,0
1727,4,0,0,40,0.0,0.0,1.0,40,1050,800,250,0.7619047619047619,13,8,5,359.82458445906,0.7174946581196581,0.04253083724484208,0.2204918406842443,133036.20501836317,1573.939437748585,134610.14445611174,1719,23,749.9,36,4,17,32.80869082705673,0.6507523148148147,42.08896396396398,1031.644144144146,28.65678178178183,0
1728,4,0,0,40,0.0,0.0,1.0,40,1300,1100,200,0.8461538461538461,15,11,4,359.282788875807,0.7169070512820512,0.04487564088578644,0.22119176129110302,133210.52629910322,1572.0498792711733,134782.5761783744,1720,24,750.9,36,4,17,32.64767644812917,0.6524884259259258,41.92004504504505,1032.3198198198204,28.675550550550568,0
1729,4,0,0,40,0.0,0.0,1.0,40,1350,1000,350,0.7407407407407407,17,10,7,363.12052828519694,0.7147970085470086,0.04944008067084216,0.22461973059585325,133387.25767784333,1687.1302948984485,135074.38797274177,1721,25,751.9,37,3,17,32.37127604995932,0.6523085585585584,41.74890350877194,1033.0043859649136,27.919037458511177,0
1730,4,0,0,40,0.0,0.0,1.0,40,900,600,300,0.6666666666666666,12,6,6,364.4195428171583,0.7156784188034188,0.04952407614781684,0.22630504293165668,133532.0283028978,1732.3902443035674,135264.41854720135,1722,26,752.9,35,5,17,32.19251586412842,0.6577380952380951,41.6087962962963,1033.5648148148148,29.53042328042328,0
1731,4,2,1,41,0.047619047619047616,0.023809523809523808,0.9761904761904762,42,1200,1100,100,0.9166666666666666,13,11,2,346.4915141836748,0.7347077042198994,0.055098672090315715,0.2182288659507704,134052.44545118336,889.6069608809904,134942.05241206434,1723,0,718.0,38,4,17,32.13530382750437,0.6570723684210527,41.105769230769226,1035.5769230769224,27.252024291497957,0
1732,4,0,0,41,0.0,0.0,1.0,41,800,600,200,0.75,10,6,4,353.09428616051656,0.7228150406504065,0.07036862039603498,0.21585935049445665,132948.34270445266,1188.6600326905004,134137.00273714316,1724,1,736.5121951219512,38,3,17,33.07046168721296,0.6461074561403508,42.17414529914531,1031.3034188034203,27.139563652721588,1
1733,4,0,1,40,0.0,0.024390243902439025,0.975609756097561,41,900,700,200,0.7777777777777778,11,7,4,352.81088671509497,0.7213922764227643,0.06292056499686782,0.21616382754574637,133030.9920374025,1186.9564522609608,134217.94848966345,1725,2,737.5121951219512,38,3,17,32.99481324219829,0.6469298245614034,42.094017094017104,1031.6239316239332,27.14799820062982,0
1734,4,0,0,40,0.0,0.0,1.0,40,1250,900,350,0.72,16,9,7,356.4261876056409,0.7183760683760684,0.06701997662310055,0.2188080138001754,133104.23790252785,1488.3672139504583,134592.6051164783,1726,3,732.7,37,3,17,32.82805139375907,0.6494932432432432,42.02302631578948,1031.9078947368432,27.88940256045522,0
1735,4,0,0,40,0.0,0.0,1.0,40,900,700,200,0.7777777777777778,11,7,4,355.81697824183277,0.7183226495726496,0.06765908849463487,0.21876585344156604,133160.8178117307,1476.175962796261,134636.99377452696,1727,4,733.7,37,3,17,32.786992280179895,0.6500563063063062,41.96820175438597,1032.1271929824575,27.895329540066417,0
1736,4,0,0,40,0.0,0.0,1.0,40,1100,800,300,0.7272727272727273,14,8,6,357.127881210112,0.7186431623931624,0.06163834306957017,0.21990575549988248,133217.4097438635,1515.1302564250595,134732.54000028857,1728,5,734.7,37,3,17,32.69638431580812,0.6506193693693694,41.91337719298246,1032.3464912280704,27.901256519677577,0
1737,4,0,0,40,0.0,0.0,1.0,40,900,700,200,0.7777777777777778,11,7,4,354.467782422665,0.718883547008547,0.0585633892546189,0.2187665514322842,133302.3201850569,1450.2755655586307,134752.59575061552,1729,6,735.7,37,3,17,32.679886033835906,0.651463963963964,41.83114035087719,1032.675438596491,27.91014698909435,0
1738,4,0,1,39,0.0,0.025,0.975,40,1300,900,400,0.6923076923076923,17,9,8,353.0598822196739,0.7184027777777777,0.057578249336869725,0.21906447596579462,133500.54974848006,1426.7376740919965,134927.28742257206,1730,7,736.7,37,3,17,32.51757294429708,0.6534346846846848,41.6392543859649,1033.4429824561382,27.930891417733466,0
1739,4,1,0,40,0.025,0.0,1.0,40,1150,900,250,0.782608695652174,14,9,5,345.447292773386,0.7207799145299145,0.05348441048936614,0.21642965574405013,133858.8978833369,1248.2387774855647,135107.13666082246,1731,0,713.125,38,2,16,32.355762612705625,0.6551535087719298,41.29273504273504,1034.8290598290591,27.232343679712084,0
1740,4,0,0,40,0.0,0.0,1.0,40,1050,600,450,0.5714285714285714,15,6,9,346.4194998514316,0.7195245726495727,0.0545356037151703,0.21769163122959598,133969.4793721235,1281.9280078895356,135251.40738001303,1732,1,714.125,38,2,16,32.22007223942207,0.65625,41.18589743589743,1035.2564102564095,27.243589743589723,0
1741,4,0,0,40,0.0,0.0,1.0,40,900,400,500,0.4444444444444444,14,4,10,348.7579364292509,0.7180555555555556,0.05844165892912412,0.21965631434754557,134052.44545118336,1350.370849769879,135402.81630095324,1733,2,715.125,38,2,16,32.0766274631177,0.6570723684210527,41.105769230769226,1035.5769230769224,27.252024291497957,0
1742,4,0,0,40,0.0,0.0,1.0,40,1200,1000,200,0.8333333333333334,14,10,4,351.98755024017265,0.7180822649572649,0.056714108910891126,0.2221921410891089,134135.43721236024,1442.800788954627,135578.23800131486,1734,3,716.125,38,2,17,31.91006600660065,0.6578947368421053,41.02564102564102,1035.8974358974353,27.260458839406194,0
1743,4,0,0,40,0.0,0.0,1.0,40,800,500,300,0.625,11,5,6,352.22619657761106,0.7186431623931624,0.05780235075781004,0.22284682848051188,134218.45465565412,1455.051158777114,135673.50581443124,1735,4,717.125,38,2,17,31.820935147953403,0.6587171052631579,40.94551282051282,1036.2179487179483,27.268893387314428,0
1744,4,0,0,40,0.0,0.0,1.0,40,350,200,150,0.5714285714285714,5,2,3,352.0193482051811,0.717948717948718,0.0605375734460365,0.22305288680198956,134273.81388569289,1453.396089013076,135727.20997470597,1736,5,718.125,38,2,17,31.770994399202817,0.659265350877193,40.89209401709402,1036.4316239316238,27.274516419253256,0
1745,4,0,0,40,0.0,0.0,1.0,40,1350,1100,250,0.8148148148148148,16,11,5,351.1958804425312,0.7140758547008547,0.0645178736993921,0.22354481386594433,134439.9600614545,1442.9520280882489,135882.91208954275,1737,6,719.125,38,2,17,31.62644655059922,0.6609100877192982,40.73183760683761,1037.0726495726499,27.291385515069734,0
1746,4,0,0,40,0.0,0.0,1.0,40,1100,700,400,0.6363636363636364,15,7,8,350.1862986442037,0.7139423076923077,0.0649999999999995,0.2234105755476493,134523.07167251097,1421.627310249124,135944.69898276008,1738,7,720.125,38,2,17,31.569687607277725,0.6617324561403508,40.65170940170941,1037.393162393164,27.299820062978,0
1747,4,0,0,40,0.0,0.0,1.0,40,800,400,400,0.5,12,4,8,350.92362283662084,0.713434829059829,0.06620879120879142,0.22440143017066097,134607.66774392125,1447.4049388255653,136055.0726827468,1739,8,721.125,37,3,17,31.46617004790081,0.6644144144144144,40.57017543859649,1037.7192982456145,28.046467520151744,0
1748,4,1,1,40,0.024390243902439025,0.024390243902439025,0.975609756097561,41,650,400,250,0.6153846153846154,9,4,5,340.9448368555006,0.7192581300813008,0.06691013434198534,0.21985063617923664,134911.26543209876,999.4598765432114,135910.72530864197,1740,0,704.5121951219512,38,3,17,31.42268270944741,0.6655701754385964,40.27777777777778,1038.888888888889,27.339181286549707,0
1749,4,0,0,40,0.0,0.0,1.0,40,1300,1000,300,0.7692307692307693,16,10,6,352.67531044558064,0.7118856837606837,0.06819045608108132,0.2269388954171564,134835.3339489074,1510.6186518928967,136345.95260080032,1741,10,723.125,37,3,17,31.193693693693692,0.6666666666666666,40.35087719298246,1038.5964912280706,28.070175438596504,0
1750,4,0,0,40,0.0,0.0,1.0,40,550,300,250,0.5454545454545454,8,3,5,343.34743029929984,0.7117521367521368,0.06947028970184,0.21853162824836975,134437.04433094777,1266.5892389965918,135703.63356994436,1742,11,724.125,37,3,19,31.832839923873955,0.6627252252252254,40.73464912280701,1037.0614035087704,28.02868658131812,4
1751,4,0,0,40,0.0,0.0,1.0,40,750,300,450,0.4,12,3,9,346.6073127852778,0.711698717948718,0.06074297188755051,0.221295438162908,134550.78124999985,1327.3050361649598,135878.08628616482,1743,12,725.125,36,4,20,31.634872824631874,0.6657986111111112,40.62499999999999,1037.4999999999989,28.819444444444414,0
1752,4,0,0,40,0.0,0.0,1.0,40,1550,1200,350,0.7741935483870968,19,12,7,345.2942129037827,0.7123397435897436,0.0630980796354561,0.22116586242766945,134667.6421987866,1299.9915033276475,135967.63370211425,1744,13,726.125,36,4,21,31.552430291852012,0.6669560185185186,40.512387387387385,1037.9504504504503,28.83195695695695,0
1753,4,0,0,40,0.0,0.0,1.0,40,850,700,150,0.8235294117647058,10,7,3,342.73867772714266,0.7116452991452992,0.07434945245581703,0.22059168350854416,134843.0287339705,1243.1842738008365,136086.21300777135,1745,14,727.125,36,4,18,31.444034840435158,0.6686921296296295,40.34346846846847,1038.6261261261266,28.850725725725738,0
1754,4,0,0,40,0.0,0.0,1.0,40,1250,1000,250,0.8,15,10,5,343.3694101873098,0.7111912393162393,0.07562852188990021,0.2218916608689423,134989.27136596065,1270.2372981089322,136259.50866406958,1746,15,728.125,36,4,18,31.282058228579686,0.6701388888888888,40.20270270270271,1039.18918918919,28.866366366366393,0
1755,4,0,0,40,0.0,0.0,1.0,40,950,800,150,0.8421052631578947,11,8,3,349.3930564361034,0.7112713675213675,0.05887184508268084,0.2193730174016844,133938.0934989042,1360.942445824191,135299.03594472838,1747,16,729.125,36,4,17,32.17449049898463,0.6597222222222223,41.21621621621621,1035.1351351351343,28.75375375375373,4
1756,4,0,0,40,0.0,0.0,1.0,40,1050,800,250,0.7619047619047619,13,8,5,339.18639023507416,0.711431623931624,0.08784753363228703,0.208946312216634,133233.1318587105,1068.1840186031814,134301.31587731367,1748,17,730.125,35,5,19,33.1436846038864,0.6547619047619049,41.898148148148145,1032.407407407407,29.497354497354483,6
1757,4,0,0,40,0.0,0.0,1.0,40,1250,900,350,0.72,16,9,7,340.0619711680477,0.7103365384615384,0.09374369606634536,0.20999120890882259,133322.76562767898,1067.600496184818,134390.3661238638,1749,18,731.125,35,5,19,33.03132821547311,0.6556547619047619,41.81134259259258,1032.7546296296282,29.50727513227509,0
1758,4,0,0,40,0.0,0.0,1.0,40,1250,700,550,0.56,18,7,11,343.7682080759254,0.7075587606837607,0.10345294320930787,0.21331321045797763,133502.97796201808,1178.899625854709,134681.8775878728,1750,19,732.125,34,6,19,32.755202933609795,0.6596200980392157,41.63690476190476,1033.4523809523805,30.395658263305307,0
1759,4,0,0,40,0.0,0.0,1.0,40,1200,800,400,0.6666666666666666,16,8,8,342.88154699524154,0.7067841880341881,0.10343001841620625,0.2140053793315128,133718.36734693882,1169.9121315192783,134888.2794784581,1751,20,733.125,34,6,18,32.56263428483733,0.6617647058823529,41.42857142857143,1034.2857142857147,30.420168067226903,0
1760,4,0,0,40,0.0,0.0,1.0,40,1400,900,500,0.6428571428571429,19,9,10,347.64172989723596,0.7068376068376069,0.10129156598780376,0.2175201061581626,133810.73022959195,1303.6387471655491,135114.3689767575,1752,21,734.125,34,6,18,32.34715989721168,0.6626838235294117,41.33928571428572,1034.642857142858,30.43067226890759,0
1761,4,0,0,40,0.0,0.0,1.0,40,1400,1000,400,0.7142857142857143,18,10,8,349.1112493752958,0.7084134615384615,0.0998361503966887,0.21953872276333697,133995.5516581635,1355.8708900227025,135351.42254818618,1753,22,735.125,34,6,19,32.12434364340195,0.6645220588235292,41.1607142857143,1035.3571428571445,30.451680672268957,0
1762,4,0,0,40,0.0,0.0,1.0,40,700,200,500,0.2857142857142857,12,2,10,352.95283392786365,0.7068376068376069,0.0942816091954024,0.22251374312843597,134088.01020408183,1465.3486394558072,135553.35884353763,1754,23,736.125,34,6,19,31.932471264367823,0.6654411764705881,41.071428571428584,1035.7142857142871,30.46218487394962,0
1763,4,1,0,41,0.024390243902439025,0.0,1.0,41,800,600,200,0.75,10,6,4,355.9409063101828,0.7162093495934959,0.07934463943971659,0.206998643572621,131054.49631090672,1129.5312385857405,132184.02754949246,1755,0,719.1463414634146,38,3,16,34.90561526154701,0.6271929824561402,44.017094017094024,1023.9316239316252,26.94556905083224,6
1764,4,2,2,41,0.046511627906976744,0.046511627906976744,0.9534883720930233,43,550,200,350,0.36363636363636365,9,2,7,340.865234375,0.727436323366556,0.07078488372092995,0.2005089613970589,131492.4391847469,364.8109339615782,131857.2501187085,1756,0,686.6511627906976,38,5,17,34.849609375,0.631578947368421,43.58974358974359,1025.6410256410259,26.990553306342786,0
1765,4,1,0,42,0.023809523809523808,0.0,1.0,42,650,300,350,0.46153846153846156,10,3,7,346.4765625,0.7252226093689508,0.07629464285714271,0.2038097426470589,131492.4391847469,711.8096646942832,132204.24884944118,1757,0,703.9761904761905,38,4,19,34.705729166666664,0.631578947368421,43.58974358974359,1025.6410256410259,26.990553306342786,0
1766,4,1,2,41,0.023255813953488372,0.046511627906976744,0.9534883720930233,43,600,300,300,0.5,9,3,6,338.83240009050536,0.7366186784791435,0.0800679621960283,0.20055215032383994,131728.8208007814,326.79850260418164,132055.61930338558,1758,0,688.5813953488372,39,4,15,34.66355910705226,0.6322115384615383,43.35937500000001,1026.5625000000011,26.322115384615415,0
1767,4,1,0,42,0.023809523809523808,0.0,1.0,42,1250,900,350,0.72,16,9,7,336.3942332948094,0.727424506387921,0.10967160870167669,0.18747159704159383,129396.54659366347,365.46486959930377,129762.01146326278,1759,0,705.9285714285714,37,5,16,37.084972338973316,0.612331081081081,45.641447368421055,1017.4342105263161,27.49822190611665,7
1768,4,1,1,42,0.023255813953488372,0.023255813953488372,0.9767441860465116,43,1300,1100,200,0.8461538461538461,15,11,4,333.7959209598794,0.74109449981543,0.13606393947297213,0.1883351201583802,129881.14458917742,70.759254693547,129951.90384387097,1760,0,690.4883720930233,38,5,14,36.65932990951333,0.6154057017543859,45.16559829059829,1019.3376068376067,26.824673864147545,0
1769,4,1,1,42,0.023255813953488372,0.023255813953488372,0.9767441860465116,43,800,500,300,0.625,11,5,6,330.7902180660535,0.7511535622000738,0.130079597821533,0.18755255356856765,130071.7957849368,5.2955383884842036,130077.09132332528,1761,0,667.9302325581396,38,5,14,36.54277510124284,0.6173245614035088,44.97863247863248,1020.08547008547,26.84435447593342,0
1770,4,1,0,43,0.023255813953488372,0.0,1.0,43,650,500,150,0.7692307692307693,8,5,3,334.9800983561023,0.7466315983757844,0.14397569241556618,0.19046011306532676,130180.80210387906,121.59557856674098,130302.39768244581,1762,0,668.9069767441861,38,5,15,36.3255077470687,0.618421052631579,44.871794871794876,1020.5128205128208,26.855600539811075,0
1771,4,1,0,44,0.022727272727272728,0.0,1.0,44,600,300,300,0.5,9,3,6,333.364687842899,0.759888125440451,0.15139158206912295,0.19114507641064077,130508.09500328742,-98.61624753450275,130409.47875575292,1763,0,654.6818181818181,38,6,15,36.03552383939775,0.6217105263157894,44.55128205128206,1021.7948717948726,26.889338731444017,0
1772,4,1,0,45,0.022222222222222223,0.0,1.0,45,950,700,250,0.7368421052631579,12,7,5,328.9557448885399,0.7680555555555556,0.1593557727108219,0.19054606354864495,130901.38888888896,-387.84722222221166,130513.54166666676,1764,0,641.1111111111111,39,6,16,35.75088219326818,0.6239316239316239,44.16666666666667,1023.3333333333339,26.239316239316256,0
1773,4,0,0,45,0.0,0.0,1.0,45,1050,600,450,0.5714285714285714,15,6,9,330.62115683198294,0.7671296296296297,0.15713833491611284,0.19204165067049234,131008.00781250013,-337.19618055554,130670.8116319446,1765,1,642.1111111111111,39,6,16,35.60066476733144,0.625,44.06250000000001,1023.750000000001,26.250000000000025,0
1774,4,0,0,45,0.0,0.0,1.0,45,1350,1000,350,0.7407407407407407,17,10,7,334.8846228102879,0.7664141414141414,0.16453572334116062,0.19521701060178667,131145.89659139732,-216.25117737457384,130929.64541402274,1766,2,643.1111111111111,40,5,16,35.35238284221319,0.6247395833333333,43.927845528455286,1024.288617886179,25.607215447154477,0
1775,4,0,0,45,0.0,0.0,1.0,45,1100,900,200,0.8181818181818182,13,9,4,334.57316337292724,0.7667508417508417,0.16821367182335067,0.19569813105873546,131276.0468305903,-215.71154735936761,131060.33528323092,1767,3,644.1111111111111,40,5,16,35.22907576358589,0.6260416666666666,43.800813008130085,1024.79674796748,25.619918699187004,0
1776,4,0,0,45,0.0,0.0,1.0,45,1150,500,650,0.43478260869565216,18,5,13,336.620412849085,0.7681818181818182,0.16764913208212184,0.19743178632683553,131380.213497257,-154.9476584704786,131225.26583878652,1768,4,645.1111111111111,40,5,16,35.071578443034625,0.6270833333333332,43.69918699186992,1025.2032520325208,25.63008130081302,0
1777,4,0,0,45,0.0,0.0,1.0,45,900,500,400,0.5555555555555556,13,5,8,341.5824673863189,0.7678872053872055,0.17628073883275008,0.2011629770010212,131536.54095611078,-13.88475775001433,131522.65619836075,1769,5,646.1111111111111,40,5,16,34.786754507628274,0.6286458333333333,43.546747967479675,1025.8130081300815,25.645325203252035,0
1778,4,0,0,45,0.0,0.0,1.0,45,1000,800,200,0.8,12,8,4,344.60916411914303,0.7668771043771044,0.17535265509121722,0.20350078007456748,131640.81090124915,72.92596172911675,131713.73686297826,1770,6,647.1111111111111,40,5,16,34.60400574371161,0.6296875000000001,43.445121951219505,1026.219512195121,25.655487804878028,0
1779,4,0,0,45,0.0,0.0,1.0,45,1250,1000,250,0.8,15,10,5,342.8870306089142,0.7675925925925926,0.167029631096153,0.20303896736290994,131745.12215777618,34.73874677768504,131779.86090455385,1771,7,648.1111111111111,40,5,16,34.54307727842672,0.6307291666666668,43.343495934959336,1026.6260162601602,25.665650406504007,0
1780,4,0,0,45,0.0,0.0,1.0,45,950,800,150,0.8421052631578947,11,8,3,343.07470716311036,0.7681818181818182,0.16908681070977027,0.20356840375121704,131823.38271077053,45.053684149630044,131868.43639492017,1772,8,649.1111111111111,40,5,17,34.459426026719456,0.6315104166666667,43.26727642276422,1026.9308943089416,25.67327235772354,0
1781,4,0,0,45,0.0,0.0,1.0,45,1050,900,150,0.8571428571428571,12,9,3,343.5171614705229,0.7680976430976432,0.17132304445323832,0.2042512628320025,131901.66650142093,62.0972139599254,131963.76371538086,1773,9,650.1111111111111,40,5,17,34.36922899353647,0.6322916666666668,43.191056910569095,1027.2357723577222,25.680894308943056,0
1782,4,0,0,45,0.0,0.0,1.0,45,800,600,200,0.75,10,6,4,344.3189211453442,0.7683501683501683,0.16788658094296127,0.20500967566427716,131953.86860499688,86.84273580539548,132040.71134080229,1774,10,651.1111111111111,40,5,17,34.29607649192219,0.6328125000000002,43.14024390243902,1027.4390243902428,25.68597560975607,0
1783,4,0,0,45,0.0,0.0,1.0,45,1000,700,300,0.7,13,7,6,348.5816444453563,0.7683080808080809,0.1650768537745697,0.2079767652080166,132032.19112507405,204.79966042035358,132236.99078549442,1775,11,652.1111111111111,40,5,17,34.107707900721834,0.6335937500000002,43.06402439024389,1027.743902439022,25.693597560975547,0
1784,4,0,1,44,0.0,0.022222222222222223,0.9777777777777777,45,1000,700,300,0.7,13,7,6,348.1659018727958,0.7688552188552189,0.16767277360397226,0.20815876260905397,132110.5368828075,199.2768441403593,132309.81372694785,1776,12,653.1111111111111,40,5,17,34.03951660735467,0.6343750000000001,42.98780487804876,1028.048780487802,25.701219512195053,0
1785,4,0,0,44,0.0,0.0,1.0,44,1350,1000,350,0.7407407407407407,17,10,7,351.3448405339045,0.7678602889358703,0.172355585442018,0.21001951733671106,132103.35422091998,482.76638454859255,132586.12060546858,1777,13,667.0909090909091,39,5,17,33.96504627284087,0.6359508547008549,42.99479166666666,1028.020833333332,26.35950854700851,0
1786,4,1,1,44,0.022222222222222223,0.022222222222222223,0.9777777777777777,45,1250,900,350,0.72,16,9,7,348.96490681702727,0.7754208754208755,0.1783175888439048,0.21023007800928212,132398.00347222213,240.7796223958254,132638.78309461795,1778,0,653.2444444444444,39,6,17,33.72975708502026,0.6388888888888891,42.70833333333333,1029.1666666666658,26.388888888888868,0
1787,4,0,0,44,0.0,0.0,1.0,44,900,500,400,0.5555555555555556,13,5,8,352.53154935013293,0.7665389358703313,0.1808082341790207,0.21222785959963206,132371.20361328113,533.0050998263761,132904.2087131075,1779,15,669.0909090909091,39,5,17,33.66495006242197,0.6386217948717949,42.73437499999999,1029.062499999999,26.386217948717924,0
1788,4,0,0,44,0.0,0.0,1.0,44,1150,900,250,0.782608695652174,14,9,5,351.3136860736901,0.7662966878083157,0.18227355522437416,0.2119463886312701,132451.6113281249,506.4127604166526,132958.02408854157,1780,16,670.0909090909091,39,5,17,33.61541185994737,0.639423076923077,42.65624999999999,1029.3749999999993,26.394230769230752,0
1789,4,0,0,44,0.0,0.0,1.0,44,1250,800,450,0.64,17,8,9,355.57735281132716,0.7647991543340381,0.19182774538833636,0.21513082679882356,132558.85959201367,626.9856770833103,133185.845269097,1781,17,671.0909090909091,39,5,17,33.39781846382088,0.6404914529914532,42.55208333333332,1029.791666666665,26.404914529914485,0
1790,4,0,0,44,0.0,0.0,1.0,44,900,700,200,0.7777777777777778,11,7,4,353.48387367207164,0.7636980267794221,0.186666973067378,0.21447579819734866,132666.15125868036,579.069010416647,133245.22026909702,1782,18,672.0909090909091,39,5,15,33.3438658577688,0.6415598290598292,42.44791666666666,1030.2083333333317,26.415598290598247,0
1791,4,0,0,44,0.0,0.0,1.0,44,750,400,350,0.5333333333333333,11,4,7,354.935941631438,0.7635218463706837,0.1913183207680793,0.21592113881730107,132764.32188388178,624.5659205829714,133388.88780446476,1783,19,673.0909090909091,40,4,15,33.20781152417578,0.6408854166666667,42.352642276422756,1030.5894308943077,25.764735772357692,0
1792,4,0,0,44,0.0,0.0,1.0,44,1000,800,200,0.8,12,8,4,358.45654211715214,0.7623766737138831,0.1896941912469865,0.2183678502519082,132816.69439693625,721.802601791254,133538.4969987275,1784,20,674.0909090909091,40,4,15,33.06446974925236,0.6414062500000001,42.30182926829268,1030.7926829268285,25.769817073170714,0
1793,4,0,0,44,0.0,0.0,1.0,44,1050,800,250,0.7619047619047619,13,8,5,357.5547270245163,0.7615398167723749,0.19195776629008132,0.2184291279420692,132921.47040658677,705.3400133848979,133626.81041997168,1785,21,675.0909090909091,40,4,15,32.982449656713,0.6424479166666668,42.20020325203252,1031.1991869918704,25.77997967479676,0
1794,4,1,1,44,0.022222222222222223,0.022222222222222223,0.9777777777777777,45,1200,700,500,0.5833333333333334,17,7,10,348.3477544826179,0.7704124579124579,0.18257034545357476,0.21434407956189452,133190.45970529405,279.3195113693476,133469.7792166634,1786,0,661.0666666666667,41,4,16,32.950004004485024,0.6435467479674797,41.93948412698412,1032.2420634920625,25.176635694928354,0
1795,4,0,0,44,0.0,0.0,1.0,44,1100,800,300,0.7272727272727273,14,8,6,356.9384283750257,0.7628171247357294,0.18929246169963188,0.21897255971550694,133078.7118799162,700.1812537180394,133778.89313363424,1787,23,677.0909090909091,40,4,16,32.84045766440133,0.6440104166666667,42.04776422764228,1031.808943089432,25.7952235772358,0
1796,4,0,0,44,0.0,0.0,1.0,44,600,300,300,0.5,9,3,6,358.1022699072,0.7629492600422834,0.19127003548268684,0.2198925508603717,133113.66705246922,733.6612654321076,133847.32831790132,1788,24,678.0909090909091,41,3,16,32.77534768954689,0.6427845528455283,42.01388888888889,1031.9444444444453,25.169376693766957,0
1797,4,0,0,44,0.0,0.0,1.0,44,750,400,350,0.5333333333333333,11,4,7,358.20707745354974,0.763896229739253,0.18306952488272765,0.22071409443807552,133241.66710955222,745.6216340703032,133987.2887436225,1789,25,679.0909090909091,41,3,16,32.644193811857406,0.6440548780487805,41.889880952380956,1032.4404761904768,25.18147502903602,0
1798,4,0,0,44,0.0,0.0,1.0,44,1100,800,300,0.7272727272727273,14,8,6,357.1327724671741,0.7627290345313601,0.1803903589206184,0.22050724563364688,133318.49666950127,722.4808673469533,134040.97753684822,1790,26,680.0909090909091,41,3,16,32.59486071085495,0.6448170731707317,41.8154761904762,1032.7380952380963,25.18873403019747,0
1799,4,0,1,43,0.0,0.022727272727272728,0.9772727272727273,44,1400,1100,300,0.7857142857142857,17,11,6,355.44501663483663,0.7624207188160677,0.17808467449615772,0.2196341120180129,133347.09006557596,679.5117293131398,134026.6017948891,1791,27,681.0909090909091,42,2,16,32.60976639459611,0.6436011904761905,41.78779069767442,1032.8488372093022,24.591638981173862,0
1800,4,1,0,44,0.022727272727272728,0.0,1.0,44,600,300,300,0.5,9,3,6,350.4754932111995,0.7665609584214236,0.18831068198254908,0.21843221498977428,133665.49014034972,569.5304529453465,134235.02059329508,1792,0,668.1136363636364,38,6,17,32.4191979198953,0.6532346491228072,41.479700854700845,1034.0811965811952,27.21266306792619,0
1801,4,0,0,44,0.0,0.0,1.0,44,850,500,350,0.5882352941176471,12,5,7,353.1809645772968,0.7647771317829458,0.18726765799256517,0.22094344063091362,133803.62426035505,651.3786160420793,134455.00287639713,1793,1,669.1136363636364,38,6,17,32.21099235852954,0.6546052631578947,41.34615384615385,1034.6153846153848,27.226720647773284,0
1802,4,0,0,44,0.0,0.0,1.0,44,1300,700,600,0.5384615384615384,19,7,12,353.7266455543172,0.7651955602536998,0.1900461724710718,0.22178317252327967,133886.53897518083,671.847263313613,134558.38623849445,1794,2,670.1136363636364,38,6,17,32.11391555693196,0.6554276315789473,41.26602564102564,1034.9358974358977,27.235155195681518,0
1803,4,1,0,45,0.022222222222222223,0.0,1.0,45,850,600,250,0.7058823529411765,11,6,5,349.1279240075738,0.7700757575757576,0.203727901184932,0.2210995363431797,134253.74484592018,374.3462456597282,134628.0910915799,1795,0,656.2,39,6,18,31.865953864710022,0.6573183760683761,40.911458333333336,1036.354166666667,26.57318376068377,0
1804,4,0,0,45,0.0,0.0,1.0,45,1100,800,300,0.7272727272727273,14,8,6,351.734600359159,0.7705808080808081,0.20624714108344744,0.22343688623064414,134366.32977229182,452.25746083682196,134818.58723312864,1796,1,657.2,40,5,18,31.68598477422726,0.6567708333333333,40.80284552845529,1036.7886178861804,25.91971544715451,0
1805,4,0,0,45,0.0,0.0,1.0,45,1000,800,200,0.8,12,8,4,353.04277979998915,0.7695286195286196,0.20926996570308654,0.22475368483212074,134445.3649138247,492.99307208014056,134938.35798590485,1797,2,658.2,40,5,18,31.573166748326003,0.6575520833333333,40.72662601626018,1037.0934959349615,25.92733739837404,0
1806,4,0,0,45,0.0,0.0,1.0,45,1350,1000,350,0.7407407407407407,17,10,7,355.39894631496446,0.7694023569023569,0.20974154636706022,0.22641708152874762,134471.71512492598,558.2211729129817,135029.93629783895,1798,3,659.2,40,5,18,31.48576817558299,0.6578124999999999,40.70121951219514,1037.1951219512223,25.92987804878056,0
1807,4,0,0,45,0.0,0.0,1.0,45,1100,800,300,0.7272727272727273,14,8,6,354.6850486196432,0.768013468013468,0.2124953987216811,0.22662076775498866,134577.8008355038,546.5700041492455,135124.37083965304,1799,4,660.2,39,6,18,31.398391225780557,0.660523504273504,40.59895833333335,1037.6041666666692,26.60523504273511,0
1808,4,0,0,45,0.0,0.0,1.0,45,1250,800,450,0.64,17,8,9,352.0969347539536,0.7675925925925926,0.20366653285159897,0.22546875693370189,134658.87586805588,482.5954861111449,135141.47135416704,1800,5,661.2,39,6,18,31.38465141174898,0.6613247863247862,40.52083333333335,1037.9166666666692,26.613247863247928,0
1809,4,0,0,45,0.0,0.0,1.0,45,1050,700,350,0.6666666666666666,14,7,7,354.1114818879905,0.7667508417508417,0.20332107433411295,0.22777364351117874,134821.09917534742,548.3398437500189,135369.43901909745,1801,6,662.2,39,6,17,31.17059511868939,0.6629273504273503,40.36458333333334,1038.5416666666683,26.62927350427355,0
1810,4,0,0,45,0.0,0.0,1.0,45,1150,900,250,0.782608695652174,14,9,5,353.23599930581605,0.7666245791245792,0.20145503971835033,0.22771962644323906,134902.24745008702,530.4660373264087,135432.71348741342,1802,7,663.2,39,6,18,31.112441090945556,0.6637286324786325,40.28645833333334,1038.8541666666683,26.637286324786366,0
1811,4,0,0,45,0.0,0.0,1.0,45,600,200,400,0.3333333333333333,10,2,8,354.1073645297701,0.7668771043771044,0.2035068957066144,0.2284519310362182,134929.30230034748,555.8919270833588,135485.19422743085,1803,8,664.2,39,6,18,31.062846734843923,0.6639957264957264,40.26041666666668,1038.9583333333353,26.639957264957314,0
1812,4,0,0,45,0.0,0.0,1.0,45,900,600,300,0.6666666666666666,12,6,6,354.80049741896556,0.7668350168350169,0.20218013383661204,0.22975692172250894,135064.61724175367,584.1986762152976,135648.81591796898,1804,9,665.2,39,6,18,30.910015198583704,0.6653311965811964,40.13020833333334,1039.4791666666683,26.65331196581201,0
1813,4,0,0,45,0.0,0.0,1.0,45,1250,900,350,0.72,16,9,7,356.7542783748794,0.7659511784511784,0.2052121252602166,0.23136871036125234,135118.7622070314,640.8393012152926,135759.60150824668,1805,10,666.2,39,6,18,30.805300905052935,0.6658653846153846,40.07812500000001,1039.6875000000011,26.658653846153875,0
1814,4,0,0,45,0.0,0.0,1.0,45,1300,900,400,0.6923076923076923,17,9,8,356.16212140920896,0.764436026936027,0.20718692361508584,0.2313067755025609,135169.04939058976,628.4190759637345,135797.4684665535,1806,11,667.2,41,4,18,30.770606754436184,0.6631097560975608,40.02976190476191,1039.8809523809539,25.362950058072045,0
1815,4,0,0,45,0.0,0.0,1.0,45,1400,900,500,0.6428571428571429,19,9,10,353.43404407886794,0.7637626262626263,0.20648607401755048,0.22986367978429623,135220.63570798712,558.3152242378683,135778.95093222498,1807,12,668.2,41,4,18,30.790172326084196,0.6636178861788616,39.98015873015874,1040.0793650793669,25.36778939217968,0
1816,4,0,0,45,0.0,0.0,1.0,45,1450,1000,450,0.6896551724137931,19,10,9,352.05975839010506,0.7642676767676768,0.20722095092804493,0.22962703644250157,135323.83786848083,528.4155328798311,135852.25340136065,1808,13,669.2,41,4,18,30.72320747520976,0.6646341463414633,39.88095238095239,1040.4761904761913,25.37746806039491,0
1817,4,0,0,45,0.0,0.0,1.0,45,1400,1100,300,0.7857142857142857,17,11,6,348.9600267669396,0.7634680134680135,0.2040411742279833,0.228259887832839,135427.0793965737,451.72745023938455,135878.8068468131,1809,14,670.2,41,4,18,30.70116914474522,0.6656504065040649,39.781746031746046,1040.873015873018,25.387146728610194,0
1818,4,0,0,45,0.0,0.0,1.0,45,1400,1200,200,0.8571428571428571,16,12,4,352.2804580347577,0.7640572390572391,0.21402940522688985,0.23126253708510663,135556.18666737544,550.7591057256375,136106.9457731011,1810,15,671.2,41,4,18,30.486388968276643,0.6669207317073169,39.6577380952381,1041.3690476190488,25.39924506387924,0
1819,4,0,0,45,0.0,0.0,1.0,45,1150,800,350,0.6956521739130435,15,8,7,354.6155862069449,0.7630471380471381,0.21433572876358942,0.23347234259520838,135660.14695493763,621.4626517434838,136281.60960668113,1811,16,672.2,40,5,18,30.322244984229183,0.6695312499999999,39.5579268292683,1041.7682926829275,26.044207317073187,0
1820,4,0,1,44,0.0,0.022222222222222223,0.9777777777777777,45,1350,1000,350,0.7407407407407407,17,10,7,355.32020404145607,0.7626262626262627,0.21335871807076012,0.23460960046860457,135762.88624535466,647.8592883912877,136410.74553374594,1812,17,673.2,41,4,18,30.20178883071554,0.6689532520325203,39.4593253968254,1042.1626984126988,25.418602400309727,0
1821,4,0,0,44,0.0,0.0,1.0,44,1050,700,350,0.6666666666666666,14,7,7,361.4916667006476,0.7633236434108528,0.2164619284391145,0.23905996294961585,135818.99957242716,1019.4873050102465,136838.4868774374,1813,18,668.2045454545455,40,4,18,29.985213350232357,0.67109375,39.40548780487805,1042.378048780488,26.059451219512198,0
1822,4,0,0,44,0.0,0.0,1.0,44,750,400,350,0.5333333333333333,11,4,7,361.43669046957365,0.7631034178999295,0.2197353616074993,0.23973509249568803,135924.95295665608,1025.6530297772501,136950.60598643334,1814,19,669.2045454545455,40,4,17,29.881346847285855,0.6721354166666667,39.30386178861789,1042.7845528455284,26.069613821138212,0
1823,4,0,0,44,0.0,0.0,1.0,44,1400,1100,300,0.7857142857142857,17,11,6,359.9778780011148,0.7625308315715292,0.22155382367267462,0.23947977431506443,136030.94765227375,993.6263756692464,137024.574027943,1815,20,670.2045454545455,40,4,17,29.81409319694756,0.6731770833333334,39.202235772357724,1043.191056910569,26.079776422764223,0
1824,4,0,0,44,0.0,0.0,1.0,44,1100,1000,100,0.9090909090909091,12,10,2,365.17911328177377,0.7610993657505286,0.22672822891950295,0.24348435942709407,136110.47078458575,1140.9402058959454,137251.4109904817,1816,21,671.2045454545455,40,4,17,29.599443254122843,0.6739583333333334,39.126016260162594,1043.4959349593485,26.08739837398371,0
1825,4,0,0,44,0.0,0.0,1.0,44,1200,900,300,0.75,15,9,6,347.13009111517465,0.7618481324876674,0.19429323171838075,0.2318829008649367,136176.75781250003,654.2100694444449,136830.96788194447,1817,22,672.2045454545455,41,3,16,30.004574184963406,0.6730182926829269,39.0625,1043.7500000000002,25.45731707317074,2
1826,4,0,1,43,0.0,0.022727272727272728,0.9772727272727273,44,900,600,300,0.6666666666666666,12,6,6,344.2128534614161,0.7620463354474982,0.19151279083827055,0.23077608251814435,136306.2218521668,583.6707136558341,136889.89256582264,1818,23,673.2045454545455,41,3,17,29.952419405915514,0.6742886178861789,38.93849206349206,1044.2460317460318,25.4694154084398,0
1827,4,0,0,43,0.0,0.0,1.0,43,750,400,350,0.5333333333333333,11,4,7,346.4062941067106,0.762735326688815,0.19180841337231924,0.23235450902353538,136322.64607707065,844.6045260757626,137167.2506031464,1819,24,680.9302325581396,40,3,17,29.878884455689644,0.6760416666666667,38.92276422764228,1044.308943089432,26.1077235772358,0
1828,4,0,0,43,0.0,0.0,1.0,43,1250,1100,150,0.88,14,11,3,343.77967711301034,0.7614894795127353,0.19044590207380896,0.23116219667943813,136409.837372449,778.9859693877578,137188.82334183675,1820,25,681.9302325581396,41,2,17,29.861111111111107,0.6753048780487805,38.839285714285715,1044.6428571428573,25.479094076655056,0
1829,4,0,0,43,0.0,0.0,1.0,43,1300,1000,300,0.7692307692307693,16,10,6,342.26924350919654,0.7606589147286822,0.18662934197570658,0.23082357305543397,136513.49226033012,744.8739449483546,137258.3662052785,1821,26,682.9302325581396,41,2,17,29.79795582558066,0.6763211382113821,38.74007936507937,1045.039682539683,25.48877274487032,0
1830,4,0,0,43,0.0,0.0,1.0,43,600,500,100,0.8333333333333334,7,5,2,340.99164076566626,0.7609819121447028,0.18231180802034208,0.23030050814788858,136565.33446712032,713.5274943310798,137278.86196145142,1822,27,683.9302325581396,41,2,17,29.780039863325737,0.6768292682926829,38.6904761904762,1045.2380952380963,25.49361207897796,0
1831,4,0,0,43,0.0,0.0,1.0,43,1150,800,350,0.6956521739130435,15,8,7,341.4012076165555,0.7610741971207087,0.17620929570565114,0.23108717579132174,136643.1162308674,730.0249787415006,137373.1412096089,1823,28,684.9302325581396,41,2,18,29.692392541986905,0.677591463414634,38.61607142857143,1045.5357142857147,25.500871080139383,0
1832,4,0,0,43,0.0,0.0,1.0,43,1450,1100,350,0.7586206896551724,18,11,7,342.3233273397925,0.7577519379844961,0.18224926602020886,0.23294684958000514,136829.8828125,768.0564413265303,137597.93925382654,1824,29,685.9302325581396,39,4,18,29.483605469268557,0.6826923076923077,38.4375,1046.25,26.826923076923077,0
1833,4,0,0,43,0.0,0.0,1.0,43,1300,1000,300,0.7692307692307693,16,10,6,342.8328975840027,0.757844222960502,0.18417160276930988,0.2338385690445672,136911.63330078125,787.5623914930552,137699.1956922743,1825,30,686.9302325581396,39,4,18,29.389473640556048,0.6834935897435898,38.359375,1046.5625,26.834935897435898,0
1834,4,0,0,43,0.0,0.0,1.0,43,1050,800,250,0.7619047619047619,13,8,5,342.46272744244817,0.7576596530084901,0.18206720402742893,0.23449831990813982,137047.93836805568,786.7621527777876,137834.70052083346,1826,31,687.9302325581396,39,4,16,29.264491311845056,0.6848290598290598,38.22916666666667,1047.0833333333344,26.848290598290625,0
1835,4,0,0,43,0.0,0.0,1.0,43,1450,1100,350,0.7586206896551724,18,11,7,343.9660231148499,0.7565983757844222,0.17832386114026955,0.23663544873386874,137211.59396701402,839.2252604166771,138050.8192274307,1827,32,688.9302325581396,39,4,17,29.063514946642794,0.6864316239316239,38.07291666666667,1047.7083333333344,26.864316239316267,0
1836,4,0,0,43,0.0,0.0,1.0,43,1100,800,300,0.7272727272727273,14,8,6,346.9418624111009,0.7544296788482835,0.17862813114587328,0.23962086214433148,137348.0482313369,930.3575303819496,138278.40576171884,1828,33,689.9302325581396,39,4,17,28.850843850409092,0.6877670940170939,37.942708333333336,1048.2291666666672,26.877670940170955,0
1837,4,0,0,43,0.0,0.0,1.0,43,1400,900,500,0.6428571428571429,19,9,10,345.72181243372495,0.753922111480251,0.17980861199802178,0.23934221210164222,137429.95334201396,902.5065104166711,138332.45985243062,1829,34,690.9302325581396,39,4,17,28.80199019802635,0.6885683760683761,37.864583333333336,1048.5416666666672,26.885683760683776,0
1838,4,0,0,43,0.0,0.0,1.0,43,1000,800,200,0.8,12,8,4,344.50997930080314,0.7524455518641565,0.178240687282049,0.23925624079717833,137539.1981336805,876.7252604166617,138415.92339409716,1830,35,691.9302325581396,39,4,17,28.72600132406488,0.6896367521367521,37.760416666666664,1048.958333333333,26.896367521367512,0
1839,4,0,0,43,0.0,0.0,1.0,43,750,300,450,0.4,12,3,9,344.2659687956154,0.7522148394241417,0.17752561464762984,0.2392755398026668,137566.51611328122,871.8939887152778,138438.4101019965,1831,36,692.9302325581396,39,4,17,28.70546205275875,0.6899038461538461,37.734375,1049.0624999999998,26.899038461538456,0
1840,4,0,0,43,0.0,0.0,1.0,43,950,700,250,0.7368421052631579,12,7,5,339.74225566317136,0.7516149870801033,0.1728201281089503,0.23687911597276484,137675.81515842018,754.8583984375045,138430.67355685768,1832,37,693.9302325581396,39,4,17,28.716397849462375,0.6909722222222223,37.630208333333336,1049.479166666667,26.90972222222223,0
1841,4,0,0,43,0.0,0.0,1.0,43,1250,900,350,0.72,16,9,7,338.5614986974467,0.7511535622000738,0.17310225959109093,0.23680508989393229,137785.15760633675,729.7498914930507,138514.90749782982,1833,38,694.9302325581396,39,4,17,28.639683996428225,0.6920405982905984,37.526041666666664,1049.895833333333,26.920405982905976,0
1842,4,0,0,43,0.0,0.0,1.0,43,1000,500,500,0.5,15,5,10,336.9065970402369,0.7503229974160206,0.17525345239522894,0.23658538471822768,137921.89670138893,693.3593750000052,138615.25607638893,1834,39,695.9302325581396,39,4,17,28.54852571730794,0.6933760683760684,37.395833333333336,1050.416666666667,26.933760683760692,0
1843,4,0,0,43,0.0,0.0,1.0,43,1700,1600,100,0.9411764705882353,18,16,2,333.9447316877777,0.7484772978959026,0.16775335105819256,0.23638416000395737,138195.5783420141,629.9370659722474,138825.51540798636,1835,40,696.9302325581396,39,4,15,28.35719239151972,0.6960470085470085,37.13541666666668,1051.458333333335,26.96047008547013,0
1844,4,0,0,43,0.0,0.0,1.0,43,1250,900,350,0.72,16,9,7,335.266387215222,0.747923588039867,0.17222570301846463,0.23770010149753387,138250.34722222228,670.1388888888947,138920.48611111118,1836,41,697.9302325581396,39,4,15,28.26862123613312,0.6965811965811965,37.083333333333336,1051.666666666667,26.965811965811973,0
1845,4,0,0,43,0.0,0.0,1.0,43,1150,800,350,0.6956521739130435,15,8,7,336.554803135256,0.7476005906238464,0.17743324720068943,0.23899651209984624,138305.12695312497,709.4509548611113,139014.5779079861,1837,42,698.9302325581396,39,4,16,28.180910411302573,0.6971153846153846,37.03125,1051.8749999999998,26.97115384615384,0
1846,4,0,0,43,0.0,0.0,1.0,43,850,400,450,0.47058823529411764,13,4,9,339.20927000820075,0.7454780361757105,0.1872667454062802,0.24146249727645075,138387.31689453125,788.4521484375,139175.76904296875,1838,43,699.9302325581396,39,4,16,28.030331155331158,0.6979166666666667,36.953125,1052.1875,26.979166666666668,0
1847,4,0,0,43,0.0,0.0,1.0,43,900,400,500,0.4444444444444444,14,4,10,337.87966748421525,0.7444629014396456,0.1881796605374193,0.24117296458539056,138480.2275947683,757.9306505717536,139238.15824534005,1839,44,700.9302325581396,40,3,17,27.974035274049765,0.6971354166666667,36.864837398373986,1052.540650406504,26.3135162601626,0
1848,4,0,0,43,0.0,0.0,1.0,43,600,200,400,0.3333333333333333,10,2,8,335.514713555254,0.7436784791435954,0.18346502648828222,0.2400505823503062,138560.46334853605,697.8148340934788,139258.27818262952,1840,45,701.9302325581396,40,3,17,27.95748873873874,0.6979166666666666,36.78861788617887,1052.8455284552856,26.32113821138214,0
1849,4,0,0,43,0.0,0.0,1.0,43,900,500,400,0.5555555555555556,13,5,8,337.46487591614175,0.7427094868955334,0.1905302630781689,0.24201719786290535,138640.72233995993,757.2748322757885,139397.99717223571,1841,46,702.9302325581396,40,3,17,27.827366592685507,0.6986979166666666,36.71239837398375,1053.1504065040672,26.32876016260168,0
1850,4,0,0,43,0.0,0.0,1.0,43,650,500,150,0.7692307692307693,8,5,3,336.3251143516856,0.7426172019195275,0.19043109870481878,0.24139013054992198,138667.48050102466,727.4712472734636,139394.95174829813,1842,47,703.9302325581396,40,3,17,27.831114112955113,0.6989583333333332,36.68699186991871,1053.2520325203263,26.33130081300816,0
1851,4,0,0,43,0.0,0.0,1.0,43,1250,900,350,0.72,16,9,7,328.4780315619915,0.7423864894795127,0.18301129003652572,0.23483118902351086,138533.7155153184,501.0564354881483,139034.77195080655,1843,48,704.9302325581396,40,3,15,28.168943269942403,0.6976562499999999,36.81402439024391,1052.7439024390255,26.31859756097564,1
1852,4,0,0,43,0.0,0.0,1.0,43,1300,1200,100,0.9230769230769231,14,12,2,326.7286260837836,0.7422942045035068,0.16807009277645002,0.234687609796148,138694.24124405123,463.07577748034237,139157.31702153158,1844,49,705.9302325581396,40,3,16,28.057565525004012,0.69921875,36.66158536585366,1053.353658536586,26.33384146341465,0
1853,4,0,0,43,0.0,0.0,1.0,43,950,700,250,0.7368421052631579,12,7,5,324.4988363411635,0.7416020671834626,0.16318098621877697,0.233639162165638,138774.538964902,406.43528157844287,139180.97424648044,1845,50,706.9302325581396,40,3,16,28.03759162808644,0.7,36.585365853658544,1053.658536585367,26.341463414634177,0
1854,4,0,0,43,0.0,0.0,1.0,43,1050,900,150,0.8571428571428571,12,9,3,323.1390134337363,0.7419250645994832,0.16086897049689086,0.2332132712819262,138854.8599234087,373.8844892259889,139228.74441263467,1846,51,707.9302325581396,40,3,16,27.994728891460163,0.70078125,36.50914634146341,1053.9634146341464,26.34908536585366,0
1855,4,0,0,43,0.0,0.0,1.0,43,800,600,200,0.75,10,6,4,323.13639618441135,0.7419250645994832,0.14272135045066703,0.22920757807487838,138266.37919104056,335.7798970520378,138602.1590880926,1847,52,708.9302325581396,40,3,15,28.571802428576028,0.6950520833333332,37.06808943089432,1051.7276422764241,26.293191056910604,1
1856,4,0,0,43,0.0,0.0,1.0,43,1150,900,250,0.782608695652174,14,9,5,324.8339574995524,0.7415097822074566,0.1419793166821317,0.23077256651186465,138319.8258002017,386.19528306564837,138706.02108326735,1848,53,709.9302325581396,40,3,15,28.474704537403802,0.6955729166666667,37.01727642276423,1051.9308943089438,26.298272357723597,0
1857,4,0,0,43,0.0,0.0,1.0,43,900,800,100,0.8888888888888888,10,8,2,325.89902022305904,0.7405869324473975,0.14711286722302863,0.2319788596299169,138386.01210159983,419.97315129754696,138805.98525289737,1849,54,710.9302325581396,41,2,15,28.38173360990634,0.6946138211382114,36.954365079365076,1052.182539682539,25.662988772744857,0
1858,4,0,0,43,0.0,0.0,1.0,43,800,500,300,0.625,11,5,6,325.19522156064903,0.7407715023994094,0.1492564146976214,0.2316551857013973,138412.10912895258,402.19129897329685,138814.3004279259,1850,55,711.9302325581396,41,2,15,28.37463860343799,0.6948678861788617,36.929563492063494,1052.2817460317465,25.665408439798696,0
1859,4,0,0,43,0.0,0.0,1.0,43,900,700,200,0.7777777777777778,11,7,4,327.1137342201131,0.7395256552233296,0.1543958091313593,0.233558325711669,138490.41497386,460.4233591584884,138950.83833301847,1851,56,712.9302325581396,41,2,15,28.247329563305062,0.6956300813008129,36.855158730158735,1052.5793650793657,25.67266744096014,0
1860,4,0,0,43,0.0,0.0,1.0,43,750,500,250,0.6666666666666666,10,5,5,326.42065422966897,0.7395256552233296,0.10440554263943169,0.21845728865807124,136243.06097767552,295.1397012993788,136538.20067897488,1852,57,713.9302325581396,40,3,14,30.479371491612334,0.6752604166666667,38.998983739837406,1044.0040650406518,26.100101626016293,4
1861,4,0,0,43,0.0,0.0,1.0,43,1050,800,250,0.7619047619047619,13,8,5,326.03427001165807,0.7367109634551495,0.1005927065423946,0.2193476633324506,136428.79569039601,296.09256229758773,136724.8882526936,1853,58,714.9302325581396,40,3,15,30.305812256809347,0.6770833333333333,38.82113821138212,1044.7154471544723,26.117886178861806,0
1862,4,0,0,43,0.0,0.0,1.0,43,1500,1100,400,0.7333333333333333,19,11,8,327.5788491064337,0.7368032484311554,0.09370179541578638,0.22071859282518697,136481.88598882945,341.71582721925404,136823.6018160487,1854,59,715.9302325581396,40,3,16,30.212993581015358,0.6776041666666666,38.770325203252035,1044.9186991869922,26.122967479674806,0
1863,4,0,0,43,0.0,0.0,1.0,43,1200,1000,200,0.8333333333333334,14,10,4,332.05864273173233,0.7367109634551495,0.09162134967383073,0.22424314776729273,136561.5408011931,469.28797755965604,137030.82877875277,1855,60,716.9302325581396,40,3,17,30.01721763085399,0.6783854166666667,38.69410569105691,1045.2235772357726,26.130589430894315,0
1864,4,0,0,43,0.0,0.0,1.0,43,1350,1200,150,0.8888888888888888,15,12,3,329.2319173854043,0.7350959763750461,0.08897287010060428,0.22300639881358952,136667.7833651431,399.07927242382493,137066.86263756693,1856,61,717.9302325581396,40,3,17,29.986109761233685,0.6794270833333333,38.59247967479675,1045.6300813008131,26.14075203252033,0
1865,4,0,0,43,0.0,0.0,1.0,43,1050,700,350,0.6666666666666666,14,7,7,330.9988446193537,0.7360188261351052,0.09393613463606854,0.2247124082336667,136747.49239870446,452.6523977130005,137200.14479641747,1857,62,718.9302325581396,40,3,17,29.861178585308974,0.6802083333333333,38.516260162601625,1045.9349593495933,26.148373983739834,0
1866,4,0,0,43,0.0,0.0,1.0,43,850,400,450,0.47058823529411764,13,4,9,325.0082680772149,0.7357419712070875,0.06588316344336498,0.2157331725102445,135951.44775761792,254.00916699716336,136205.45692461508,1858,63,719.9302325581396,40,3,13,30.804789514714468,0.6723958333333333,39.27845528455285,1042.8861788617892,26.072154471544728,5
1867,4,0,0,43,0.0,0.0,1.0,43,900,800,100,0.8888888888888888,10,8,2,325.8744486526951,0.7337117017349575,0.06846526121743657,0.21744020228814356,136136.98365928038,272.71289824180406,136409.69655752217,1859,64,720.9302325581396,40,3,15,30.598565261141943,0.6742187499999999,39.10060975609757,1043.5975609756113,26.089939024390283,0
1868,4,0,0,43,0.0,0.0,1.0,43,850,500,350,0.5882352941176471,12,5,7,325.57921422055284,0.7330195644149132,0.06949123378975552,0.21773109950999472,136216.53777513388,269.8546665344687,136486.39244166834,1860,65,721.9302325581396,40,3,15,30.527566848390443,0.675,39.02439024390244,1043.9024390243903,26.09756097560976,0
1869,4,0,0,43,0.0,0.0,1.0,43,1150,800,350,0.6956521739130435,15,8,7,326.78533747834854,0.7316814322628276,0.07124564989228266,0.21893161533797717,136280.32412328362,306.8823420571961,136587.2064653408,1861,66,722.9302325581396,41,2,15,30.432996832937437,0.6740345528455285,38.96329365079365,1044.1468253968258,25.466995741385993,0
1870,4,0,0,43,0.0,0.0,1.0,43,1050,700,350,0.6666666666666666,14,7,7,323.9588048890902,0.7310354374307863,0.0779317169717959,0.21751519756838908,136358.02469135795,234.8765432098702,136592.9012345678,1862,67,723.9302325581396,41,2,15,30.4299645390071,0.6747967479674797,38.888888888888886,1044.444444444444,25.474254742547412,0
1871,4,0,0,43,0.0,0.0,1.0,43,850,500,350,0.5882352941176471,12,5,7,323.2139761051976,0.7304355850867479,0.0799121805334988,0.21717421534215844,136383.92980166597,216.2384456097161,136600.1682472757,1863,68,724.9302325581396,41,2,15,30.42380963687592,0.6750508130081301,38.8640873015873,1044.5436507936502,25.476674409601223,0
1872,4,0,0,43,0.0,0.0,1.0,43,850,600,250,0.7058823529411765,11,6,5,323.97589023422415,0.7308970099667774,0.08078265650149352,0.21832617094287154,136487.5748476473,243.73671343536745,136731.31156108266,1864,69,725.9302325581396,41,2,16,30.301492926991354,0.6760670731707317,38.76488095238095,1044.9404761904757,25.48635307781648,0
1873,4,0,0,43,0.0,0.0,1.0,43,1050,800,250,0.7619047619047619,13,8,5,325.1006108620259,0.7298357327427094,0.07775486685417299,0.2192451878886414,136513.49226033,276.12394494833995,136789.61620527835,1865,70,726.9302325581396,41,2,16,30.24650338586165,0.6763211382113821,38.74007936507936,1045.039682539682,25.488772744870293,0
1874,4,0,0,43,0.0,0.0,1.0,43,1700,1600,100,0.9411764705882353,18,16,2,323.61358960403186,0.7275747508305648,0.07300458761146311,0.21904711758746886,136643.11623086725,243.9138676303754,136887.03009849763,1866,71,727.9302325581396,41,2,17,30.157332289591032,0.6775914634146343,38.61607142857142,1045.5357142857135,25.500871080139355,0
1875,4,0,0,43,0.0,0.0,1.0,43,750,500,250,0.6666666666666666,10,5,5,323.61358960403186,0.7272517534145441,0.07300458761146311,0.21904711758746886,136643.11623086725,243.9138676303754,136887.03009849763,1867,72,728.9302325581396,41,2,17,30.157332289591032,0.6775914634146343,38.61607142857142,1045.5357142857135,25.500871080139355,0
1876,4,0,0,43,0.0,0.0,1.0,43,1350,1000,350,0.7407407407407407,17,10,7,318.8118324151694,0.7272517534145441,0.06373025921236786,0.20528658581714748,134859.73816609953,-1.0239512471866874,134858.71421485234,1868,73,729.9302325581396,41,2,13,32.0487106017192,0.6600609756097562,40.32738095238094,1038.6904761904743,25.333914053426202,3
1877,4,0,0,43,0.0,0.0,1.0,43,1400,1000,400,0.7142857142857143,18,10,8,324.89709940798537,0.7251291989664083,0.05617084744558887,0.21039998810858274,135065.90628149392,176.50423595362423,135242.41051744754,1869,74,730.9302325581396,41,2,14,31.68583381052363,0.6620934959349594,40.128968253968246,1039.4841269841259,25.35327138985673,0
1878,4,0,0,43,0.0,0.0,1.0,43,950,600,350,0.631578947368421,13,6,7,324.05212435481025,0.7239294942783314,0.05481822659442792,0.21045318262001986,135169.0493905896,160.36352040816442,135329.41291099775,1870,75,731.9302325581396,41,2,14,31.605371112383143,0.663109756097561,40.029761904761905,1039.8809523809525,25.362950058072013,0
1879,4,0,0,43,0.0,0.0,1.0,43,950,700,250,0.7368421052631579,12,7,5,321.89291466861516,0.7230989294942783,0.049426090428186464,0.20950013720052318,135246.43255739787,106.97367488661288,135353.4062322845,1871,76,732.9302325581396,41,2,14,31.584704339532664,0.6638719512195121,39.95535714285714,1040.1785714285706,25.37020905923343,0
1880,4,0,0,43,0.0,0.0,1.0,43,1400,1000,400,0.7142857142857143,18,10,8,321.4736645641807,0.7240679217423404,0.044724595201617534,0.20982808136986256,135349.64455979146,102.26924681909276,135451.91380661054,1872,77,733.9302325581396,41,2,15,31.493211141831125,0.6648882113821138,39.85615079365079,1040.5753968253964,25.379887727448693,0
1881,4,0,0,43,0.0,0.0,1.0,43,700,500,200,0.7142857142857143,9,5,4,320.75706720033884,0.7249907715023994,0.050324056423941776,0.2098119170240621,135427.07939657345,87.83856135046614,135514.91795792393,1873,78,734.9302325581396,41,2,15,31.43506163426102,0.665650406504065,39.78174603174603,1040.873015873016,25.387146728610144,0
1882,4,0,0,43,0.0,0.0,1.0,43,1000,600,400,0.6,14,6,8,322.1832620939914,0.7229143595422665,0.05487282080594458,0.21150454672924504,135556.1866673753,134.78688350340033,135690.9735508787,1874,79,735.9302325581396,41,2,15,31.26994617509764,0.666920731707317,39.657738095238095,1041.3690476190477,25.399245063879214,0
1883,4,0,0,43,0.0,0.0,1.0,43,1150,1000,150,0.8695652173913043,13,10,3,322.4422763298021,0.7240217792543374,0.05866339429890366,0.2119800538000369,135607.84679902042,145.1405620118353,135752.98736103225,1875,80,736.9302325581396,41,2,17,31.212000349239613,0.6674288617886179,39.60813492063492,1041.5674603174596,25.404084397986818,0
1884,4,0,0,43,0.0,0.0,1.0,43,1450,1300,150,0.896551724137931,16,13,3,323.82554264293486,0.7242986341823551,0.056010575051646194,0.21350531540356252,135711.1965880105,189.35037556691884,135900.54696357742,1876,81,737.9302325581396,41,2,17,31.0735623155289,0.6684451219512194,39.508928571428584,1041.9642857142878,25.413763066202144,0
1885,4,0,0,43,0.0,0.0,1.0,43,1450,1100,350,0.7586206896551724,18,11,7,324.4428209308384,0.7230989294942783,0.06395736175882738,0.21453245560228568,135814.58574459876,212.813464506172,136027.39920910494,1877,82,738.9302325581396,41,2,18,30.955057739284918,0.6694613821138211,39.40972222222222,1042.361111111111,25.423441734417345,0
1886,4,0,0,43,0.0,0.0,1.0,43,1050,900,150,0.8571428571428571,12,9,3,324.86407596962897,0.7235603543743079,0.06978735834401095,0.2151226574899075,135866.29508574266,227.61568168934977,136093.910767432,1878,83,739.9302325581396,41,2,14,30.89286563897612,0.6699695121951219,39.36011904761905,1042.559523809524,25.428281068524978,0
1887,4,0,0,43,0.0,0.0,1.0,43,1150,800,350,0.6956521739130435,15,8,7,342.3508876573725,0.7230527870062754,0.07524365289175239,0.21971740484745841,134739.97531467,631.028944781028,135371.00425945103,1879,84,740.9302325581396,39,4,18,31.556741413330656,0.6621260683760685,40.44270833333333,1038.2291666666656,26.621260683760656,2
1888,4,1,0,44,0.022727272727272728,0.0,1.0,44,1250,1000,250,0.8,15,10,5,339.3159063618224,0.7294309372797745,0.08057023137183483,0.21989433412279086,135091.68836805524,367.7517361110771,135459.4401041663,1880,0,725.0681818181819,41,3,15,31.285487641950542,0.6623475609756099,40.10416666666665,1039.5833333333308,25.355691056910505,0
1889,4,0,0,44,0.0,0.0,1.0,44,850,500,350,0.5882352941176471,12,5,7,338.94513722976586,0.7299374559548979,0.0771079111727968,0.21981095533217437,135117.47291509158,359.48207986894715,135476.95499496054,1881,1,726.0681818181819,41,3,15,31.26948155216285,0.6626016260162603,40.07936507936506,1039.6825396825366,25.358110723964305,0
1890,4,0,0,44,0.0,0.0,1.0,44,1100,800,300,0.7272727272727273,14,8,6,340.91592268067603,0.7283958773784356,0.07874336651520952,0.22172224152507472,135220.6357079867,419.77355757115674,135640.40926555786,1882,2,727.0681818181819,41,3,15,31.115668319979658,0.663617886178862,39.98015873015872,1040.0793650793635,25.367789392179596,0
1891,4,0,0,44,0.0,0.0,1.0,44,1100,900,200,0.8181818181818182,13,9,4,341.06803356424683,0.729739252995067,0.07988839588131702,0.22219092283651407,135280.63217354717,427.9798389519784,135708.61201249916,1883,3,728.0681818181819,42,2,15,31.052067809239926,0.6626984126984128,39.922480620155035,1040.3100775193793,24.769287559985223,0
1892,4,0,0,44,0.0,0.0,1.0,44,900,700,200,0.7777777777777778,11,7,4,339.78358626394436,0.7291446441155743,0.0767696991759601,0.22170677231996555,135337.91394054177,397.1203512396687,135735.03429178143,1884,4,729.0681818181819,43,1,15,31.028546292925597,0.6618217054263567,39.86742424242424,1040.530303030303,24.198379140239606,0
1893,4,0,0,44,0.0,0.0,1.0,44,1300,900,400,0.6923076923076923,17,9,8,342.8632160732397,0.7293868921775899,0.08335538994714731,0.22417665721957034,135411.82532892848,485.5467853248394,135897.37211425332,1885,5,730.0681818181819,43,1,15,30.874977254117002,0.6625484496124031,39.796401515151516,1040.8143939393938,24.2049859055673,0
1894,4,0,1,43,0.0,0.022727272727272728,0.9772727272727273,44,1700,1600,100,0.9411764705882353,18,16,2,339.10478722494815,0.728704193093728,0.0801592024996276,0.2227881989187564,135584.36370092983,395.4613607667633,135979.82506169658,1886,6,731.0681818181819,43,1,16,30.801433593986786,0.6642441860465116,39.63068181818182,1041.4772727272732,24.220401691331936,0
1895,4,0,0,43,0.0,0.0,1.0,43,700,300,400,0.42857142857142855,11,3,8,340.15225688642164,0.7282207456626061,0.0699275581828096,0.22346922108895223,135583.2169040322,623.7874451655516,136207.00434919773,1887,7,716.7674418604652,42,1,16,30.7752992804863,0.6656746031746033,39.63178294573643,1041.472868217054,24.796973052787,0
1896,4,0,0,43,0.0,0.0,1.0,43,1100,800,300,0.7272727272727273,14,8,6,337.09756306973844,0.7279900332225914,0.07217825398758082,0.22257761785340008,135762.88624535437,553.077011184359,136315.96325653873,1888,8,717.7674418604652,41,2,17,30.67656274789783,0.6689532520325204,39.459325396825385,1042.1626984126963,25.418602400309666,0
1897,4,0,0,43,0.0,0.0,1.0,43,850,700,150,0.8235294117647058,10,7,3,334.76709209487217,0.7266057585825028,0.06968113709843426,0.22168036363106533,135866.29508574237,496.71290391154236,136363.0079896539,1889,9,718.7674418604652,41,2,13,30.634753544580835,0.6699695121951219,39.36011904761904,1042.5595238095218,25.42828106852492,0
1898,4,0,0,43,0.0,0.0,1.0,43,1200,800,400,0.6666666666666666,16,8,8,336.45175246554527,0.7255906238464378,0.07398853137942041,0.2232816175453161,135943.8775510202,547.7111678004367,136491.58871882065,1890,10,719.7674418604652,41,2,13,30.51393645357686,0.6707317073170732,39.28571428571428,1042.8571428571413,25.435540069686372,0
1899,4,0,0,43,0.0,0.0,1.0,43,950,700,250,0.7368421052631579,12,7,5,336.46528901103096,0.7257751937984496,0.0775916417989686,0.22345291114169077,135969.74329372935,549.8197948160546,136519.5630885454,1891,11,720.7674418604652,41,2,13,30.487947461872587,0.6709857723577237,39.26091269841269,1042.9563492063478,25.43795973674019,0
1900,4,0,0,43,0.0,0.0,1.0,43,1250,900,350,0.72,16,9,7,337.74534443356896,0.7254521963824289,0.07141956673191152,0.2246294937836162,136021.48216057228,588.1244685373894,136609.60662910968,1892,12,721.7674418604652,41,2,13,30.403292914883508,0.6714939024390245,39.21130952380951,1043.1547619047597,25.442799070847798,0
1901,4,0,0,43,0.0,0.0,1.0,43,950,800,150,0.8421052631578947,11,8,3,338.03640192284286,0.7251753414544112,0.07137944988291367,0.2251506547829344,136073.23086931513,599.5410722159063,136672.77194153104,1893,13,722.7674418604652,41,2,14,30.344422522265543,0.6720020325203253,39.16170634920634,1043.353174603173,25.44763840495544,0
1902,4,0,0,43,0.0,0.0,1.0,43,800,600,200,0.75,10,6,4,337.9360696265675,0.7246216315983758,0.07159784242638634,0.22557661500453555,136150.872385991,602.0581380700023,136752.93052406103,1894,14,723.7674418604652,41,2,14,30.27012040557668,0.6727642276422765,39.08730158730157,1043.6507936507903,25.45489740611684,0
1903,4,0,1,42,0.0,0.023255813953488372,0.9767441860465116,43,1050,900,150,0.8571428571428571,12,9,3,338.0845019397875,0.7247600590623846,0.07719966673222967,0.2261705793968455,136228.53604694176,611.3513518833256,136839.88739882509,1895,15,724.7674418604652,41,2,15,30.189327346447445,0.6735264227642277,39.012896825396815,1043.9484126984114,25.46215640727833,0
1904,4,0,0,42,0.0,0.0,1.0,42,800,600,200,0.75,10,6,4,343.53235287869705,0.724157955865273,0.0767417277494189,0.22956543893409845,136190.01715455402,957.1354063388001,137147.15256089284,1896,16,738.2857142857143,40,2,15,30.085313017232963,0.6747395833333334,39.04979674796747,1043.800813008129,26.095020325203222,0
1905,4,0,0,42,0.0,0.0,1.0,42,1050,1000,50,0.9523809523809523,11,10,1,343.7096598589038,0.7234804490902051,0.0819467419156048,0.23071875730698582,136349.17960745917,972.9060289840728,137322.08563644325,1897,17,739.2857142857143,40,2,15,29.923007687068214,0.6763020833333333,38.89735772357724,1044.410569105691,26.110264227642272,0
1906,4,0,0,42,0.0,0.0,1.0,42,1150,1100,50,0.9565217391304348,12,11,1,342.27915212208586,0.7235772357723578,0.08382675895810698,0.22993105395495414,136375.71571980973,935.712869323821,137311.42858913355,1898,18,740.2857142857143,40,2,15,29.93408250632418,0.6765625,38.8719512195122,1044.512195121952,26.1128048780488,0
1907,4,0,0,42,0.0,0.0,1.0,42,950,600,350,0.631578947368421,13,6,7,341.4420506933838,0.7224883855981417,0.08262814901274229,0.2298864258794159,136455.3395486319,918.3181927093831,137373.65774134127,1899,19,741.2857142857143,40,2,17,29.877119605745225,0.6773437499999999,38.79573170731708,1044.8170731707328,26.120426829268318,0
1908,4,0,0,42,0.0,0.0,1.0,42,750,500,250,0.6666666666666666,10,5,5,339.8858732243573,0.7213753387533876,0.08177503559563348,0.22938486062899466,136539.41213348781,881.5634645061896,137420.975597994,1900,20,742.2857142857143,41,1,17,29.83457918050942,0.6765752032520325,38.715277777777786,1045.13888888889,25.491192411924146,0
1909,4,0,0,42,0.0,0.0,1.0,42,1300,1100,200,0.8461538461538461,15,11,4,338.860119329052,0.7206494386372435,0.07992761579439644,0.22936716747648583,136643.1162308675,860.5805342970715,137503.69676516458,1901,21,743.2857142857143,41,1,18,29.758812505930365,0.677591463414634,38.61607142857144,1045.5357142857156,25.500871080139405,0
1910,4,0,0,42,0.0,0.0,1.0,42,750,200,550,0.26666666666666666,13,2,11,339.61667668842614,0.7207704219899341,0.08126863648685267,0.23004882855372852,136669.04840639976,883.0176051902404,137552.06601159,1902,22,744.2857142857143,41,1,18,29.713393421884874,0.6778455284552845,38.59126984126985,1045.634920634922,25.503290747193223,0
1911,4,0,0,42,0.0,0.0,1.0,42,1050,800,250,0.7619047619047619,13,8,5,338.0648368415996,0.7217624854819977,0.07255193744164345,0.22988408905228744,136804.73372781047,849.8035230693015,137654.53725087977,1903,23,745.2857142857143,38,4,20,29.619842728758165,0.6842105263157896,38.46153846153845,1046.1538461538448,27.530364372469602,0
1912,4,0,0,42,0.0,0.0,1.0,42,750,600,150,0.8,9,6,3,335.68079943257504,0.7213753387533876,0.07121464064490435,0.22862710359128216,136860.62372160118,788.2967163415756,137648.92043794275,1904,24,746.2857142857143,38,4,20,29.626982506296383,0.6847587719298246,38.40811965811965,1046.3675213675203,27.53598740440843,0
1913,4,0,0,42,0.0,0.0,1.0,42,1000,800,200,0.8,12,8,4,336.752353149201,0.7210123886953155,0.07632366952497671,0.2297232626357641,136916.52512966606,821.3924044853461,137737.9175341514,1905,25,747.2857142857143,38,4,20,29.54373383694026,0.6853070175438596,38.35470085470085,1046.5811965811959,27.54161043634726,0
1914,4,0,0,42,0.0,0.0,1.0,42,1250,1100,150,0.88,14,11,3,335.71508981112896,0.7211575687185443,0.07034858109164266,0.2300575186006326,137075.2075195313,803.6431206597222,137878.85064019103,1906,26,748.2857142857143,39,3,16,29.414208859710193,0.6850961538461539,38.203125,1047.1875000000005,26.85096153846155,0
1915,4,0,0,42,0.0,0.0,1.0,42,1250,900,350,0.72,16,9,7,334.7927417676622,0.7212301587301587,0.07082256247100172,0.23032458253756122,137211.59396701382,787.4891493055503,137999.08311631938,1907,27,749.2857142857143,39,3,16,29.303788029429313,0.6864316239316239,38.072916666666664,1047.7083333333328,26.864316239316224,0
1916,4,0,0,42,0.0,0.0,1.0,42,750,400,350,0.5333333333333333,11,4,7,341.5364143896625,0.7211333720480062,0.10908821117968648,0.21891166113926436,134693.02002779697,822.6821894717555,135515.70221726873,1908,28,750.2857142857143,37,5,20,31.62465670222879,0.665259009009009,40.487938596491226,1038.0482456140348,28.05535798956851,4
1917,4,0,1,41,0.0,0.023809523809523808,0.9761904761904762,42,950,600,350,0.631578947368421,13,6,7,343.8343887365419,0.720359078590786,0.1120186433775281,0.22107640839944248,134806.86515322016,870.2472154893709,135677.11236870952,1909,29,751.2857142857143,37,5,15,31.451602259529075,0.6663851351351353,40.378289473684205,1038.4868421052627,28.067211948790884,0
1918,4,0,0,41,0.0,0.0,1.0,41,900,700,200,0.7777777777777778,11,7,4,346.106623776265,0.7144308943089431,0.11353030603476766,0.22311904991866136,134901.51627556604,1138.0616680870048,136039.57794365304,1910,30,766.0731707317074,36,5,15,31.2983288166215,0.6692708333333334,40.28716216216216,1038.851351351351,28.856981981981974,0
1919,4,0,1,40,0.0,0.024390243902439025,0.975609756097561,41,1350,1100,250,0.8148148148148148,16,11,5,346.58468628581636,0.713719512195122,0.11243088373666588,0.22396943172587647,134989.27136596062,1157.0428536644883,136146.3142196251,1911,31,767.0731707317074,36,5,15,31.198526224534042,0.6701388888888888,40.20270270270271,1039.1891891891898,28.866366366366385,0
1920,4,0,0,40,0.0,0.0,1.0,40,700,500,200,0.7142857142857143,9,5,4,352.7375485913364,0.7140758547008547,0.1120306406685243,0.22726629566455442,134881.2066642018,1515.533237954388,136396.7399021562,1912,32,775.35,35,5,16,31.146355617455907,0.6711309523809523,40.30671296296296,1038.7731481481478,29.679232804232793,0
1921,4,0,0,40,0.0,0.0,1.0,40,950,700,250,0.7368421052631579,12,7,5,366.52852729426945,0.7154647435897435,0.10373982450576147,0.23346756496138046,134465.47405211243,1857.0864352493306,136322.56048736177,1913,33,776.35,37,3,16,31.203417380272754,0.6630067567567566,40.707236842105274,1037.1710526315808,28.031650071123806,3
1922,4,1,0,41,0.024390243902439025,0.0,1.0,41,750,400,350,0.5333333333333333,11,4,7,358.97499708356787,0.7208333333333333,0.11035785230425788,0.23066957826533674,134784.5538739755,1476.911069949675,136261.46494392518,1914,0,758.390243902439,36,5,14,31.080775765462896,0.6681134259259258,40.399774774774784,1038.4009009009021,28.8444694694695,0
1923,4,0,0,41,0.0,0.0,1.0,41,1000,600,400,0.6,14,6,8,357.2231120975188,0.7202743902439024,0.11144990122784182,0.229914079754042,134843.02873397068,1433.8092738008509,136276.83800777153,1915,1,759.390243902439,36,5,14,31.067937041454332,0.6686921296296295,40.34346846846848,1038.626126126128,28.850725725725777,0
1924,4,0,0,41,0.0,0.0,1.0,41,650,400,250,0.6153846153846154,9,4,5,355.49610524437537,0.71875,0.1129892720995278,0.22935713755137135,134930.7648019643,1393.4722729486464,136324.23707491296,1916,2,760.390243902439,36,5,14,31.02531794204784,0.6695601851851851,40.25900900900902,1038.9639639639654,28.86011011011015,0
1925,4,0,0,41,0.0,0.0,1.0,41,1100,900,200,0.8181818181818182,13,9,4,355.7932311417327,0.7174288617886179,0.11939899145826893,0.23039069885407315,135063.1925207758,1410.913935056963,136474.10645583278,1917,3,761.390243902439,37,4,15,30.885636427566816,0.6689189189189189,40.13157894736843,1039.4736842105278,28.093883357041292,0
1926,4,0,0,41,0.0,0.0,1.0,41,1050,800,250,0.7619047619047619,13,8,5,356.71730622563985,0.7166666666666667,0.11741050996847746,0.2320864449147063,135234.21269044312,1448.07681209602,136682.28950253915,1918,4,762.390243902439,37,4,16,30.691281889099724,0.6706081081081081,39.96710526315789,1040.1315789473679,28.111664295874807,0
1927,4,0,0,41,0.0,0.0,1.0,41,950,600,350,0.631578947368421,13,6,7,356.72702437883595,0.7166158536585366,0.1170671595810222,0.23251725323969938,135300.0184911244,1453.0345989480734,136753.0530900725,1919,5,763.390243902439,38,3,16,30.625513452454296,0.669407894736842,39.90384615384616,1040.3846153846166,27.37854251012149,0
1928,4,0,1,40,0.0,0.024390243902439025,0.975609756097561,41,1000,800,200,0.8,12,8,4,358.18692928007573,0.7168191056910569,0.12269972437998011,0.23437308609642568,135438.99441385423,1502.4955027759574,136941.4899166302,1920,6,764.390243902439,38,3,17,30.449211399637367,0.6707785087719298,39.77029914529915,1040.9188034188037,27.392600089968518,0
1929,4,0,0,40,0.0,0.0,1.0,40,900,700,200,0.7777777777777778,11,7,4,361.8654079940945,0.7165331196581196,0.11420185321680543,0.23750074497027707,135548.0307041587,1810.0286867112645,137358.05939086998,1921,7,762.75,37,3,18,30.244967709101115,0.673704954954955,39.66557017543858,1041.3377192982434,28.144262683736308,0
1930,4,0,0,40,0.0,0.0,1.0,40,850,600,250,0.7058823529411765,11,6,5,362.2400000000001,0.7169871794871795,0.11560000000000037,0.23831578947368404,135633.68055555536,1826.44299207446,137460.12354762983,1922,8,763.75,35,5,19,30.15,0.6785714285714286,39.58333333333332,1041.6666666666652,29.76190476190472,0
1931,4,0,0,40,0.0,0.0,1.0,40,900,600,300,0.6666666666666666,12,6,6,361.261672731188,0.7182692307692308,0.11884997838305278,0.23806217921003905,135692.33929875804,1804.0882943754368,137496.42759313347,1923,9,764.75,36,4,19,30.11713683527885,0.6770833333333335,39.52702702702702,1041.8918918918905,28.941441441441402,0
1932,4,0,0,40,0.0,0.0,1.0,40,800,500,300,0.625,11,5,6,361.7576844266123,0.7169337606837607,0.12294727744165956,0.2391735090751944,135809.694829965,1826.0401448745936,137635.7349748396,1924,10,765.75,36,4,19,29.987530610774993,0.6782407407407408,39.41441441441441,1042.3423423423417,28.953953953953935,0
1933,4,0,0,40,0.0,0.0,1.0,40,1450,1200,250,0.8275862068965517,17,12,5,363.5107467485672,0.7145566239316239,0.11550421075361683,0.24152342441787863,135985.82323877924,1886.461630549457,137872.2848693287,1925,11,766.75,36,4,17,29.76678903044697,0.6799768518518519,39.24549549549549,1043.0180180180175,28.972722722722708,0
1934,4,0,0,40,0.0,0.0,1.0,40,750,500,250,0.6666666666666666,10,5,5,362.28230684579955,0.7146634615384615,0.11702742092194729,0.24090603074749764,136015.18906998212,1855.1792924681424,137870.36836245027,1926,12,767.75,36,4,17,29.76964806218289,0.6802662037037037,39.21734234234234,1043.1306306306305,28.975850850850847,0
1935,4,0,0,40,0.0,0.0,1.0,40,1050,800,250,0.7619047619047619,13,8,5,359.48146687639746,0.7140758547008547,0.11488127361036193,0.23943894972033228,136073.9302435882,1783.2112095203338,137857.14145310852,1927,13,768.75,36,4,17,29.784358697607487,0.6808449074074074,39.16103603603604,1043.355855855856,28.982107107107108,0
1936,4,0,0,40,0.0,0.0,1.0,40,1050,800,250,0.7619047619047619,13,8,5,358.88403608538647,0.7136752136752137,0.11805135951661683,0.23963524830254768,136162.06578199822,1773.2783459134835,137935.3441279117,1928,14,769.75,36,4,18,29.71245144583513,0.681712962962963,39.07657657657658,1043.6936936936938,28.991491491491495,0
1937,4,0,0,40,0.0,0.0,1.0,40,600,300,300,0.5,9,3,6,359.8004831588573,0.7143963675213675,0.1126388739078854,0.24084550753543432,136250.2298540094,1804.579706395587,138054.809560405,1929,15,770.75,36,4,18,29.601040880163954,0.6825810185185186,38.99211711711712,1044.0315315315315,29.000875875875877,0
1938,4,0,0,40,0.0,0.0,1.0,40,1200,1000,200,0.8333333333333334,14,10,4,358.28456303655,0.7129273504273504,0.11027382492453652,0.2408295367193506,136397.23338203074,1773.8046323350445,138171.0380143658,1930,16,771.75,36,4,18,29.49479840448469,0.6840277777777778,38.851351351351354,1044.594594594595,29.01651651651653,0
1939,4,0,0,40,0.0,0.0,1.0,40,1150,900,250,0.782608695652174,14,9,5,357.92457115489526,0.7126869658119658,0.1048509812152374,0.24103627127455804,136463.02377895117,1768.6938529162735,138231.71763186745,1931,17,772.75,37,3,18,29.438971385594847,0.682713963963964,38.78837719298245,1044.84649122807,28.239094357515402,0
1940,4,0,0,40,0.0,0.0,1.0,40,1400,900,500,0.6428571428571429,19,9,10,357.47423392969745,0.7126068376068376,0.10439571968107453,0.24132042477463717,136548.96218067096,1762.5471298861169,138311.50931055707,1932,18,773.75,37,3,18,29.365558120016793,0.6835585585585586,38.70614035087719,1045.1754385964912,28.247984826932193,0
1941,4,0,0,40,0.0,0.0,1.0,40,1450,1100,350,0.7586206896551724,18,11,7,357.17792132111146,0.7129273504273504,0.09435822147650974,0.24190686489475294,136663.58879655285,1762.643313327184,138426.23210988005,1933,19,774.75,37,3,18,29.259735039149884,0.6846846846846846,38.59649122807018,1045.61403508772,28.259838786154592,0
1942,4,0,0,40,0.0,0.0,1.0,40,850,600,250,0.7058823529411765,11,6,5,360.35526903249445,0.7129273504273504,0.09924343199201857,0.2413336957640786,136267.3761815203,1820.957446709056,138088.33362822933,1934,20,775.75,35,5,17,29.56954605919521,0.6848214285714285,38.97569444444446,1044.097222222224,29.831349206349255,1
1943,4,0,0,40,0.0,0.0,1.0,40,600,400,200,0.6666666666666666,8,4,4,360.35526903249445,0.7129273504273504,0.09924343199201857,0.2413336957640786,136267.3761815203,1820.9334008487913,138088.30958236908,1935,21,776.75,35,5,17,29.56954605919521,0.6848214285714285,38.97569444444446,1044.097222222224,29.831349206349255,0
1944,4,0,0,40,0.0,0.0,1.0,40,1150,800,350,0.6956521739130435,15,8,7,363.0895404424459,0.7114049145299145,0.09524376731301931,0.24399725260559002,136388.24755926352,1904.2292256087076,138292.4767848722,1936,22,777.75,35,5,17,29.378231763619567,0.6860119047619047,38.8599537037037,1044.560185185185,29.844576719576715,0
1945,4,0,0,40,0.0,0.0,1.0,40,1150,900,250,0.782608695652174,14,9,5,361.38443112738014,0.7096688034188035,0.08995347806823228,0.2434760182252231,136478.93625685878,1864.2725480109827,138343.20880486976,1937,23,778.75,35,5,17,29.332816422980365,0.6869047619047619,38.77314814814815,1044.907407407408,29.854497354497372,0
1946,4,0,0,40,0.0,0.0,1.0,40,900,500,400,0.5555555555555556,13,5,8,362.95846624209435,0.709508547008547,0.09473421926910275,0.24495627430240005,136539.4121334877,1911.627121913582,138451.0392554013,1938,24,779.75,35,5,17,29.23172757475083,0.6875,38.71527777777778,1045.1388888888891,29.861111111111118,0
1947,4,0,0,40,0.0,0.0,1.0,40,1450,1100,350,0.7586206896551724,18,11,7,361.3174219250756,0.7080128205128206,0.0941319751992915,0.24426788584036538,136599.90140603558,1871.1848422496516,138471.08624828522,1939,25,780.75,35,5,17,29.214644227930332,0.6880952380952381,38.657407407407405,1045.3703703703698,29.86772486772485,0
1948,4,0,0,40,0.0,0.0,1.0,40,1050,800,250,0.7619047619047619,13,8,5,361.3307285294322,0.7078525641025641,0.08665467625899281,0.24490796191023398,136690.66043220588,1878.1071834276318,138568.76761563352,1940,26,781.75,35,5,17,29.124354362663716,0.6889880952380953,38.57060185185185,1045.7175925925922,29.87764550264549,0
1949,4,0,0,40,0.0,0.0,1.0,40,1200,700,500,0.5833333333333334,17,7,10,363.6032578902029,0.706383547008547,0.08276548672566375,0.24751306109393317,136841.99245541837,1951.238854595331,138793.2313100137,1941,27,782.75,35,5,17,28.915007374631266,0.6904761904761905,38.425925925925924,1046.296296296296,29.89417989417989,0
1950,4,0,0,40,0.0,0.0,1.0,40,1200,900,300,0.75,15,9,6,364.34852544300696,0.70625,0.08425577794979544,0.2486644313646122,136932.83185710298,1978.255074374135,138911.08693147713,1942,28,783.75,35,5,17,28.805544804452783,0.6913690476190476,38.33912037037037,1046.643518518518,29.904100529100514,0
1951,4,0,0,40,0.0,0.0,1.0,40,1250,900,350,0.72,16,9,7,364.3694879139019,0.7048076923076924,0.08067038797391413,0.24954207094300287,137053.99794506593,1987.659009559321,139041.65695462524,1943,29,784.75,35,5,16,28.685038318411262,0.6925595238095239,38.223379629629626,1047.1064814814808,29.917328042328023,0
1952,4,0,0,40,0.0,0.0,1.0,40,1350,1100,250,0.8148148148148148,16,11,5,360.33455133666814,0.7027243589743589,0.08683033248646854,0.248069102148354,137235.84754640333,1890.1635105881205,139126.01105699144,1944,30,785.75,35,5,16,28.610796605176915,0.6943452380952382,38.04976851851851,1047.800925925925,29.937169312169285,0
1953,4,0,0,40,0.0,0.0,1.0,40,800,500,300,0.625,11,5,6,362.20970400448266,0.7038995726495727,0.09676217290493527,0.2502313721715177,137357.14759355702,1950.4183545524559,139307.56594810946,1945,31,786.75,35,5,16,28.44174395495196,0.6955357142857144,37.93402777777777,1048.2638888888882,29.95039682539681,0
1954,4,0,0,40,0.0,0.0,1.0,40,1450,1200,250,0.8275862068965517,17,12,5,358.22050805741554,0.7038194444444444,0.09583109631697662,0.24840711776163124,137487.52289028876,1850.1700602629467,139337.69295055172,1946,32,787.75,36,4,16,28.417489888686056,0.6947337962962964,37.809684684684676,1048.76126126126,29.132257257257223,0
1955,4,0,2,38,0.0,0.05,0.95,40,1000,700,300,0.7,13,7,6,356.55939470433185,0.7040064102564103,0.09297831221816666,0.2474660359371193,137517.05041189815,1806.5992512782818,139323.64966317642,1947,33,788.75,36,4,16,28.431885691790146,0.6950231481481483,37.78153153153152,1048.873873873872,29.135385385385334,0
1956,4,0,0,38,0.0,0.0,1.0,38,800,500,300,0.625,11,5,6,373.9067259871513,0.7036510194404931,0.09634179144624766,0.2582155860640678,137344.1485969386,2670.78018707481,140014.92878401343,1948,34,791.1578947368421,34,4,16,28.14806927881885,0.6976102941176472,37.94642857142856,1048.2142857142844,30.82983193277307,0
1957,4,0,0,38,0.0,0.0,1.0,38,1300,900,400,0.6923076923076923,17,9,8,374.6334663000378,0.701339497392129,0.09945403174261847,0.2601178464593875,137531.39349489775,2704.772534013581,140236.16602891134,1949,35,792.1578947368421,34,4,16,27.943763477471357,0.6994485294117647,37.76785714285713,1048.9285714285697,30.850840336134404,0
1958,4,0,0,38,0.0,0.0,1.0,38,1050,700,350,0.6666666666666666,14,7,7,386.1430510479448,0.7012505926979611,0.04870323751536798,0.25191770892024845,135332.4398255315,2897.5821623659704,138230.02198789746,1950,36,793.1578947368421,35,3,17,29.828049684834998,0.6755952380952381,39.87268518518518,1040.509259259259,29.728835978835967,7
1959,4,0,0,38,0.0,0.0,1.0,38,750,500,250,0.6666666666666666,10,5,5,385.050462849956,0.7016951161688004,0.048028583635225,0.2518370045388838,135422.77688025113,2828.9205836333945,138251.6974638845,1951,37,794.1578947368421,35,3,18,29.766322880759105,0.6764880952380953,39.785879629629626,1040.8564814814808,29.738756613756596,0
1960,4,0,0,38,0.0,0.0,1.0,38,950,500,450,0.5263157894736842,14,5,9,389.00150474466113,0.7008949739212897,0.05198801806650888,0.2550625026736858,135513.14407578867,2942.963391632363,138456.10746742104,1952,38,795.1578947368421,35,3,18,29.573328886912687,0.6773809523809524,39.69907407407407,1041.203703703703,29.74867724867723,0
1961,4,0,0,38,0.0,0.0,1.0,38,900,600,300,0.6666666666666666,12,6,6,390.62445493289323,0.6994428639165481,0.052786566928489265,0.2567735186224328,135603.54141214408,2994.01189021775,138597.55330236183,1953,39,796.1578947368421,35,3,19,29.4408869504019,0.6782738095238096,39.61226851851851,1041.550925925925,29.758597883597854,0
1962,4,0,0,38,0.0,0.0,1.0,38,1050,800,250,0.7619047619047619,13,8,5,388.5140834480616,0.6989687055476529,0.05624237103669705,0.25626705142583905,135726.7024518141,2946.350429478636,138673.05288129274,1954,40,797.1578947368421,34,4,19,29.37302448684259,0.6816789215686274,39.49404761904762,1042.0238095238099,30.647759103641466,0
1963,4,0,0,38,0.0,0.0,1.0,38,1150,800,350,0.6956521739130435,15,8,7,389.7058212742356,0.6986723565670934,0.05235811350919284,0.25794813884342277,135850.7812500001,2988.3680555555698,138839.14930555565,1955,41,798.1578947368421,34,4,19,29.218292033040246,0.6829044117647058,39.37500000000001,1042.5000000000007,30.661764705882373,0
1964,4,0,0,38,0.0,0.0,1.0,38,1200,800,400,0.6666666666666666,16,8,8,387.4708288019882,0.6973387861545757,0.05423539446653591,0.2575887254903658,136005.95946712018,2939.6683673469342,138945.6278344671,1956,42,799.1578947368421,34,4,18,29.12196606558625,0.6844362745098038,39.226190476190474,1043.095238095238,30.679271708683473,0
1965,4,0,0,38,0.0,0.0,1.0,38,650,500,150,0.7692307692307693,8,5,3,387.06009359088637,0.6962126600284495,0.050322228028132576,0.2575404404052346,136037.00573979603,2930.8992346938876,138967.9049744899,1957,43,800.1578947368421,34,4,18,29.101763094830535,0.6847426470588235,39.19642857142858,1043.2142857142865,30.68277310924372,0
1966,4,0,0,38,0.0,0.0,1.0,38,1300,900,400,0.6923076923076923,17,9,8,384.23121861513664,0.6940196775723092,0.04967825585862462,0.2567789119525548,136192.29024943314,2865.8659297052227,139058.15617913837,1958,44,801.1578947368421,34,4,18,29.021013914233574,0.6862745098039216,39.04761904761905,1043.809523809524,30.700280112044826,0
1967,4,0,0,38,0.0,0.0,1.0,38,750,500,250,0.6666666666666666,10,5,5,382.4910842150804,0.6932788051209103,0.048709268895811286,0.255840146261025,136223.3577806122,2820.8439625850247,139044.20174319722,1959,45,802.1578947368421,34,4,18,29.035522864636796,0.6865808823529411,39.01785714285714,1043.9285714285709,30.703781512605026,0
1968,4,0,0,38,0.0,0.0,1.0,38,1000,700,300,0.7,13,7,6,384.3990703238006,0.6939307728781413,0.05076238081236584,0.25756793321696386,136285.50347222228,2877.6041666666715,139163.10763888893,1960,46,803.1578947368421,34,4,18,28.923915935089124,0.6871936274509804,38.958333333333336,1044.166666666667,30.710784313725497,0
1969,4,0,0,38,0.0,0.0,1.0,38,1350,1100,250,0.8148148148148148,16,11,5,383.84539724418016,0.6944049312470365,0.04957034833866025,0.25855802391497834,136472.02558106574,2876.831774376418,139348.85735544216,1961,47,804.1578947368421,34,4,19,28.752943298773324,0.689031862745098,38.779761904761905,1044.8809523809523,30.731792717086833,0
1970,4,0,1,37,0.0,0.02631578947368421,0.9736842105263158,38,750,500,250,0.6666666666666666,10,5,5,383.0565440436806,0.6937529634898056,0.044067481609822545,0.25848219832125063,136534.22796201814,2860.0659013605427,139394.29386337867,1962,48,805.1578947368421,34,4,19,28.71174583285871,0.6896446078431373,38.720238095238095,1045.1190476190475,30.73879551820728,0
1971,4,0,0,37,0.0,0.0,1.0,37,800,600,200,0.75,10,6,4,381.9132738647794,0.695508008008008,0.054515738834153504,0.2581663169982009,136596.4445153062,3033.5990646258624,139630.04357993207,1963,49,819.1621621621622,34,3,19,28.6798200660517,0.6902573529411764,38.66071428571429,1045.3571428571436,30.74579831932775,0
1972,4,0,0,37,0.0,0.0,1.0,37,1100,900,200,0.8181818181818182,13,9,4,382.7204600512168,0.6959459459459459,0.053802723347724735,0.2589598438683629,136630.15106577944,3058.2308545524825,139688.3819203319,1964,50,820.1621621621622,35,2,19,28.62524908668216,0.688392857142857,38.62847222222223,1045.486111111112,29.871031746031772,0
1973,4,0,0,37,0.0,0.0,1.0,37,1200,1000,200,0.8333333333333334,14,10,4,378.71471935685355,0.6940690690690691,0.05135075327595762,0.25735516041708617,136781.44959919428,2960.229659636506,139741.6792588308,1965,51,821.1621621621622,35,2,19,28.579792727004495,0.6898809523809524,38.483796296296305,1046.0648148148161,29.887566137566175,0
1974,4,0,0,37,0.0,0.0,1.0,37,900,500,400,0.5555555555555556,13,5,8,380.7730788672882,0.6941941941941941,0.05267893709437743,0.2594249740798158,136872.2689070003,3023.455048653993,139895.7239556543,1966,52,822.1621621621622,35,2,19,28.435852413081157,0.6907738095238094,38.39699074074075,1046.412037037038,29.897486772486804,0
1975,4,0,0,37,0.0,0.0,1.0,37,850,600,250,0.7058823529411765,11,6,5,382.7324372994281,0.6930055055055055,0.05707864228266768,0.26121127777348907,136932.8318571031,3081.727296596372,140014.55915369946,1967,53,823.1621621621622,35,2,19,28.324509749714323,0.6913690476190476,38.339120370370374,1046.643518518519,29.904100529100543,0
1976,4,0,0,37,0.0,0.0,1.0,37,800,700,100,0.875,9,7,2,381.7992876852332,0.6918793793793794,0.058189075655359135,0.26125237189112094,137023.70139960563,3063.110318072705,140086.81171767833,1968,54,824.1621621621622,35,2,18,28.25880683911858,0.6922619047619047,38.25231481481482,1046.9907407407409,29.914021164021168,0
1977,4,0,0,37,0.0,0.0,1.0,37,750,500,250,0.6666666666666666,10,5,5,382.9621806416163,0.6906281281281281,0.054077945348663725,0.26295961569094317,137144.90767532593,3104.2625814472067,140249.17025677313,1969,55,825.1621621621622,35,2,18,28.108195211786374,0.6934523809523809,38.13657407407408,1047.4537037037048,29.92724867724871,0
1978,4,0,0,37,0.0,0.0,1.0,37,750,600,150,0.8,9,6,3,381.5242489492238,0.6894394394394394,0.05002970495072545,0.26265696013211604,137235.8475464036,3071.7607328103722,140307.60827921395,1970,56,826.1621621621622,35,2,19,28.055731985713766,0.694345238095238,38.049768518518526,1047.800925925927,29.937169312169342,0
1979,4,0,0,37,0.0,0.0,1.0,37,900,600,300,0.6666666666666666,12,6,6,380.9550937082495,0.6888763763763763,0.055868589437494176,0.26295193053520644,137326.81755829914,3063.070130315513,140389.88768861466,1971,57,827.1621621621622,35,2,19,27.980528563015316,0.6952380952380952,37.96296296296297,1048.148148148149,29.94708994708997,0
1980,4,0,0,37,0.0,0.0,1.0,37,750,500,250,0.6666666666666666,10,5,5,382.6370338966646,0.6878753753753754,0.056393333054847616,0.2645745231325183,137387.480977795,3113.9076431755893,140501.3886209706,1972,58,828.1621621621622,35,2,19,27.876370795613454,0.6958333333333333,37.905092592592595,1048.3796296296302,29.95370370370372,0
1981,4,0,0,37,0.0,0.0,1.0,37,1100,800,300,0.7272727272727273,14,8,6,381.75518617604456,0.6880630630630631,0.04875604080902085,0.2644267573971687,137448.15779321,3094.3094135802603,140542.46720679026,1973,59,829.1621621621622,35,2,19,27.839403973509935,0.6964285714285714,37.84722222222223,1048.6111111111122,29.96031746031749,0
1982,4,0,0,37,0.0,0.0,1.0,37,700,400,300,0.5714285714285714,10,4,6,381.94406779159556,0.6859359359359359,0.05287313132397564,0.26525356983871523,137539.19813368065,3106.4561631944543,140645.65429687512,1974,60,830.1621621621622,35,2,19,27.74433134723602,0.6973214285714284,37.76041666666667,1048.9583333333342,29.97023809523812,0
1983,4,0,0,37,0.0,0.0,1.0,37,850,500,350,0.5882352941176471,12,5,7,383.1203339515472,0.6873748748748749,0.053279042801486876,0.26700630806600145,137660.63214002494,3148.117471493495,140808.74961151843,1975,61,831.1621621621622,35,2,19,27.59330998860336,0.6985119047619047,37.64467592592593,1049.421296296297,29.98346560846563,0
1984,4,0,0,37,0.0,0.0,1.0,37,900,600,300,0.6666666666666666,12,6,6,380.1335348954395,0.6854354354354354,0.05662805662805703,0.26609347442680786,137812.50000000012,3077.43055555557,140889.93055555568,1976,62,832.1621621621622,35,2,19,27.52149470899472,0.7,37.50000000000001,1050.000000000001,30.000000000000025,0
1985,4,0,0,37,0.0,0.0,1.0,37,550,300,250,0.5454545454545454,8,3,5,380.1335348954395,0.6854354354354354,0.05662805662805703,0.26609347442680786,137812.50000000012,3077.43055555557,140889.93055555568,1977,63,833.1621621621622,35,2,19,27.52149470899472,0.7,37.50000000000001,1050.000000000001,30.000000000000025,0
1986,4,0,0,37,0.0,0.0,1.0,37,1000,600,400,0.6,14,6,8,383.1405584322398,0.684496996996997,0.05401620990885858,0.2687000479348848,137876.8457444251,3165.2423346789524,141042.08807910405,1978,64,834.1621621621622,33,4,19,27.3789381563594,0.7051767676767677,37.43872549019607,1050.2450980392148,31.825609031491357,0
1987,4,0,0,37,0.0,0.0,1.0,37,600,400,200,0.6666666666666666,8,4,4,394.0011788162215,0.6843093093093093,0.04744023611948123,0.25809290702231114,135478.71492346923,3275.754676870728,138754.46960033997,1979,65,835.1621621621622,34,3,20,29.47755860491709,0.6792279411764707,39.73214285714285,1041.0714285714273,30.619747899159627,4
1988,4,0,0,37,0.0,0.0,1.0,37,1100,800,300,0.7272727272727273,14,8,6,391.29147606852575,0.6847472472472472,0.04747339932525119,0.256983320769329,135571.68367346932,3209.608843537406,138781.29251700672,1980,66,836.1621621621622,34,3,20,29.45530406950159,0.6801470588235294,39.64285714285714,1041.4285714285709,30.63025210084032,0
1989,4,0,0,37,0.0,0.0,1.0,37,1050,700,350,0.6666666666666666,14,7,7,389.8449806245595,0.6836836836836837,0.048454803240362,0.2574224376060092,135765.2360090808,3185.507504960981,138950.7435140418,1981,67,837.1621621621622,32,5,20,29.299935384863907,0.6868489583333333,39.45707070707071,1042.171717171718,32.56786616161619,0
1990,4,0,0,37,0.0,0.0,1.0,37,650,400,250,0.6153846153846154,9,4,5,390.7860879191454,0.682494994994995,0.04879006913890649,0.25852002739266544,135831.03764921954,3216.1759641873355,139047.21361340687,1982,68,838.1621621621622,32,5,20,29.209817102713174,0.6875,39.3939393939394,1042.424242424243,32.57575757575759,0
1991,4,0,0,37,0.0,0.0,1.0,37,800,500,300,0.625,11,5,6,388.967010948056,0.682494994994995,0.05269460317056973,0.2579672873076393,135921.05688016638,3173.761443915811,139094.81832408218,1983,69,839.1621621621622,33,4,20,29.16752360246014,0.6859217171717171,39.30759803921569,1042.769607843138,31.599079025549635,0
1992,4,0,0,37,0.0,0.0,1.0,37,750,600,150,0.8,9,6,3,386.1943324499807,0.6822447447447447,0.04877943453611122,0.25674011691401577,136005.95946712003,3104.9461451246984,139110.90561224474,1984,70,840.1621621621622,34,3,20,29.15525374724188,0.684436274509804,39.22619047619047,1043.095238095237,30.67927170868344,0
1993,4,0,0,37,0.0,0.0,1.0,37,950,600,350,0.631578947368421,13,6,7,390.6757188150116,0.6816191191191191,0.041904996839395414,0.2604009639097778,136099.10891439914,3234.1234410430925,139333.23235544225,1985,71,841.1621621621622,34,3,20,28.945617037459595,0.6853553921568627,39.136904761904766,1043.4523809523814,30.68977591036416,0
1994,4,0,0,37,0.0,0.0,1.0,37,850,500,350,0.5882352941176471,12,5,7,387.7367808953592,0.681056056056056,0.03913493785756561,0.25912165357397193,136192.2902494333,3161.3520408163486,139353.64229024967,1986,72,842.1621621621622,34,3,20,28.929535431873475,0.6862745098039215,39.04761904761906,1043.8095238095252,30.700280112044858,0
1995,4,0,0,37,0.0,0.0,1.0,37,1450,1000,450,0.6896551724137931,19,10,9,387.58376544338256,0.6796171171171171,0.037229567955824994,0.25970184925163575,136285.50347222236,3164.409722222242,139449.9131944446,1987,73,843.1621621621622,34,3,21,28.84078212290504,0.6871936274509803,38.95833333333334,1044.1666666666679,30.710784313725526,0
1996,4,0,0,37,0.0,0.0,1.0,37,1000,800,200,0.8,12,8,4,385.8159558800136,0.6798673673673674,0.0345817773998347,0.25874446215439456,136316.5816326531,3118.622448979597,139435.2040816327,1988,74,844.1621621621622,34,3,21,28.856019151846777,0.6875,38.92857142857143,1044.2857142857147,30.714285714285726,0
1997,4,0,0,37,0.0,0.0,1.0,37,800,700,100,0.875,9,7,2,384.16417655225916,0.6790540540540541,0.036619249748951255,0.2580900830834246,136378.7485827666,3078.365929705233,139457.11451247183,1989,75,845.1621621621622,34,3,21,28.83733188967404,0.6881127450980391,38.86904761904763,1044.5238095238108,30.7212885154062,0
1998,4,0,0,37,0.0,0.0,1.0,37,900,600,300,0.6666666666666666,12,6,6,384.5997555186451,0.6784284284284284,0.04054652791914659,0.25911690991211445,136478.93625685893,3097.953103566553,139576.88936042547,1990,76,846.1621621621622,35,2,21,28.726369812435394,0.6869047619047618,38.77314814814816,1044.907407407409,29.8544973544974,0
1999,4,0,0,37,0.0,0.0,1.0,37,800,500,300,0.625,11,5,6,386.6134341755528,0.6774274274274275,0.031016289237970396,0.2611447961136441,136569.65509527194,3159.9326721107896,139729.58776738273,1991,77,847.1621621621622,35,2,21,28.58360554386744,0.6877976190476189,38.6863425925926,1045.254629629631,29.864417989418026,0
2000,4,0,0,37,0.0,0.0,1.0,37,850,700,150,0.8235294117647058,10,7,3,386.6371740360093,0.6763013013013013,0.026446637028881836,0.2618350997182392,136660.4040745029,3167.598486797001,139828.00256129992,1992,78,848.1621621621622,35,2,21,28.49282340786657,0.6886904761904761,38.599537037037045,1045.601851851853,29.87433862433866,0
2001,4,0,0,37,0.0,0.0,1.0,37,900,700,200,0.7777777777777778,11,7,4,386.7611533747971,0.6766766766766766,0.023185927579600474,0.2626099000838422,136752.96347859007,3178.1735683183447,139931.1370469084,1993,79,849.1621621621622,33,4,21,28.39765182581527,0.6941287878787878,38.51102941176471,1045.955882352942,31.695632798573996,0
2002,4,0,0,37,0.0,0.0,1.0,37,500,200,300,0.4,8,2,6,373.76224453694863,0.6763638638638638,-0.0172246743460005,0.25397787048308074,136779.81349170103,2824.6260196006665,139604.4395113017,1994,80,850.1621621621622,36,1,18,28.71093049126206,0.6877893518518519,38.48536036036035,1046.0585585585575,29.057182182182153,4
2003,4,0,0,37,0.0,0.0,1.0,37,1050,700,350,0.6666666666666666,14,7,7,373.9803763059567,0.6746121121121121,-0.015063481816224966,0.25519630083609113,136927.10235573415,2841.6098530963436,139768.7122088305,1995,81,851.1621621621622,36,1,19,28.559195896994463,0.6892361111111112,38.3445945945946,1046.621621621622,29.07282282282283,0
2004,4,0,0,37,0.0,0.0,1.0,37,1250,800,450,0.64,17,8,9,372.5484060658666,0.6743618618618619,-0.016351118760757233,0.2546477928520805,136986.04009414816,2806.786178069956,139792.8262722181,1996,82,852.1621621621622,36,1,15,28.5382601835915,0.6898148148148149,38.288288288288285,1046.8468468468466,29.079079079079072,0
2005,4,0,0,37,0.0,0.0,1.0,37,650,300,350,0.46153846153846156,10,3,7,372.29483988220454,0.6735485485485485,-0.012907389480477427,0.25468911893928303,137015.51371895545,2802.0337482753066,139817.54746723076,1997,83,853.1621621621622,36,1,15,28.51569502706966,0.6901041666666667,38.26013513513514,1046.9594594594596,29.08220720720721,0
2006,4,0,0,37,0.0,0.0,1.0,37,800,300,500,0.375,13,3,10,370.76576486749923,0.6734234234234234,-0.01183050118305018,0.25385714887614197,137044.9905141628,2762.3181458485496,139807.30866001136,1998,84,854.1621621621622,36,1,15,28.526520040152008,0.6903935185185186,38.23198198198198,1047.072072072072,29.08533533533533,0
2007,4,0,0,37,0.0,0.0,1.0,37,900,700,200,0.7777777777777778,11,7,4,375.0994341227427,0.673923923923924,-0.024570024570024662,0.2509938349990459,136237.16670953357,2835.2233364495555,139072.39004598313,1999,85,855.1621621621622,35,2,17,29.214708056171464,0.6845238095238095,39.004629629629626,1043.981481481481,29.828042328042315,3
2008,4,0,0,37,0.0,0.0,1.0,37,1350,1000,350,0.7407407407407407,17,10,7,373.9429766532904,0.6753628628628628,-0.007221578507719872,0.2517213460290269,136448.70334201382,2804.8068576388787,139253.5101996527,2000,86,856.1621621621622,35,2,18,29.034770687936188,0.6866071428571429,38.80208333333333,1044.791666666666,29.85119047619046,0
2009,4,0,0,37,0.0,0.0,1.0,37,1200,1000,200,0.8333333333333334,14,10,4,375.73180415306615,0.6746746746746747,-0.009730088773595824,0.25423111512469254,136630.15106577933,2867.2586323302457,139497.40969810958,2001,87,857.1621621621622,35,2,18,28.807912653603452,0.6883928571428571,38.62847222222222,1045.486111111111,29.871031746031747,0
2010,4,0,0,37,0.0,0.0,1.0,37,750,400,350,0.5333333333333333,11,4,7,376.0257773686129,0.6744244244244244,-0.007322063098955889,0.255087757079789,136720.920138889,2882.1180555555666,139603.03819444455,2002,88,858.1621621621622,35,2,18,28.710159362549803,0.6892857142857143,38.54166666666667,1045.8333333333342,29.880952380952404,0
2011,4,0,1,36,0.0,0.02702702702702703,0.972972972972973,37,800,400,400,0.5,12,4,8,378.5061300620521,0.6741116116116116,-0.004937482130064952,0.2581417679887896,136907.73986677994,2964.0837585033923,139871.82362528334,2003,89,859.1621621621622,34,3,19,28.45997800781102,0.6933210784313726,38.363095238095234,1046.5476190476184,30.78081232492995,0
2012,4,0,0,36,0.0,0.0,1.0,36,950,700,250,0.7368421052631579,12,7,5,378.14667937847395,0.6692791005291006,0.00588287331917936,0.2581262115757407,136938.88888888882,3156.5972222222135,140095.48611111104,2004,90,877.25,34,2,20,28.438495222929934,0.6936274509803921,38.33333333333333,1046.666666666666,30.78431372549018,0
2013,4,0,0,36,0.0,0.0,1.0,36,700,400,300,0.5714285714285714,10,4,6,378.14667937847395,0.6692791005291006,0.00588287331917936,0.2581262115757407,136938.88888888882,3156.5972222222135,140095.48611111104,2005,91,878.25,34,2,20,28.438495222929934,0.6936274509803921,38.33333333333333,1046.666666666666,30.78431372549018,0
2014,4,0,0,36,0.0,0.0,1.0,36,600,200,400,0.3333333333333333,10,2,8,378.7584089253646,0.6692791005291006,0.0011914721018075891,0.25267855499541425,136130.16581632648,3112.089002267567,139242.25481859405,2006,92,879.25,34,2,15,29.225606510000762,0.6856617647058824,39.107142857142854,1043.571428571428,30.69327731092435,1
2015,4,0,0,36,0.0,0.0,1.0,36,1100,800,300,0.7272727272727273,14,8,6,376.75580203680363,0.6667989417989418,0.0029484792054625952,0.2524465347337513,136285.50347222228,3069.270833333338,139354.77430555562,2007,93,880.25,34,2,16,29.12343708433094,0.6871936274509804,38.958333333333336,1044.166666666667,30.710784313725497,0
2016,4,0,1,35,0.0,0.027777777777777776,0.9722222222222222,36,1050,800,250,0.7619047619047619,13,8,5,379.7086518080936,0.6674933862433863,0.004666565357242414,0.25509676194212977,136378.74858276648,3156.838151927442,139535.58673469393,2008,94,881.25,34,2,16,28.953679431654127,0.6881127450980392,38.86904761904762,1044.5238095238096,30.721288515406165,0
2017,4,0,0,35,0.0,0.0,1.0,35,600,300,300,0.5,9,3,6,378.3506332880083,0.6665966386554621,0.009637746724306062,0.2548039099062843,136464.70858564015,3326.3017829680944,139791.01036860826,2009,95,887.2,33,2,18,28.90374540620847,0.6912878787878787,38.786764705882355,1044.8529411764707,31.662210338680932,0
2018,4,0,0,35,0.0,0.0,1.0,35,450,300,150,0.6666666666666666,6,3,3,380.5973475709146,0.667016806722689,0.00737824389753583,0.2565496903349557,136496.7218888168,3390.0580606016956,139886.7799494185,2010,96,888.2,33,2,18,28.813254954849302,0.6916035353535352,38.756127450980394,1044.9754901960785,31.66592394533571,0
2019,4,0,0,35,0.0,0.0,1.0,35,650,500,150,0.7692307692307693,8,5,3,381.8715821272135,0.6665266106442577,0.005841567576619688,0.2581112991715637,136592.78432574024,3432.180531526351,140024.9648572666,2011,97,889.2,33,2,18,28.68454474404063,0.692550505050505,38.66421568627452,1045.3431372549032,31.6770647653001,0
2020,4,0,0,35,0.0,0.0,1.0,35,900,700,200,0.7777777777777778,11,7,4,375.07341153314985,0.6665266106442577,0.003187250996015578,0.2544416926887047,136720.92013888902,3256.0763888889,139976.99652777793,2012,98,890.2,33,2,18,28.73505976095617,0.6938131313131313,38.54166666666667,1045.8333333333344,31.691919191919226,0
2021,4,0,0,35,0.0,0.0,1.0,35,650,300,350,0.46153846153846156,10,3,7,371.7800523325211,0.6661764705882353,-0.00041504886865717516,0.25266835403745247,136785.0105728567,3170.7876778162336,139955.79825067293,2013,99,891.2,33,2,18,28.757614807872535,0.6944444444444444,38.48039215686275,1046.0784313725499,31.699346405228784,0
2022,4,0,0,35,0.0,0.0,1.0,35,1000,700,300,0.7,13,7,6,369.20840897498465,0.6647058823529411,0.0012579458012713651,0.2518402406267069,136913.23649557866,3109.9036428296854,140023.14013840834,2014,100,892.2,33,2,18,28.697794691647147,0.6957070707070707,38.3578431372549,1046.5686274509808,31.714200831847904,0
2023,4,0,0,35,0.0,0.0,1.0,35,500,400,100,0.8,6,4,2,369.0968723615442,0.6650560224089636,0.004235034372020996,0.2519949150151838,136945.302362673,3109.2165573337206,140054.51892000673,2015,101,893.2,33,2,18,28.668944893259965,0.6960227272727273,38.32720588235294,1046.6911764705883,31.717914438502675,0
2024,4,0,0,35,0.0,0.0,1.0,35,1150,1000,150,0.8695652173913043,13,10,3,368.3960520587392,0.6623249299719888,0.009334358597172132,0.2526735682900471,137105.6880166283,3101.8388360246176,140207.52685265293,2016,102,894.2,33,2,16,28.528453857555196,0.69760101010101,38.17401960784314,1047.303921568628,31.736482471776608,0
2025,4,0,0,35,0.0,0.0,1.0,35,550,500,50,0.9090909090909091,6,5,1,367.9108171912666,0.661484593837535,0.011399154256297006,0.25257299233202846,137137.77641111586,3090.894277441363,140228.67068855723,2017,103,895.2,33,2,16,28.50939413439413,0.6979166666666667,38.143382352941174,1047.426470588235,31.74019607843136,0
2026,4,0,0,35,0.0,0.0,1.0,35,900,800,100,0.8888888888888888,10,8,2,368.07948767395237,0.661484593837535,0.01569990973220592,0.2524564447561475,137105.68801662826,3093.1582804690615,140198.84629709733,2018,104,896.2,33,2,18,28.536742335595616,0.69760101010101,38.17401960784314,1047.3039215686279,31.7364824717766,1
2027,4,0,0,35,0.0,0.0,1.0,35,1000,800,200,0.8,12,8,4,366.4599579499008,0.6621848739495798,0.015119940273314647,0.2523928442781714,137250.57397959195,3059.367913832212,140309.94189342417,2019,105,897.2,34,1,19,28.435772172990983,0.6966911764705881,38.03571428571429,1047.8571428571438,30.819327731092464,0
2028,4,0,0,35,0.0,0.0,1.0,35,550,200,350,0.36363636363636365,9,2,7,366.79896028425384,0.6612044817927171,0.017122087362886784,0.25307978419612637,137312.95351473935,3073.2497165533,140386.20323129266,2020,106,898.2,34,1,20,28.365184385885208,0.6973039215686274,37.97619047619048,1048.095238095239,30.82633053221291,0
2029,4,0,0,35,0.0,0.0,1.0,35,900,500,400,0.5555555555555556,13,5,8,365.3419675599199,0.6600840336134454,0.01819332024850384,0.2527546510840704,137406.54939058967,3040.0758219954755,140446.62521258515,2021,107,899.2,34,1,20,28.31081336815412,0.6982230392156863,37.886904761904766,1048.4523809523816,30.83683473389358,0
2030,4,0,0,35,0.0,0.0,1.0,35,650,600,50,0.9230769230769231,7,6,1,366.2196686556274,0.6600140056022409,0.011112012065582544,0.25381817947973434,137468.964356576,3068.7677154195103,140537.7320719955,2022,108,900.2,34,1,20,28.22610398456125,0.6988357843137254,37.827380952380956,1048.6904761904766,30.843837535014018,0
2031,4,0,0,35,0.0,0.0,1.0,35,800,600,200,0.75,10,6,4,364.70691403152256,0.659593837535014,0.006717349370248815,0.2536828755611532,137593.8368055557,3036.2847222222417,140630.12152777796,2023,109,901.2,34,1,21,28.142374900714863,0.7000612745098038,37.70833333333334,1049.1666666666679,30.85784313725494,0
2032,4,0,0,35,0.0,0.0,1.0,35,1050,800,250,0.7619047619047619,13,8,5,365.787703306995,0.6605742296918767,0.005769386597520354,0.25489475135582307,137656.29428854882,3070.5959467120238,140726.89023526083,2024,110,902.2,34,1,22,28.052325581395348,0.7006740196078431,37.648809523809526,1049.4047619047624,30.864845938375364,0
2033,4,0,0,35,0.0,0.0,1.0,35,400,200,200,0.5,6,2,4,369.0168665436868,0.661624649859944,-0.014583201468447271,0.2486182291907761,136478.93625685852,3072.605881344286,139551.5421382028,2025,111,903.2,35,0,17,29.133436715403928,0.686904761904762,38.77314814814814,1044.907407407406,29.854497354497315,3
2034,4,0,0,35,0.0,0.0,1.0,35,750,600,150,0.8,9,6,3,366.59159991015594,0.6608543417366947,-0.015945078064445006,0.2476206984883033,136569.6550952717,3013.057672110759,139582.71276738247,2026,112,904.2,35,0,18,29.106803417857,0.6877976190476192,38.68634259259259,1045.254629629629,29.864417989417973,0
2035,4,0,0,35,0.0,0.0,1.0,35,800,500,300,0.625,11,5,6,368.42548207772666,0.6598739495798319,-0.0202685391659152,0.24928744416540105,136630.1510657793,3067.605854552468,139697.75692033177,2027,113,905.2,35,0,18,28.998879109930257,0.6883928571428571,38.62847222222222,1045.4861111111109,29.87103174603174,0
2036,4,0,0,35,0.0,0.0,1.0,35,850,500,350,0.5882352941176471,12,5,7,362.9504735846763,0.6598739495798319,-0.028003026990666813,0.23772276585210664,135474.15845167707,2839.205932747535,138313.3643844246,2028,114,906.2,33,2,18,30.290244261330194,0.6815025252525253,39.73651960784313,1041.0539215686263,31.547088532382613,3
2037,4,0,0,35,0.0,0.0,1.0,35,750,600,150,0.8,9,6,3,362.93727911059733,0.6574929971988795,-0.03662038126618039,0.2383493815982885,135569.8604503074,2840.6712562475736,138410.531706555,2029,115,907.2,33,2,18,30.195340080018816,0.682449494949495,39.644607843137244,1041.4215686274497,31.55822935234696,0
2038,4,0,0,35,0.0,0.0,1.0,35,400,200,200,0.5,6,2,4,362.24000000000007,0.6584033613445378,-0.04228571428571415,0.238315789473684,135633.68055555536,2826.3888888888623,138460.06944444423,2030,116,908.2,33,2,20,30.150000000000002,0.6830808080808082,39.58333333333332,1041.6666666666652,31.56565656565652,0
2039,4,0,0,35,0.0,0.0,1.0,35,650,500,150,0.7692307692307693,8,5,3,362.0819454953943,0.6589635854341737,-0.03786898741620581,0.23885048739700038,135729.43887266904,2829.0358576028307,138558.47473027188,2031,117,909.2,33,2,21,30.058876278960366,0.6840277777777779,39.491421568627445,1042.0343137254893,31.576797385620885,0
2040,4,0,0,35,0.0,0.0,1.0,35,1050,700,350,0.6666666666666666,14,7,7,361.4165221377996,0.6560924369747899,-0.03274614183277624,0.23926617539503972,135857.16919273834,2820.205119425217,138677.37431216356,2032,118,910.2,33,2,21,29.94923298460091,0.6852904040404041,39.368872549019606,1042.5245098039213,31.59165181224004,0
2041,4,0,0,35,0.0,0.0,1.0,35,600,300,300,0.5,9,3,6,364.2203298253712,0.6556022408963585,-0.03161779507481732,0.24307996307154064,136144.78205497877,2917.339484813519,139062.12153979228,2033,119,911.2,33,2,16,29.590378894629723,0.6881313131313131,39.093137254901954,1043.6274509803914,31.625074272133073,3
2042,4,1,1,35,0.027777777777777776,0.027777777777777776,0.9722222222222222,36,950,800,150,0.8421052631578947,11,8,3,351.6612097280525,0.6651785714285715,-0.027746140217666193,0.23750657087786922,136565.33446712006,2404.9461451247025,138970.28061224477,2034,0,886.8611111111111,34,2,16,29.501233864844338,0.6899509803921569,38.69047619047618,1045.2380952380943,30.74229691876748,0
2043,4,0,0,35,0.0,0.0,1.0,35,650,300,350,0.46153846153846156,10,3,7,360.46068395284806,0.6549019607843137,-0.024589394650398555,0.24231599921246674,136400.69324298354,2833.4174356016974,139234.11067858525,2035,121,913.2,33,2,16,29.434537775692167,0.6906565656565655,38.84803921568628,1044.6078431372555,31.654783125371377,0
2044,4,0,0,35,0.0,0.0,1.0,35,500,400,100,0.8,6,4,2,358.9495040738354,0.6546918767507003,-0.02499916222646692,0.24173803094261634,136464.7085856403,2796.78789407922,139261.49647971953,2036,122,914.2,33,2,17,29.41052857924779,0.6912878787878787,38.78676470588236,1044.8529411764719,31.662210338680964,0
2045,4,0,0,35,0.0,0.0,1.0,35,550,400,150,0.7272727272727273,7,4,3,354.86509435211156,0.6548319327731092,-0.02925816123142888,0.23963930243302936,136560.75975886692,2692.129379325276,139252.8891381922,2037,123,915.2,33,2,17,29.422045374604302,0.6922348484848484,38.69485294117648,1045.220588235295,31.673351158645303,0
2046,4,0,0,35,0.0,0.0,1.0,35,550,400,150,0.7272727272727273,7,4,3,380.4823852952654,0.6548319327731092,-0.0349232838921717,0.22750297435794606,132114.3779585978,3053.4387314975165,135167.8166900953,2038,124,916.2,33,2,17,33.2050651646998,0.6480429292929293,42.98406862745099,1028.0637254901972,31.15344622697567,8
2047,4,0,0,35,0.0,0.0,1.0,35,700,400,300,0.5714285714285714,10,4,6,380.61462729396277,0.6533613445378151,-0.03626334337810955,0.22796126606878261,132177.3795685555,3061.7288122356913,135239.1083807912,2039,125,917.2,33,2,18,33.138059627378524,0.6486742424242424,42.922794117647065,1028.3088235294128,31.160873440285236,0
2048,4,1,1,35,0.027777777777777776,0.027777777777777776,0.9722222222222222,36,750,600,150,0.8,9,6,3,370.70060510006005,0.6690145502645503,-0.040788070364802254,0.22368793665737752,132459.27047902497,2620.546343537419,135079.8168225624,2040,0,892.6944444444445,34,2,19,33.10878532053507,0.649203431372549,42.648809523809526,1029.4047619047622,30.276610644257712,0
2049,4,0,0,35,0.0,0.0,1.0,35,1150,800,350,0.6956521739130435,15,8,7,381.08746910740217,0.6535014005602241,-0.0366272441078872,0.2290071083147202,132303.42784325744,3083.835694204161,135387.2635374616,2041,127,919.2,33,2,19,32.99868473297598,0.6499368686868687,42.80024509803922,1028.7990196078435,31.17572786690435,0
2050,4,0,0,35,0.0,0.0,1.0,35,1250,1100,150,0.88,14,11,3,381.40046976320207,0.6555322128851541,-0.038841358665147374,0.22996285323339094,132429.53619100832,3101.737462754714,135531.27365376303,2042,128,920.2,33,2,20,32.86341131880779,0.651199494949495,42.677696078431374,1029.289215686275,31.190582293523484,0
2051,4,0,0,35,0.0,0.0,1.0,35,700,400,300,0.5714285714285714,10,4,6,382.3161381315653,0.6555322128851541,-0.03786624041355624,0.2309013570412135,132492.61289227704,3130.812818387161,135623.42571066422,2043,129,921.2,33,2,20,32.77623199619093,0.651830808080808,42.61642156862745,1029.5343137254904,31.198009506833042,0
2052,4,2,1,36,0.05405405405405406,0.02702702702702703,0.972972972972973,37,1150,800,350,0.6956521739130435,15,8,7,366.2604939433154,0.6871246246246246,-0.029527565021565172,0.22508234489955495,133143.5282305598,2353.0428830161154,135496.57111357592,2044,0,872.3513513513514,35,2,19,32.53488187357482,0.6538690476190476,41.9849537037037,1032.060185185185,29.487433862433857,0
2053,4,0,0,36,0.0,0.0,1.0,36,600,500,100,0.8333333333333334,7,5,2,374.14635209400114,0.6688822751322752,-0.015085958232375907,0.229492316602881,133072.72002551024,2757.7345521541997,135830.45457766444,2045,1,897.5833333333334,34,2,19,32.40259990000385,0.6553308823529411,42.05357142857143,1031.7857142857147,30.346638655462197,0
2054,4,0,0,36,0.0,0.0,1.0,36,1000,800,200,0.8,12,8,4,372.01555430503845,0.6671957671957672,-0.009771882609252769,0.2287499897748002,133164.85969387757,2707.8798185941077,135872.7395124717,2046,2,898.5833333333334,34,2,19,32.364955786236074,0.65625,41.964285714285715,1032.1428571428573,30.35714285714286,0
2055,4,0,0,36,0.0,0.0,1.0,36,850,600,250,0.7058823529411765,11,6,5,373.3842478866486,0.6664351851851852,-0.004909873553941235,0.23016073787639685,133257.03125000003,2751.2152777777783,136008.2465277778,2047,3,899.5833333333334,34,2,19,32.23701910142587,0.6571691176470589,41.875,1032.5000000000002,30.367647058823536,0
2056,4,0,1,35,0.0,0.027777777777777776,0.9722222222222222,36,750,500,250,0.6666666666666666,10,5,5,370.1911038268937,0.6665674603174604,-0.0021672877210505703,0.22894855366400263,133379.97626133787,2675.2161281179115,136055.19238945577,2048,4,900.5833333333334,34,2,19,32.19598747647035,0.6583946078431373,41.75595238095238,1032.9761904761906,30.38165266106443,0
2057,4,0,0,35,0.0,0.0,1.0,35,950,800,150,0.8421052631578947,11,8,3,373.6420893673968,0.6629551820728291,0.011444843718218412,0.2308691736941655,133345.61827181844,2964.7070838139034,136310.32535563235,2049,5,922.5142857142857,33,2,19,32.141373991457044,0.6603535353535355,41.7892156862745,1032.8431372549012,31.298276886512156,0
2058,4,0,0,35,0.0,0.0,1.0,35,800,500,300,0.625,11,5,6,370.91513795590913,0.661484593837535,0.011674842788002682,0.22958641706001262,133410.72137188193,2896.8112244897784,136307.53259637172,2050,6,923.5142857142857,34,1,19,32.14642390719828,0.6587009803921569,41.72619047619047,1033.095238095237,30.385154061624615,0
2059,4,0,0,35,0.0,0.0,1.0,35,1050,900,150,0.8571428571428571,12,9,3,372.2251366757687,0.6607843137254902,0.012729274282326841,0.23137207279735483,133567.2146079631,2943.429114905743,136510.64372286884,2051,7,924.5142857142857,33,2,20,31.955517684252122,0.6625631313131315,41.57475490196077,1033.7009803921555,31.324272133095622,0
2060,4,0,0,35,0.0,0.0,1.0,35,800,400,400,0.5,12,4,8,374.6637163052976,0.6590336134453781,0.004325824631475683,0.2340885587959302,133757.30075271532,3022.80147659554,136780.10222931087,2052,8,925.5142857142857,33,2,16,31.701787900327766,0.6644570707070707,41.39093137254902,1034.436274509804,31.346553773024365,0
2061,4,0,1,34,0.0,0.02857142857142857,0.9714285714285714,35,650,500,150,0.7692307692307693,8,5,3,375.39639366895767,0.657703081232493,0.00413529381905553,0.23494972214581242,133820.69283749038,3047.161097895038,136867.8539353854,2053,9,926.5142857142857,33,2,16,31.61926546646137,0.6650883838383839,41.3296568627451,1034.6813725490194,31.353980986333923,0
2062,4,0,0,34,0.0,0.0,1.0,34,1050,800,250,0.7619047619047619,13,8,5,381.7688631590774,0.6562685680332739,0.003564736037219962,0.23858369915044397,133765.9442435721,3413.5344926538114,137179.47873622592,2054,10,906.8235294117648,32,2,17,31.509367752959847,0.6669921875,41.38257575757576,1034.469696969697,32.32717803030303,0
2063,4,0,0,34,0.0,0.0,1.0,34,550,400,150,0.7272727272727273,7,4,3,382.2233345639657,0.6562314319667262,0.005592327240879769,0.23907923690207145,133798.59995153558,3428.1894066932014,137226.7893582288,2055,11,907.8235294117648,32,2,17,31.464842160930765,0.6673177083333333,41.351010101010104,1034.5959595959598,32.331123737373744,0
2064,4,0,0,34,0.0,0.0,1.0,34,600,400,200,0.6666666666666666,8,4,4,367.7629150051923,0.6558229352347,-0.004252864503091924,0.23312476982838773,134288.91383851125,3077.2964812263904,137366.21031973764,2056,12,908.8235294117648,32,2,20,31.347961586876202,0.6722005208333335,40.877525252525245,1036.489898989898,32.39030934343431,1
2065,4,0,0,34,0.0,0.0,1.0,34,950,700,250,0.7368421052631579,12,7,5,367.37256895419125,0.6557486631016043,-0.005168819445936945,0.23329436687415805,134354.35677800732,3071.6210399449005,137425.97781795223,2057,13,909.8235294117648,32,2,20,31.292625745950545,0.6728515625,40.81439393939394,1036.742424242424,32.39820075757575,0
2066,4,0,0,34,0.0,0.0,1.0,34,750,500,250,0.6666666666666666,10,5,5,369.0538328377386,0.6558229352347,-0.011725323117682374,0.235203819764315,134485.29048375154,3126.462382665024,137611.75286641656,2058,14,910.8235294117648,32,2,21,31.1181274092108,0.6741536458333335,40.68813131313131,1037.2474747474737,32.41398358585855,0
2067,4,0,0,34,0.0,0.0,1.0,34,650,600,50,0.9230769230769231,7,6,1,390.2615993141898,0.6561571598336304,0.008490210054086234,0.23909913704707758,133029.37121539778,3583.2510332564207,136612.6222486542,2059,15,911.8235294117648,33,1,18,32.03056941474618,0.6571969696969697,42.09558823529411,1031.6176470588223,31.26114081996431,5
2068,4,0,0,34,0.0,0.0,1.0,34,1050,700,350,0.6666666666666666,14,7,7,386.9687749851965,0.6554887106357695,0.004683668978813671,0.23768519723926596,133124.20590938564,3502.9821763263903,136627.18808571203,2060,16,912.8235294117648,33,1,19,32.020024343902136,0.6581439393939394,42.003676470588225,1031.9852941176457,31.272281639928657,0
2069,4,0,0,34,0.0,0.0,1.0,34,850,700,150,0.8235294117647058,10,7,3,388.80456417651743,0.6555629827688652,-0.0005446623093681158,0.2394217579402764,133219.07439446362,3559.236831987685,136778.3112264513,2061,17,913.8235294117648,33,1,19,31.87717632162076,0.6590909090909092,41.91176470588235,1032.35294117647,31.283422459893032,0
2070,4,0,0,34,0.0,0.0,1.0,34,1150,900,250,0.782608695652174,14,9,5,387.2700545640279,0.6537804515745692,-0.005339888116629776,0.23911514045145468,133318.49666950098,3526.052295918351,136844.54896541932,2062,18,914.8235294117648,34,0,19,31.816762728146013,0.6577818627450981,41.81547619047618,1032.738095238094,30.374649859943943,0
2071,4,0,0,34,0.0,0.0,1.0,34,1300,900,400,0.6923076923076923,17,9,8,383.6982394355323,0.6528149138443257,-0.005485741383398635,0.2385222085238193,133570.0936926078,3450.2991124135424,137020.39280502134,2063,19,915.8235294117648,32,2,19,31.656131672163184,0.6650390625,41.57196969696969,1033.7121212121203,32.30350378787876,0
2072,4,0,0,34,0.0,0.0,1.0,34,800,600,200,0.75,10,6,4,383.6982394355323,0.6528149138443257,-0.005485741383398635,0.2385222085238193,133570.0936926078,3450.1219582185313,137020.21565082634,2064,20,916.8235294117648,32,2,19,31.656131672163184,0.6650390625,41.57196969696969,1033.7121212121203,32.30350378787876,0
2073,4,0,0,34,0.0,0.0,1.0,34,850,500,350,0.5882352941176471,12,5,7,384.2138303841168,0.6518122400475342,-0.008103681140262609,0.23905340753686546,133602.72548719522,3466.4029818385907,137069.1284690338,2065,21,917.8235294117648,32,2,19,31.61002890408728,0.6653645833333334,41.54040404040404,1033.838383838384,32.3074494949495,0
2074,4,0,0,34,0.0,0.0,1.0,34,750,500,250,0.6666666666666666,10,5,5,383.4249203173802,0.6485071301247772,-0.007815494400579714,0.2395625279347892,133757.3007527151,3457.176476595511,137214.4772293106,2066,22,918.8235294117648,33,1,17,31.475215219365793,0.6644570707070707,41.390931372549005,1034.4362745098022,31.346553773024308,0
2075,4,0,0,34,0.0,0.0,1.0,34,1350,1000,350,0.7407407407407407,17,10,7,373.70268808229093,0.6485442661913251,-0.0031181527052079883,0.2210546409164738,131705.23356401385,3046.0665669454065,134751.30013095925,2067,23,919.8235294117648,33,1,17,33.79248248965298,0.6439393939393939,43.38235294117647,1026.4705882352941,31.10516934046346,3
2076,4,0,0,34,0.0,0.0,1.0,34,1250,900,350,0.72,16,9,7,375.9324251488384,0.6474673202614379,-0.0006562462713279871,0.22329480192575576,131862.52170138885,3114.279513888883,134976.80121527772,2068,24,920.8235294117648,33,1,18,33.57631845841785,0.6455176767676768,43.229166666666664,1027.083333333333,31.123737373737363,0
2077,4,0,0,34,0.0,0.0,1.0,34,800,500,300,0.625,11,5,6,380.09791884235455,0.6462046939988116,0.0009295310252903644,0.22651890899027302,131988.41979346878,3233.7047349576987,135222.12452842647,2069,25,921.8235294117648,33,1,18,33.342153647386205,0.6467803030303031,43.10661764705882,1027.5735294117642,31.13859180035649,0
2078,4,0,0,34,0.0,0.0,1.0,34,400,300,100,0.75,5,3,2,380.401277206646,0.6469102792632205,-0.0007433588599958796,0.22726537843371403,132082.88278546705,3248.899461745472,135331.7822472125,2070,26,922.8235294117648,33,1,18,33.23895247178509,0.6477272727272728,43.014705882352935,1027.9411764705876,31.149732620320837,0
2079,4,0,0,34,0.0,0.0,1.0,34,600,400,200,0.6666666666666666,8,4,4,379.49681252608434,0.6467245989304813,0.0027522035158082936,0.22691366787464856,132114.37795859756,3227.397064830821,135341.77502342837,2071,27,923.8235294117648,33,1,18,33.23039595502046,0.6480429292929294,42.984068627450974,1028.0637254901953,31.153446226975618,0
2080,4,0,0,34,0.0,0.0,1.0,34,850,500,350,0.5882352941176471,12,5,7,378.91126987261356,0.6469845513963162,0.00624693262287046,0.22675217933175656,132145.87688629364,3214.3124038831074,135360.18929017676,2072,28,924.8235294117648,33,1,18,33.213647199046484,0.6483585858585859,42.95343137254901,1028.186274509803,31.157159833630395,0
2081,4,0,0,34,0.0,0.0,1.0,34,900,600,300,0.6666666666666666,12,6,6,375.81616695361276,0.6465389185977422,0.0033006769541268355,0.22565099466442223,132271.9101427333,3141.98445309493,135413.89459582823,2073,29,925.8235294117648,33,1,20,33.166051147645135,0.6496212121212123,42.83088235294116,1028.6764705882333,31.172014260249494,0
2082,4,0,0,34,0.0,0.0,1.0,34,800,600,200,0.75,10,6,4,373.78739186082703,0.6466503267973857,-0.0001298851238231702,0.22537831497407254,132430.49178655233,3100.229698597238,135530.72148514958,2074,30,926.8235294117648,32,2,20,33.05834968923782,0.6536458333333334,42.676767676767675,1029.2929292929289,32.16540404040403,0
2083,4,0,0,34,0.0,0.0,1.0,34,700,600,100,0.8571428571428571,8,6,2,376.44862457681063,0.6473559120617944,-0.003991519373471641,0.2279652138584292,132592.99314164364,3182.8899793388377,135775.88312098247,2075,31,927.8235294117648,32,2,20,32.82610028196641,0.6552734375,42.51893939393939,1029.9242424242418,32.18513257575756,0
2084,4,0,0,34,0.0,0.0,1.0,34,1050,800,250,0.7619047619047619,13,8,5,375.3027681660904,0.646353238265003,-0.001405709342559902,0.22786239495798308,132690.54178145068,3159.825528007328,135850.367309458,2076,32,928.8235294117648,32,2,19,32.757352941176464,0.65625,42.424242424242415,1030.303030303029,32.19696969696965,0
2085,4,0,0,34,0.0,0.0,1.0,34,800,500,300,0.625,11,5,6,378.3157958146322,0.6477272727272728,-0.0004864128672412704,0.23029021933145707,132788.12629132214,3247.169134527073,136035.2954258492,2077,33,929.8235294117648,32,2,19,32.58146514761731,0.6572265625,42.329545454545446,1030.6818181818169,32.20880681818178,0
2086,4,0,0,34,0.0,0.0,1.0,34,850,700,150,0.8235294117647058,10,7,3,375.58830444795035,0.6472816399286988,-0.0012211375670905245,0.22902752097218168,132853.20255905006,3179.6218179267353,136032.8243769768,2078,34,930.8235294117648,32,2,19,32.586242090222484,0.6578776041666667,42.26641414141414,1030.9343434343432,32.216698232323225,0
2087,4,0,0,34,0.0,0.0,1.0,34,700,500,200,0.7142857142857143,9,5,4,377.06764399562957,0.6480243612596555,0.005412744257737634,0.2303299512724238,132918.29476902867,3223.837650494852,136142.13241952352,2079,35,931.8235294117648,32,2,19,32.482602750908114,0.6585286458333334,42.20328282828283,1031.1868686868688,32.22458964646465,0
2088,4,0,0,34,0.0,0.0,1.0,34,700,500,200,0.7142857142857143,9,5,4,379.81023986176734,0.6480986333927511,0.01037998747056701,0.23240972654912176,132983.402921258,3301.691632231406,136285.0945534894,2080,36,932.8235294117648,32,2,19,32.34637042477661,0.6591796875,42.140151515151516,1031.4393939393938,32.232481060606055,0
2089,4,0,0,34,0.0,0.0,1.0,34,900,600,300,0.6666666666666666,12,6,6,382.23056286670214,0.6457961972667855,0.01436940859789404,0.23470851918178479,133113.66705246907,3376.022376543203,136489.68942901227,2081,37,933.8235294117648,32,2,19,32.152871242709736,0.6604817708333334,42.013888888888886,1031.9444444444441,32.24826388888888,0
2090,4,0,0,34,0.0,0.0,1.0,34,550,400,150,0.7272727272727273,7,4,3,379.1024381431457,0.6457961972667855,0.006222348146372347,0.21816577410412624,130649.55305899931,3105.912821395806,133755.46588039512,2082,38,934.8235294117648,32,2,17,34.723508706928484,0.6357421874999998,44.4128787878788,1022.3484848484868,31.948390151515213,6
2091,4,0,0,34,0.0,0.0,1.0,34,550,300,250,0.5454545454545454,8,3,5,379.69212974866326,0.6461675579322639,-3.26837735955543e-05,0.21887021771063553,130714.10323245105,3126.223248903215,133840.32648135425,2083,39,935.8235294117648,32,2,17,34.64290858953783,0.6363932291666665,44.349747474747495,1022.6010101010123,31.956281565656635,0
2092,4,0,0,34,0.0,0.0,1.0,34,1250,900,350,0.72,16,9,7,383.80130368389604,0.6444592988710636,0.002787294582196287,0.22216612607530697,130875.54841342739,3246.0412202836706,134121.58963371106,2084,40,936.8235294117648,32,2,17,34.37397170121752,0.6380208333333333,44.191919191919204,1023.2323232323247,31.976010101010147,0
2093,4,0,0,34,0.0,0.0,1.0,34,800,600,200,0.75,10,6,4,381.3482477711763,0.6469474153297683,0.0012948575656679395,0.22167404596247112,131037.09323347126,3194.153179522522,134231.2464129938,2085,41,937.8235294117648,32,2,17,34.27287581699347,0.6396484374999998,44.03409090909092,1023.8636363636379,31.995738636363683,0
2094,4,0,0,34,0.0,0.0,1.0,34,650,400,250,0.6153846153846154,9,4,5,380.80237731460886,0.6473930481283423,0.04653483501061406,0.21890231765548968,130606.84479827477,3147.079398548646,133753.9241968234,2086,42,938.8235294117648,33,1,16,34.72342944491069,0.6328914141414141,44.454656862745104,1022.1813725490202,30.97519310754607,3
2095,4,1,0,35,0.02857142857142857,0.0,1.0,35,800,500,300,0.625,11,5,6,374.0934994282902,0.661484593837535,0.059919942863786435,0.21755092552959585,131053.71492346932,2805.2685657596294,133858.98348922894,2087,0,912.9714285714285,34,1,17,34.44173158159904,0.635110294117647,44.01785714285714,1023.9285714285709,30.115546218487378,0
2096,4,0,0,35,0.0,0.0,1.0,35,650,400,250,0.6153846153846154,9,4,5,365.55750648970917,0.6627450980392157,0.05042928151830117,0.2134508606495319,131209.51753257873,2592.9248113854446,133802.44234396418,2088,1,913.9714285714285,35,0,17,34.50256062660039,0.6345238095238095,43.86574074074073,1024.537037037036,29.272486772486744,1
2097,4,0,0,35,0.0,0.0,1.0,35,1150,1000,150,0.8695652173913043,13,10,3,366.2205078810546,0.6628851540616246,0.054367678853787016,0.21416884919279106,131268.81456832995,2614.6663880315577,133883.4809563615,2089,2,914.9714285714285,35,0,17,34.42558918756119,0.6351190476190476,43.807870370370374,1024.768518518519,29.279100529100543,0
2098,4,0,0,35,0.0,0.0,1.0,35,700,400,300,0.5714285714285714,10,4,6,367.83660519532026,0.6630252100840336,0.05551684088269493,0.21544715447154475,131328.12500000012,2661.4583333333494,133989.58333333346,2090,3,915.9714285714285,35,0,17,34.324186991869915,0.6357142857142857,43.75000000000001,1025.000000000001,29.285714285714313,0
2099,4,0,0,35,0.0,0.0,1.0,35,650,400,250,0.6153846153846154,9,4,5,368.4919481701752,0.6627450980392157,0.05230637861839327,0.21600806912708587,131359.53006355735,2680.985828767796,134040.51589232514,2091,4,916.9714285714285,33,2,17,34.27562761506277,0.6404671717171717,43.719362745098046,1025.1225490196084,31.06431966726086,0
2100,4,0,0,35,0.0,0.0,1.0,35,1300,1000,300,0.7692307692307693,16,10,6,370.01985189611435,0.6636554621848739,0.043418739224690084,0.21761743784389198,131485.18786344197,2730.42594795272,134215.6138113947,2092,5,917.9714285714285,33,2,17,34.109386824391606,0.6417297979797979,43.5968137254902,1025.6127450980396,31.07917409387999,0
2101,4,1,0,36,0.027777777777777776,0.0,1.0,36,1150,900,250,0.782608695652174,14,9,5,360.28883760627537,0.6794973544973545,0.03945809509091869,0.21408898697430756,131877.8061224491,2302.820294784598,134180.6264172337,2093,0,893.4444444444445,34,2,18,33.962583062895995,0.6433823529411764,43.21428571428572,1027.1428571428582,30.210084033613477,0
2102,4,0,0,36,0.0,0.0,1.0,36,700,400,300,0.5714285714285714,10,4,6,361.6286608771557,0.6796626984126984,0.043119425460442784,0.21575260741896923,132030.6990504535,2349.2169784580487,134379.91602891154,2094,1,894.4444444444445,34,2,18,33.77398741264142,0.6449142156862745,43.06547619047619,1027.7380952380952,30.227591036414566,0
2103,4,0,0,36,0.0,0.0,1.0,36,1000,700,300,0.7,13,7,6,362.39555122422775,0.6783068783068783,0.0411489285071136,0.21708549039354214,132183.6805555555,2380.5555555555516,134564.23611111107,2095,2,895.4444444444445,34,2,18,33.60008103727714,0.6464460784313726,42.916666666666664,1028.333333333333,30.245098039215677,0
2104,4,0,0,36,0.0,0.0,1.0,36,800,600,200,0.75,10,6,4,352.12874792070534,0.6773478835978837,0.06341534856473308,0.19452549278338,129050.14349489796,1894.7030895691555,130944.84658446712,2096,3,896.4444444444445,34,2,20,37.037443858621344,0.614889705882353,45.982142857142854,1016.0714285714286,29.884453781512605,8
2105,4,0,1,35,0.0,0.027777777777777776,0.9722222222222222,36,950,800,150,0.8421052631578947,11,8,3,351.7199677506049,0.6787367724867726,0.06010928961748663,0.19504470938897162,129201.38888888879,1888.541666666657,131089.93055555545,2097,4,897.4444444444445,34,2,20,36.89378415300548,0.616421568627451,45.83333333333333,1016.6666666666658,29.9019607843137,0
2106,4,0,1,34,0.0,0.02857142857142857,0.9714285714285714,35,1150,1000,150,0.8695652173913043,13,10,3,354.75453621715803,0.6789915966386554,0.07317039586919138,0.19735004360605937,129326.01042868092,2175.797770088384,131501.80819876931,2098,5,914.5714285714286,33,2,20,36.68975903614457,0.6199494949494951,45.71078431372547,1017.1568627450952,30.822935234699855,0
2107,4,1,1,34,0.02857142857142857,0.02857142857142857,0.9714285714285714,35,600,200,400,0.3333333333333333,10,2,8,353.31472995522864,0.680392156862745,0.07570413447807223,0.19701626613957396,129419.51600646356,2145.1642697519856,131564.68027621554,2099,0,915.4,33,2,20,36.631212613914656,0.6208964646464649,45.61887254901959,1017.524509803919,30.834076054664212,0
2108,4,1,0,35,0.02857142857142857,0.0,1.0,35,900,600,300,0.6666666666666666,12,6,6,350.16731947912547,0.6777310924369747,0.08029847153688752,0.19619286969332767,129606.62853529873,2076.8011401864414,131683.42967548518,2100,0,916.3714285714286,33,2,19,36.521016367793955,0.6227904040404042,45.43504901960783,1018.2598039215671,30.856357694592944,0
2109,4,2,2,35,0.05405405405405406,0.05405405405405406,0.9459459459459459,37,1150,800,350,0.6956521739130435,15,8,7,331.66063352887534,0.7072072072072072,0.07406680727914883,0.18839691657155666,130144.46159122053,1232.7589163236958,131377.22050754423,2101,0,867.7837837837837,35,2,19,36.44699032062916,0.623809523809524,44.90740740740739,1020.3703703703678,29.15343915343908,0
2110,4,0,0,35,0.0,0.0,1.0,35,950,700,250,0.7368421052631579,12,7,5,353.1335358430036,0.678501400560224,0.08811184007144601,0.19927847701099705,129887.55076172599,2173.5300124951586,132061.08077422113,2102,2,918.3714285714286,33,2,19,36.16003446341267,0.6256313131313134,45.15931372549018,1019.362745098037,30.88978015448597,0
2111,4,0,0,35,0.0,0.0,1.0,35,600,500,100,0.8333333333333334,7,5,2,352.71472818047346,0.6796918767507002,0.08862637362637349,0.19936049853678903,129950.01922337535,2167.057141484007,132117.07636485936,2103,3,919.3714285714286,33,2,19,36.10727163461538,0.6262626262626265,45.098039215686256,1019.6078431372526,30.897207367795534,0
2112,4,1,1,35,0.027777777777777776,0.027777777777777776,0.9722222222222222,36,650,400,250,0.6153846153846154,9,4,5,341.4974644515917,0.6969907407407407,0.08284083103282924,0.19427058810507591,130201.83000283435,1692.7189625850156,131894.54896541938,2104,0,894.8055555555555,34,2,19,36.13792332516815,0.6265318627450982,44.85119047619047,1020.5952380952372,30.017507002801093,0
2113,4,1,0,36,0.027777777777777776,0.0,1.0,36,950,700,250,0.7368421052631579,12,7,5,341.3369846936282,0.6913359788359789,0.09498834498834485,0.19524475524475499,130414.54081632635,1703.0612244897718,132117.60204081613,2105,0,895.7777777777778,34,2,20,35.92657342657342,0.6286764705882355,44.64285714285713,1021.42857142857,30.042016806722646,0
2114,4,1,2,35,0.02702702702702703,0.05405405405405406,0.9459459459459459,37,1100,900,200,0.8181818181818182,13,9,4,333.27662704795557,0.7090215215215215,0.09219905891855262,0.19192736136516506,130676.44702717724,1310.281099965666,131986.7281271429,2106,0,872.5405405405405,35,2,16,35.86757603199759,0.6291666666666669,44.386574074074055,1022.4537037037005,29.212962962962873,0
2115,4,0,0,35,0.0,0.0,1.0,35,600,400,200,0.6666666666666666,8,4,4,348.6964059232677,0.6778711484593837,0.09660517111309264,0.19899578453100425,130325.14537677796,2088.7819588619536,132413.92733563992,2107,2,923.2285714285714,33,2,20,35.829232677228354,0.6300505050505052,44.730392156862735,1021.0784313725474,30.94177064765295,0
2116,4,1,0,36,0.027777777777777776,0.0,1.0,36,650,500,150,0.7692307692307693,8,5,3,339.3340953647047,0.6967261904761906,0.09196294571236407,0.1953217969833834,130657.85147392274,1667.3327664398935,132325.18424036264,2108,0,898.5555555555555,34,2,18,35.73154401490452,0.6311274509803921,44.4047619047619,1022.380952380951,30.070028011204442,0
2117,4,1,1,36,0.02702702702702703,0.02702702702702703,0.972972972972973,37,1000,700,300,0.7,13,7,6,331.03877430413,0.7164039039039038,0.08155781290109654,0.1921067532772785,130972.46334876529,1271.3927469135626,132243.85609567884,2109,0,875.2432432432432,35,2,18,35.625848032564434,0.6321428571428572,44.097222222222214,1023.6111111111101,29.246031746031715,0
2118,4,0,0,36,0.0,0.0,1.0,36,500,300,200,0.6,7,3,4,340.00852306326664,0.6977843915343915,0.08775553745296594,0.196482396683433,130810.03578514734,1695.3054138321959,132505.34119897953,2110,2,900.5555555555555,34,2,18,35.56043678963497,0.6326593137254901,44.25595238095238,1022.97619047619,30.08753501400559,0
2119,4,2,2,36,0.05263157894736842,0.05263157894736842,0.9473684210526316,38,1000,600,400,0.6,14,6,8,326.6415263564638,0.7234767662399242,0.08086155945847473,0.19117456793377358,131299.26960321813,977.5587665368112,132276.82836975495,2111,0,854.1052631578947,36,2,18,35.408883639160535,0.6333912037037037,43.778153153153156,1024.8873873873877,28.469094094094103,0
2120,4,1,0,37,0.02702702702702703,0.0,1.0,37,600,300,300,0.5,9,3,6,332.4785206097395,0.7158408408408409,0.0922314089959817,0.19413587496289028,131209.517532579,1324.8692558299176,132534.3867884089,2112,0,878.1621621621622,35,2,19,35.34982678114173,0.6345238095238095,43.86574074074075,1024.537037037038,29.272486772486804,0
2121,4,0,0,37,0.0,0.0,1.0,37,950,800,150,0.8421052631578947,11,8,3,332.3262215417044,0.7150900900900901,0.09169589786329868,0.19419696629100391,131239.16437596455,1322.8431230709905,132562.00749903554,2113,1,879.1621621621622,35,2,20,35.323830904778035,0.6348214285714285,43.83680555555556,1024.652777777778,29.27579365079366,0
2122,4,0,0,37,0.0,0.0,1.0,37,800,600,200,0.75,10,6,4,332.3240577457061,0.7157782782782782,0.09326231934927587,0.19449633386240758,131298.46810967504,1326.7279396004753,132625.19604927552,2114,2,880.1621621621622,35,2,20,35.2640927912667,0.6354166666666666,43.77893518518518,1024.884259259259,29.282407407407398,0
2123,4,2,0,39,0.05128205128205128,0.0,1.0,39,600,400,200,0.6666666666666666,8,4,4,341.4706430816774,0.7365609536662169,0.13882650196518798,0.187125912408759,128731.13854595325,1035.9549146947752,129767.09346064802,2115,0,835.974358974359,35,4,19,37.63305961070559,0.6095238095238096,46.29629629629629,1014.814814814814,28.994708994708972,6
2124,4,0,0,39,0.0,0.0,1.0,39,1000,700,300,0.7,13,7,6,340.4391847468771,0.7363922627080522,0.1397501643655492,0.18753005939446618,128936.76757812497,979.0256076388878,129915.79318576386,2116,1,836.974358974359,35,4,19,37.44978632478633,0.6116071428571428,46.09375,1015.6249999999998,29.017857142857135,0
2125,4,3,2,40,0.07142857142857142,0.047619047619047616,0.9523809523809523,42,1400,1100,300,0.7857142857142857,17,11,6,316.6336689345927,0.7666957026713124,0.13996523719620058,0.17778477029578332,129690.63321827714,-187.11579552928768,129503.51742274786,2117,0,778.1190476190476,38,4,19,37.28956891126494,0.6134868421052633,45.35256410256409,1018.5897435897411,26.80499325236161,0
2126,4,1,0,41,0.024390243902439025,0.0,1.0,41,1250,1100,150,0.88,14,11,3,326.9580751582834,0.7575711382113821,0.16160603443976984,0.184035214563654,129787.30384589489,287.0014090874139,130074.3052549823,2118,0,798.0731707317074,37,4,20,36.92866942860218,0.6162725225225225,45.25767543859649,1018.969298245614,27.539710763394975,0
2127,4,2,1,42,0.046511627906976744,0.023255813953488372,0.9767441860465116,43,750,500,250,0.6666666666666666,10,5,5,314.3039363062019,0.7690107050572167,0.1645587945613809,0.178957831020597,130236.00396050357,-413.2622612847175,129822.74169921885,2119,0,761.9069767441861,39,4,21,36.79722845868624,0.6172542735042735,44.817708333333336,1020.7291666666674,26.172542735042754,0
2128,4,0,0,42,0.0,0.0,1.0,42,750,400,350,0.5333333333333333,11,4,7,324.3111758541446,0.7658488192024777,0.17869107441971677,0.18439406855707116,130180.80210387928,43.81780078897728,130224.61990466826,2120,1,781.047619047619,38,4,21,36.5977020519263,0.6184210526315788,44.87179487179488,1020.5128205128226,26.85560053981112,0
2129,4,0,0,42,0.0,0.0,1.0,42,900,500,400,0.5555555555555556,13,5,8,323.0076342315264,0.7649293457220286,0.17971482378261938,0.18442693954509767,130344.3971893494,20.447074293252996,130364.84426364265,2121,2,782.047619047619,38,4,22,36.46552626072398,0.6200657894736841,44.711538461538474,1021.1538461538485,26.872469635627592,0
2130,4,2,1,43,0.045454545454545456,0.022727272727272728,0.9772727272727273,44,900,700,200,0.7777777777777778,11,7,4,307.8512734915461,0.7852801268498943,0.1756571877511579,0.1780091194853187,130833.79937743754,-744.5296491836696,130089.26972825387,2122,0,747.4545454545455,40,4,18,36.35889540081455,0.6216145833333333,44.23272357723578,1023.0691056910582,25.576727642276456,0
2131,4,0,1,42,0.0,0.023255813953488372,0.9767441860465116,43,1250,800,450,0.64,17,8,9,316.7141645457335,0.774547803617571,0.1795237125992264,0.1837091724218643,130954.69292534741,-304.9587673610911,130649.73415798631,2123,1,765.8372093023256,39,4,18,36.01032973743131,0.624465811965812,44.11458333333334,1023.5416666666681,26.24465811965816,0
2132,4,0,0,42,0.0,0.0,1.0,42,850,700,150,0.8235294117647058,10,7,3,320.50658481160366,0.7651955090979481,0.1766548339945715,0.18559927867748102,130890.45606874114,-9.749388194919618,130880.70668054622,2124,2,784.9761904761905,38,4,18,35.97806605415189,0.6255482456140351,44.17735042735042,1023.2905982905968,26.928699955015706,0
2133,4,0,0,42,0.0,0.0,1.0,42,1000,800,200,0.8,12,8,4,323.3406196049968,0.7650261324041812,0.15962693928795635,0.1846170634518852,130344.39718934907,37.75967473883901,130382.15686408791,2125,3,785.9761904761905,38,4,21,36.45702552835322,0.6200657894736842,44.71153846153846,1021.1538461538457,26.87246963562752,2
2134,4,0,0,42,0.0,0.0,1.0,42,1400,1100,300,0.7857142857142857,17,11,6,322.897844154254,0.7665021293070073,0.15660685154975473,0.18498726959491407,130475.34722222242,26.041666666686524,130501.38888888911,2126,4,786.9761904761905,39,3,21,36.33598423056009,0.6196581196581196,44.58333333333334,1021.6666666666682,26.196581196581235,0
2135,4,0,0,42,0.0,0.0,1.0,42,1300,900,400,0.6923076923076923,17,9,8,320.751024905569,0.7656552458381727,0.15678182003464824,0.18438956106610144,130608.41064453137,-21.44368489581899,130586.96695963555,2127,5,787.9761904761905,39,3,17,36.25643279323348,0.6209935897435896,44.45312500000001,1022.1875000000009,26.20993589743592,0
2136,4,0,0,42,0.0,0.0,1.0,42,850,600,250,0.7058823529411765,11,6,5,324.2974077313877,0.7649535423925667,0.17174700405940868,0.18414452804225764,130129.69970703125,40.14485677083326,130169.84456380208,2128,6,788.9761904761905,39,3,19,36.6497575293517,0.6161858974358975,44.921875,1020.3125,26.161858974358974,1
2137,4,2,2,42,0.045454545454545456,0.045454545454545456,0.9545454545454546,44,1500,1100,400,0.7333333333333333,19,11,8,311.2593646485721,0.7831219168428472,0.16053567459435425,0.17930292977643095,130688.28124999999,-664.2740885416673,130024.00716145831,2129,0,754.0681818181819,39,5,17,36.41843249117088,0.6217948717948718,44.375,1022.4999999999999,26.217948717948715,0
2138,4,0,0,42,0.0,0.0,1.0,42,850,400,450,0.47058823529411764,13,4,9,323.3148870087698,0.7639372822299652,0.16289560075520892,0.1847320385485256,130371.67302441751,30.220546606771336,130401.89357102428,2130,8,790.9761904761905,38,4,20,36.43010949541443,0.6203399122807017,44.68482905982906,1021.2606837606845,26.875281151596962,0
2139,4,0,0,42,0.0,0.0,1.0,42,1300,900,400,0.6923076923076923,17,9,8,320.9019370943316,0.7638888888888888,0.16456925347626816,0.1838438200362855,130475.3472222223,-26.04166666666231,130449.30555555565,2131,9,791.9761904761905,39,3,20,36.38696302338226,0.6196581196581197,44.583333333333336,1021.6666666666673,26.196581196581214,0
2140,4,0,0,42,0.0,0.0,1.0,42,1250,1200,50,0.96,13,12,1,322.29199954637085,0.7650987224157956,0.16775829027484668,0.18553055575059424,130661.65500217024,22.241210937509834,130683.89621310776,2132,10,792.9761904761905,39,3,17,36.16329173034472,0.6215277777777778,44.40104166666667,1022.3958333333342,26.2152777777778,0
2141,4,0,0,42,0.0,0.0,1.0,42,1200,1000,200,0.8333333333333334,14,10,4,321.7266288849193,0.764082462253194,0.16419868018483252,0.1859727617586104,130821.4531792534,17.749023437494884,130839.2022026909,2133,11,793.9761904761905,39,3,17,36.016465566982326,0.623130341880342,44.244791666666664,1023.0208333333327,26.231303418803403,0
2142,4,0,0,42,0.0,0.0,1.0,42,800,500,300,0.625,11,5,6,321.66123778501657,0.7653406891211769,0.1638746703893288,0.18632075471698112,130901.38888888882,21.180555555550825,130922.56944444437,2134,12,794.9761904761905,39,3,18,35.937500000000014,0.6239316239316239,44.166666666666664,1023.3333333333327,26.239316239316224,0
2143,4,0,0,42,0.0,0.0,1.0,42,800,600,200,0.75,10,6,4,324.1703739887809,0.7654132791327913,0.16607064113933,0.18816433934954213,130981.34901258672,92.05457899305009,131073.4035915798,2135,13,795.9761904761905,39,3,18,35.792650351073576,0.6247329059829061,44.088541666666664,1023.6458333333327,26.247329059829042,0
2144,4,0,1,41,0.0,0.023809523809523808,0.9761904761904762,42,1200,1000,200,0.8333333333333334,14,10,4,323.5412703971888,0.7645180023228804,0.165852997016545,0.1884512897242392,131114.6701388888,84.20138888887925,131198.87152777766,2136,14,796.9761904761905,39,3,18,35.67432872253865,0.6260683760683762,43.95833333333333,1024.1666666666658,26.26068376068374,0
2145,4,0,0,41,0.0,0.0,1.0,41,750,500,250,0.6666666666666666,10,5,5,329.2619474406506,0.7574186991869919,0.17522504872451217,0.19175607704532657,131109.19922017667,433.8540525239151,131543.05327270058,2137,15,816.9512195121952,38,3,18,35.53337332220599,0.6277412280701755,43.96367521367521,1024.1452991452984,26.951192082771012,0
2146,4,0,0,41,0.0,0.0,1.0,41,1300,900,400,0.6923076923076923,17,9,8,330.3664154661413,0.7577743902439025,0.17950792148722505,0.1926735517937567,131163.91354372108,466.43039118999013,131630.34393491107,2138,16,817.9512195121952,38,3,18,35.44991134751773,0.6282894736842106,43.9102564102564,1024.3589743589732,26.956815114709823,0
2147,4,1,1,41,0.023809523809523808,0.023809523809523808,0.9761904761904762,42,1100,600,500,0.5454545454545454,16,6,10,327.1526688188824,0.7650745257452575,0.16913799202391844,0.18989540912481762,130981.34901258702,170.28230746119308,131151.6313200482,2139,0,799.452380952381,39,3,19,35.71633000915844,0.6247329059829059,44.08854166666668,1023.6458333333351,26.247329059829106,1
2148,4,2,1,42,0.046511627906976744,0.023255813953488372,0.9767441860465116,43,1350,900,450,0.6666666666666666,18,9,9,325.5077450813619,0.7721022517534145,0.18657483253681262,0.19092740353305312,131382.88498064148,-45.853789852932096,131337.03119078855,2140,0,781.8139534883721,38,5,20,35.3537064054467,0.6304824561403508,43.6965811965812,1025.2136752136757,26.97930724246515,0
2149,4,0,0,42,0.0,0.0,1.0,42,1000,600,400,0.6,14,6,8,335.05053172687536,0.7617837785520712,0.19791523412231515,0.1963879260886869,131356.22409058549,402.1945454370448,131758.41863602254,2141,1,801.4285714285714,37,5,21,35.13599939387455,0.6320382882882883,43.72258771929824,1025.1096491228063,27.70566619250828,0
2150,4,0,0,42,0.0,0.0,1.0,42,1150,800,350,0.6956521739130435,15,8,7,337.62871004717533,0.7608643050716222,0.20429976180296938,0.19892029037791978,131553.00188519515,483.2140658663953,132036.21595106155,2142,2,802.4285714285714,37,5,21,34.87156192104889,0.6340090090090091,43.53070175438595,1025.8771929824538,27.7264106211474,0
2151,4,1,1,42,0.023255813953488372,0.023255813953488372,0.9767441860465116,43,850,500,350,0.5882352941176471,12,5,7,330.9669872709053,0.765688445921004,0.1973986005864765,0.1963737457807369,131821.37573964478,125.70471729123673,131947.080456936,2143,0,784.7441860465116,38,5,20,34.7722898460258,0.6348684210526316,43.26923076923076,1026.9230769230755,27.02429149797567,0
2152,4,0,0,42,0.0,0.0,1.0,42,750,400,350,0.5333333333333333,11,4,7,334.83905481208086,0.7599690282617112,0.19344990285872932,0.19809936198488118,131711.6845642485,420.4431934399719,132132.1277576885,2144,4,804.4285714285714,38,4,20,34.783296905356636,0.6337719298245614,43.37606837606837,1026.4957264957252,27.013045434098032,0
2153,4,0,0,42,0.0,0.0,1.0,42,1100,700,400,0.6363636363636364,15,7,8,334.8959038289331,0.7607917150600078,0.19456419404390246,0.1984185965348978,131766.5244448095,425.6138596683221,132192.13830447782,2145,5,805.4285714285714,38,4,20,34.72663024627123,0.6343201754385966,43.32264957264956,1026.7094017094,27.018668466036843,0
2154,4,0,0,42,0.0,0.0,1.0,42,600,400,200,0.6666666666666666,8,4,4,367.6479953972902,0.7607917150600078,0.22684921688905746,0.20506588187715527,129430.46932067211,1119.9895933502216,130550.45891402234,2146,6,806.4285714285714,36,6,17,36.25544119817028,0.6145833333333334,45.60810810810811,1017.5675675675683,28.265765765765785,4
2155,4,0,1,41,0.0,0.023809523809523808,0.9761904761904762,42,750,500,250,0.6666666666666666,10,5,5,369.7247025620839,0.7617595818815331,0.2296055716234937,0.20667542278656031,129516.42679419304,1177.0844746774033,130693.51126887045,2147,7,807.4285714285714,36,6,17,36.11502931740236,0.6154513888888888,45.52364864864866,1017.905405405407,28.275150150150196,0
2156,4,0,0,41,0.0,0.0,1.0,41,1100,800,300,0.7272727272727273,14,8,6,381.1596922499532,0.7632113821138211,0.23234213164049478,0.20764669801676547,128496.33487654322,1601.9542628213835,130098.2891393646,2148,8,787.7317073170732,35,6,12,36.86643835616439,0.6071428571428571,46.52777777777778,1013.8888888888889,28.96825396825397,6
2157,4,4,1,44,0.08888888888888889,0.022222222222222223,0.9777777777777777,45,1400,1100,300,0.7857142857142857,17,11,6,351.53473444830024,0.7959175084175084,0.2433829963747116,0.19718617892719645,129651.8676757814,115.42697482640392,129767.2946506078,2149,0,718.6222222222223,39,6,15,36.44022109713273,0.6113782051282051,45.39062500000001,1018.4375000000011,26.11378205128208,0
2158,4,0,2,42,0.0,0.045454545454545456,0.9545454545454546,44,1100,900,200,0.8181818181818182,13,9,4,350.6655442756407,0.7918208245243129,0.1957478005865101,0.18853125387808448,127968.81028163589,174.85050154321794,128143.6607831791,2150,1,735.9545454545455,41,3,15,38.17847746511096,0.5912093495934958,47.048611111111114,1011.8055555555562,24.678184281842835,8
2159,4,1,3,40,0.023255813953488372,0.06976744186046512,0.9302325581395349,43,850,500,350,0.5882352941176471,12,5,7,355.0608054708797,0.781469176818014,0.22887830391332797,0.19136394061092854,128067.37061273042,494.34075285873746,128561.71136558916,2151,0,754.0,40,3,16,37.966449129852755,0.59375,46.95121951219512,1012.1951219512187,25.304878048780466,0
2160,4,2,0,42,0.047619047619047616,0.0,1.0,42,1000,700,300,0.7,13,7,6,349.8666191325104,0.789561556329849,0.2623580804022172,0.19024511925064264,128422.23087873185,586.1768231116289,129008.40770184348,2152,0,754.0714285714286,37,5,15,37.735287754218945,0.6024774774774775,46.60087719298245,1013.5964912280697,27.394499762920802,0
2161,4,1,1,42,0.023255813953488372,0.023255813953488372,0.9767441860465116,43,550,300,250,0.5454545454545454,8,3,5,344.5714849157,0.7963732004429679,0.2614424529387429,0.1888681209009944,128740.17373666805,272.0385665497763,129012.21230321782,2153,0,737.5116279069767,38,5,16,37.54518019440643,0.6038925438596492,46.28739316239316,1014.8504273504267,26.70659019343228,0
2162,4,2,3,41,0.045454545454545456,0.06818181818181818,0.9318181818181819,44,1000,700,300,0.7,13,7,6,341.7887763348634,0.8064217758985202,0.26373731310706083,0.18854970244168318,128994.83194527085,17.797152819108305,129012.62909808996,2154,0,721.6590909090909,40,4,17,37.35640089369082,0.6031249999999999,46.03658536585367,1015.8536585365869,25.39634146341467,0
2163,4,1,1,41,0.023809523809523808,0.023809523809523808,0.9761904761904762,42,900,300,600,0.3333333333333333,15,3,12,358.27839232279274,0.7893679829655439,0.2755846524656371,0.19691842465260287,128848.62075617304,832.7353395061939,129681.35609567924,2155,0,755.8333333333334,38,4,18,37.08675330597355,0.6049890350877192,46.180555555555564,1015.2777777777794,26.717836257309983,0
2164,4,0,0,41,0.0,0.0,1.0,41,1250,900,350,0.72,16,9,7,363.8953398489012,0.7884146341463415,0.27964264919755144,0.2008288326536971,129011.37689248667,1189.3277677332242,130200.7046602199,2156,1,755.5853658536586,38,3,18,36.77809618957481,0.6066337719298245,46.02029914529915,1015.9188034188035,26.734705353126408,0
2165,4,0,0,41,0.0,0.0,1.0,41,1300,1000,300,0.7692307692307693,16,10,6,362.04014087645305,0.7890243902439025,0.27726209768405496,0.20021661744283847,129092.79348381917,1147.3546278033555,130240.14811162253,2157,2,756.5853658536586,38,3,18,36.74218530978415,0.6074561403508771,45.940170940170944,1016.2393162393167,26.743139901034652,0
2166,4,0,0,41,0.0,0.0,1.0,41,800,500,300,0.625,11,5,6,363.13169818708707,0.7891260162601627,0.27228381374722854,0.20123460152883704,129174.23575726854,1181.451918511209,130355.68767577976,2158,3,757.5853658536586,38,3,19,36.63141530916097,0.6082785087719298,45.86004273504273,1016.5598290598285,26.751574448942858,0
2167,4,1,0,42,0.023809523809523808,0.0,1.0,42,500,300,200,0.6,7,3,4,356.5283920106985,0.7977642276422764,0.2695971506549062,0.1991534985780408,129487.77113261937,833.2219260981256,130320.99305871749,2159,0,740.5238095238095,36,6,17,36.48000110643947,0.615162037037037,45.551801801801815,1017.7927927927949,28.27202202202208,0
2168,4,1,0,43,0.023255813953488372,0.0,1.0,43,1300,900,400,0.6923076923076923,17,9,8,351.12698729576425,0.8039405684754521,0.26969137377953256,0.19778025575314157,129815.2376211912,516.3266582025325,130331.56427939374,2160,0,724.2790697674419,37,6,18,36.28461014274443,0.616554054054054,45.23026315789474,1019.0789473684216,27.542674253200584,0
2169,4,1,1,43,0.022727272727272728,0.022727272727272728,0.9772727272727273,44,950,400,550,0.42105263157894735,15,4,11,342.6667546196433,0.8141737138830163,0.2672910141043976,0.19485048413875775,130184.7910056846,121.99996695090383,130306.7909726355,2161,0,708.7954545454545,40,4,19,36.12535683462789,0.6151041666666666,44.867886178861795,1020.5284552845541,25.51321138211385,0
2170,4,1,1,43,0.022727272727272728,0.022727272727272728,0.9772727272727273,44,1150,900,250,0.782608695652174,14,9,5,345.5578878378856,0.8142618040873855,0.27129217432052477,0.19717126541338195,130318.55955678683,206.5909502722724,130525.15050705911,2162,0,709.5909090909091,37,7,21,35.91602233676978,0.6216216216216215,44.736842105263165,1021.0526315789484,27.596017069701308,0
2171,4,0,0,43,0.0,0.0,1.0,43,1100,900,200,0.8181818181818182,13,9,4,350.8978377502648,0.8103082318198597,0.2746884603348059,0.2000779746568493,130291.32806793296,543.7890593296203,130835.11712726258,2163,1,726.9302325581396,36,7,21,35.80732039120524,0.6232638888888888,44.76351351351352,1020.9459459459472,28.359609609609645,0
2172,4,1,1,43,0.022727272727272728,0.022727272727272728,0.9772727272727273,44,1200,900,300,0.75,15,9,6,343.40076782834024,0.8152528188865399,0.26624903788591414,0.1973162249737981,130589.98243343223,168.94004766603987,130758.92248109827,2164,0,711.3863636363636,38,6,13,35.69627364900178,0.6225328947368419,44.47115384615386,1022.1153846153869,26.897773279352286,0
2173,4,0,2,41,0.0,0.046511627906976744,0.9534883720930233,43,600,200,400,0.3333333333333333,10,2,8,360.87552118653974,0.8113233665559246,0.2621154181067158,0.19540038928438505,128252.7271554715,669.0840958068503,128921.81125127834,2165,3,728.9302325581396,38,5,17,37.62964525542314,0.5989583333333334,46.76816239316239,1012.92735042735,26.655982905982896,7
2174,4,3,2,42,0.06818181818181818,0.045454545454545456,0.9545454545454546,44,1200,700,500,0.5833333333333334,17,7,10,349.9505232136451,0.8170806906272023,0.2844827586206895,0.19199988165505405,128778.12500000004,213.194444444446,128991.3194444445,2166,0,713.1136363636364,39,5,18,37.37000547345373,0.6025641025641025,46.25,1015.0000000000003,26.025641025641033,0
2175,4,0,0,42,0.0,0.0,1.0,42,1200,700,500,0.5833333333333334,17,7,10,362.6038422183616,0.8061120789779327,0.292849160860408,0.19758383788999334,128505.59937913573,919.3248162896114,129424.92419542534,2167,1,748.0714285714286,37,5,18,37.327308856926564,0.6033220720720722,46.518640350877185,1013.9254385964899,27.403390232337564,0
2176,4,0,1,41,0.0,0.023809523809523808,0.9761904761904762,42,900,500,400,0.5555555555555556,13,5,8,366.2725328487338,0.8052893921796361,0.29725229190151925,0.20014100421639883,128616.7994599298,1021.7601810172148,129638.55964094702,2168,2,749.0714285714286,37,5,18,37.12064911901415,0.6044481981981983,46.408991228070164,1014.3640350877179,27.415244191559943,0
2177,4,1,0,42,0.023809523809523808,0.0,1.0,42,1150,600,550,0.5217391304347826,17,6,11,367.95249368936464,0.8055313588850174,0.30457837890635053,0.2027569273673162,128950.68825263547,1089.5454611034208,130040.2337137389,2169,0,749.6666666666666,37,5,19,36.73699575371548,0.6078265765765766,46.08004385964912,1015.6798245614038,27.45080606922713,0
2178,4,1,0,43,0.023255813953488372,0.0,1.0,43,1500,1200,300,0.8,18,12,6,358.6110553058383,0.8098929494278331,0.29770222055181694,0.19973441884296814,129373.18019032551,679.4174639353612,130052.59765426087,2170,0,733.2093023255813,36,7,20,36.5436591395469,0.6140046296296295,45.664414414414416,1017.3423423423427,28.25950950950952,0
2179,4,1,1,43,0.022727272727272728,0.022727272727272728,0.9772727272727273,44,1350,1000,350,0.7407407407407407,17,10,7,350.11641684214686,0.818512156448203,0.2928424344112268,0.1968579098470939,129745.05077069181,285.1744557674092,130030.22522645922,2171,0,717.5227272727273,38,6,17,36.381650237695766,0.6140350877192982,45.2991452991453,1018.8034188034189,26.810616284300497,0
2180,4,1,2,42,0.022727272727272728,0.045454545454545456,0.9545454545454546,44,1150,700,450,0.6086956521739131,16,7,9,350.62254527095763,0.8171027131782946,0.2905003715630423,0.19796688325298673,129908.3719135802,309.7608024691285,130218.13271604932,2172,0,718.5,38,6,17,36.20288374205267,0.6156798245614036,45.138888888888886,1019.444444444444,26.827485380116947,0
2181,4,0,0,42,0.0,0.0,1.0,42,1150,600,550,0.5217391304347826,17,6,11,370.3306494151853,0.798030391018196,0.30514407841403113,0.20807522078321583,129717.10519641306,1207.643961529143,130924.7491579422,2173,3,753.6428571428571,36,6,17,35.89523914805808,0.6174768518518516,45.3265765765766,1018.6936936936971,28.297047047047144,0
2182,4,3,3,42,0.06666666666666667,0.06666666666666667,0.9333333333333333,45,1450,1100,350,0.7586206896551724,18,11,7,351.32334397025215,0.8163720538720539,0.29258329848041287,0.2014422339167563,130508.09500328744,171.25258479534972,130679.34758808279,2174,0,704.3333333333334,38,7,14,35.57677227101632,0.6217105263157894,44.55128205128206,1021.7948717948727,26.88933873144402,0
2183,4,0,0,42,0.0,0.0,1.0,42,1150,700,450,0.6086956521739131,16,7,9,371.9141060051786,0.797691637630662,0.3039150752474513,0.21096868417663872,130090.20580969517,1276.4765187485184,131366.68232844368,2175,5,755.6428571428571,36,6,19,35.475310004783466,0.6212384259259258,44.960585585585605,1020.1576576576604,28.337712712712786,0
2184,4,1,0,43,0.023255813953488372,0.0,1.0,43,1500,1200,300,0.8,18,12,6,363.1380291587434,0.8043097083794758,0.30351569224781216,0.20855265371464268,130570.5857210874,883.0290329717022,131453.6147540591,2176,0,739.046511627907,37,6,16,35.21159657404428,0.6241554054054053,44.49013157894738,1022.0394736842117,27.622688477951666,0
2185,4,0,0,43,0.0,0.0,1.0,43,1250,1000,250,0.8,15,10,5,362.2307818923378,0.8046327057954965,0.30032567116688,0.20878641977304968,130710.70545744857,869.4882079101401,131580.1936653587,2177,1,740.046511627907,37,6,16,35.09275144756596,0.625563063063063,44.3530701754386,1022.5877192982466,27.63750592697964,0
2186,4,1,1,43,0.022727272727272728,0.022727272727272728,0.9772727272727273,44,1050,900,150,0.8571428571428571,12,9,3,358.11692124330114,0.8089323467230445,0.30927060318423627,0.2087092354990595,131136.55495516476,592.4438645993162,131728.99881976406,2178,0,724.2045454545455,38,6,18,34.766915267202116,0.628015350877193,43.93696581196581,1024.252136752137,26.954003598740446,0
2187,4,0,0,43,0.0,0.0,1.0,43,1250,900,350,0.72,16,9,7,357.58519702305364,0.8104928017718716,0.30516981763426454,0.20899449266594194,131246.00643080214,786.3258136094666,132032.3322444116,2179,1,733.1395348837209,38,5,19,34.669872797414236,0.6291118421052632,43.830128205128204,1024.6794871794873,26.96524966261809,0
2188,4,1,0,44,0.022727272727272728,0.0,1.0,44,800,500,300,0.625,11,5,6,342.3037647563863,0.8186663143058492,0.2751840815975706,0.19021538451348743,129282.865405161,55.83600427349592,129338.7014094345,2180,0,717.4545454545455,38,6,16,37.05024162201913,0.609375,45.753205128205124,1016.987179487179,26.7628205128205,5
2189,4,2,4,42,0.043478260869565216,0.08695652173913043,0.9130434782608696,46,1650,1300,350,0.7878787878787878,20,13,7,328.50890230782136,0.8299114331723028,0.25928439770139855,0.1847056503441341,129744.38707325343,-675.5627643928799,129068.82430886055,2181,0,687.2173913043479,40,6,15,36.93266832917706,0.6106770833333333,45.299796747967484,1018.8008130081307,25.47002032520327,0
2190,4,0,0,42,0.0,0.0,1.0,42,1100,600,500,0.5454545454545454,16,6,10,355.97176992396476,0.8034988385598142,0.29328512887046454,0.1975457351348178,129230.01284646163,800.4472800503488,130030.46012651197,2182,2,753.1904761904761,36,6,18,36.75656218850371,0.6125578703703702,45.805180180180194,1016.7792792792817,28.243868868868937,0
2191,4,0,0,42,0.0,0.0,1.0,42,850,400,450,0.47058823529411764,13,4,9,351.9013527671929,0.8044909020518777,0.28937769484592524,0.19599733790991547,129373.18019032579,705.3194241539169,130078.4996144797,2183,3,754.1904761904761,36,6,18,36.714310751974025,0.6140046296296295,45.66441441441443,1017.342342342345,28.259509509509584,0
2192,4,0,0,42,0.0,0.0,1.0,42,800,600,200,0.75,10,6,4,352.70427286570236,0.8054103755323267,0.29042771252575417,0.19687390450199843,129459.11864144563,732.156861253163,130191.2755026988,2184,4,755.1904761904761,36,6,15,36.60645125594778,0.6148726851851851,45.579954954954964,1017.6801801801812,28.26889389389392,0
2193,4,1,2,41,0.023255813953488372,0.046511627906976744,0.9534883720930233,43,900,400,500,0.4444444444444444,14,4,10,347.92541373959966,0.8133997785160576,0.2880597463184129,0.19569751479832664,129759.37307633097,429.3167128346907,130188.68978916567,2185,0,738.6046511627907,37,6,15,36.42290859520734,0.6159909909909911,45.28508771929823,1018.8596491228054,27.536747273589334,0
2194,4,1,1,41,0.023809523809523808,0.023809523809523808,0.9761904761904762,42,1100,800,300,0.7272727272727273,14,8,6,359.4128383797031,0.8085559427022841,0.29642238405923016,0.20149846853488237,129631.08114448901,918.2149632740728,130549.29610776309,2186,0,756.8095238095239,36,6,15,36.2607818201924,0.6166087962962964,45.41103603603603,1018.3558558558552,28.287662662662644,0
2195,4,1,0,42,0.023809523809523808,0.0,1.0,42,1150,1000,150,0.8695652173913043,13,10,3,356.80443218126743,0.8124516066589237,0.2779765663369116,0.19597431876221977,128821.50472094378,794.3512426014095,129615.85596354518,2187,0,757.7857142857143,38,4,18,37.15182768539955,0.6047149122807018,46.207264957264954,1015.1709401709397,26.715024741340518,5
2196,4,0,0,42,0.0,0.0,1.0,42,1250,1000,250,0.8,15,10,5,359.2770026341012,0.8115563298490128,0.280329215633234,0.19787295405792366,128929.98598327104,864.3157827452459,129794.30176601629,2188,1,758.7857142857143,38,4,20,36.97839960726558,0.605811403508772,46.10042735042734,1015.5982905982889,26.72627080521813,0
2197,4,1,0,43,0.023255813953488372,0.0,1.0,43,1050,600,450,0.5714285714285714,15,6,9,353.03795676755766,0.8179678848283499,0.2884954288049215,0.19646869375720613,129340.77222077921,533.0111040241143,129873.78332480333,2189,0,742.1162790697674,37,6,22,36.71838507419783,0.6117680180180182,45.69627192982455,1017.2149122806997,27.492294926505394,0
2198,4,1,1,43,0.022727272727272728,0.022727272727272728,0.9772727272727273,44,1150,900,250,0.782608695652174,14,9,5,340.80034446514156,0.8259117336152221,0.27171860245514656,0.1909563834860233,129609.02829141983,34.16029750161093,129643.18858892145,2190,0,726.2272727272727,38,6,15,36.75702969258209,0.6126644736842106,45.43269230769229,1018.2692307692284,26.79655870445338,0
2199,4,1,1,43,0.022727272727272728,0.022727272727272728,0.9772727272727273,44,1750,1500,250,0.8571428571428571,20,15,5,339.59714601786357,0.8221018322762509,0.2724795640326978,0.19174177321316266,129908.37191358008,23.302469135781394,129931.67438271586,2191,0,727.2045454545455,38,6,18,36.483878292461384,0.6156798245614037,45.13888888888888,1019.4444444444431,26.827485380116922,0
2200,4,1,0,44,0.022727272727272728,0.0,1.0,44,900,400,500,0.4444444444444444,14,4,10,345.07233397204686,0.8185562015503877,0.28805098222192616,0.1955136838238059,130044.55133912252,174.9553701877265,130219.50670931026,2192,0,728.1818181818181,38,6,20,36.206181697566436,0.6170504385964912,45.005341880341874,1019.9786324786314,26.841542959963984,0
2201,4,2,2,44,0.043478260869565216,0.043478260869565216,0.9565217391304348,46,1650,1300,350,0.7878787878787878,20,13,7,326.4174119488931,0.8305555555555556,0.26886370414554084,0.18773200381897737,130625.94112507427,-672.283672912961,129953.65745216131,2193,0,697.4782608695652,40,6,18,36.09392086688538,0.6195312500000001,44.43597560975609,1022.2560975609749,25.556402439024374,0
2202,4,0,0,44,0.0,0.0,1.0,44,1300,800,500,0.6153846153846154,18,8,10,342.2910823427821,0.8163979915433404,0.28607737591417837,0.19557444447786348,130371.67302441751,125.01221327343819,130496.68523769095,2194,2,730.1818181818181,38,6,21,35.94561843986469,0.6203399122807017,44.68482905982906,1021.2606837606845,26.875281151596962,0
2203,4,0,0,44,0.0,0.0,1.0,44,1350,800,550,0.5925925925925926,19,8,11,340.1532621391731,0.8156712473572939,0.28183054134737784,0.19476320314818998,130453.51765103366,74.83791730585858,130528.35556833952,2195,3,731.1818181818181,38,6,21,35.91734644077248,0.6211622807017544,44.60470085470085,1021.5811965811965,26.88371569950517,0
2204,4,2,1,45,0.043478260869565216,0.021739130434782608,0.9782608695652174,46,950,700,250,0.7368421052631579,12,7,5,330.37886570832177,0.8251006441223833,0.2819438508329992,0.19155126980705264,130937.7904707018,-548.1842611871367,130389.60620951466,2196,0,700.3478260869565,40,6,19,35.677729785191815,0.6226562500000001,44.131097560975604,1023.4756097560963,25.58689024390241,0
2205,4,1,1,45,0.021739130434782608,0.021739130434782608,0.9782608695652174,46,1100,600,500,0.5454545454545454,16,6,10,331.7444039685532,0.8227455716586152,0.28994279403263223,0.19325549729451302,131119.87428944398,-500.3430910833669,130619.53119836061,2197,0,701.3260869565217,40,6,19,35.45904445326453,0.6244791666666667,43.95325203252032,1024.1869918699176,25.60467479674794,0
2206,4,1,0,46,0.021739130434782608,0.0,1.0,46,1300,1200,100,0.9230769230769231,14,12,2,332.8228479536386,0.8267109500805153,0.29528599688539114,0.19468063529790966,131277.28666698147,-461.5839159738059,130815.70275100766,2198,0,702.304347826087,41,5,21,35.27266860277511,0.6244918699186992,43.79960317460317,1024.8015873015863,24.99516066589235,0
2207,4,0,1,45,0.0,0.021739130434782608,0.9782608695652174,46,1250,600,650,0.48,19,6,13,310.38016295490996,0.826670692431562,0.2397402280626868,0.16967222270623822,128633.7549160552,-1214.907153731125,127418.84776232408,2199,1,703.304347826087,40,6,13,38.520795765711625,0.5994791666666668,46.392276422764226,1014.4308943089426,25.360772357723565,8
2208,4,1,1,45,0.021739130434782608,0.021739130434782608,0.9782608695652174,46,1450,1100,350,0.7586206896551724,18,11,7,308.03283523728663,0.8320048309178745,0.24729675610732826,0.16904571199725377,128788.44024720743,-1265.7863209729624,127522.65392623446,2200,0,704.1304347826087,40,6,13,38.42319116272859,0.6010416666666667,46.239837398373986,1015.0406504065047,25.37601626016262,0
2209,4,0,0,45,0.0,0.0,1.0,45,900,400,500,0.4444444444444444,14,4,10,313.67480595342136,0.8230218855218856,0.24800027370077582,0.1719827593924699,128751.6940646704,-922.7674696180298,127828.92659505237,2201,3,720.7777777777778,39,6,15,38.317360327072436,0.6022970085470085,46.27604166666668,1014.8958333333355,26.022970085470142,0
2210,4,2,1,46,0.0425531914893617,0.02127659574468085,0.9787234042553191,47,1150,1000,150,0.8695652173913043,13,10,3,301.63959186483703,0.8324853530681467,0.24594963888346655,0.16705941936470933,129150.96391565894,-1608.5911911060616,127542.37272455287,2202,0,691.063829787234,41,6,16,38.217759776172834,0.6031504065040649,45.88293650793651,1016.4682539682547,24.791908633372064,0
2211,4,0,0,46,0.0,0.0,1.0,46,1100,800,300,0.7272727272727273,14,8,6,311.329754688452,0.8276570048309179,0.2565064597728466,0.1722063718697896,129100.5487843286,-1161.4315633660851,127939.11722096251,2203,1,707.0869565217391,41,5,16,38.02266367304437,0.6026422764227641,45.932539682539684,1016.2698412698417,24.78706929926443,0
2212,4,1,0,47,0.02127659574468085,0.0,1.0,47,1050,800,250,0.7619047619047619,13,8,5,305.57599409178863,0.831945729263028,0.2532524930592728,0.17010728791624347,129352.72285997751,-1494.5432571176439,127858.17960285986,2204,0,693.0212765957447,41,6,18,37.91325336454067,0.6051829268292682,45.68452380952382,1017.2619047619063,24.81126596980259,0
2213,4,1,2,46,0.020833333333333332,0.041666666666666664,0.9583333333333334,48,1400,1100,300,0.7857142857142857,17,11,6,303.1691029416646,0.8372672872340425,0.24779836075969408,0.17034830460853664,129719.1060952618,-1734.6349941409708,127984.47110112083,2205,0,679.5625,42,6,12,37.6036415231935,0.607390873015873,45.32461240310078,1018.7015503875976,24.254798818752324,0
2214,4,2,2,46,0.041666666666666664,0.041666666666666664,0.9583333333333334,48,900,600,300,0.6666666666666666,12,6,6,303.3331405687517,0.837285756501182,0.25433301647655226,0.17119445487034718,129891.90853915046,-1719.8958896700756,128172.01264948038,2206,0,680.5,42,6,14,37.424746514575396,0.609126984126984,45.15503875968993,1019.3798449612417,24.270948689553375,0
2215,4,1,1,46,0.02127659574468085,0.02127659574468085,0.9787234042553191,47,950,700,250,0.7368421052631579,12,7,5,312.51352505427906,0.8308664816527905,0.2674417160388023,0.1766784384217756,129958.94451530615,-1277.2144274376392,128681.73008786852,2207,0,695.468085106383,41,6,16,37.12298112473245,0.6112804878048781,45.089285714285715,1019.6428571428575,24.869337979094084,0
2216,4,0,1,45,0.0,0.021739130434782608,0.9782608695652174,46,1300,900,400,0.6923076923076923,17,9,8,316.3213031502203,0.8277576489533012,0.2632389527307193,0.17859987424020107,129908.37191358006,-981.4429012345879,128926.92901234547,2208,1,711.3478260869565,41,5,16,37.0770890099909,0.6107723577235773,45.13888888888888,1019.444444444443,24.864498644986416,0
2217,4,0,0,45,0.0,0.0,1.0,45,1150,700,450,0.6086956521739131,16,7,9,324.39618519899847,0.8207491582491583,0.2705206812652068,0.18304068110487137,129883.08930342969,-573.2842616213184,129309.80504180837,2209,2,727.9333333333333,41,4,17,36.896897810218974,0.6105182926829269,45.163690476190474,1019.345238095238,24.862078977932633,0
2218,4,0,0,45,0.0,0.0,1.0,45,600,200,400,0.3333333333333333,10,2,8,324.3718726184079,0.8201599326599327,0.2705868685908608,0.18318392226614416,129916.60399202256,-571.741575776711,129344.86241624584,2210,3,728.9333333333333,42,3,17,36.863574438424735,0.609375,45.130813953488364,1019.4767441860453,24.273255813953458,0
2219,4,0,0,45,0.0,0.0,1.0,45,1200,900,300,0.75,15,9,6,322.9873582372694,0.8200757575757576,0.2708564308868413,0.1826327765035346,129966.00193986212,-604.5248745568404,129361.47706530528,2211,4,729.9333333333333,42,3,18,36.848846970128925,0.6098710317460319,45.08236434108526,1019.6705426356567,24.27787006275373,0
2220,4,0,0,45,0.0,0.0,1.0,45,900,500,400,0.5555555555555556,13,5,8,324.46423802819487,0.8202020202020203,0.27103216068733293,0.1839329581972432,130064.82600392101,-559.7230672736077,129505.10293664741,2212,5,730.9333333333333,42,3,18,36.71115544156296,0.6108630952380953,44.985465116279066,1020.0581395348836,24.287098560354373,0
2221,4,1,0,46,0.021739130434782608,0.0,1.0,46,950,700,250,0.7368421052631579,12,7,5,321.3276511597833,0.8243558776167472,0.2677236222653001,0.18344887720758535,130340.40584308279,-823.1540137769995,129517.25182930578,2213,0,716.0217391304348,40,6,19,36.51244858014861,0.6166666666666667,44.71544715447154,1021.1382113821136,25.52845528455284,0
2222,4,0,0,46,0.0,0.0,1.0,46,1250,700,550,0.56,18,7,11,322.3170850119552,0.8229468599033817,0.27266574113719,0.18462983792736112,130470.15587819759,-789.447935256781,129680.7079429408,2214,1,717.0217391304348,40,6,19,36.35606286680595,0.61796875,44.588414634146346,1021.6463414634154,25.541158536585385,0
2223,4,0,0,46,0.0,0.0,1.0,46,1200,700,500,0.5833333333333334,17,7,10,321.3641107849865,0.8230877616747182,0.27078321642905956,0.18454253452101055,130566.58340419493,-808.1172052154309,129758.4661989795,2215,2,718.0217391304348,41,5,17,36.28300330033002,0.6173780487804879,44.49404761904761,1022.0238095238088,24.92740998838558,0
2224,4,0,2,44,0.0,0.043478260869565216,0.9565217391304348,46,1200,800,400,0.6666666666666666,16,8,8,324.53648418551484,0.8218800322061192,0.2747618525299744,0.1868532405595482,130667.99433893917,-718.693704333592,129949.30063460558,2216,3,719.0217391304348,41,5,18,36.09952131444465,0.6183943089430894,44.394841269841265,1022.420634920634,24.93708865660083,0
2225,4,0,0,44,0.0,0.0,1.0,44,1200,900,300,0.75,15,9,6,328.68388521478886,0.8140636011275546,0.25411539365027713,0.18941679570625464,130703.86860499704,-207.9489308612613,130495.91967413577,2217,10,702.4318181818181,40,4,19,35.957273239249986,0.6203125,44.359756097560975,1022.5609756097563,25.564024390243908,0
2226,4,0,0,44,0.0,0.0,1.0,44,1500,1000,500,0.6666666666666666,20,10,10,353.47246503978516,0.8146802325581396,0.2272936398025862,0.19881047616757533,129757.97661675337,387.05757923265196,130145.03419598602,2218,11,703.4318181818181,39,5,16,36.28303598814027,0.6124465811965812,45.28645833333333,1018.8541666666657,26.124465811965788,7
2227,4,1,2,43,0.022222222222222223,0.044444444444444446,0.9555555555555556,45,1400,1100,300,0.7857142857142857,17,11,6,344.29638338639876,0.8246212121212122,0.22297441883085312,0.19502540592813022,130034.82187145685,-45.89622307256906,129988.92564838428,2219,0,688.7777777777778,41,4,16,36.23583552183639,0.6120426829268293,45.01488095238095,1019.9404761904757,24.876596980255506,0
2228,4,0,0,43,0.0,0.0,1.0,43,1450,1000,450,0.6896551724137931,19,10,9,354.93566456536513,0.8142764857881136,0.23902270917754964,0.20017553186006343,129864.12896050357,618.6821831597317,130482.8111436633,2220,13,721.5116279069767,39,4,16,36.137902401635145,0.6135149572649572,45.18229166666667,1019.2708333333342,26.135149572649595,0
2229,4,1,1,43,0.022727272727272728,0.022727272727272728,0.9772727272727273,44,700,400,300,0.5714285714285714,10,4,6,345.2366034443953,0.8206923890063426,0.234107435546822,0.19592030876078495,130107.01844346951,183.54102634014333,130290.55946980965,2221,0,706.0909090909091,40,4,16,36.138642627087705,0.6143229166666667,44.94410569105691,1020.2235772357725,25.50558943089431,0
2230,4,2,0,45,0.044444444444444446,0.0,1.0,45,950,600,350,0.631578947368421,13,6,7,328.2680822632638,0.8276094276094277,0.1942070469569963,0.18475940050053183,129784.51063368045,-424.8039839154166,129359.70664976502,2222,0,691.3555555555556,39,6,16,36.89812921692905,0.6127136752136753,45.260416666666664,1018.9583333333325,26.127136752136728,8
2231,4,0,0,45,0.0,0.0,1.0,45,1150,600,550,0.5217391304347826,17,6,11,331.5476004310004,0.8263047138047138,0.21052201450607844,0.18749390298203708,129970.32470703124,-381.73014322916714,129588.59456380206,2223,1,692.3555555555556,39,6,16,36.62625140463786,0.6145833333333334,45.078125,1019.6874999999999,26.145833333333332,0
2232,4,0,0,45,0.0,0.0,1.0,45,750,400,350,0.5333333333333333,11,4,7,331.16598141062434,0.8263468013468014,0.2094985190481058,0.18753303204114646,130023.4388563367,-388.1320529513946,129635.3068033853,2224,2,693.3555555555556,39,6,17,36.582171552105684,0.6151175213675215,45.026041666666664,1019.8958333333325,26.15117521367519,0
2233,4,0,0,45,0.0,0.0,1.0,45,1500,1000,500,0.6666666666666666,20,10,10,329.1509903777106,0.825462962962963,0.21495922788155175,0.18715567340281072,130182.84640842007,-430.03743489583997,129752.80897352422,2225,3,694.3555555555556,39,6,17,36.472155591847844,0.6167200854700855,44.869791666666664,1020.5208333333327,26.167200854700837,0
2234,4,0,0,45,0.0,0.0,1.0,45,1050,700,350,0.6666666666666666,14,7,7,329.30736974582663,0.8233585858585859,0.21546186839627635,0.18815595621042175,130371.67302441734,-413.5050393307432,129958.16798508659,2226,4,695.3555555555556,38,7,18,36.277112319977675,0.6203399122807018,44.684829059829056,1021.260683760683,26.875281151596923,0
2235,4,0,0,45,0.0,0.0,1.0,45,900,600,300,0.6666666666666666,12,6,6,329.29440598059523,0.8210437710437711,0.2160236975082772,0.1889442707381157,130535.38795976678,-403.0853924684252,130132.30256729836,2227,5,696.3555555555556,38,7,14,36.11190974037289,0.6219846491228072,44.52457264957264,1021.9017094017079,26.892150247413365,0
2236,4,0,0,45,0.0,0.0,1.0,45,1150,1000,150,0.8695652173913043,13,10,3,332.2876334680476,0.8212962962962963,0.2185769512067708,0.19147049608203995,130699.20562358462,-314.05405343706684,130385.15157014756,2228,6,697.3555555555556,38,7,14,35.86985860063386,0.6236293859649124,44.36431623931624,1022.542735042735,26.90901934322987,0
2237,4,2,0,47,0.0425531914893617,0.0,1.0,47,1050,500,550,0.47619047619047616,16,5,11,314.0893723801481,0.8301341350601295,0.17889183275588239,0.1835117737465006,131233.23473936907,-1156.2071330589808,130077.02760631009,2229,0,668.6382978723404,44,3,19,35.79696066028074,0.6197916666666666,43.842592592592595,1024.6296296296302,23.287037037037052,7
2238,4,0,0,47,0.0,0.0,1.0,47,1450,1000,450,0.6896551724137931,19,10,9,317.16759174487566,0.8284381745297563,0.1801905060656699,0.18613146357473814,131402.62684221202,-1064.6004719953883,130338.02637021663,2230,1,669.6382978723404,42,5,19,35.547601045899874,0.6242559523809523,43.67732558139535,1025.2906976744187,24.41168327796235,0
2239,4,0,0,47,0.0,0.0,1.0,47,1400,800,600,0.5714285714285714,20,8,12,314.96760994107325,0.8263567684242984,0.1850537241077137,0.18544199771057832,131526.84352653072,-1114.660890271029,130412.18263625969,2231,2,670.6382978723404,42,5,19,35.47905252219914,0.6254960317460319,43.55620155038759,1025.7751937984485,24.42321889996306,0
2240,4,0,0,47,0.0,0.0,1.0,47,950,600,350,0.631578947368421,13,6,7,313.7643831277984,0.8271662041319765,0.1836119764522517,0.18553694210159338,131692.36868866213,-1135.92503515267,130556.44365350946,2232,3,671.6382978723404,43,4,14,35.34353184488115,0.6257267441860466,43.39488636363636,1026.420454545454,23.87024312896405,0
2241,4,2,3,46,0.04081632653061224,0.061224489795918366,0.9387755102040817,49,650,300,350,0.46153846153846156,10,3,7,306.358092452353,0.8322704081632654,0.18718120672636962,0.18331421757652394,132141.76811758295,-1703.4599972432284,130438.30812033972,2233,0,645.1836734693877,45,4,15,35.08272031832731,0.6275462962962963,42.95742753623188,1028.1702898550723,22.84822866344605,0
2242,4,0,0,46,0.0,0.0,1.0,46,2100,1900,200,0.9047619047619048,23,19,4,325.9547881808473,0.817572463768116,0.19681706316653003,0.1936726880446739,131874.96244216093,-602.9449101616491,131272.01753199927,2234,1,687.5869565217391,42,4,16,34.84709119496856,0.628968253968254,43.21705426356589,1027.1317829457364,24.455518641565153,0
2243,4,0,0,46,0.0,0.0,1.0,46,1000,700,300,0.7,13,7,6,329.2742742406114,0.8172906602254428,0.19900675016198766,0.19590156315931337,131924.7312736615,-512.1159710954771,131412.61530256603,2235,2,688.5869565217391,42,4,16,34.7118075205936,0.6294642857142857,43.168604651162795,1027.3255813953494,24.460132890365465,0
2244,4,0,1,45,0.0,0.021739130434782608,0.9782608695652174,46,1000,700,300,0.7,13,7,6,329.2368211447563,0.8160829307568438,0.20056325787700113,0.19639402278184964,132024.2971050419,-506.5480214530263,131517.74908358886,2236,3,689.5869565217391,42,4,17,34.6126799295996,0.6304563492063492,43.071705426356594,1027.7131782945746,24.469361387966064,0
2245,4,0,0,45,0.0,0.0,1.0,45,1300,900,400,0.6923076923076923,17,9,8,333.9802552776287,0.8088804713804715,0.19822556939482716,0.19890934467569862,131964.43457301898,-185.29689074704316,131779.13768227195,2237,4,705.6,41,4,17,34.5510081748254,0.6313516260162602,43.129960317460316,1027.4801587301583,25.060491676345325,0
2246,4,0,0,45,0.0,0.0,1.0,45,800,600,200,0.75,10,6,4,334.8435811198144,0.8085858585858586,0.20137078868616642,0.19969169008751617,132015.4057716836,-159.0977536848153,131856.3080179988,2238,5,706.6,41,4,17,34.477567815426184,0.631859756097561,43.08035714285714,1027.6785714285709,25.065331010452947,0
2247,4,1,2,44,0.021739130434782608,0.043478260869565216,0.9565217391304348,46,1200,900,300,0.75,15,9,6,332.64308156901694,0.8135265700483092,0.20832783000932542,0.19975134301184255,132276.20778990188,-399.846924500685,131876.3608654012,2239,0,692.2173913043479,43,3,18,34.272012795728635,0.6315406976744187,42.82670454545455,1028.693181818182,23.923097251585627,0
2248,4,0,0,44,0.0,0.0,1.0,44,1350,800,550,0.5925925925925926,19,8,11,340.04774899236884,0.8076330162085976,0.1938212124002714,0.2036722838559367,132178.81159786787,189.42146966827585,132368.23306753614,2240,7,678.2272727272727,43,1,18,34.17950164226295,0.6305717054263567,42.921401515151516,1028.3143939393938,23.914288231148692,0
2249,4,0,0,44,0.0,0.0,1.0,44,1050,600,450,0.5714285714285714,15,6,9,339.06710583746604,0.8074127906976745,0.19084842906748078,0.20387183757189076,132324.91933719287,173.40548596762028,132498.32482316048,2241,8,679.2272727272727,43,1,18,34.05785013038808,0.6320251937984496,42.779356060606055,1028.882575757575,23.92750176180407,0
2250,4,0,0,44,0.0,0.0,1.0,44,1450,1000,450,0.6896551724137931,19,10,9,338.0613483992935,0.8069282945736435,0.19029491678931287,0.20410771636438538,132480.48159105846,157.40693320797953,132637.88852426643,2242,9,680.2272727272727,38,6,18,33.927459526774584,0.6414473684210527,42.628205128205124,1029.487179487179,27.09176788124155,0
2251,4,1,0,45,0.022222222222222223,0.0,1.0,45,1500,1100,400,0.7333333333333333,19,11,8,326.4367970297759,0.8100168350168351,0.21117407547328249,0.19244503379461392,131576.54663181293,-406.0164858023407,131170.5301460106,2243,0,666.0888888888888,42,3,16,35.13490114595141,0.6259920634920635,43.507751937984494,1025.9689922480616,24.42783314876337,2
2252,4,1,0,46,0.021739130434782608,0.0,1.0,46,1650,1200,450,0.7272727272727273,21,12,9,324.5974721082014,0.8138888888888889,0.21572646079503754,0.19342159087567812,131984.12682399305,-631.657214904702,131352.46960908835,2244,0,652.5869565217391,43,3,17,34.77223681381132,0.6286337209302324,43.11079545454547,1027.5568181818205,23.896670190274897,0
2253,4,0,1,45,0.0,0.021739130434782608,0.9782608695652174,46,1800,1400,400,0.7777777777777778,22,14,8,321.5414581098615,0.8125402576489533,0.21297623145709355,0.19296040430880235,132251.85537907516,-695.1091167355046,131556.74626233964,2245,1,653.5869565217391,43,3,17,34.581952372184396,0.631298449612403,42.8503787878788,1028.5984848484875,23.920894996476452,0
2254,4,1,1,45,0.021739130434782608,0.021739130434782608,0.9782608695652174,46,1500,1100,400,0.7333333333333333,19,11,8,316.32081289011444,0.8152777777777778,0.22236773179675184,0.19069311061795122,132423.52966939108,-822.174874550737,131601.35479484033,2246,0,653.1521739130435,41,5,17,34.5440763052209,0.6359247967479674,42.683531746031754,1029.2658730158744,25.10404568331401,0
2255,4,0,0,45,0.0,0.0,1.0,45,1450,1000,450,0.6896551724137931,19,10,9,318.8054221508303,0.8079545454545455,0.22438146648672985,0.192060827490866,132398.00347222213,-558.1597222222309,131839.8437499999,2247,3,668.6666666666666,41,4,17,34.50573549257759,0.6356707317073171,42.70833333333333,1029.1666666666658,25.10162601626014,0
2256,4,0,0,45,0.0,0.0,1.0,45,1250,1000,250,0.8,15,10,5,324.65232028315893,0.807996632996633,0.23282054576013578,0.19624731696091471,132525.65906281493,-395.0474576404602,132130.61160517446,2248,4,669.6666666666666,41,4,17,34.2272657931079,0.6369410569105691,42.5843253968254,1029.6626984126983,25.11372435152923,0
2257,4,0,0,45,0.0,0.0,1.0,45,1300,900,400,0.6923076923076923,17,9,8,323.1999068789961,0.80753367003367,0.23022402037911194,0.19563488240879628,132576.73852237652,-430.2420910493845,132146.49643132713,2249,5,670.6666666666666,41,4,18,34.21344684198697,0.6374491869918699,42.53472222222222,1029.8611111111109,25.11856368563685,0
2258,4,0,0,45,0.0,0.0,1.0,45,1350,700,650,0.5185185185185185,20,7,13,321.12711626990404,0.8073232323232323,0.22345488786166734,0.19477710136370838,132653.37616528114,-480.28076971527554,132173.09539556585,2250,6,671.6666666666666,41,4,16,34.19001990241397,0.6382113821138211,42.46031746031747,1030.1587301587317,25.125822686798333,0
2259,4,0,0,45,0.0,0.0,1.0,45,1200,900,300,0.75,15,9,6,327.8843740618447,0.8047558922558923,0.22777724322995252,0.20009995887403104,132883.42195964017,-285.9204735134881,132597.50148612668,2251,7,672.6666666666666,41,4,17,33.785460566406904,0.6404979674796749,42.23710317460317,1031.051587301586,25.147599690282586,0
2260,4,0,0,45,0.0,0.0,1.0,45,1600,1100,500,0.6875,21,11,10,326.3872087711519,0.8010942760942762,0.22900231770749868,0.20055558965424058,133139.2621429359,-309.0095702632866,132830.25257267262,2252,8,673.6666666666666,41,4,17,33.56794113877408,0.6430386178861789,41.989087301587304,1032.043650793651,25.171796360820757,0
2261,4,0,0,45,0.0,0.0,1.0,45,900,700,200,0.7777777777777778,11,7,4,324.12257612875743,0.8004208754208755,0.22547675486364716,0.1995751199524171,133216.06217718564,-364.3333490803774,132851.72882810526,2253,9,674.6666666666666,41,4,17,33.549554744057914,0.6438008130081301,41.91468253968254,1032.3412698412694,25.17905536198218,0
2262,4,0,0,45,0.0,0.0,1.0,45,1150,800,350,0.6956521739130435,15,8,7,324.2029574601456,0.8005050505050505,0.2252199163036981,0.19989954865196657,133267.2745023936,-358.8710947341842,132908.4034076594,2254,10,675.6666666666666,41,4,17,33.49626889572125,0.6443089430894309,41.86507936507937,1032.5396825396829,25.183894696089826,0
2263,4,0,0,45,0.0,0.0,1.0,45,850,400,450,0.47058823529411764,13,4,9,320.9961698012348,0.8005050505050505,0.21545951448361378,0.1825279466106451,130184.7910056841,-635.9274864379045,129548.8635192462,2255,11,676.6666666666666,40,5,17,36.67824304587399,0.6151041666666668,44.867886178861774,1020.5284552845501,25.513211382113752,5
2264,4,0,0,45,0.0,0.0,1.0,45,1400,900,500,0.6428571428571429,19,9,10,312.9501612592632,0.8011363636363636,0.13660914497416332,0.17454756955063994,129428.42306193337,-880.3929146204682,128548.03014731291,2256,12,677.6666666666666,41,4,12,37.64898362094178,0.6059451219512194,45.61011904761906,1017.5595238095259,24.818524970964045,5
2265,4,2,0,47,0.0425531914893617,0.0,1.0,47,900,700,200,0.7777777777777778,11,7,4,304.1158171148172,0.8115942028985507,0.10522652875393046,0.16473881212516683,128270.12004165076,-1444.8785706412336,126825.24147100953,2257,0,649.7872340425532,41,6,17,39.04928916527928,0.5942581300813008,46.750992063492056,1012.9960317460304,24.707220286488546,7
2266,4,0,0,47,0.0,0.0,1.0,47,1100,700,400,0.6363636363636364,15,7,8,302.2462000901327,0.8113629355534998,0.10605180116849433,0.1641384866518183,128370.6353635203,-1640.092651644003,126730.54271187629,2258,1,650.7872340425532,41,6,13,38.994432207537926,0.5952743902439025,46.65178571428571,1013.3928571428563,24.71689895470381,0
2267,4,2,1,48,0.04081632653061224,0.02040816326530612,0.9795918367346939,49,1200,900,300,0.75,15,9,6,300.848835192712,0.8246173469387755,0.09946987544665054,0.15652091381612027,126638.85952027376,-2117.9660579150723,124520.8934623587,2259,0,625.1836734693877,43,6,12,40.79611205193339,0.5748546511627908,48.36647727272727,1006.534090909091,23.40776955602537,6
2268,4,3,1,50,0.058823529411764705,0.0196078431372549,0.9803921568627451,51,1150,600,550,0.5217391304347826,17,6,11,291.85620083758727,0.839248366013072,0.1458490875002525,0.15435789242313522,127306.94843498938,-2766.5075829315624,124540.44085205781,2260,0,601.2941176470588,43,8,14,40.340171561727814,0.5816375968992247,47.7035984848485,1009.1856060606084,23.469432699083917,0
2269,4,1,0,51,0.0196078431372549,0.0,1.0,51,1000,600,400,0.6,14,6,8,291.44247049340163,0.8369934640522877,0.1529191038516724,0.15441236259739882,127378.63363751161,-2775.291264921934,124603.34237258967,2261,0,602.2745098039215,43,8,13,40.27751719824892,0.5823643410852712,47.632575757575765,1009.469696969698,23.47603946441158,0
2270,4,3,2,52,0.05555555555555555,0.037037037037037035,0.962962962962963,54,1400,1000,400,0.7142857142857143,18,10,8,278.5872230887907,0.8509928954111344,0.17447998551677513,0.15018981083857535,128078.62175835492,-3663.786485460074,124414.83527289484,2262,0,569.7592592592592,47,7,16,39.89017880113201,0.584441489361702,46.940104166666664,1012.2395833333323,21.537012411347497,0
2271,4,3,3,52,0.05454545454545454,0.05454545454545454,0.9454545454545454,55,1500,1100,400,0.7333333333333333,19,11,8,294.9373408008414,0.8561728395061728,0.21729139738618541,0.1568868375856575,127539.36311679476,-3466.9763455597986,124072.38677123496,2263,0,559.8181818181819,46,9,13,40.02545199227667,0.580163043478261,47.473404255319146,1010.106382978722,21.958834412580913,3
2272,4,2,2,52,0.037037037037037035,0.037037037037037035,0.962962962962963,54,950,400,550,0.42105263157894735,15,4,11,298.663472065873,0.8519246447705567,0.2150828525593127,0.1588171853603502,127526.22319529748,-3182.515080209008,124343.70811508848,2264,0,570.6851851851852,45,9,14,39.94475458105402,0.58125,47.48641304347825,1010.054347826085,22.445652173913,0
2273,4,4,2,54,0.07142857142857142,0.03571428571428571,0.9642857142857143,56,1300,800,500,0.6153846153846154,18,8,10,292.62243873891435,0.8576298701298701,0.2408408804029476,0.15741115682415843,127990.76880937698,-3709.4058189863335,124281.36299039065,2265,0,551.1964285714286,47,9,16,39.62434946098198,0.5835549645390072,47.02690972222221,1011.8923611111077,21.529624704491653,0
2274,4,2,0,56,0.03571428571428571,0.0,1.0,56,1600,1100,500,0.6875,21,11,10,292.82514198743064,0.8561823593073593,0.25483208311502437,0.15821615574081602,128167.4602647157,-3693.6844374536167,124473.77582726208,2266,0,552.1607142857143,45,11,18,39.43955556549482,0.5877314814814816,46.85235507246376,1012.5905797101432,22.502012882447627,0
2275,4,3,1,58,0.05084745762711865,0.01694915254237288,0.9830508474576272,59,1500,1000,500,0.6666666666666666,20,10,10,281.32247881313606,0.8689849990259108,0.2762358351124983,0.15418294990937753,128735.83680555546,-4556.743055555558,124179.0937499999,2267,0,525.0338983050848,49,10,13,39.154280943778396,0.5888605442176871,46.291666666666664,1014.8333333333326,20.71088435374148,0
2276,4,0,3,55,0.0,0.05172413793103448,0.9482758620689655,58,1550,1100,450,0.7096774193548387,20,11,9,290.5290031413628,0.8632284734825569,0.27525667736817994,0.1591042952953592,128704.77235324378,-4121.506157735222,124583.26619550856,2268,1,535.0862068965517,48,10,14,38.952205368865044,0.5896267361111112,46.32227891156462,1014.7108843537395,21.139810090702905,0
2277,4,1,0,56,0.017857142857142856,0.0,1.0,56,1050,600,450,0.5714285714285714,15,6,9,298.61617451970574,0.86053841991342,0.27311985037040776,0.16321929913177152,128628.38556737051,-3517.8967134452323,125110.48885392529,2269,0,553.125,47,9,15,38.824590678304524,0.5899822695035462,46.397569444444436,1014.4097222222202,21.583185579196176,0
2278,4,1,2,55,0.017543859649122806,0.03508771929824561,0.9649122807017544,57,1300,900,400,0.6923076923076923,17,9,8,294.519446570892,0.8645050125313283,0.2686904835359205,0.16208070188707774,128898.98667800437,-3807.3483560090863,125091.63832199528,2270,0,544.4035087719299,48,9,16,38.654015240328235,0.5915798611111112,46.13095238095237,1015.4761904761891,21.15575396825394,0
2279,4,1,4,52,0.017857142857142856,0.07142857142857142,0.9285714285714286,56,1450,1000,450,0.6896551724137931,19,10,9,296.18715145907447,0.8579004329004329,0.21084846782749778,0.1621167837613152,128683.66094669508,-3569.581551686645,125114.07939500843,2271,0,554.9285714285714,46,10,12,38.83009319935925,0.5917119565217392,46.343085106382965,1014.627659574466,22.05712303422752,2
2280,4,2,1,53,0.037037037037037035,0.018518518518518517,0.9814814814814815,54,1850,1500,350,0.8108108108108109,22,15,7,307.5745549358417,0.8559428138830655,0.2221360581455456,0.16865056011264465,128754.63070130342,-2879.6703532235715,125874.96034807985,2272,0,575.1851851851852,44,10,15,38.46915579478759,0.5949337121212122,46.27314814814816,1014.9074074074096,23.06607744107749,0
2281,4,0,1,52,0.0,0.018867924528301886,0.9811320754716981,53,1900,1500,400,0.7894736842105263,23,15,8,313.27649126760184,0.850114900822448,0.22220186847407986,0.17121519257441606,128624.38303489459,-2541.000918273623,126083.38211662097,2273,1,587.0377358490566,43,10,16,38.45687079910383,0.5949612403100775,46.40151515151516,1014.393939393941,23.59055673009165,0
2282,4,0,0,52,0.0,0.0,1.0,52,1250,900,350,0.72,16,9,7,321.04940084153327,0.8452582956259426,0.23281576085359013,0.1754042342384745,128610.97965867445,-2141.9044077879835,126469.07525088647,2274,2,599.2115384615385,42,10,17,38.273388740287864,0.5962301587301586,46.41472868217055,1014.3410852713187,24.15097822074568,0
2283,4,1,0,53,0.018867924528301886,0.0,1.0,53,1200,700,500,0.5833333333333334,17,7,10,319.82117028270847,0.847847121432027,0.2523076923076921,0.17617267854556012,128936.76757812529,-2352.6584201388596,126584.10915798643,2275,0,588.8867924528302,43,10,18,37.97329059829062,0.598110465116279,46.093750000000014,1015.6250000000023,23.619186046511683,0
2284,4,1,1,53,0.018518518518518517,0.018518518518518517,0.9814814814814815,54,1300,900,400,0.6923076923076923,17,9,8,314.095673206127,0.851254949918472,0.25591985428050945,0.17418032786885254,129201.38888888912,-2683.680555555536,126517.70833333359,2276,0,578.9629629629629,45,9,20,37.850068306010925,0.5981481481481481,45.83333333333334,1016.6666666666686,22.592592592592634,0
2285,4,1,1,53,0.018518518518518517,0.018518518518518517,0.9814814814814815,54,1350,900,450,0.6666666666666666,18,9,9,313.2418585495839,0.8518809690193339,0.24426874960309886,0.17435912147685775,129349.20245928744,-2696.483083949267,126652.71937533817,2277,0,579.6666666666666,42,12,20,37.72186765733158,0.6036706349206348,45.68798449612404,1017.248062015505,24.220191952750117,0
2286,4,4,6,51,0.07017543859649122,0.10526315789473684,0.8947368421052632,57,1100,800,300,0.7272727272727273,14,8,6,298.2197529497134,0.859205304928989,0.24478774471057219,0.16821387869389115,129869.89935314289,-3654.0461398603056,126215.85321328258,2278,0,550.0877192982456,45,12,14,37.57729420302735,0.6048611111111111,45.176630434782616,1019.2934782608709,22.65096618357491,0
2287,4,2,2,51,0.03773584905660377,0.03773584905660377,0.9622641509433962,53,1350,1000,350,0.7407407407407407,17,10,7,312.9717685235262,0.8549225931301403,0.23570337867485747,0.17504924618251347,129538.57197687107,-2491.6168072773057,127046.95516959377,2279,0,582.811320754717,43,10,15,37.536821705426355,0.6041666666666666,45.501893939393945,1017.9924242424249,23.67424242424244,0
2288,4,0,0,51,0.0,0.0,1.0,51,1150,800,350,0.6956521739130435,15,8,7,324.1109830172742,0.8450326797385622,0.23606680284286918,0.18019445758639338,129302.26836104806,-1818.3429390274705,127483.92542202059,2280,5,606.6666666666666,41,10,19,37.493090779035,0.6046747967479675,45.73412698412698,1017.0634920634916,24.806426635694915,0
2289,4,2,3,50,0.03773584905660377,0.05660377358490566,0.9433962264150944,53,1350,800,550,0.5925925925925926,19,8,11,292.8787283111293,0.8529874213836478,0.16955611020601458,0.16639871683408977,130151.84284728227,-2956.9587905511094,127194.88405673116,2281,0,584.7358490566038,47,6,15,37.42884233659434,0.6052748226950355,44.9001736111111,1020.3993055555536,21.710623522458587,5
2290,4,1,1,50,0.0196078431372549,0.0196078431372549,0.9803921568627451,51,650,300,350,0.46153846153846156,10,3,7,302.5883628865521,0.8453594771241831,0.17830316206084462,0.17098065324553374,129939.15406427222,-2336.384819365677,127602.76924490655,2282,0,608.4705882352941,45,6,15,37.39598140251125,0.6055555555555556,45.108695652173914,1019.5652173913044,22.657004830917874,0
2291,4,0,1,49,0.0,0.02,0.98,50,1650,1100,550,0.6666666666666666,22,11,11,307.6072919740749,0.8403571428571428,0.18013075456278949,0.17399481800259312,129979.17631172837,-2003.4915123456803,127975.6847993827,2283,8,621.64,44,6,17,37.22759466085535,0.6072443181818181,45.06944444444444,1019.7222222222221,23.17550505050505,0
2292,4,0,0,49,0.0,0.0,1.0,49,1050,800,250,0.7619047619047619,13,8,5,315.7864631697016,0.8382936507936508,0.18073473935113005,0.1789235136665362,130045.17049938293,-1586.6991111398156,128458.47138824312,2284,9,633.4081632653061,43,6,18,36.95232955776312,0.6092538759689923,45.004734848484844,1019.9810606060598,23.720489781536276,0
2293,4,1,0,50,0.02,0.0,1.0,50,1700,1200,500,0.7058823529411765,22,12,10,311.61829392846624,0.8395578231292516,0.19441616475616863,0.17801324737511823,130363.87963750314,-1874.7012708918332,128489.1783666113,2285,0,621.72,41,9,19,36.73661032316559,0.6153455284552847,44.692460317460316,1021.2301587301586,24.90805265195509,0
2294,4,1,1,50,0.0196078431372549,0.0196078431372549,0.9803921568627451,51,1800,1400,400,0.7777777777777778,22,14,8,304.4463245138618,0.8421895424836602,0.19083320619837485,0.17520269293452298,130649.55305899904,-2244.844754361797,128404.70830463724,2286,0,610.5098039215686,43,8,14,36.631622823267904,0.6153100775193798,44.41287878787879,1022.3484848484845,23.775546159267083,0
2295,4,2,1,51,0.038461538461538464,0.019230769230769232,0.9807692307692307,52,1250,1000,250,0.8,15,10,5,299.06555387862926,0.8486048265460029,0.19758545343112788,0.1736204097856474,130987.58806303728,-2565.2248849404227,128422.36317809686,2287,0,599.7307692307693,46,6,16,36.42883432926301,0.6148097826086958,44.082446808510625,1023.6702127659551,22.25370027752076,0
2296,4,1,2,50,0.019230769230769232,0.038461538461538464,0.9615384615384616,52,1300,900,400,0.6923076923076923,17,9,8,299.13472386199703,0.8470965309200602,0.20266400266400297,0.17396807958741475,131055.66008374789,-2559.3402620592888,128496.31982168861,2288,0,600.7115384615385,46,6,18,36.358585858585855,0.6154891304347827,44.01595744680849,1023.9361702127627,22.259481961147014,0
2297,4,1,1,50,0.0196078431372549,0.0196078431372549,0.9803921568627451,51,1150,900,250,0.782608695652174,14,9,5,318.2601621560193,0.8362091503267974,0.2391761725018806,0.18618384046707315,131281.70700089246,-1843.652528355407,129438.05447253706,2289,0,612.9019607843137,45,6,19,35.641314595486406,0.6189814814814816,43.795289855072454,1024.8188405797084,22.773752012882408,0
2298,4,0,2,48,0.0,0.04,0.96,50,1450,1000,450,0.6896551724137931,19,10,9,322.60283458679163,0.8346428571428571,0.2450645948143464,0.18883610661243766,131304.39921982161,-1528.1657235939708,129776.23349622765,2290,1,624.52,44,6,19,35.50719727768242,0.620501893939394,43.773148148148145,1024.907407407407,23.29335016835016,0
2299,4,0,0,48,0.0,0.0,1.0,48,1700,1100,600,0.6470588235294118,23,11,12,330.27928665318143,0.8278664302600472,0.23960163015007208,0.19259466543005216,131158.31723664212,-936.2249088900238,130222.09232775209,2291,2,650.3541666666666,43,5,19,35.45778635481188,0.6203972868217054,43.9157196969697,1024.3371212121222,23.82179351656098,0
2300,4,1,1,48,0.02040816326530612,0.02040816326530612,0.9795918367346939,49,1000,700,300,0.7,13,7,6,324.54226981294187,0.8306051587301587,0.23726563796250222,0.19008904374758043,131328.12500000015,-1275.474740300721,130052.65025969943,2292,0,638.0612244897959,43,6,19,35.43360433604337,0.622093023255814,43.75000000000001,1025.0000000000011,23.837209302325608,0
2301,4,0,0,48,0.0,0.0,1.0,48,1350,900,450,0.6666666666666666,18,9,9,329.6114307876544,0.8285682624113475,0.24391772838167514,0.1926999315650803,131256.95408950615,-947.2415123456811,130309.71257716048,2293,4,652.3541666666666,44,4,19,35.37544049878015,0.6200284090909091,43.81944444444444,1024.7222222222222,23.28914141414141,0
2302,4,0,0,48,0.0,0.0,1.0,48,850,600,250,0.7058823529411765,11,6,5,328.50816313041156,0.8291408096926713,0.23983739837398366,0.19241192411924127,131328.12500000015,-971.4313271604793,130356.69367283967,2294,5,653.3541666666666,39,9,19,35.33197831978321,0.6282051282051282,43.75000000000001,1025.0000000000011,26.28205128205131,0
2303,4,0,0,48,0.0,0.0,1.0,48,1300,900,400,0.6923076923076923,17,9,8,329.9567523996036,0.828088061465721,0.2400023703101719,0.1938003741421063,131434.9175347224,-926.4322916666487,130508.48524305575,2295,6,654.3541666666666,39,9,19,35.187254503589344,0.6292735042735043,43.64583333333334,1025.416666666668,26.292735042735078,0
2304,4,0,0,48,0.0,0.0,1.0,48,1150,500,650,0.43478260869565216,18,5,13,325.37537628480743,0.8266289893617021,0.2314950130453448,0.19148767771676764,131510.47992473078,-1041.9456218190114,130468.53430291176,2296,7,655.3541666666666,40,8,19,35.22862379867234,0.6283854166666667,43.57215447154472,1025.711382113822,25.64278455284555,0
2305,4,0,1,47,0.0,0.020833333333333332,0.9791666666666666,48,1200,900,300,0.75,15,9,6,324.3788803023705,0.8260010342789598,0.2294244899932325,0.19138909064275067,131607.9117555588,-1061.8345891597278,130546.07716639907,2297,8,656.3541666666666,41,7,15,35.15612410970384,0.6277947154471544,43.477182539682545,1026.0912698412706,25.026616337591964,0
2306,4,0,0,47,0.0,0.0,1.0,47,1250,700,550,0.56,18,7,11,328.9595020303891,0.8209219858156028,0.2299946871758547,0.19346499385143867,131484.42147531235,-749.3900373454863,130735.03143796687,2298,9,670.6595744680851,40,7,18,35.162959109525715,0.6281249999999999,43.59756097560976,1025.6097560975613,25.640243902439032,0
2307,4,0,0,47,0.0,0.0,1.0,47,1250,900,350,0.72,16,9,7,327.41112069711795,0.8202667283379587,0.22534588781723475,0.1933971656053086,131651.1188949736,-779.1919243134118,130871.92697066018,2299,10,671.6595744680851,42,5,16,35.034856639284904,0.6267361111111109,43.43507751937986,1026.2596899224834,24.43475452196389,0
2308,4,0,0,47,0.0,0.0,1.0,47,1000,800,200,0.8,12,8,4,325.86297984720665,0.8200740055504162,0.22752866874571942,0.1929372236222595,131740.97262576065,-814.0988184400579,130926.87380732059,2300,11,672.6595744680851,43,4,17,34.98418426959383,0.6262112403100775,43.34753787878789,1026.60984848485,23.87464763918256,0
2309,4,0,1,46,0.0,0.02127659574468085,0.9787234042553191,47,1450,1100,350,0.7586206896551724,18,11,7,348.20802759223477,0.8200740055504162,0.2454926894356524,0.2052798772910123,131576.54663181293,-235.16371418402673,131341.38291762891,2301,12,673.6595744680851,42,5,13,34.576485958947245,0.6259920634920635,43.507751937984494,1025.9689922480616,24.42783314876337,1
2310,4,1,1,46,0.02127659574468085,0.02127659574468085,0.9787234042553191,47,1000,700,300,0.7,13,7,6,351.30942599373105,0.815718470551958,0.2489640890913516,0.20778451979629203,131700.84547390472,-146.45031473469723,131554.39515917003,2302,0,674.3404255319149,42,5,14,34.37155826174518,0.6272321428571428,43.38662790697674,1026.4534883720924,24.439368770764105,0
2311,4,0,0,46,0.0,0.0,1.0,46,1400,1100,300,0.7857142857142857,17,11,6,357.45055610439357,0.8102455716586152,0.2590140164330592,0.21118366664191607,131658.81406092524,212.30326042452884,131871.11732134977,2303,14,690.0,41,5,15,34.256383921379076,0.6283028455284554,43.42757936507936,1026.289682539682,25.03145567169956,0
2312,4,0,0,46,0.0,0.0,1.0,46,1200,900,300,0.75,15,9,6,359.16795267182533,0.8089371980676329,0.26120556414219487,0.21319418842079876,131837.0496346685,270.32864071552945,132107.37827538405,2304,15,691.0,41,5,16,34.032473596084486,0.6300813008130082,43.253968253968246,1026.9841269841256,25.048393341076235,0
2313,4,0,0,46,0.0,0.0,1.0,46,950,600,350,0.631578947368421,13,6,7,358.7863124250297,0.8075885668276973,0.26044544851391205,0.213253356994762,131887.9962285839,263.9215639959597,132151.9177925799,2305,16,692.0,41,5,16,33.990889189363216,0.630589430894309,43.204365079365076,1027.1825396825388,25.053232675183875,0
2314,4,1,0,47,0.02127659574468085,0.0,1.0,47,1050,600,450,0.5714285714285714,15,6,9,353.90608156945973,0.8125578168362627,0.2640367519089355,0.21156412012764614,132105.78799357207,-49.39164370982721,132056.39634986225,2306,0,678.2553191489362,43,4,17,33.89676983542128,0.6298449612403101,42.99242424242424,1028.030303030303,23.907681465821,0
2315,4,0,0,47,0.0,0.0,1.0,47,1350,900,450,0.6666666666666666,18,9,9,352.807230388931,0.8120567375886524,0.26252882722055837,0.21160813796761574,132231.29286694096,-69.56875857339628,132161.72410836758,2307,1,679.2553191489362,44,3,17,33.79865112231424,0.6297348484848485,42.87037037037037,1028.518518518518,23.375420875420865,0
2316,4,0,0,47,0.0,0.0,1.0,47,1500,1100,400,0.7333333333333333,19,11,8,352.9808576601809,0.8114400246685167,0.25642415380995676,0.21279703133227998,132424.15229030303,-50.94173390736091,132373.21055639567,2308,2,680.2553191489362,40,7,18,33.60012671142706,0.6375000000000002,42.682926829268276,1029.268292682924,25.731707317073102,0
2317,4,0,0,47,0.0,0.0,1.0,47,1150,900,250,0.782608695652174,14,9,5,353.50539362638875,0.8113629355534998,0.25939343535850634,0.21355773063976977,132502.61423631743,-31.922239573029458,132470.6919967444,2309,3,681.2553191489362,40,7,18,33.50771559240614,0.6382812500000001,42.60670731707316,1029.5731707317054,25.739329268292636,0
2318,4,0,0,47,0.0,0.0,1.0,47,1250,1000,250,0.8,15,10,5,356.1865760887586,0.8117098365710761,0.266853788709166,0.2161892222490795,132678.92696719864,51.69054311536769,132730.617510314,2310,4,682.2553191489362,41,6,15,33.261414700690096,0.6384654471544717,42.43551587301586,1030.2579365079343,25.12824235385206,0
2319,4,0,0,47,0.0,0.0,1.0,47,1100,400,700,0.36363636363636365,18,4,14,355.5746453781774,0.8113629355534998,0.26849564266135717,0.21596481092969266,132704.48022959154,37.26969954645449,132741.749929138,2311,5,683.2553191489362,41,6,15,33.25149239360677,0.6387195121951221,42.41071428571427,1030.3571428571406,25.13066202090587,0
2320,4,0,0,47,0.0,0.0,1.0,47,1700,1300,400,0.7647058823529411,21,13,8,351.363423552273,0.8103993216157878,0.2607537685427903,0.21450706770050104,132897.10020619238,-60.96397827656389,132836.13622791582,2312,6,684.2553191489362,42,5,16,33.166525702471574,0.6391369047619049,42.22383720930232,1031.1046511627894,24.550110741971178,0
2321,4,0,0,47,0.0,0.0,1.0,47,700,200,500,0.2857142857142857,12,2,10,354.3421470173161,0.8106305889608387,0.2596848089424071,0.21675964441679946,132972.04570037848,23.52003335134785,132995.56573372983,2313,7,685.2553191489362,42,5,16,33.014491732431416,0.6398809523809523,42.15116279069767,1031.3953488372083,24.557032115171626,0
2322,4,0,0,47,0.0,0.0,1.0,47,1150,500,650,0.43478260869565216,18,5,13,354.00326579111896,0.8105920444033302,0.25639437047577607,0.21684227661750566,133022.0210999938,18.04597830657383,133040.06707830037,2314,8,686.2553191489362,42,5,16,32.97306500093931,0.6403769841269842,42.102713178294564,1031.5891472868202,24.56164636397191,0
2323,4,0,1,46,0.0,0.02127659574468085,0.9787234042553191,47,750,500,250,0.6666666666666666,10,5,5,356.5351128865033,0.8101680542707369,0.26443397941670743,0.21883241597281658,133097.00180465388,90.7509126554599,133187.75271730934,2315,9,687.2553191489362,42,5,16,32.832503834475844,0.6411210317460319,42.03003875968991,1031.879844961238,24.568567737172334,0
2324,4,0,0,46,0.0,0.0,1.0,46,1050,700,350,0.6666666666666666,14,7,7,366.4914261757868,0.8030193236714976,0.2708977033744888,0.22458128113152606,133036.89654391812,551.3763896762005,133588.27293359433,2316,27,703.0,41,5,16,32.63605074205852,0.6420223577235774,42.08829365079363,1031.6468253968224,25.162117692605424,0
2325,4,0,0,46,0.0,0.0,1.0,46,1350,800,550,0.5925925925925926,19,8,11,335.9504058678634,0.8031400966183575,0.23787336645472368,0.20337642849850246,132581.09941998826,-281.878100145703,132299.22131984256,2317,28,704.0,40,6,15,33.880789092822845,0.6390624999999999,42.53048780487806,1029.878048780489,25.746951219512226,3
2326,4,0,0,46,0.0,0.0,1.0,46,1750,1300,450,0.7428571428571429,22,13,9,336.24149170049986,0.8032004830917875,0.23210644243599088,0.2009304692618556,132091.8810232425,-317.04577664400995,131774.83524659846,2318,29,705.0,41,5,14,34.36474618799459,0.6326219512195121,43.00595238095237,1027.9761904761892,25.07259001161437,1
2327,4,0,0,46,0.0,0.0,1.0,46,1250,800,450,0.64,17,8,9,336.3366798809371,0.8015499194847021,0.23739769459532556,0.20168799549470415,132223.54144131948,-305.6746139054301,131917.86682741405,2319,30,706.0,42,4,15,34.22994786759625,0.6324404761904763,42.87790697674418,1028.488372093022,24.48781838316719,0
2328,4,0,0,46,0.0,0.0,1.0,46,1000,800,200,0.8,12,8,4,338.215090244513,0.8002616747181965,0.2340365417216046,0.2033503866487108,132323.2199462169,-249.2580448891581,132073.96190132774,2320,31,707.0,42,4,15,34.081473284359866,0.6334325396825398,42.78100775193797,1028.875968992246,24.497046880767762,0
2329,4,0,0,46,0.0,0.0,1.0,46,1200,700,500,0.5833333333333334,17,7,10,338.2232240660017,0.7997383252818036,0.22876568899603544,0.20419426532952345,132478.4193250869,-238.4810004868375,132239.93832460005,2321,32,708.0,39,7,16,33.9253642618638,0.639690170940171,42.630208333333336,1029.4791666666674,26.396901709401728,0
2330,4,0,0,46,0.0,0.0,1.0,46,1100,700,400,0.6363636363636364,15,7,8,338.87879585723516,0.7989533011272142,0.23195295938921068,0.2050278932585452,132558.85959201396,-215.72265624999523,132343.13693576396,2322,33,709.0,39,7,16,33.82771933373794,0.6404914529914529,42.552083333333336,1029.7916666666672,26.404914529914542,0
2331,4,0,0,46,0.0,0.0,1.0,46,1200,700,500,0.5833333333333334,17,7,10,335.6434418376699,0.7972826086956522,0.2322920466381584,0.20408854149355077,132746.64849175356,-288.89160156249096,132457.75689019106,2323,34,710.0,39,7,15,33.72260268203105,0.642361111111111,42.36979166666667,1030.5208333333342,26.423611111111132,0
2332,4,0,0,46,0.0,0.0,1.0,46,850,600,250,0.7058823529411765,11,6,5,333.27802610337767,0.7972826086956522,0.16413239214910602,0.19183941371613406,130658.55910289344,-478.69747389495495,130179.8616289985,2324,35,711.0,42,4,11,35.88561905664552,0.6168154761904763,44.40406976744186,1022.3837209302325,24.342469545957915,7
2333,4,1,1,46,0.02127659574468085,0.02127659574468085,0.9787234042553191,47,1300,800,500,0.6153846153846154,18,8,10,326.62061863898725,0.8017653407338883,0.16288890770166686,0.18926482711161036,130915.92527727553,-848.0318992481731,130067.89337802735,2325,0,696.8510638297872,43,4,11,35.79595401128897,0.6179748062015504,44.15246212121212,1023.390151515151,23.79977096546863,0
2334,4,0,0,46,0.0,0.0,1.0,46,1200,700,500,0.5833333333333334,17,7,10,331.77203007757913,0.797524154589372,0.15830690726462038,0.19188784865943065,130843.25140610654,-517.9737718089941,130325.27763429756,2326,37,713.0,43,3,11,35.73753548068617,0.6172480620155039,44.22348484848485,1023.1060606060607,23.793164200140946,0
2335,4,0,0,46,0.0,0.0,1.0,46,950,600,350,0.631578947368421,13,6,7,332.29216946517136,0.7964371980676329,0.15870691597206577,0.19267241242379668,130940.15438475658,-497.92240587695784,130442.23197887962,2327,38,714.0,43,3,12,35.62638786084382,0.6182170542635659,44.128787878787875,1023.4848484848478,23.801973220577857,0
2336,4,0,0,46,0.0,0.0,1.0,46,1600,1300,300,0.8125,19,13,6,327.9958903749869,0.7976046698872786,0.15207743761255443,0.19114243266680253,131134.06795224964,-597.7129247015794,130536.35502754805,2328,39,715.0,43,3,12,35.54071129191319,0.6201550387596899,43.93939393939393,1024.242424242423,23.819591261451702,0
2337,4,0,0,46,0.0,0.0,1.0,46,1050,700,350,0.6666666666666666,14,7,7,329.16914534999034,0.7971618357487923,0.16489925768822888,0.19279907084785114,131328.1249999997,-554.0231864095811,130774.10181359012,2329,40,716.0,42,4,14,35.31504065040648,0.6235119047619049,43.749999999999986,1024.9999999999977,24.404761904761852,0
2338,4,0,0,46,0.0,0.0,1.0,46,1200,800,400,0.6666666666666666,16,8,8,337.4603074621969,0.7974637681159421,0.17629563902855794,0.1984266607877718,131477.14981070848,-326.3361201249968,131150.81369058348,2330,41,717.0,42,4,15,34.952325837742485,0.625,43.604651162790695,1025.581395348837,24.418604651162788,0
2339,4,0,0,46,0.0,0.0,1.0,46,1400,1000,400,0.7142857142857143,18,10,8,339.41206679527016,0.7982286634460548,0.18166308761758487,0.20022475628385056,131601.40170550154,-266.57925079621896,131334.8224547053,2331,42,718.0,42,4,13,34.777048509459505,0.6262400793650793,43.48352713178295,1026.0658914728688,24.43014027316354,0
2340,4,0,0,46,0.0,0.0,1.0,46,800,500,300,0.625,11,5,6,339.3664545321787,0.7986916264090177,0.18558715355313282,0.20058981508955548,131675.98101075648,-262.71783546662175,131413.26317528987,2332,43,719.0,42,4,13,34.70307779456195,0.626984126984127,43.41085271317829,1026.3565891472863,24.437061646363958,0
2341,4,0,0,46,0.0,0.0,1.0,46,1400,1000,400,0.7142857142857143,18,10,8,335.513560063302,0.7967592592592593,0.1883143354395651,0.19922464712109977,131850.63443072693,-352.46484910836955,131498.16958161857,2333,44,720.0,44,2,14,34.62611942541172,0.6259469696969697,43.24074074074074,1027.0370370370365,23.34175084175083,0
2342,4,0,0,46,0.0,0.0,1.0,46,850,500,350,0.5882352941176471,12,5,7,335.07068706251096,0.7965579710144928,0.18926799445058395,0.1992108361345925,131898.18672839506,-360.95679012346034,131537.2299382716,2334,45,721.0,44,2,14,34.58964305029744,0.6264204545454546,43.19444444444444,1027.2222222222222,23.345959595959595,0
2343,4,1,1,46,0.02127659574468085,0.02127659574468085,0.9787234042553191,47,800,700,100,0.875,9,7,2,329.793848673646,0.8022664199814985,0.19085779182932305,0.19758045192569373,132188.33790334206,-681.0198586168995,131507.31804472517,2335,0,706.6382978723404,45,2,14,34.43353812501836,0.6280092592592593,42.912137681159415,1028.351449275361,22.852254428341354,0
2344,4,0,0,46,0.0,0.0,1.0,46,1250,900,350,0.72,16,9,7,338.0181927615345,0.7966183574879228,0.1981187479200519,0.20235536553190506,132159.8776148833,-265.5114026063207,131894.36621227697,2336,47,723.0,44,2,15,34.25071289209064,0.6290246212121213,42.93981481481481,1028.2407407407397,23.369107744107723,0
2345,4,0,0,46,0.0,0.0,1.0,46,1600,1100,500,0.6875,21,11,10,345.77031774041444,0.7973631239935588,0.24482012033936695,0.20662468468432355,132091.8810232425,-43.44752561520312,132048.4334976273,2337,48,724.0,41,5,12,34.11986103068905,0.6326219512195121,43.00595238095237,1027.9761904761892,25.07259001161437,7
2346,4,0,0,46,0.0,0.0,1.0,46,1050,800,250,0.7619047619047619,13,8,5,344.3798520375844,0.7973228663446055,0.23652878611580053,0.20623922064462988,132173.71627306036,-96.40702932517235,132077.3092437352,2338,49,725.0,42,4,12,34.073258261088085,0.6319444444444444,42.92635658914728,1028.2945736434096,24.483204134366897,0
2347,4,0,0,46,0.0,0.0,1.0,46,800,600,200,0.75,10,6,4,343.64456640767503,0.797181964573269,0.23484119148378357,0.20593448804543482,132198.62768350742,-114.13198200229726,132084.49570150513,2339,50,726.0,42,4,12,34.06710323816703,0.6321924603174605,42.90213178294573,1028.3914728682157,24.48551125876704,0
2348,4,0,1,45,0.0,0.021739130434782608,0.9782608695652174,46,1450,1000,450,0.6896551724137931,19,10,9,346.08613994296826,0.7941425120772947,0.2306881821661253,0.2089413146644081,132478.419325087,-29.76035193805734,132448.65897314894,2340,51,727.0,39,7,15,33.72299655974907,0.6396901709401708,42.63020833333334,1029.4791666666683,26.396901709401753,0
2349,4,0,0,45,0.0,0.0,1.0,45,1800,1600,200,0.8888888888888888,20,16,4,351.7155001509081,0.7912878787878789,0.23591800973000399,0.21266210730579985,132535.4812714587,322.9566166264722,132858.43788808517,2341,52,742.3555555555556,38,7,17,33.52074254686311,0.6419956140350878,42.57478632478632,1029.7008547008536,27.09739091318036,0
2350,4,0,0,45,0.0,0.0,1.0,45,1150,800,350,0.6956521739130435,15,8,7,349.43995510933655,0.7917929292929293,0.22811128391221702,0.21237229785945475,132728.0700402694,276.09816732411076,133004.16820759352,2342,53,743.3555555555556,38,7,11,33.38582166925867,0.6439144736842106,42.387820512820504,1030.4487179487166,27.117071524966228,0
2351,4,0,0,45,0.0,0.0,1.0,45,1200,700,500,0.5833333333333334,17,7,10,351.3982995095604,0.7906986531986533,0.224139363123099,0.21458925150185904,132907.71620008664,340.70909288192655,133248.42529296858,2343,54,744.3555555555556,39,6,12,33.15496935717412,0.6439636752136754,42.21354166666666,1031.145833333332,26.439636752136714,0
2352,4,0,0,45,0.0,0.0,1.0,45,650,300,350,0.46153846153846156,10,3,7,355.18824609733707,0.790446127946128,0.2273400673400674,0.21705948372615033,132934.57031249988,443.3593749999859,133377.92968749988,2344,55,745.3555555555556,39,6,12,33.03030303030303,0.6442307692307694,42.18749999999999,1031.249999999999,26.44230769230767,0
2353,4,0,0,45,0.0,0.0,1.0,45,1200,800,400,0.6666666666666666,16,8,8,352.09766361633774,0.7887626262626263,0.22137433688861985,0.21625738087086524,133122.6250542534,374.4330512152682,133497.0581054687,2345,56,746.3555555555556,39,6,13,32.9212719962316,0.6461004273504274,42.00520833333333,1031.979166666666,26.46100427350426,0
2354,4,0,0,45,0.0,0.0,1.0,45,1350,900,450,0.6666666666666666,18,9,9,349.3367924235848,0.7876262626262627,0.2142082239720038,0.21536782833881193,133262.27774472864,310.68333168087304,133572.9610764095,2346,57,747.3555555555556,40,5,13,32.85248523622045,0.6458333333333334,41.86991869918699,1032.5203252032518,25.813008130081293,0
2355,4,0,0,45,0.0,0.0,1.0,45,750,500,250,0.6666666666666666,10,5,5,349.19353302416505,0.7869107744107745,0.20728059818968902,0.2158882645777138,133367.2293277812,314.1947997223984,133681.42412750362,2347,58,748.3555555555556,40,5,13,32.75100846123573,0.646875,41.768292682926834,1032.9268292682937,25.823170731707343,0
2356,4,0,0,45,0.0,0.0,1.0,45,1250,1000,250,0.8,15,10,5,340.52998716898634,0.7875420875420875,0.20466626090484885,0.2019822270464422,131809.03320312515,-17.785850281316158,131791.24735284384,2348,59,749.3555555555556,39,6,13,34.539206735646175,0.6330128205128205,43.28125000000001,1026.8750000000011,26.330128205128233,5
2357,4,0,0,45,0.0,0.0,1.0,45,1200,600,600,0.5,18,6,12,340.2254195877,0.7848063973063973,0.20523843320152713,0.202513175219885,131942.7747938372,-21.94281684023781,131920.83197699694,2349,60,750.3555555555556,39,6,14,34.41238720470446,0.6343482905982905,43.151041666666686,1027.3958333333364,26.343482905982984,0
2358,4,0,0,45,0.0,0.0,1.0,45,950,500,450,0.5263157894736842,14,5,9,343.32198436907447,0.7851010101010102,0.20939384950064266,0.20483865651471717,132032.19112507463,65.91077153152301,132098.10189660615,2350,61,751.3555555555556,40,5,14,34.24284749002934,0.6335937499999998,43.064024390243915,1027.7439024390264,25.69359756097566,0
2359,4,0,0,45,0.0,0.0,1.0,45,950,600,350,0.631578947368421,13,6,7,386.3413178690535,0.7846801346801348,0.2933501515855639,0.21968513669541484,130184.79100568412,1090.7585390640188,131275.54954474815,2351,62,752.3555555555556,40,5,19,35.011078470424216,0.6151041666666668,44.867886178861774,1020.5284552845502,25.513211382113756,6
2360,4,0,0,45,0.0,0.0,1.0,45,1350,1000,350,0.7407407407407407,17,10,7,387.10120832146725,0.7851430976430976,0.29055680828471586,0.22103455261176086,130346.55044100092,1091.531148217764,131438.0815892187,2352,63,753.3555555555556,37,8,20,34.82710100576255,0.6219031531531531,44.7094298245614,1021.162280701753,27.59898055950684,0
2361,4,0,0,45,0.0,0.0,1.0,45,1050,700,350,0.6666666666666666,14,7,7,382.2022759218866,0.7832070707070707,0.27838114998449814,0.2190258798917672,130486.5499480608,974.4512734687415,131461.00122152953,2353,64,754.3555555555556,37,8,20,34.80986620877154,0.6233108108108109,44.57236842105262,1021.7105263157883,27.613798008534822,0
2362,4,0,0,45,0.0,0.0,1.0,45,700,500,200,0.7142857142857143,9,5,4,380.73120762238784,0.7825757575757576,0.2761288168735321,0.2183405614666479,130514.55886667037,938.1931219221146,131452.75198859247,2354,65,755.3555555555556,37,8,17,34.818985406159456,0.6235923423423424,44.54495614035087,1021.8201754385954,27.616761498340416,0
2363,4,0,1,44,0.0,0.022222222222222223,0.9777777777777777,45,950,600,350,0.631578947368421,13,6,7,379.5912537495532,0.7823232323232323,0.27988271472502313,0.21815965890587757,130598.60365689437,914.8175400123032,131513.42119690668,2355,66,756.3555555555556,37,8,18,34.76274762211255,0.6244369369369369,44.46271929824561,1022.1491228070171,27.625651967757218,0
2364,4,0,0,44,0.0,0.0,1.0,44,1300,1000,300,0.7692307692307693,16,10,6,380.41193820005446,0.7796203312191685,0.27745409690599,0.21878966686237553,130626.62459843408,1138.3854888042372,131765.0100872383,2356,67,769.9318181818181,37,7,19,34.71332099824805,0.6247184684684686,44.435307017543856,1022.2587719298241,27.628615457562812,0
2365,4,0,0,44,0.0,0.0,1.0,44,1200,900,300,0.75,15,9,6,377.92474523638714,0.7782549330514447,0.2748931319464232,0.2176137070945984,130671.89554569365,1076.8285667324137,131748.72411242608,2357,68,770.9318181818181,38,6,19,34.73092998955069,0.6233552631578947,44.39102564102564,1022.4358974358977,26.906207827260467,0
2366,4,1,0,45,0.022222222222222223,0.0,1.0,45,1400,1100,300,0.7857142857142857,17,11,6,371.8870912704096,0.788888888888889,0.27592008412197644,0.21586145575394675,130981.3490125869,742.0545789930635,131723.40359157996,2358,0,754.7777777777778,39,6,20,34.57152488043147,0.624732905982906,44.08854166666667,1023.6458333333342,26.24732905982908,0
2367,4,0,0,45,0.0,0.0,1.0,45,1150,800,350,0.6956521739130435,15,8,7,372.8190279417194,0.7883417508417508,0.27584025306445237,0.21760683322295638,131194.6953667536,782.375759548629,131977.07112630224,2359,1,755.7777777777778,39,6,20,34.331575156753104,0.626869658119658,43.88020833333334,1024.4791666666679,26.26869658119661,0
2368,4,0,0,45,0.0,0.0,1.0,45,1300,800,500,0.6153846153846154,18,8,10,370.105357501841,0.7883838383838384,0.2673081049338797,0.21662502156220215,131301.43364800364,719.0728081597453,132020.5064561634,2360,2,756.7777777777778,39,6,20,34.293055696717175,0.6279380341880341,43.77604166666668,1024.8958333333348,26.27938034188038,0
2369,4,0,0,45,0.0,0.0,1.0,45,1000,600,400,0.6,14,6,8,370.4573012108498,0.7885942760942761,0.2716186674270509,0.21762039453039358,131440.53939673738,738.6269242699623,132179.16632100733,2361,3,757.7777777777778,37,8,21,34.14332050185344,0.632882882882883,43.64035087719298,1025.4385964912276,27.71455666192507,0
2370,4,2,2,45,0.0425531914893617,0.0425531914893617,0.9574468085106383,47,1100,700,400,0.6363636363636364,15,7,8,355.7747869048826,0.7995297563983965,0.26255660180746854,0.21139422523501775,131875.569322576,-16.399485260078336,131859.16983731592,2362,0,726.4893617021277,40,7,15,34.080752613700085,0.6320312499999999,43.216463414634156,1027.1341463414647,25.678353658536615,0
2371,4,0,0,45,0.0,0.0,1.0,45,1400,1000,400,0.7142857142857143,18,10,8,370.6182416207726,0.7875841750841751,0.2723696534498916,0.21942518075995057,131739.1030777447,764.9829470742711,132504.08602481897,2363,5,759.7777777777778,38,7,17,33.83741804558227,0.634046052631579,43.349358974358964,1026.6025641025624,27.01585695006743,0
2372,4,0,0,45,0.0,0.0,1.0,45,1300,600,700,0.46153846153846156,20,6,14,373.4408144625713,0.7865740740740741,0.2719933416562632,0.22157488324779206,131821.37573964478,845.4963839579032,132666.8721236027,2364,6,760.7777777777778,38,7,17,33.68185601331668,0.6348684210526316,43.26923076923076,1026.9230769230755,27.02429149797567,0
2373,4,0,0,45,0.0,0.0,1.0,45,1300,1100,200,0.8461538461538461,15,11,4,371.4758150362699,0.7864057239057239,0.2609618439284873,0.2211144214666703,131942.77479383672,802.709960937495,132745.48475477422,2365,7,761.7777777777778,39,6,17,33.60972405285748,0.6343482905982907,43.151041666666664,1027.3958333333328,26.343482905982892,0
2374,4,0,2,43,0.0,0.044444444444444446,0.9555555555555556,45,950,800,150,0.8421052631578947,11,8,3,356.1023430742062,0.7862373737373738,0.2131550826455686,0.19934388895803445,129572.31445312459,237.0144314235678,129809.32888454816,2366,8,762.7777777777778,39,6,17,36.40483254893935,0.6105769230769234,45.46874999999998,1018.1249999999967,26.105769230769145,6
2375,4,0,0,43,0.0,0.0,1.0,43,1300,1100,200,0.8461538461538461,15,11,4,358.41855400075644,0.7860834256183094,0.21483082688422894,0.20096739157265925,129636.22708013713,692.805811235278,130329.03289137241,2367,9,780.3953488372093,38,5,17,36.28086095957476,0.6129385964912282,45.405982905982896,1018.3760683760668,26.79937022042281,0
2376,4,1,1,43,0.022727272727272728,0.022727272727272728,0.9772727272727273,44,1200,800,400,0.6666666666666666,16,8,8,349.601513776076,0.795828928823115,0.20343544776466005,0.19743508455432499,129917.22140841992,283.8514539930319,130201.07286241296,2368,0,763.6363636363636,39,5,17,36.21992183508735,0.6140491452991454,45.13020833333332,1019.4791666666649,26.14049145299141,0
2377,4,1,0,44,0.022727272727272728,0.0,1.0,44,1600,1300,300,0.8125,19,13,6,350.3131187818895,0.7921511627906977,0.21728386468049576,0.19891692744745543,130129.69970703124,317.2281901041665,130446.9278971354,2369,0,764.6136363636364,39,5,19,35.986153649821325,0.6161858974358975,44.921875,1020.3124999999999,26.16185897435897,0
2378,4,1,1,44,0.022222222222222223,0.022222222222222223,0.9777777777777777,45,1900,1600,300,0.8421052631578947,22,16,6,342.4460349738587,0.7997053872053872,0.21346108109944595,0.19659087472958053,130555.177137587,-58.31163194442519,130496.86550564258,2370,0,748.6,39,6,16,35.75589049706113,0.6204594017094016,44.50520833333334,1021.9791666666682,26.204594017094056,0
2379,4,0,0,44,0.0,0.0,1.0,44,900,700,200,0.7777777777777778,11,7,4,336.05317452954586,0.791688689217759,0.1909258104456435,0.19327380689495172,130625.94112507452,-20.547561801820024,130605.3935632727,2371,2,766.6136363636364,40,4,12,35.84766544056732,0.6195312499999999,44.435975609756106,1022.2560975609769,25.55640243902442,2
2380,4,0,0,44,0.0,0.0,1.0,44,1300,900,400,0.6923076923076923,17,9,8,335.951576221548,0.7915125088090205,0.19479325702618921,0.19373528432764708,130729.84959556168,-16.22019383301702,130713.62940172867,2372,3,767.6136363636364,40,4,12,35.74522176951869,0.6205729166666667,44.33434959349594,1022.6626016260177,25.566565040650442,0
2381,4,0,0,44,0.0,0.0,1.0,44,1500,1000,500,0.6666666666666666,20,10,10,333.22946828271336,0.7915125088090205,0.19623913180870134,0.19294350294069262,130885.7897601462,-76.99957449268476,130808.79018565352,2373,4,768.6136363636364,40,4,13,35.65729797729004,0.6221354166666666,44.181910569105696,1023.2723577235782,25.581808943089456,0
2382,4,0,0,44,0.0,0.0,1.0,44,850,600,250,0.7058823529411765,11,6,5,353.17650963615966,0.7914464411557435,0.2209408758977245,0.19728116774361024,129487.77113261922,373.95217826836654,129861.7233108876,2374,5,769.6136363636364,36,8,15,36.56528914951686,0.615162037037037,45.55180180180181,1017.7927927927938,28.27202202202205,6
2383,4,1,0,45,0.022222222222222223,0.0,1.0,45,1300,900,400,0.6923076923076923,17,9,8,342.3559194652109,0.7986531986531987,0.20929419986023734,0.19303046523038492,129853.92011834323,-108.74835634450804,129745.17176199872,2375,0,753.4888888888889,38,7,17,36.468815513626836,0.6151315789473684,45.19230769230769,1019.2307692307695,26.821862348178144,0
2384,4,1,0,46,0.021739130434782608,0.0,1.0,46,1400,1000,400,0.7142857142857143,18,10,8,361.55754072774926,0.8048711755233494,0.26018891792400467,0.19153872277593192,127373.97057183187,35.926477925893664,127409.89704975777,2376,0,738.0869565217391,40,6,15,38.51282761166483,0.5867187500000002,47.6371951219512,1009.4512195121921,25.2362804878048,7
2385,4,1,2,45,0.02127659574468085,0.0425531914893617,0.9574468085106383,47,1250,900,350,0.72,16,9,7,352.16188776950685,0.8149861239592969,0.2530953988775164,0.1878617047339223,127654.44839740678,-408.9936940388435,127245.45470336794,2377,0,723.3617021276596,42,5,15,38.46246044683094,0.5865575396825398,47.359496124031,1010.5620155038742,24.06100036913986,0
2386,4,1,1,45,0.021739130434782608,0.021739130434782608,0.9782608695652174,46,1050,800,250,0.7619047619047619,13,8,5,353.7544361682729,0.8127012882447665,0.26666666666666705,0.18966352300588127,127857.05061983476,-154.00022956840337,127703.05039026635,2378,0,734.3695652173913,43,3,16,38.21473158551811,0.5872093023255814,47.159090909090914,1011.3636363636367,23.520084566596204,0
2387,4,1,0,46,0.021739130434782608,0.0,1.0,46,1550,1200,350,0.7741935483870968,19,12,7,365.86947895363426,0.8140901771336554,0.31749939947153516,0.18920678768745064,126392.74691358005,101.48629604119856,126494.23320962125,2379,0,735.2826086956521,38,8,16,39.413558931860024,0.5800438596491229,48.6111111111111,1005.5555555555538,26.461988304093524,4
2388,4,1,1,46,0.02127659574468085,0.02127659574468085,0.9787234042553191,47,850,600,250,0.7058823529411765,11,6,5,359.13661193703535,0.8217699660807893,0.31801521172028946,0.18711888702811008,126698.43885633661,-299.59038628474275,126398.84847005186,2380,0,720.6170212765958,39,8,16,39.26808501465771,0.5814636752136753,48.30729166666666,1006.7708333333318,25.814636752136714,0
2389,4,3,1,48,0.061224489795918366,0.02040816326530612,0.9795918367346939,49,1100,800,300,0.7272727272727273,14,8,6,350.7620382267083,0.8304280045351474,0.33670415219447314,0.18561078035928857,127328.45187717005,-866.3818359375056,126462.07004123255,2381,0,692.1428571428571,39,10,15,38.83194430109749,0.5878739316239316,47.682291666666664,1009.2708333333326,25.878739316239297,0
2390,4,4,3,49,0.07692307692307693,0.057692307692307696,0.9423076923076923,52,1050,800,250,0.7619047619047619,13,8,5,330.8067346505923,0.8500031422825539,0.3215880536744604,0.17754712097776482,127899.37245545618,-1938.0052468301437,125961.36720862603,2382,0,653.1346153846154,42,10,16,38.751716320209454,0.5890376984126985,47.11724806201549,1011.5310077519362,24.084071613141337,0
2391,4,2,0,51,0.0392156862745098,0.0,1.0,51,1450,1000,450,0.6896551724137931,19,10,9,333.25951557093447,0.8451960784313727,0.3332871972318343,0.17928518242740127,127993.90589569148,-1668.9625850340253,126324.94331065746,2383,0,666.9019607843137,41,10,19,38.59313725490197,0.5914634146341464,47.02380952380952,1011.9047619047609,24.680603948896607,0
2392,4,0,0,51,0.0,0.0,1.0,51,1000,800,200,0.8,12,8,4,334.2539691151523,0.8456209150326798,0.33276472422458303,0.18028127799399454,128096.59539284874,-1636.6409119605264,126459.95448088822,2384,1,667.9019607843137,43,8,19,38.463127533520435,0.5896317829457365,46.92234848484848,1012.3106060606044,23.542107117688474,0
2393,4,1,0,52,0.019230769230769232,0.0,1.0,52,1050,700,350,0.6666666666666666,14,7,7,327.77222232509564,0.8522812971342382,0.3323773558704861,0.17791055137743772,128350.40655570441,-1986.0245313171579,126364.38202438725,2385,0,656.0384615384615,40,12,20,38.36835155283656,0.5966145833333333,46.67174796747968,1013.3130081300824,25.33282520325206,0
2394,4,0,0,52,0.0,0.0,1.0,52,1150,700,450,0.6086956521739131,16,7,9,326.1868368796869,0.8525641025641024,0.33180134604092326,0.177474818915689,128446.04768990925,-2020.5179988662226,126425.52969104302,2386,1,657.0384615384615,41,11,16,38.31106870229005,0.5960365853658536,46.57738095238095,1013.6904761904758,24.724157955865262,0
2395,4,2,1,53,0.037037037037037035,0.018518518518518517,0.9814814814814815,54,1450,900,550,0.6206896551724138,20,9,11,318.79607571815455,0.8631784300023294,0.3382444361556629,0.17550149466126763,128912.72454660253,-2580.625860881528,126332.09868572101,2387,0,633.6666666666666,43,11,17,38.023747357951,0.5978682170542635,46.11742424242425,1015.5303030303043,23.616983791402426,0
2396,4,2,4,51,0.03636363636363636,0.07272727272727272,0.9272727272727272,55,1350,1000,350,0.7407407407407407,17,10,7,323.35951786586764,0.8641414141414141,0.35712537900952257,0.18000697590643902,129352.72285997731,-2633.544688536571,126719.17817144074,2388,0,623.1090909090909,41,14,19,37.46099083284573,0.6051829268292683,45.68452380952381,1017.2619047619046,24.81126596980255,0
2397,4,0,1,50,0.0,0.0196078431372549,0.9803921568627451,51,1350,1000,350,0.7407407407407407,17,10,7,344.7128252621984,0.8481699346405229,0.36701604696223167,0.18910224746689283,128773.09032698724,-1322.0528431279943,127451.03748385924,2389,1,672.6274509803922,41,10,19,37.50804336493663,0.599339430894309,46.254960317460316,1014.9801587301583,24.755613627564838,0
2398,4,0,0,50,0.0,0.0,1.0,50,1700,1100,600,0.6470588235294118,23,11,12,349.48486040677733,0.8499829931972789,0.3669803764517423,0.19179421899686205,128788.44024720728,-998.0779876396424,127790.36225956764,2390,2,662.52,40,10,20,37.37130389801093,0.6010416666666667,46.23983739837398,1015.0406504065036,25.37601626016259,0
2399,4,3,1,52,0.05660377358490566,0.018867924528301886,0.9811320754716981,53,1100,600,500,0.5454545454545454,16,6,10,332.30272268613044,0.8665336236090952,0.36568745768698663,0.18522264803635613,129403.1872008061,-1998.4717493426701,127404.71545146343,2391,0,625.9622641509434,41,12,22,37.182299791991674,0.6056910569105691,45.634920634920626,1017.4603174603163,24.816105303910156,0
2400,4,0,0,52,0.0,0.0,1.0,52,1650,1300,350,0.7878787878787878,20,13,7,337.1535557349751,0.8626665409753644,0.3671482363790066,0.1877033978257559,129356.4150389976,-1677.4049424945788,127679.01009650301,2392,1,639.0,40,12,22,37.10643523143524,0.6067708333333335,45.680894308943074,1017.2764227642248,25.431910569105618,0
2401,4,0,0,52,0.0,0.0,1.0,52,1350,1100,250,0.8148148148148148,16,11,5,340.09339957153213,0.8618181246857717,0.3656610684912571,0.19021304207191703,129537.39636005338,-1589.037300052899,127948.35906000048,2393,2,640.0,40,12,17,36.847775448404356,0.6085937500000002,45.503048780487795,1017.9878048780474,25.449695121951187,0
2402,4,0,1,51,0.0,0.019230769230769232,0.9807692307692307,52,1250,900,350,0.72,16,9,7,336.3936797064561,0.8615824534942181,0.3625287885766939,0.1885159211777787,129614.9985127897,-1679.6667410271912,127935.3317717625,2394,3,641.0,40,12,17,36.863148702594835,0.6093750000000002,45.42682926829267,1018.2926829268267,25.457317073170667,0
2403,4,0,0,51,0.0,0.0,1.0,51,1450,1000,450,0.6896551724137931,19,10,9,287.6127206234978,0.8583660130718955,0.2157199071738476,0.1549706248830861,128056.65569540895,-2833.85537229938,125222.80032310956,2395,4,654.4313725490196,47,4,16,39.684105202973136,0.5842198581560283,46.96180555555556,1012.1527777777777,21.53516548463357,8
2404,4,0,0,51,0.0,0.0,1.0,51,1700,1200,500,0.7058823529411765,22,12,10,285.144824578214,0.8572875816993465,0.2037401078683394,0.1544865414497571,128276.40109592058,-2884.5296223957967,125391.87147352478,2396,5,655.4313725490196,47,4,16,39.52335047129392,0.5864361702127658,46.744791666666686,1013.0208333333369,21.553634751773124,0
2405,4,2,1,52,0.03773584905660377,0.018867924528301886,0.9811320754716981,53,1150,1000,150,0.8695652173913043,13,10,3,280.66764451031395,0.866170778906628,0.2139480399949789,0.15374223604148027,128714.69531250054,-3374.7899305555143,125339.90538194502,2397,0,631.6603773584906,49,4,13,39.192312693328944,0.5886479591836733,46.31250000000002,1014.7500000000043,20.709183673469475,0
2406,4,1,1,52,0.018867924528301886,0.018867924528301886,0.9811320754716981,53,2000,1500,500,0.75,25,15,10,272.7346816923207,0.8651427189163038,0.223333102049444,0.14965211792718489,128782.53041962063,-3573.470706139069,125209.05971348156,2398,0,632.4150943396227,47,6,14,39.324898799851766,0.5915336879432624,46.24565972222223,1015.0173611111125,21.59611406619388,1
2407,4,0,2,50,0.0,0.038461538461538464,0.9615384615384616,52,1450,1200,250,0.8275862068965517,17,12,5,277.65359165538416,0.8599484665661136,0.2230399731273096,0.1524033377015413,128796.12208264187,-3247.8588224938244,125548.26326014804,2399,2,645.5769230769231,46,6,15,39.18631732168852,0.5928442028985508,46.23226950354611,1015.0709219858168,22.066759173604712,0
2408,4,3,2,51,0.05660377358490566,0.03773584905660377,0.9622641509433962,53,1500,1100,400,0.7333333333333333,19,11,8,272.53914699404504,0.8656567489114658,0.23565646232729698,0.1508049946700382,129114.9521032902,-3562.2242179184686,125552.72788537173,2400,0,633.9056603773585,48,5,16,38.993648203926824,0.59375,45.91836734693877,1016.3265306122441,21.173469387755087,0
2409,4,2,1,52,0.03773584905660377,0.018867924528301886,0.9811320754716981,53,1300,1100,200,0.8461538461538461,15,11,4,275.93840435138753,0.8625120948234155,0.25170864279423744,0.1536210052538672,129355.87659294196,-3461.120240759855,125894.7563521821,2401,0,634.8679245283018,47,6,17,38.66379739454446,0.5972960992907801,45.6814236111111,1017.2743055555534,21.644134160756455,0
2410,4,0,0,52,0.0,0.0,1.0,52,1200,800,400,0.6666666666666666,16,8,8,282.3759356756327,0.8595399698340874,0.25903814317598384,0.15739818425202715,129404.26101711442,-3091.8701429756957,126312.39087413873,2402,1,648.0769230769231,46,6,18,38.45117771775435,0.5989583333333333,45.633865248226954,1017.4645390070929,22.11879432624115,0
2411,4,1,0,53,0.018867924528301886,0.0,1.0,53,1550,1000,550,0.6451612903225806,21,10,11,321.5944484092445,0.8642960812772134,0.28179408071192635,0.1755069254323099,128566.75347222244,-2265.265438735454,126301.48803348698,2403,0,636.8301886792453,44,9,17,38.304574089290604,0.5930397727272726,46.45833333333334,1014.1666666666684,23.049242424242465,5
2412,4,1,1,53,0.018518518518518517,0.018518518518518517,0.9814814814814815,54,1000,800,200,0.8,12,8,4,314.2354896903725,0.8683467272303751,0.2867248158059923,0.17284493814666738,128879.277101712,-2700.3114498004506,126178.96565191154,2404,0,626.0185185185185,45,9,18,38.17350579839429,0.5949074074074073,46.150362318840585,1015.3985507246391,22.564412238325314,0
2413,4,2,1,54,0.03636363636363636,0.01818181818181818,0.9818181818181818,55,1300,700,600,0.5384615384615384,19,7,12,313.63237909109523,0.8720819304152637,0.30511286037098695,0.1742349225876328,129272.00038580252,-2890.4189348059385,126381.58145099657,2405,0,615.4727272727273,44,11,19,37.79022125102432,0.6001420454545454,45.76388888888889,1016.9444444444448,23.112373737373744,0
2414,4,2,2,54,0.03571428571428571,0.03571428571428571,0.9642857142857143,56,1950,1400,550,0.717948717948718,25,14,11,310.1578010229788,0.8737824675324676,0.3013711401720449,0.17438030574149097,129742.73489764103,-3151.855729088068,126590.87916855296,2406,0,605.4464285714286,46,10,18,37.401743241675376,0.6023550724637681,45.301418439716315,1018.7943262411353,22.147702744372506,0
2415,4,2,1,55,0.03571428571428571,0.017857142857142856,0.9821428571428571,56,1150,800,350,0.6956521739130435,15,8,7,313.59439549835776,0.8663014069264069,0.32972775811758903,0.17764172920771076,130036.43652387951,-3044.2604591066893,126992.17606477282,2407,0,606.1428571428571,46,10,19,37.01705780095612,0.6052989130434783,45.013297872340424,1019.9468085106378,22.172756706752995,0
2416,4,0,1,54,0.0,0.01818181818181818,0.9818181818181818,55,1300,800,500,0.6153846153846154,18,8,10,320.5667496956295,0.8650953984287317,0.3352270751331783,0.1812762416420418,129968.62975328209,-2667.275759519135,127301.35399376295,2408,1,618.1636363636363,46,9,19,36.90789283023243,0.6046195652173912,45.079787234042556,1019.6808510638302,22.166975023126746,0
2417,4,0,0,54,0.0,0.0,1.0,54,1000,500,500,0.5,15,5,10,326.91629014144644,0.8616352201257862,0.34728266769300564,0.1850553298492987,130008.42723594065,-2299.6254561804085,127708.80177976024,2409,2,630.1111111111111,45,9,19,36.705728010184465,0.60625,45.040760869565226,1019.8369565217406,22.663043478260903,0
2418,4,0,0,54,0.0,0.0,1.0,54,1450,900,550,0.6206896551724138,20,9,11,324.8161226330651,0.8607180293501049,0.341790622174601,0.1846399203767518,130172.10311509781,-2343.600438232446,127828.50267686536,2410,3,631.1111111111111,46,8,20,36.593620594793386,0.6066576086956521,44.88031914893619,1020.4787234042592,22.184320074005633,0
2419,4,0,0,54,0.0,0.0,1.0,54,1650,1200,450,0.7272727272727273,21,12,9,325.93452515473814,0.8595096668996041,0.34895192452992996,0.1861914540478845,130363.87963750333,-2301.824973351919,128062.05466415141,2411,4,632.1111111111111,41,13,20,36.37110614597498,0.6153455284552845,44.69246031746032,1021.2301587301602,24.908052651955124,0
2420,4,0,0,54,0.0,0.0,1.0,54,1200,900,300,0.75,15,9,6,324.2949061855261,0.8602521546703937,0.3500808208588093,0.18536162208218254,130386.26359593781,-2343.2797758548054,128042.983820083,2412,5,633.1111111111111,42,12,20,36.39033839342189,0.6140873015873016,44.67054263565892,1021.317829457365,24.317091177556307,0
2421,4,0,0,54,0.0,0.0,1.0,54,1650,1400,250,0.8484848484848485,19,14,5,299.8969101631719,0.8611984626135569,0.2415289061342174,0.167905622411112,129578.20644718803,-3005.7990010634767,126572.40744612455,2413,6,634.1111111111111,44,10,15,37.82947587001334,0.603219696969697,45.46296296296297,1018.148148148149,23.139730639730658,7
2422,4,1,0,55,0.01818181818181818,0.0,1.0,55,1050,800,250,0.7619047619047619,13,8,5,298.7457146737318,0.8647586980920314,0.25328979101267524,0.16844921439940636,129855.65776526592,-3241.2357432976146,126614.4220219683,2414,0,623.5636363636364,46,9,16,37.57828129077151,0.6034873188405797,45.190602836879435,1019.2375886524829,22.157338883749627,0
2423,4,2,1,56,0.03508771929824561,0.017543859649122806,0.9824561403508771,57,1850,1100,750,0.5945945945945946,26,11,15,291.70222115157094,0.866828529657477,0.259670116275186,0.16681011931171505,130404.40779321006,-3789.6025186666047,126614.80527454345,2415,0,602.6491228070175,44,13,18,37.204242589067185,0.6115056818181819,44.652777777777786,1021.3888888888903,23.21338383838387,0
2424,4,1,2,55,0.017543859649122806,0.03508771929824561,0.9649122807017544,57,1650,1200,450,0.7272727272727273,21,12,9,291.5420631273636,0.8658103592314118,0.2792536207226073,0.16820651174098397,130748.48972281274,-3776.2631110848674,126972.22661172786,2416,0,603.421052631579,45,12,13,36.86186269300035,0.6136574074074075,44.31612318840579,1022.735507246375,22.727455716586114,0
2425,4,1,0,56,0.017857142857142856,0.0,1.0,56,900,400,500,0.4444444444444444,14,4,10,290.710476611302,0.8668290043290043,0.27059939583771775,0.16797737554420722,130806.14912636453,-3594.6564087570937,127211.49271760744,2417,0,602.9285714285714,46,10,14,36.825114827974694,0.6129981884057971,44.25975177304965,1022.9609929078027,22.23828245451745,0
2426,4,0,0,56,0.0,0.0,1.0,56,1150,800,350,0.6956521739130435,15,8,7,289.8090960077865,0.865909090909091,0.27057059937377015,0.16785079755232724,130896.8528761759,-3612.980279538239,127283.87259663765,2418,1,603.9285714285714,46,10,14,36.75694504605964,0.6139039855072463,44.17109929078015,1023.3156028368807,22.245991366019144,0
2427,4,0,1,55,0.0,0.017857142857142856,0.9821428571428571,56,1150,800,350,0.6956521739130435,15,8,7,290.0651053306195,0.8661931818181818,0.27147217446161,0.16859395578577402,131032.96744536259,-3598.381699235439,127434.58574612715,2419,2,604.9285714285714,46,10,14,36.613559615551104,0.6152626811594202,44.03812056737589,1023.847517730498,22.257554733271697,0
2428,4,0,1,54,0.0,0.01818181818181818,0.9818181818181818,55,1700,1200,500,0.7058823529411765,22,12,10,293.95580537800976,0.8633557800224467,0.28315218674494935,0.1710571036736219,131078.35468695004,-3293.751336074626,127784.60335087542,2420,3,616.6727272727272,46,9,15,36.46834328918132,0.6157155797101448,43.993794326241144,1024.0248226950368,22.26140918902254,0
2429,4,1,2,53,0.01818181818181818,0.03636363636363636,0.9636363636363636,55,1750,1300,450,0.7428571428571429,22,13,9,295.70167981705146,0.8631874298540966,0.27855929537590374,0.17299146855693937,131282.69453246848,-3235.8973391680274,128046.79719330044,2421,0,617.1272727272727,46,9,17,36.21828143021912,0.6177536231884058,43.79432624113476,1024.8226950354633,22.278754239901378,0
2430,4,0,0,53,0.0,0.0,1.0,53,1800,1500,300,0.8333333333333334,21,15,6,303.89578652566314,0.8594279148524431,0.27616341634730746,0.17724380865491135,131165.69789861658,-2627.859414382465,128537.83848423412,2422,5,635.5094339622641,45,8,17,36.12600215167862,0.6178240740740739,43.90851449275363,1024.365942028987,22.763687600644158,0
2431,4,0,0,53,0.0,0.0,1.0,53,1250,1100,150,0.88,14,11,3,300.74690990812337,0.8597907595549105,0.2748887866237151,0.1761517615176153,131328.12500000015,-2700.6944444444307,128627.43055555571,2423,6,636.5094339622641,45,8,17,36.04336043360435,0.6194444444444444,43.75000000000001,1025.0000000000011,22.777777777777803,0
2432,4,0,0,53,0.0,0.0,1.0,53,1000,700,300,0.7,13,7,6,312.08141340372117,0.8596698113207547,0.2878039567653936,0.17984109626924996,130702.17428225417,-2442.0561430109296,128260.11813924325,2424,7,637.5094339622641,45,8,15,36.38340788968614,0.6131944444444445,44.36141304347826,1022.5543478260863,22.723429951690807,1
2433,4,0,1,52,0.0,0.018867924528301886,0.9811320754716981,53,2150,1500,650,0.6976744186046512,28,15,13,311.30349870108284,0.8592162554426706,0.28920123781070606,0.17971570078387644,130771.65051984857,-2458.0655324511845,128313.58498739738,2425,8,638.5094339622641,45,8,15,36.333244775061964,0.6138888888888889,44.293478260869556,1022.8260869565202,22.72946859903378,0
2434,4,0,0,52,0.0,0.0,1.0,52,1550,1200,350,0.7741935483870968,19,12,7,310.33794487917055,0.8615667420814479,0.24481857899350778,0.17825851192553946,130576.95316983756,-2227.9772487302666,128348.9759211073,2426,9,648.7115384615385,43,9,14,36.55426742641837,0.6145833333333333,44.483901515151516,1022.0643939393938,23.76893939393939,4
2435,4,1,0,53,0.018867924528301886,0.0,1.0,53,1400,800,600,0.5714285714285714,20,8,12,321.8235074500073,0.8638122883405902,0.28719187393945944,0.17458379021996967,128328.02080051434,-2323.285787427541,126004.7350130868,2427,0,637.4528301886793,45,8,20,38.54185291137731,0.5893518518518519,46.693840579710134,1013.2246376811573,22.516103059581273,5
2436,4,0,2,51,0.0,0.03773584905660377,0.9622641509433962,53,1300,1000,300,0.7692307692307693,16,10,6,322.00673531383325,0.8641146589259796,0.2801279101325125,0.17538790211035174,128488.68184369065,-2325.1558069470952,126163.52603674355,2428,1,638.4528301886793,45,8,15,38.37359287054408,0.5909722222222223,46.53532608695651,1013.8586956521716,22.530193236714926,0
2437,4,2,0,53,0.03773584905660377,0.0,1.0,53,1200,800,400,0.6666666666666666,16,8,8,315.23144686422745,0.871129656507015,0.2868853674327725,0.17332432841747464,128863.62234199732,-2475.626776193358,126387.99556580397,2429,0,629.1320754716982,46,7,17,38.16412730289006,0.5935235507246377,46.16578014184397,1015.3368794326237,22.07254085723095,0
2438,4,3,4,52,0.05357142857142857,0.07142857142857142,0.9285714285714286,56,1600,900,700,0.5625,23,9,14,301.43388865747556,0.8800459956709956,0.28145840645840625,0.16805971600492167,129413.2812500003,-3395.879860167971,126017.40138983233,2430,0,596.375,44,12,19,37.95727545727545,0.6015625,45.625000000000014,1017.5000000000024,23.125000000000053,0
2439,4,0,0,52,0.0,0.0,1.0,52,1550,1100,450,0.7096774193548387,20,11,9,316.5928506579327,0.8662644544997485,0.28904439293991735,0.17495264032909813,129063.29175199557,-2227.8969097878407,126835.39484220772,2431,2,642.9807692307693,45,7,19,37.92676947762525,0.5967592592592592,45.96920289855073,1016.1231884057987,22.580515297906636,0
2440,4,1,1,52,0.018867924528301886,0.018867924528301886,0.9811320754716981,53,1250,900,350,0.72,16,9,7,313.5035643833018,0.8691642477019835,0.2864607399937096,0.17417044893493447,129273.60541673865,-2494.2312577693374,126779.37415896931,2432,0,631.8301886792453,43,10,19,37.79186842350311,0.6015019379844959,45.762310606060616,1016.9507575757596,23.65001761804092,0
2441,4,2,2,52,0.037037037037037035,0.037037037037037035,0.962962962962963,54,1450,1000,450,0.6896551724137931,19,10,9,306.4870621600815,0.8734713487071978,0.2828847440091986,0.17166024243853953,129593.06511401272,-2856.28043937719,126736.78467463552,2433,0,621.0925925925926,45,9,15,37.64669142721588,0.6020833333333332,45.44836956521741,1018.2065217391339,22.626811594202977,0
2442,4,1,1,52,0.018867924528301886,0.018867924528301886,0.9811320754716981,53,1100,800,300,0.7272727272727273,14,8,6,311.5108006301448,0.8688316400580551,0.2922421794878238,0.1744739865412786,129593.0651140125,-2526.072106043882,127066.99300796862,2434,0,633.7924528301887,45,8,17,37.51881134537258,0.6020833333333332,45.4483695652174,1018.2065217391321,22.626811594202934,0
2443,4,0,0,52,0.0,0.0,1.0,52,1700,1300,400,0.7647058823529411,21,13,8,314.8116986988401,0.8701451734539969,0.28932175652332015,0.17657388444612676,129648.9208247601,-2237.000600137158,127411.92022462295,2435,1,646.4423076923077,44,8,17,37.378208625026524,0.6039299242424242,45.393518518518526,1018.4259259259272,23.1460437710438,0
2444,4,1,1,52,0.018867924528301886,0.018867924528301886,0.9811320754716981,53,1250,800,450,0.64,17,8,9,312.04903866480703,0.8739114658925979,0.3143965414830916,0.17090181982646774,128707.6485339506,-2534.1928155006894,126173.45571844991,2436,0,635.2264150943396,44,9,15,38.40336709553791,0.5944602272727273,46.31944444444444,1014.7222222222222,23.061868686868685,4
2445,4,3,1,54,0.05454545454545454,0.01818181818181818,0.9818181818181818,55,1650,1300,350,0.7878787878787878,20,13,7,309.4818958032112,0.8787037037037038,0.33768361815699155,0.17213461394421622,129319.08543381328,-2993.72642318245,126325.35901063083,2437,0,612.9454545454546,44,11,17,37.84801244120772,0.6006155303030303,45.71759259259259,1017.1296296296283,23.116582491582463,0
2446,4,0,0,54,0.0,0.0,1.0,54,950,600,350,0.631578947368421,13,6,7,314.3538672154302,0.875029117167482,0.34418711344295794,0.17442984352930607,129225.45882295963,-2675.4954552628647,126549.96336769676,2438,1,625.2962962962963,43,11,17,37.819087423550954,0.6010174418604652,45.809659090909086,1016.761363636363,23.645613107822395,0
2447,4,2,1,55,0.03571428571428571,0.017857142857142856,0.9821428571428571,56,1850,1400,450,0.7567567567567568,23,14,9,305.49764876803084,0.8817234848484848,0.3454836415362723,0.17181187766714084,129754.51585801318,-3272.060097668549,126482.45576034463,2439,0,603.9285714285714,45,11,16,37.50852003319108,0.6037037037037036,45.28985507246377,1018.8405797101462,22.640901771336583,0
2448,4,0,0,55,0.0,0.0,1.0,55,1250,800,450,0.64,17,8,9,307.1557459962289,0.8794893378226711,0.34603980405154133,0.1725411348388407,129708.376818158,-3031.865351291741,126676.51146686626,2440,1,615.9090909090909,45,10,16,37.512967573655814,0.6032407407407407,45.335144927536234,1018.6594202898555,22.636876006441234,0
2449,4,1,1,55,0.017857142857142856,0.017857142857142856,0.9821428571428571,56,1700,1100,600,0.6470588235294118,23,11,12,305.2179990946131,0.8829545454545454,0.3559665653495443,0.17291762243788344,130041.14598403743,-3261.8203245563204,126779.32565948111,2441,0,605.8928571428571,47,9,17,37.22588652482271,0.6041666666666665,45.00868055555556,1019.9652777777778,21.70138888888889,0
2450,4,0,0,55,0.0,0.0,1.0,55,1850,1600,250,0.8648648648648649,21,16,5,309.1363621777514,0.880976430976431,0.35792600551443,0.17531947361160105,130081.6508616896,-2957.4063333081767,127124.24452838143,2442,1,617.4363636363636,46,9,17,37.08503519596768,0.6057518115942029,44.968971631205676,1020.1241134751778,22.176611162503864,0
2451,4,0,0,55,0.0,0.0,1.0,55,1650,900,750,0.5454545454545454,24,9,15,310.2725600641074,0.8812008978675645,0.35393349810096053,0.17657775501819398,130217.34103069501,-2919.4264467330745,127297.91458396193,2443,2,618.4363636363636,46,9,17,36.91895393613016,0.6071105072463769,44.83599290780141,1020.6560283687934,22.188174529756377,0
2452,4,1,1,55,0.017857142857142856,0.017857142857142856,0.9821428571428571,56,1350,700,650,0.5185185185185185,20,7,13,310.351313072745,0.8848890692640693,0.3527559341779529,0.17804364802594339,130528.56445312513,-3098.026288643979,127430.53816448116,2444,0,608.375,43,13,15,36.60274379884473,0.6140988372093023,44.53125000000001,1021.875000000001,23.764534883720955,0
2453,4,0,0,55,0.0,0.0,1.0,55,1500,1200,300,0.8,18,12,6,315.9138682673198,0.8802469135802469,0.35412815560766986,0.1810323819027512,130485.24728081259,-2755.580155940137,127729.66712487245,2445,4,620.4363636363636,42,13,18,36.504370574102175,0.6150793650793651,44.57364341085272,1021.7054263565902,24.32631967515691,0
2454,4,0,0,55,0.0,0.0,1.0,55,600,300,300,0.5,9,3,6,314.8313166905585,0.8796576879910213,0.3502856798145457,0.18098940380210898,130609.02970261693,-2776.0374414097773,127832.99226120715,2446,5,621.4363636363636,42,13,15,36.40708439978514,0.6163194444444444,44.45251937984496,1022.1899224806193,24.337855297157603,0
2455,4,1,1,55,0.017857142857142856,0.017857142857142856,0.9821428571428571,56,1550,1000,550,0.6451612903225806,21,10,11,310.6049117319114,0.8830357142857143,0.3501999735572152,0.17975822556311213,130867.4737879506,-3070.3839711030696,127797.08981684753,2447,0,611.3214285714286,43,13,15,36.25453108128953,0.6174903100775193,44.19981060606061,1023.2007575757582,23.79536645525019,0
2456,4,0,0,55,0.0,0.0,1.0,55,1450,1100,350,0.7586206896551724,18,11,7,317.03460630480834,0.8786475869809203,0.351908935921059,0.18331058999814728,130831.9859458567,-2704.346568715815,128127.63937714088,2448,7,623.4363636363636,42,13,15,36.12584454126414,0.6185515873015872,44.23449612403101,1023.0620155038765,24.358619416758966,0
2457,4,0,3,52,0.0,0.05454545454545454,0.9454545454545454,55,850,600,250,0.7058823529411765,11,6,5,315.7413983585863,0.8785072951739619,0.3504924242424252,0.18279765168128662,130881.55759870178,-2735.0547968872233,128146.50280181455,2449,8,624.4363636363636,42,13,16,36.108940972222236,0.6190476190476191,44.1860465116279,1023.2558139534866,24.363233665559203,0
2458,4,1,0,53,0.018867924528301886,0.0,1.0,53,1200,700,500,0.5833333333333334,17,7,10,323.94444368222145,0.8753023705853894,0.3621502200851854,0.18756737225050554,130885.78976014617,-2120.0551300482393,128765.73463009794,2450,0,645.4905660377359,40,13,17,35.89482570265171,0.6221354166666666,44.181910569105696,1023.272357723578,25.58180894308945,0
2459,4,0,0,53,0.0,0.0,1.0,53,1150,700,450,0.6086956521739131,16,7,9,326.37635753908273,0.8748185776487662,0.36591487146062485,0.18961449976059502,131015.81090124913,-2047.9073716042176,128967.90352964491,2451,1,646.4905660377359,40,13,17,35.70143438554693,0.6234375000000001,44.05487804878048,1023.7804878048771,25.59451219512193,0
2460,4,1,1,53,0.018518518518518517,0.018518518518518517,0.9814814814814815,54,850,600,250,0.7058823529411765,11,6,5,320.57124308730977,0.8779117167481948,0.36178529420202565,0.18726582571299377,131226.45817586276,-2386.514235323777,128839.94394053899,2452,0,635.5,41,13,17,35.637748515362766,0.6239837398373984,43.84920634920634,1024.603174603173,24.99032133178471,0
2461,4,0,0,53,0.0,0.0,1.0,53,1750,1300,450,0.7428571428571429,22,13,9,329.0814358150666,0.8734276729559748,0.3629679544773883,0.19196417089212237,131171.92147531244,-1966.751148456598,129205.17032685585,2453,3,648.4905660377359,40,13,17,35.4747437169312,0.625,43.90243902439025,1024.3902439024398,25.609756097560997,0
2462,4,0,1,52,0.0,0.018867924528301886,0.9811320754716981,53,1850,1600,250,0.8648648648648649,21,16,5,331.04835964209997,0.8715832123850992,0.36350642182954296,0.19376800388801999,131302.08462431445,-1906.5320535064827,129395.55257080797,2454,4,649.4905660377359,40,13,17,35.29313336638573,0.6263020833333333,43.77540650406505,1024.8983739837417,25.622459349593544,0
2463,4,1,0,53,0.018867924528301886,0.0,1.0,53,1100,800,300,0.7272727272727273,14,8,6,331.9303863041076,0.8723996129656507,0.3695024641225253,0.19521220621101723,131484.42147531238,-1871.2650373454862,129613.1564379669,2455,0,649.4528301886793,40,13,18,35.08678491214164,0.6281249999999999,43.59756097560976,1025.6097560975616,25.64024390243904,0
2464,4,0,0,53,0.0,0.0,1.0,53,1750,1400,350,0.8,21,14,7,330.41419645570505,0.8713413159167875,0.3675395448972878,0.19485173641453266,131588.6707647565,-1904.2470173177276,129684.42374743878,2456,1,650.4528301886793,40,13,17,35.02067650554677,0.6291666666666667,43.4959349593496,1026.0162601626023,25.650406504065057,0
2465,4,0,1,52,0.0,0.018867924528301886,0.9811320754716981,53,1150,800,350,0.6956521739130435,15,8,7,341.5278830814465,0.8714622641509434,0.32799140426758466,0.20150729576220192,131607.91175555866,-1607.964434985638,129999.94732057302,2457,2,651.4528301886793,41,12,16,34.716213058751485,0.6277947154471545,43.47718253968254,1026.0912698412694,25.026616337591935,3
2466,4,0,1,51,0.0,0.019230769230769232,0.9807692307692307,52,1750,1400,350,0.8,21,14,7,343.2600206462213,0.8695167169431874,0.3206133213216704,0.20236286740546733,131576.54663181308,-1367.006377321063,130209.54025449202,2458,3,664.1538461538462,42,10,16,34.703398501448206,0.6259920634920635,43.5077519379845,1025.9689922480627,24.427833148763398,0
2467,4,0,1,50,0.0,0.0196078431372549,0.9803921568627451,51,1400,1000,400,0.7142857142857143,18,10,8,339.04119674137604,0.8684967320261439,0.31449236829682503,0.20073979322082242,131740.97262576054,-1266.8765962178522,130474.09602954268,2459,4,664.3921568627451,43,8,16,34.64596208836822,0.6262112403100775,43.34753787878788,1026.6098484848492,23.874647639182538,0
2468,4,0,0,50,0.0,0.0,1.0,50,1750,1500,250,0.8571428571428571,20,15,5,344.5112423180367,0.8658673469387755,0.3193671684846293,0.20469540498307376,131874.40950788773,-913.5566700959979,130960.85283779172,2460,5,677.58,44,6,17,34.371149974458376,0.626183712121212,43.2175925925926,1027.1296296296314,23.343855218855257,0
2469,4,0,1,49,0.0,0.02,0.98,50,1650,1000,650,0.6060606060606061,23,10,13,347.041636230825,0.8643707482993197,0.32227027027027,0.20710549258936364,132040.8950617286,-835.2623456789931,131205.63271604961,2461,6,678.58,44,6,18,34.13851351351352,0.627840909090909,43.055555555555564,1027.7777777777794,23.358585858585897,0
2470,4,0,0,49,0.0,0.0,1.0,49,1150,900,250,0.782608695652174,14,9,5,347.22568816015155,0.8659297052154196,0.30790857672080185,0.20799830057748897,132183.68055555565,-620.486111111099,131563.19444444455,2462,7,686.5102040816327,44,5,18,33.99007293354944,0.6292613636363635,42.91666666666667,1028.3333333333342,23.37121212121214,0
2471,4,0,0,49,0.0,0.0,1.0,49,1300,700,600,0.5384615384615384,19,7,12,345.8289211593093,0.8653628117913832,0.29646934367699584,0.20794648116462378,132326.54320987672,-647.5308641975121,131679.01234567922,2463,8,687.5102040816327,44,5,18,33.882289416846646,0.6306818181818181,42.777777777777786,1028.8888888888903,23.383838383838416,0
2472,4,0,0,49,0.0,0.0,1.0,49,1750,1200,550,0.6857142857142857,23,12,11,350.82700802694296,0.8641227324263039,0.30246388782561406,0.21179246670518073,132476.45767235116,-504.6589836663938,131971.79868868476,2464,9,688.5102040816327,40,9,19,33.60295327410332,0.6380208333333334,42.63211382113821,1029.4715447154474,25.736788617886184,0
2473,4,2,2,49,0.0392156862745098,0.0392156862745098,0.9607843137254902,51,1700,1400,300,0.8235294117647058,20,14,6,337.9829763638744,0.8700326797385621,0.2994099099829115,0.20641035499866678,132910.1573709395,-1215.7258845557833,131694.43148638372,2465,0,662.4705882352941,43,8,14,33.498350782134864,0.6378391472868218,42.21117424242424,1031.155303030303,23.980355884425652,0
2474,4,0,0,49,0.0,0.0,1.0,49,1150,900,250,0.782608695652174,14,9,5,345.76274354124894,0.8625992063492064,0.2946981218830689,0.21000537160347424,132704.4802295917,-623.1469671201976,132081.33326247148,2466,11,690.5102040816327,41,8,14,33.504236472174064,0.6387195121951219,42.41071428571428,1030.3571428571418,25.130662020905895,0
2475,4,0,0,49,0.0,0.0,1.0,49,1350,1000,350,0.7407407407407407,17,10,7,346.51331470161324,0.861890589569161,0.2974681306593865,0.2110359519196811,132806.71788391267,-596.1407942806882,132210.577089632,2467,12,691.5102040816327,41,8,14,33.38225858196984,0.6397357723577237,42.31150793650793,1030.753968253967,25.140340689121146,0
2476,4,0,0,49,0.0,0.0,1.0,49,1500,1300,200,0.8666666666666667,17,13,4,351.2707667752395,0.860437925170068,0.3044952134936887,0.21495951513608952,132985.7285072592,-457.20023541826254,132528.5282718409,2468,13,692.5102040816327,41,8,15,33.07995495495496,0.6415142276422765,42.137896825396815,1031.4484126984112,25.157278358497834,0
2477,4,0,0,49,0.0,0.0,1.0,49,1400,800,600,0.5714285714285714,20,8,12,357.86174295381676,0.8599418934240363,0.3064344284007232,0.2195940996143155,133088.07442247728,-274.57394416100146,132813.50047831627,2469,14,693.5102040816327,41,8,15,32.80724209210653,0.6425304878048781,42.038690476190474,1031.8452380952378,25.166957026713117,0
2478,4,0,0,49,0.0,0.0,1.0,49,1250,700,550,0.56,18,7,11,354.74847096780945,0.8589143990929705,0.30523206784155144,0.21843269756751627,133216.06217718564,-348.3611268581551,132867.70105032748,2470,15,694.5102040816327,41,8,16,32.75914536485361,0.6438008130081301,41.91468253968254,1032.3412698412694,25.17905536198218,0
2479,4,1,1,49,0.02,0.02,0.98,50,1050,500,550,0.47619047619047616,16,5,11,352.6245001386965,0.8604421768707483,0.2398403523259014,0.21676561912079245,133154.38767110012,-602.1549020420359,132552.2327690581,2471,0,681.6,43,7,15,32.87581811787013,0.6402616279069768,41.97443181818181,1032.102272727272,24.002378435517954,3
2480,4,0,0,49,0.0,0.0,1.0,49,1850,1700,150,0.918918918918919,20,17,3,353.96888789481085,0.8596230158730159,0.23281090172130448,0.21798754518100075,133222.01659305324,-368.7101886905847,132853.30640436267,2472,17,696.5102040816327,42,7,16,32.77329328577686,0.6423611111111112,41.90891472868217,1032.364341085271,24.58010335917312,0
2481,4,0,0,49,0.0,0.0,1.0,49,1100,700,400,0.6363636363636364,15,7,8,352.2712884330201,0.8591269841269842,0.2387224845852418,0.2179665818911451,133397.13588613982,-401.60381362295857,132995.53207251686,2473,18,697.5102040816327,42,7,17,32.64155957852609,0.6440972222222221,41.73934108527133,1033.0426356589162,24.596253229974195,0
2482,4,0,0,49,0.0,0.0,1.0,49,1250,800,450,0.64,17,8,9,352.2712884330201,0.8591624149659864,0.2387224845852418,0.2179665818911451,133397.13588613982,-401.60381362295857,132995.53207251686,2474,19,698.5102040816327,42,7,17,32.64155957852609,0.6440972222222221,41.73934108527133,1033.0426356589162,24.596253229974195,0
2483,4,0,0,49,0.0,0.0,1.0,49,1650,1000,650,0.6060606060606061,23,10,13,349.6018628377819,0.8586663832199547,0.2377011257903665,0.21754222499467019,133606.80474175367,-458.0990560423767,133148.7056857113,2475,20,699.5102040816327,39,10,19,32.50052476910159,0.6509081196581196,41.53645833333334,1033.8541666666683,26.50908119658124,0
2484,4,0,0,49,0.0,0.0,1.0,49,1200,800,400,0.6666666666666666,16,8,8,347.99588739188744,0.8566468253968255,0.2421709890480066,0.21729460993095914,133734.8851956509,-492.16199021744393,133242.72320543343,2476,21,700.5102040816327,40,9,13,32.41386650946487,0.6505208333333332,41.41260162601627,1034.3495934959362,25.858739837398407,0
2485,4,1,1,49,0.02,0.02,0.98,50,900,700,200,0.7777777777777778,11,7,4,343.70661100142644,0.8588945578231292,0.2419241088539672,0.21607965014523403,133985.28045477442,-789.6746661627665,133195.60578861166,2477,0,687.48,41,9,14,32.27449853072697,0.6514227642276422,41.17063492063492,1035.3174603174598,25.25164537359658,0
2486,4,0,0,49,0.0,0.0,1.0,49,1700,1200,500,0.7058823529411765,22,12,10,344.0769035546517,0.8548398526077098,0.2441567183465121,0.2162314260648515,133971.5026294701,-580.700042137594,133390.80258733252,2478,23,702.5102040816327,40,9,15,32.27868034422958,0.6528645833333333,41.183943089430905,1035.264227642278,25.88160569105695,0
2487,4,0,0,49,0.0,0.0,1.0,49,2000,1500,500,0.75,25,15,10,344.9694236766534,0.8539186507936508,0.2473337980657515,0.21694743755665108,133997.80636525888,-554.9707928481603,133442.83557241072,2479,24,703.5102040816327,40,9,15,32.22929753958907,0.653125,41.15853658536586,1035.3658536585374,25.884146341463435,0
2488,4,0,0,49,0.0,0.0,1.0,49,1600,1100,500,0.6875,21,11,10,342.8832234832421,0.8533163265306123,0.2409585818241502,0.21677193620211752,134190.77932098764,-597.6466049382723,133593.13271604938,2480,25,704.5102040816327,41,8,16,32.09059428060769,0.6534552845528455,40.97222222222222,1036.111111111111,25.2710027100271,0
2489,4,0,0,49,0.0,0.0,1.0,49,1050,800,250,0.7619047619047619,13,8,5,342.5662033181676,0.853670634920635,0.24322186039151927,0.21702784269647665,134267.88199365398,-600.8722875724318,133667.00970608156,2481,26,705.5102040816327,41,8,17,32.02185236591046,0.6542174796747966,40.89781746031746,1036.4087301587306,25.278261711188552,0
2490,4,0,0,49,0.0,0.0,1.0,49,1500,1100,400,0.7333333333333333,19,11,8,341.99251209001767,0.8533163265306123,0.24631592516420864,0.21696901996530638,134319.29607780612,-612.7613024376428,133706.5347753685,2482,27,706.5102040816327,41,8,17,31.985417264810025,0.6547256097560975,40.848214285714285,1036.607142857143,25.283101045296167,0
2491,4,0,1,48,0.0,0.02040816326530612,0.9795918367346939,49,1250,1000,250,0.8,15,10,5,342.36634279443876,0.8520053854875284,0.2482365183708608,0.21781834334937727,134422.15377180965,-595.6757645187699,133826.4780072909,2483,28,707.5102040816327,41,8,18,31.87312653464715,0.6557418699186992,40.74900793650794,1037.0039682539684,25.292779713511425,0
2492,4,0,0,48,0.0,0.0,1.0,48,1250,1000,250,0.8,15,10,5,348.316934136123,0.8521535165484634,0.2532575757575757,0.22113681419942216,134345.00681059473,-241.07182224740768,134103.93498834732,2484,29,721.875,41,7,18,31.795853269537474,0.6549796747967479,40.8234126984127,1036.70634920635,25.285520712350003,0
2493,4,0,0,48,0.0,0.0,1.0,48,950,700,250,0.7368421052631579,12,7,5,348.17090158179576,0.8514516843971631,0.25436760437597683,0.22119964087728547,134370.72000385798,-243.20505401235312,134127.51494984562,2485,30,722.875,41,7,18,31.773972985041308,0.6552337398373984,40.79861111111111,1036.805555555555,25.28794037940378,0
2494,4,0,0,48,0.0,0.0,1.0,48,1400,900,500,0.6428571428571429,19,9,10,348.2731462682081,0.8508421985815603,0.2520050769326607,0.2215944834341477,134425.14440989122,-236.66640376178995,134188.47800612942,2486,31,723.875,42,6,18,31.717007724412877,0.654265873015873,40.74612403100775,1037.015503875969,24.690845330380213,0
2495,4,0,0,48,0.0,0.0,1.0,48,950,400,550,0.42105263157894735,15,4,11,354.82790918556884,0.8513223995271867,0.2587684475994765,0.22638781857811122,134525.64918724858,-53.30903341143602,134472.34015383714,2487,32,724.875,42,6,18,31.446735475434323,0.6552579365079365,40.64922480620156,1037.4031007751955,24.700073827980844,0
2496,4,0,1,47,0.0,0.020833333333333332,0.9791666666666666,48,1350,700,650,0.5185185185185185,20,7,13,354.53567089135265,0.850177304964539,0.2544333539136998,0.2275678764677785,134744.8281923443,-45.62099807765759,134699.20719426667,2488,33,725.875,38,10,18,31.235636619331835,0.6639254385964912,40.438034188034194,1038.247863247864,27.32231219073326,0
2497,4,0,0,47,0.0,0.0,1.0,47,1350,900,450,0.6666666666666666,18,9,9,354.409676012273,0.8466312056737588,0.23981581585086698,0.22818350133717347,134855.77493790642,158.83830082548982,135014.61323873192,2489,34,708.2127659574468,38,9,14,31.128282932181307,0.6650219298245613,40.331196581196586,1038.6752136752143,27.333558254610903,0
2498,4,0,0,47,0.0,0.0,1.0,47,1350,1100,250,0.8148148148148148,16,11,5,354.84467442421396,0.8464770274437249,0.24166952900490868,0.22875668636281118,134902.247450087,173.86881510418374,135076.11626519117,2490,35,709.2127659574468,39,8,14,31.07066161970654,0.6637286324786323,40.28645833333334,1038.854166666668,26.637286324786363,0
2499,4,0,0,47,0.0,0.0,1.0,47,1600,1000,600,0.625,22,10,12,358.28398053356017,0.8438174529756398,0.24347478914710585,0.23261178228549434,135157.72688214696,284.969677440689,135442.69655958764,2491,36,710.2127659574468,40,7,14,30.726723351576762,0.6645833333333333,40.04065040650407,1039.8373983739846,25.995934959349615,0
2500,4,0,0,47,0.0,0.0,1.0,47,1400,1100,300,0.7857142857142857,17,11,6,357.07000644561583,0.8432392846130126,0.24907380072266427,0.23216356073471617,135210.56931224803,255.92777116795926,135466.49708341598,2492,37,711.2127659574468,40,7,15,30.70565435476516,0.6651041666666667,39.989837398373986,1040.0406504065043,26.001016260162608,0
2501,4,0,1,46,0.0,0.02127659574468085,0.9787234042553191,47,1100,700,400,0.6363636363636364,15,7,8,356.1457611314746,0.8427767499229109,0.2512617129364032,0.2319025452253037,135263.42207019628,234.6988812875909,135498.12095148387,2493,38,712.2127659574468,40,7,15,30.67706298033086,0.665625,39.9390243902439,1040.2439024390242,26.006097560975604,0
2502,4,0,0,46,0.0,0.0,1.0,46,1450,1300,150,0.896551724137931,16,13,3,356.9371529106208,0.8407004830917875,0.24642516682554816,0.2331426359920556,135375.45371157725,464.10580435878524,135839.55951593604,2494,39,723.9565217391304,41,5,16,30.544963457260895,0.6651422764227642,39.83134920634921,1040.6746031746034,25.382307394502522,0
2503,4,0,0,46,0.0,0.0,1.0,46,1200,900,300,0.75,15,9,6,354.73345709922967,0.8395933977455717,0.24437566808362576,0.23237034324589978,135478.7149234693,411.7665816326464,135890.48150510192,2495,40,724.9565217391304,41,5,16,30.499571183533448,0.666158536585366,39.732142857142854,1041.0714285714278,25.39198606271775,0
2504,4,0,1,45,0.0,0.021739130434782608,0.9782608695652174,46,800,600,200,0.75,10,6,4,357.58904088898,0.8392713365539453,0.25057164634146334,0.23457841082317069,135530.36029226493,492.83430964977396,136023.1946019147,2496,41,725.9565217391304,41,5,16,30.37387258638211,0.6666666666666667,39.68253968253968,1041.2698412698403,25.396825396825374,0
2505,4,0,0,45,0.0,0.0,1.0,45,750,500,250,0.6666666666666666,10,5,5,356.80453552484954,0.8376262626262627,0.2528769345287698,0.23491785120368808,135660.80864800353,680.9570989130702,136341.7657469166,2497,42,738.0444444444445,39,6,16,30.264577708895786,0.6712072649572649,39.55729166666667,1041.770833333334,26.712072649572665,0
2506,4,0,0,45,0.0,0.0,1.0,45,1500,1300,200,0.8666666666666667,17,13,4,357.64687858659005,0.8369107744107744,0.24417367947926505,0.23686890428791635,135871.97110061784,718.8372703086593,136590.8083709265,2498,43,739.0444444444445,40,5,12,30.032776099034972,0.6716145833333333,39.35467479674796,1042.581300813007,26.064532520325173,0
2507,4,0,1,44,0.0,0.022222222222222223,0.9777777777777777,45,850,300,550,0.35294117647058826,14,3,11,357.8502551368273,0.8355639730639731,0.23758268645728453,0.2377098490918613,135977.94514054133,731.9484723048398,136709.89361284618,2499,44,740.0444444444445,40,5,12,29.922212478482564,0.6726562500000001,39.2530487804878,1042.9878048780486,26.074695121951216,0
2508,4,0,0,44,0.0,0.0,1.0,44,1000,800,200,0.8,12,8,4,363.0178344516345,0.83586592670895,0.2319852540587659,0.241016880539109,135959.39670138893,1071.137152777783,137030.53385416672,2500,45,710.4090909090909,39,5,13,29.80589958716207,0.6741452991452992,39.270833333333336,1042.916666666667,26.741452991453,0
2509,4,0,1,43,0.0,0.022727272727272728,0.9772727272727273,44,1100,700,400,0.6363636363636364,15,7,8,360.0373587563413,0.8351612050739958,0.23083067092651777,0.2397695601930529,136068.05555555562,997.9166666666761,137065.9722222223,2501,46,711.4090909090909,39,5,14,29.775692225772104,0.6752136752136751,39.16666666666667,1043.333333333334,26.752136752136767,0
2510,4,1,0,44,0.022727272727272728,0.0,1.0,44,750,500,250,0.6666666666666666,10,5,5,360.70493863410934,0.8333553558844257,0.2390444750779941,0.24169159791900516,136285.50347222242,1031.7708333333524,137317.27430555577,2502,0,709.8181818181819,39,5,16,29.54243149773875,0.6773504273504274,38.95833333333334,1044.1666666666683,26.773504273504315,0
2511,4,0,0,44,0.0,0.0,1.0,44,1350,900,450,0.6666666666666666,18,9,9,361.25359102932936,0.8318357998590558,0.2299399922044254,0.2429921035837119,136421.49658203125,1056.5511067708335,137478.0476888021,2503,1,710.8181818181819,39,5,16,29.39319722803869,0.6786858974358975,38.828125,1044.6875,26.786858974358974,0
2512,4,0,0,44,0.0,0.0,1.0,44,1150,900,250,0.782608695652174,14,9,5,361.25359102932936,0.8312411909795631,0.2299399922044254,0.2429921035837119,136421.49658203125,1056.5511067708335,137478.0476888021,2504,2,711.8181818181819,39,5,16,29.39319722803869,0.6786858974358975,38.828125,1044.6875,26.786858974358974,0
2513,4,0,0,44,0.0,0.0,1.0,44,1000,700,300,0.7,13,7,6,363.3238008927383,0.8310209654686399,0.23326098186530797,0.24476165525554464,136475.91281467024,1116.9894748263987,137592.90228949665,2505,3,712.8181818181819,39,5,16,29.285153524075362,0.6792200854700854,38.77604166666667,1044.8958333333342,26.792200854700877,0
2514,4,0,0,44,0.0,0.0,1.0,44,900,400,500,0.4444444444444444,14,4,10,365.4113784708626,0.8295894996476392,0.23534075053907566,0.2467387464048883,136557.55750868068,1179.9370659722322,137737.4945746529,2506,4,713.8181818181819,39,5,17,29.149641219852494,0.6800213675213675,38.69791666666667,1045.2083333333344,26.8002136752137,0
2515,4,0,0,44,0.0,0.0,1.0,44,1400,1000,400,0.7142857142857143,18,10,8,367.75931873306627,0.8287085976039464,0.24161368617435564,0.24909366001636435,136666.455078125,1252.0724826388894,137918.52756076388,2507,5,714.8181818181819,39,5,17,28.980291558743442,0.6810897435897436,38.59375,1045.625,26.810897435897434,0
2516,4,0,0,44,0.0,0.0,1.0,44,1150,700,450,0.6086956521739131,16,7,9,368.9266945356972,0.8278937632135307,0.24538259203842605,0.25047628036839964,136749.59031865568,1290.1365684633715,138039.72688711906,2508,6,715.8181818181819,37,7,17,28.867347206206105,0.6855292792792793,38.51425438596491,1045.94298245614,28.26872925557135,0
2517,4,0,0,44,0.0,0.0,1.0,44,700,500,200,0.7142857142857143,9,5,4,372.8784949861085,0.8261760042283298,0.24475042470038888,0.25375949280048354,136832.67729792162,1404.3925551537673,138237.06985307537,2509,7,716.8181818181819,38,6,17,28.681626331733554,0.684484649122807,38.434829059829056,1046.2606837606832,27.53317588843903,0
2518,4,0,0,44,0.0,0.0,1.0,44,1250,1000,250,0.8,15,10,5,369.72053492721534,0.8256694855532065,0.23986599354096305,0.2522132562776461,136916.52512966597,1324.1701822631107,138240.69531192907,2510,8,717.8181818181819,38,6,17,28.68113685858173,0.6853070175438598,38.354700854700845,1046.5811965811952,27.54161043634724,0
2519,4,0,0,44,0.0,0.0,1.0,44,900,500,400,0.5555555555555556,13,5,8,367.75861829612677,0.8248986962649754,0.24149727708764335,0.2514770900686491,137000.3986435275,1276.6154622324307,138277.01410575994,2511,9,718.8181818181819,38,6,15,28.649394496037015,0.6861293859649124,38.27457264957264,1046.901709401708,27.550044984255475,0
2520,4,0,0,44,0.0,0.0,1.0,44,750,500,250,0.6666666666666666,10,5,5,368.5736197398144,0.8242159971811135,0.24385097660959754,0.25264046298529047,137084.29783950586,1305.1311728394758,138389.42901234532,2512,10,719.8181818181819,38,6,15,28.544982316534032,0.6869517543859651,38.19444444444443,1047.22222222222,27.55847953216368,0
2521,4,0,0,44,0.0,0.0,1.0,44,1200,700,500,0.5833333333333334,17,7,10,367.5385696877993,0.8234011627906977,0.2492768805740455,0.252740758370165,137196.20338410372,1284.9792716779552,138481.18265578168,2513,11,720.8181818181819,38,6,15,28.46131620096538,0.6880482456140353,38.08760683760682,1047.6495726495702,27.569725596041323,0
2522,4,0,0,44,0.0,0.0,1.0,44,1000,700,300,0.7,13,7,6,370.3211904389563,0.8213750880902044,0.25180669310306514,0.2558867268019039,137364.1473080574,1373.7709109503808,138737.91821900778,2514,12,721.8181818181819,38,6,15,28.222244870226934,0.6896929824561404,37.92735042735042,1048.290598290597,27.586594691857815,0
2523,4,0,1,43,0.0,0.022727272727272728,0.9772727272727273,44,1200,1000,200,0.8333333333333334,14,10,4,331.44241202205797,0.8207364341085271,0.20741582578013418,0.21620345952329675,135327.8079685331,196.61966268536347,135524.42763121848,2515,13,722.8181818181819,38,6,17,31.255561830441184,0.6696820175438596,39.87713675213675,1040.4914529914527,27.38135402609086,6
2524,4,0,0,43,0.0,0.0,1.0,43,1250,800,450,0.64,17,8,9,333.64722325036354,0.8173680324843116,0.21247123352131125,0.21759302415276296,135319.76335266628,429.81265870268976,135749.57601136898,2516,61,740.3255813953489,37,6,17,31.20619928338075,0.6714527027027026,39.88486842105264,1040.4605263157903,28.12055476529163,0
2525,4,0,1,42,0.0,0.023255813953488372,0.9767441860465116,43,950,600,350,0.631578947368421,13,6,7,334.5687871828189,0.816952750092285,0.2109291545389509,0.2187139757533966,135405.341066482,460.4801477377695,135865.8212142198,2517,62,741.3255813953489,37,6,18,31.09723978086809,0.6722972972972973,39.80263157894737,1040.7894736842109,28.129445234708403,0
2526,4,0,0,42,0.0,0.0,1.0,42,1000,700,300,0.7,13,7,6,339.52008465441537,0.817194154084398,0.20970517616265294,0.2219126324169809,135399.17239875026,794.1476949923062,136193.32009374257,2518,63,730.6666666666666,36,6,19,30.974536536103308,0.6741898148148149,39.808558558558566,1040.765765765767,28.910160160160192,0
2527,4,0,0,42,0.0,0.0,1.0,42,1300,1100,200,0.8461538461538461,15,11,4,335.9718289412242,0.8175329074719319,0.20728291316526626,0.22067240582730427,135575.03449395354,709.8784595406387,136284.91295349417,2519,64,731.6666666666666,36,6,20,30.89226499423298,0.6759259259259258,39.63963963963965,1041.4414414414425,28.928928928928958,0
2528,4,0,0,42,0.0,0.0,1.0,42,1150,800,350,0.6956521739130435,15,8,7,336.58912513442283,0.8151374370886566,0.20695812364280064,0.22216802881554568,135751.01072356149,738.4627871114496,136489.47351067292,2520,65,732.6666666666666,36,6,20,30.701588502269296,0.677662037037037,39.47072072072073,1042.117117117118,28.94769769769772,0
2529,4,0,0,42,0.0,0.0,1.0,42,1150,600,550,0.5217391304347826,17,6,11,337.25661058705685,0.8133710801393729,0.21536083375772241,0.22315828764863369,135839.04163876714,762.5229536969399,136601.56459246407,2521,66,733.6666666666666,36,6,20,30.596890641316477,0.6785300925925927,39.38626126126126,1042.454954954955,28.95708208208208,0
2530,4,0,0,42,0.0,0.0,1.0,42,1200,800,400,0.6666666666666666,16,8,8,337.44383659029324,0.8126693766937669,0.2149337324302225,0.22365014194627936,135897.74476757154,771.571275667548,136669.3160432391,2522,67,734.6666666666666,36,6,17,30.533804946538503,0.6791087962962964,39.32995495495495,1042.6801801801794,28.963338338338318,0
2531,4,0,1,41,0.0,0.023809523809523808,0.9761904761904762,42,1050,700,350,0.6666666666666666,14,7,7,336.5661546212374,0.8118466898954704,0.21690836161678528,0.22325233465563443,135927.101087574,749.6923443713979,136676.7934319454,2523,68,735.6666666666666,36,6,17,30.52758279337654,0.6793981481481481,39.3018018018018,1042.7927927927924,28.966466466466457,0
2532,4,0,0,41,0.0,0.0,1.0,41,800,500,300,0.625,11,5,6,331.4587995403703,0.811839430894309,0.18550878075248423,0.21196341691634385,134609.20538359313,723.4811247057922,135332.6865082989,2524,69,743.9756097560976,36,5,19,31.969614758545852,0.6663773148148149,40.568693693693696,1037.7252252252258,28.825700700700718,3
2533,4,0,0,41,0.0,0.0,1.0,41,1100,800,300,0.7272727272727273,14,8,6,333.9536771878269,0.8103658536585366,0.18587276012688547,0.21424627348605282,134726.0916955808,798.4547469767201,135524.54644255753,2525,70,744.9756097560976,36,5,19,31.788516469609874,0.6675347222222221,40.45608108108109,1038.1756756756765,28.838213213213237,0
2534,4,0,1,40,0.0,0.024390243902439025,0.975609756097561,41,1150,1000,150,0.8695652173913043,13,10,3,335.0136460629418,0.8105691056910569,0.1913244460428989,0.21561973884427862,134843.02873397054,834.8509404675035,135677.87967443804,2526,71,745.9756097560976,36,5,16,31.644620333224903,0.6686921296296295,40.34346846846847,1038.6261261261268,28.850725725725745,0
2535,4,0,1,39,0.0,0.025,0.975,40,600,300,300,0.5,9,3,6,337.41973105367896,0.8072115384615385,0.18240921409214095,0.21751900901259194,134901.51627556622,1103.6866680870191,136005.20294365325,2527,72,738.675,36,4,16,31.52393857271906,0.6692708333333333,40.28716216216217,1038.8513513513524,28.85698198198201,0
2536,4,0,0,39,0.0,0.0,1.0,39,1250,900,350,0.72,16,9,7,344.0109697195901,0.8039248762932973,0.18866856981199986,0.22127673342608475,134821.09917534728,1475.987413194449,136297.08658854172,2528,73,756.3076923076923,35,4,16,31.432840187228354,0.6705357142857142,40.364583333333336,1038.541666666667,29.672619047619055,0
2537,4,0,0,39,0.0,0.0,1.0,39,1000,800,200,0.8,12,8,4,343.00396479677016,0.8023504273504274,0.19465726282676554,0.22147638790621416,134960.01649876242,1458.3641496226141,136418.38064838503,2529,74,757.3076923076923,36,3,17,31.320671218525348,0.669849537037037,40.230855855855864,1039.0765765765777,28.86323823823827,0
2538,4,0,0,39,0.0,0.0,1.0,39,850,500,350,0.5882352941176471,12,5,7,341.3220630820709,0.8023504273504274,0.17986863464114,0.21722424871615725,134433.97102761563,1377.0560678922357,135811.02709550786,2530,75,758.3076923076923,36,3,19,31.888415318348006,0.6646412037037036,40.73761261261262,1037.0495495495509,28.80693193193197,1
2539,4,1,0,40,0.025,0.0,1.0,40,1400,1000,400,0.7142857142857143,18,10,8,333.4270495621607,0.809241452991453,0.176274403470716,0.21408059867431256,134755.32119957826,986.2645584774338,135741.5857580557,2531,0,740.325,36,4,20,31.77309291395517,0.667824074074074,40.427927927927946,1038.2882882882907,28.84134134134141,0
2540,4,0,1,39,0.0,0.025,0.975,40,1250,1000,250,0.8,15,10,5,333.5588898436409,0.8090544871794871,0.17950406504065053,0.2150301019432278,134901.5162755662,999.5200014203516,135901.03627698653,2532,1,741.325,36,4,14,31.624209575429084,0.6692708333333333,40.28716216216217,1038.8513513513522,28.856981981982003,0
2541,4,0,0,39,0.0,0.0,1.0,39,850,400,450,0.47058823529411764,13,4,9,341.7817632186965,0.8020692757534863,0.18313875412159364,0.22002507482959704,134851.15124528468,1417.9328489369082,136269.0840942216,2533,78,761.3076923076923,35,4,15,31.460794146051548,0.6708333333333333,40.33564814814815,1038.6574074074078,29.675925925925938,0
2542,4,0,0,39,0.0,0.0,1.0,39,800,500,300,0.625,11,5,6,343.40764323029714,0.8017881241565452,0.1821863851495127,0.22162260339887696,134941.32754897553,1467.976653592255,136409.3042025678,2534,79,762.3076923076923,35,4,15,31.328789313430605,0.6717261904761904,40.248842592592595,1039.00462962963,29.68584656084657,0
2543,4,0,0,39,0.0,0.0,1.0,39,650,500,150,0.7692307692307693,8,5,3,343.3947917835439,0.8013382816014395,0.18570751295188814,0.22179844896637815,134971.39301483196,1469.694680212614,136441.08769504458,2535,80,763.3076923076923,35,4,16,31.299194326873092,0.6720238095238095,40.219907407407405,1039.1203703703702,29.689153439153433,0
2544,4,0,0,39,0.0,0.0,1.0,39,1200,600,600,0.5,18,6,12,343.3727589567774,0.8007197480881691,0.186554953010015,0.2219686107035928,135001.46182966817,1471.1648823302455,136472.62671199843,2536,81,764.3076923076923,35,4,17,31.269837955228873,0.6723214285714285,40.19097222222222,1039.2361111111109,29.69246031746031,0
2545,4,0,2,37,0.0,0.05128205128205128,0.9487179487179487,39,750,400,350,0.5333333333333333,11,4,7,344.8580527789047,0.7995389113810166,0.18519089460973248,0.22348593290477053,135091.6883680554,1517.4913194444248,136609.17968749983,2537,82,765.3076923076923,35,4,18,31.141449565798258,0.6732142857142858,40.10416666666666,1039.583333333332,29.70238095238091,0
2546,4,1,1,37,0.02631578947368421,0.02631578947368421,0.9736842105263158,38,450,200,250,0.4444444444444444,7,2,5,345.75504008367676,0.8030464675201517,0.16633089901787979,0.22500366004576397,135242.13291162965,1752.1298171724823,136994.26272880213,2538,0,727.9473684210526,35,3,19,30.968459070509258,0.674702380952381,39.95949074074073,1040.162037037036,29.718915343915317,0
2547,4,0,0,37,0.0,0.0,1.0,37,1000,800,200,0.8,12,8,4,355.3197793552772,0.7976726726726726,0.17628232905374475,0.23016708555862597,135076.2188208616,2199.050453514729,137275.26927437633,2539,84,748.6216216216217,34,3,19,30.884963353183696,0.6752450980392157,40.11904761904761,1039.5238095238087,30.574229691876727,0
2548,4,0,0,37,0.0,0.0,1.0,37,750,400,350,0.5333333333333333,11,4,7,358.49324184999756,0.7982357357357357,0.16031883247311285,0.2366946062649363,135761.36582083817,2335.0543894028215,138096.420210241,2540,85,749.6216216216217,33,4,24,30.120629507682658,0.6843434343434343,39.46078431372549,1042.1568627450981,31.580510992275702,2
2549,4,0,0,37,0.0,0.0,1.0,37,950,800,150,0.8421052631578947,11,8,3,359.6001085581061,0.7973598598598598,0.16253074141623425,0.23785058502295875,135825.23098087273,2368.5535611303335,138193.78454200306,2541,86,750.6216216216217,33,4,24,30.028313347441035,0.6849747474747475,39.39950980392157,1042.4019607843136,31.58793820558526,0
2550,4,0,0,37,0.0,0.0,1.0,37,950,500,450,0.5263157894736842,14,5,9,359.0702210303907,0.7956081081081081,0.16279749425024503,0.2379259688883616,135889.11115916952,2358.7466359092623,138247.85779507877,2542,87,751.6216216216217,33,4,18,29.97864754740637,0.6856060606060606,39.338235294117645,1042.647058823529,31.59536541889482,0
2551,4,0,0,37,0.0,0.0,1.0,37,500,400,100,0.8,6,4,2,357.86784832245917,0.7944194194194194,0.16064437911259044,0.23770130547028542,135974.91673752834,2332.2101757369596,138307.1269132653,2543,88,752.6216216216217,34,3,18,29.924761252520653,0.6841299019607843,39.25595238095238,1042.9761904761906,30.67577030812325,0
2552,4,0,0,37,0.0,0.0,1.0,37,550,300,250,0.5454545454545454,8,3,5,357.86784832245917,0.7944194194194194,0.16064437911259044,0.23770130547028542,135974.91673752834,2332.2101757369596,138307.1269132653,2544,89,753.6216216216217,34,3,18,29.924761252520653,0.6841299019607843,39.25595238095238,1042.9761904761906,30.67577030812325,0
2553,4,0,0,37,0.0,0.0,1.0,37,1050,900,150,0.8571428571428571,12,9,3,358.25107942308296,0.7936686686686687,0.16682497193679313,0.2385799741689892,136068.0555555555,2349.3055555555516,138417.36111111107,2545,90,754.6216216216217,34,3,18,29.822284345047922,0.6850490196078431,39.166666666666664,1043.333333333333,30.686274509803912,0
2554,4,0,0,37,0.0,0.0,1.0,37,850,700,150,0.8235294117647058,10,7,3,357.39660352629727,0.7929179179179179,0.159288652101794,0.23842759714699552,136130.1658163265,2330.491780045346,138460.65759637186,2546,91,755.6216216216217,34,3,18,29.78292075442999,0.6856617647058824,39.107142857142854,1043.5714285714282,30.69327731092436,0
2555,4,0,0,37,0.0,0.0,1.0,37,950,700,250,0.7368421052631579,12,7,5,358.76270964689536,0.7919169169169169,0.16543380760208182,0.2402671420730989,136267.37618152003,2377.5306230709853,138644.906804591,2547,92,756.6216216216217,35,2,19,29.61111572996343,0.6848214285714286,38.97569444444444,1044.097222222222,29.8313492063492,0
2556,4,0,0,37,0.0,0.0,1.0,37,900,500,400,0.5555555555555556,13,5,8,359.27078521496935,0.7919169169169169,0.167636445309576,0.24143103771892013,136388.2475592635,2400.062558942042,138788.31011820553,2548,93,757.6216216216217,35,2,20,29.477954755309327,0.6860119047619048,38.8599537037037,1044.5601851851848,29.844576719576708,0
2557,4,0,0,37,0.0,0.0,1.0,37,800,600,200,0.75,10,6,4,358.3566349804031,0.7912912912912913,0.16421007248524733,0.2412293321378146,136448.70334201367,2379.4596354166415,138828.1629774303,2549,94,758.6216216216217,35,2,20,29.441882685277506,0.686607142857143,38.80208333333332,1044.791666666665,29.851190476190425,0
2558,4,0,0,37,0.0,0.0,1.0,37,750,300,450,0.4,12,3,9,357.18684712009116,0.7901026026026026,0.16383788571565394,0.24147541940034903,136599.9014060356,2358.3376200274297,138958.23902606303,2550,95,759.6216216216217,35,2,20,29.322593740773545,0.6880952380952381,38.657407407407405,1045.37037037037,29.867724867724856,0
2559,4,0,0,37,0.0,0.0,1.0,37,600,400,200,0.6666666666666666,8,4,4,357.18684712009116,0.7901026026026026,0.16383788571565394,0.24147541940034903,136599.9014060356,2358.3376200274297,138958.23902606303,2551,96,760.6216216216217,35,2,20,29.322593740773545,0.6880952380952381,38.657407407407405,1045.37037037037,29.867724867724856,0
2560,4,0,0,37,0.0,0.0,1.0,37,550,300,250,0.5454545454545454,8,3,5,361.3307285294322,0.7882257257257257,0.1621501966825709,0.2449079619102341,136690.660432206,2478.107183427647,139168.76761563364,2552,97,761.6216216216217,35,2,20,29.124354362663716,0.6889880952380952,38.570601851851855,1045.717592592593,29.877645502645517,0
2561,4,0,0,37,0.0,0.0,1.0,37,1250,900,350,0.72,16,9,7,359.85038083462706,0.7867867867867868,0.1603601553538978,0.2449825714295535,136845.452451814,2448.7809850341814,139294.23343684818,2553,98,762.6216216216217,34,3,21,29.0097470322752,0.6927083333333334,38.422619047619044,1046.3095238095232,30.773809523809504,0
2562,4,0,0,37,0.0,0.0,1.0,37,1200,1000,200,0.8333333333333334,14,10,4,358.95957474933584,0.7850975975975976,0.15282024491802781,0.2456847828731836,137032.35721371887,2437.8153344671236,139470.172548186,2554,99,763.6216216216217,34,3,19,28.84806708357021,0.694546568627451,38.24404761904762,1047.0238095238099,30.79481792717088,0
2563,4,0,0,37,0.0,0.0,1.0,37,850,600,250,0.7058823529411765,11,6,5,358.072865865018,0.7847847847847848,0.15690298163587557,0.2457351851700802,137125.85742630385,2420.2097505668944,139546.06717687074,2555,100,764.6216216216217,34,3,20,28.778794422974915,0.6954656862745098,38.154761904761905,1047.3809523809523,30.80532212885154,0
2564,4,0,0,37,0.0,0.0,1.0,37,1000,800,200,0.8,12,8,4,354.256905013105,0.7835335335335335,0.15410410979096345,0.2437697436294243,137219.389526644,2322.183248299318,139541.5727749433,2556,101,765.6216216216217,34,3,20,28.78626481839185,0.6963848039215685,38.06547619047619,1047.7380952380954,30.815826330532218,0
2565,4,0,0,37,0.0,0.0,1.0,37,1300,1100,200,0.8461538461538461,15,11,4,353.5455607351968,0.78246996996997,0.15228856686614844,0.24381988213687777,137296.4908720207,2308.112970464671,139604.60384248535,2557,102,766.6216216216217,35,2,20,28.72871801951039,0.6949404761904763,37.991898148148145,1048.032407407407,29.943783068783056,0
2566,4,0,0,37,0.0,0.0,1.0,37,650,300,350,0.46153846153846156,10,3,7,355.3546679319261,0.7823448448448448,0.15552478273326376,0.245281392743256,137326.8175582989,2359.9451303154838,139686.7626886144,2558,103,767.6216216216217,35,2,20,28.65135453474676,0.6952380952380952,37.962962962962955,1048.148148148147,29.94708994708991,0
2567,4,0,0,37,0.0,0.0,1.0,37,950,800,150,0.8421052631578947,11,8,3,353.7744450678356,0.7814064064064064,0.15384431788008346,0.2448313749327364,137417.81771101235,2322.9824406292664,139740.80015164163,2559,104,768.6216216216217,35,2,20,28.602885712183085,0.6961309523809525,37.8761574074074,1048.495370370369,29.957010582010543,0
2568,4,0,0,37,0.0,0.0,1.0,37,850,400,450,0.47058823529411764,13,4,9,357.9610058291071,0.7792792792792793,0.16420193778684378,0.24859774680683494,137539.19813368047,2446.7339409722167,139985.9320746527,2560,105,769.6216216216217,35,2,20,28.373262164846086,0.6973214285714286,37.760416666666664,1048.9583333333328,29.97023809523808,0
2569,4,0,0,37,0.0,0.0,1.0,37,1200,1000,200,0.8333333333333334,14,10,4,361.05015748051346,0.7781531531531531,0.16253178291338677,0.25162504057462054,137660.6321400248,2540.478582604591,140201.11072262938,2561,106,770.6216216216217,35,2,20,28.172332818646375,0.6985119047619048,37.644675925925924,1049.4212962962958,29.983465608465597,0
2570,4,0,0,37,0.0,0.0,1.0,37,400,200,200,0.5,6,2,4,360.6477585178096,0.7769644644644644,0.15998068859464842,0.25178710715920044,137721.36923707553,2533.780623070976,140255.1498601465,2562,107,771.6216216216217,35,2,20,28.122932517366838,0.6991071428571429,37.58680555555555,1049.6527777777771,29.990079365079346,0
2571,4,0,0,37,0.0,0.0,1.0,37,1100,800,300,0.7272727272727273,14,8,6,362.04937306742903,0.7753378378378378,0.16319656879750255,0.25390860287953054,137876.84574442508,2583.705394092533,140460.55113851762,2563,108,772.6216216216217,33,4,21,27.932711007390132,0.7051767676767677,37.43872549019607,1050.2450980392146,31.82560903149135,0
2572,4,0,0,37,0.0,0.0,1.0,37,650,500,150,0.7692307692307693,8,5,3,362.19346148427564,0.7742117117117117,0.16122889104690352,0.254485438675673,137941.2065071126,2592.280613225678,140533.48712033828,2564,109,773.6216216216217,33,4,21,27.865433971068605,0.7058080808080809,37.377450980392155,1050.490196078431,31.833036244800937,0
2573,4,0,0,37,0.0,0.0,1.0,37,1200,900,300,0.75,15,9,6,362.2992878203721,0.7732732732732732,0.16504958422383242,0.25503728191887265,138005.5822880622,2599.864835640131,140605.44712370232,2565,110,774.6216216216217,33,4,22,27.79916025192443,0.706439393939394,37.31617647058823,1050.7352941176464,31.840463458110495,0
2574,4,0,0,37,0.0,0.0,1.0,37,1450,1200,250,0.8275862068965517,17,12,5,364.9100234779979,0.7720845845845846,0.17204287523709327,0.257841695337254,138134.37890474807,2681.3238898500454,140815.70279459812,2566,111,775.6216216216217,33,4,20,27.603559493277388,0.7077020202020202,37.19362745098039,1051.2254901960775,31.855317884729622,0
2575,4,0,0,37,0.0,0.0,1.0,37,700,500,200,0.7142857142857143,9,5,4,363.4962757292568,0.7720845845845846,0.16870233095900455,0.2570844640957371,138166.5874453334,2644.6079933198644,140811.19543865326,2567,112,776.6216216216217,33,4,20,27.608962777324482,0.7080176767676768,37.162990196078425,1051.3480392156853,31.859031491384403,0
2576,4,0,0,37,0.0,0.0,1.0,37,550,400,150,0.7272727272727273,7,4,3,360.95619496115364,0.7710835835835835,0.16737795947678236,0.2557692080067433,138231.015790201,2579.068297049226,140810.08408725023,2568,113,777.6216216216217,33,4,20,27.61223924950472,0.7086489898989898,37.10171568627452,1051.5931372549028,31.866458704694026,0
2577,4,0,1,36,0.0,0.02702702702702703,0.972972972972973,37,900,600,300,0.6666666666666666,12,6,6,361.0575290460737,0.769019019019019,0.17012010312904313,0.25669069864683436,138344.2619756235,2590.047477324251,140934.30945294775,2569,114,778.6216216216217,34,3,20,27.49801968994002,0.7074142156862745,36.99404761904761,1052.0238095238087,30.941876750700256,0
2578,4,0,0,36,0.0,0.0,1.0,36,700,500,200,0.7142857142857143,9,5,4,368.4233438533849,0.7671957671957672,0.18216565044597166,0.2615531480805296,138295.45915333045,2990.255100201843,141285.7142535323,2570,115,796.75,33,3,20,27.352397180473016,0.709280303030303,37.04044117647059,1051.8382352941178,31.87388591800357,0
2579,4,0,0,36,0.0,0.0,1.0,36,1000,700,300,0.7,13,7,6,368.8454820472687,0.7670965608465609,0.18241948845397138,0.26210013393160236,138327.68646674365,3004.3084390619115,141331.99490580556,2571,116,797.75,33,3,20,27.309529356943155,0.7095959595959596,37.00980392156863,1051.9607843137262,31.87759952465837,0
2580,4,0,0,36,0.0,0.0,1.0,36,750,400,350,0.5333333333333333,11,4,7,366.7483580041171,0.7668650793650794,0.18069306930693063,0.2608562264677172,138359.91753472234,2948.6545138888996,141308.57204861124,2572,117,798.75,33,3,20,27.332920792079204,0.7099116161616161,36.97916666666667,1052.0833333333342,31.881313131313156,0
2581,4,0,0,36,0.0,0.0,1.0,36,1200,900,300,0.75,15,9,6,357.86609459169,0.7668650793650794,0.17725725135860637,0.23232546385696173,135155.39583633703,2473.5067341887807,137628.90257052582,2573,118,799.75,33,3,16,30.73990866234532,0.6783459595959596,40.04289215686275,1039.8284313725494,31.50995246583483,6
2582,4,0,0,36,0.0,0.0,1.0,36,1000,700,300,0.7,13,7,6,357.7429860394475,0.7669642857142858,0.1822231386565074,0.23265630057599931,135219.11832288065,2474.738231689739,137693.85655457038,2574,119,800.75,33,3,16,30.679642394250035,0.6789772727272727,39.981617647058826,1040.0735294117649,31.51737967914439,0
2583,4,0,0,36,0.0,0.0,1.0,36,800,700,100,0.875,9,7,2,358.86441832015566,0.7659722222222223,0.18251397233020517,0.23379892917266326,135282.8558276865,2509.6406730584404,137792.49650074492,2575,120,801.75,33,3,16,30.587009659559428,0.6796085858585859,39.9203431372549,1040.3186274509806,31.524806892453956,0
2584,4,0,0,36,0.0,0.0,1.0,36,1250,1100,150,0.88,14,11,3,362.315178340267,0.7632275132275133,0.18519826323498645,0.23751772802306384,135506.05536332176,2619.180123029598,138125.23548635136,2576,121,802.75,33,3,17,30.27503138731952,0.6818181818181819,39.705882352941174,1041.176470588235,31.550802139037422,0
2585,4,0,0,36,0.0,0.0,1.0,36,1050,500,550,0.47619047619047616,16,5,11,363.20000000000016,0.7642195767195767,0.18288888888888954,0.23894736842105263,135633.68055555545,2652.4305555555447,138286.11111111098,2577,122,803.75,33,3,17,30.12500000000001,0.6830808080808082,39.58333333333333,1041.6666666666658,31.56565656565654,0
2586,4,0,0,36,0.0,0.0,1.0,36,750,500,250,0.6666666666666666,10,5,5,361.8770619801977,0.7646164021164021,0.1822563358559124,0.2382894580862632,135665.59624002778,2618.8534758265932,138284.44971585437,2578,123,804.75,33,3,17,30.12770556405128,0.6833964646464648,39.55269607843137,1041.7892156862738,31.569370172311327,0
2587,4,0,0,36,0.0,0.0,1.0,36,750,500,250,0.6666666666666666,10,5,5,360.8028485466921,0.7643849206349207,0.18499026487383574,0.23800672003045162,135729.43887266912,2594.313635380624,138323.75250804974,2579,124,805.75,33,3,17,30.092197851738614,0.6840277777777778,39.49142156862745,1042.03431372549,31.576797385620907,0
2588,4,0,0,36,0.0,0.0,1.0,36,550,400,150,0.7272727272727273,7,4,3,359.7720379939627,0.7636243386243386,0.18569039406292487,0.23753892943328078,135761.36582083805,2568.628652441354,138329.9944732794,2580,125,806.75,33,3,17,30.087311853245524,0.6843434343434345,39.46078431372548,1042.1568627450972,31.580510992275673,0
2589,4,1,2,35,0.02702702702702703,0.05405405405405406,0.9459459459459459,37,1250,900,350,0.72,16,9,7,352.49294990290775,0.7702702702702703,0.18118928783922517,0.23536220044164424,136161.22626133767,2199.174461451225,138360.40072278888,2581,0,785.918918918919,34,3,16,29.880042583932163,0.685968137254902,39.07738095238094,1043.6904761904748,30.69677871148455,0
2590,4,0,0,35,0.0,0.0,1.0,35,950,600,350,0.631578947368421,13,6,7,371.2460130986397,0.7609243697478991,0.1902293879528083,0.24604731750951556,135896.8552316089,3090.2331394755524,138987.08837108445,2582,127,823.4857142857143,32,3,16,29.65356825704368,0.6881510416666667,39.330808080808076,1042.6767676767668,32.58364898989896,0
2591,4,0,0,35,0.0,0.0,1.0,35,950,800,150,0.8421052631578947,11,8,3,373.3431009712778,0.7600840336134453,0.1880119638318838,0.24858453209715292,136061.46893493002,3159.5221469747858,139220.9910819048,2583,128,824.4857142857143,32,3,16,29.43518294404775,0.6897786458333335,39.17297979797979,1043.3080808080801,32.603377525252505,0
2592,4,0,0,35,0.0,0.0,1.0,35,1550,1300,250,0.8387096774193549,18,13,5,370.72564727492585,0.7580532212885154,0.18237611445158652,0.247990263080023,136226.1822773185,3100.5079201101776,139326.6901974287,2584,129,825.4857142857143,32,3,17,29.339773826802126,0.69140625,39.01515151515151,1043.9393939393929,32.62310606060603,0
2593,4,0,0,35,0.0,0.0,1.0,35,1100,900,200,0.8181818181818182,13,9,4,371.39479037696003,0.7554621848739496,0.18602000103632332,0.24913270974921603,136325.058109504,3126.083275941217,139451.14138544523,2585,130,826.4857142857143,32,3,17,29.224096239874278,0.6923828125,38.92045454545454,1044.3181818181808,32.63494318181815,0
2594,4,0,0,35,0.0,0.0,1.0,35,700,500,200,0.7142857142857143,9,5,4,372.022125396107,0.7549019607843137,0.1870820668693014,0.2497862841945287,136358.02469135786,3145.6404320987435,139503.6651234566,2586,131,827.4857142857143,32,3,17,29.17497783687943,0.6927083333333334,38.88888888888888,1044.444444444443,32.63888888888884,0
2595,4,0,0,35,0.0,0.0,1.0,35,950,800,150,0.8421052631578947,11,8,3,373.88234687830163,0.7546218487394958,0.19011706205324796,0.25150427138789144,136423.9698117538,3201.302800734608,139625.27261248842,2587,132,828.4857142857143,32,3,17,29.060913705583754,0.693359375,38.82575757575757,1044.6969696969688,32.646780303030276,0
2596,4,0,0,35,0.0,0.0,1.0,35,1100,800,300,0.7272727272727273,14,8,6,373.733542772338,0.7537114845938375,0.18988246258996577,0.2521102309312665,136522.91738406784,3204.638716712571,139727.5561007804,2588,133,829.4857142857143,32,3,17,28.96656397245379,0.6943359375,38.7310606060606,1045.0757575757568,32.6586174242424,0
2597,4,0,0,35,0.0,0.0,1.0,35,450,100,350,0.2222222222222222,8,1,7,376.1520267066515,0.7542717086834734,0.1922760006699047,0.25424538730647667,136592.78432574,3275.930531526321,139868.71485726634,2589,134,830.4857142857143,33,2,17,28.83401719421649,0.6925505050505052,38.6642156862745,1045.3431372549012,31.677064765300035,0
2598,4,0,0,35,0.0,0.0,1.0,35,1450,1100,350,0.7586206896551724,18,11,7,376.6606879255885,0.7528711484593837,0.1828116107000568,0.25551846667384515,136720.92013888885,3299.539239715489,140020.45937860434,2590,135,831.4857142857143,32,3,17,28.693559096945553,0.6962890625,38.541666666666664,1045.833333333333,32.68229166666666,0
2599,4,0,0,35,0.0,0.0,1.0,35,900,400,500,0.4444444444444444,14,4,10,377.0263424057483,0.7518207282913165,0.18470557806707477,0.25624801040456296,136786.95294166406,3314.456911284554,140101.40985294862,2591,136,832.4857142857143,32,3,18,28.618487225910286,0.6969401041666667,38.47853535353535,1046.085858585858,32.69018308080806,0
2600,4,0,0,35,0.0,0.0,1.0,35,800,500,300,0.625,11,5,6,377.194164519933,0.7518207282913165,0.18690389986552214,0.25660351783351104,136819.97532139576,3321.539256198344,140141.5145775941,2592,137,833.4857142857143,32,3,18,28.58134202268888,0.697265625,38.446969696969695,1046.212121212121,32.69412878787878,0
2601,4,0,0,35,0.0,0.0,1.0,35,900,800,100,0.8888888888888888,10,8,2,386.55762161010176,0.7518207282913165,0.18504692387904087,0.24746913159151382,134649.04729109278,3446.6540404040434,138095.70133149682,2593,138,834.4857142857143,32,3,20,30.50030413625304,0.67578125,40.53030303030303,1037.878787878788,32.433712121212125,7
2602,4,0,0,35,0.0,0.0,1.0,35,500,200,300,0.4,8,2,6,385.9220521885269,0.7509103641456583,0.18346998332406916,0.24795491853112847,134780.1244770941,3402.924446485047,138183.04892357913,2594,139,835.4857142857143,32,3,18,30.385659857328157,0.6770833333333334,40.4040404040404,1038.3838383838379,32.449494949494934,0
2603,4,0,0,35,0.0,0.0,1.0,35,900,500,400,0.5555555555555556,13,5,8,385.54436724885227,0.7507703081232493,0.18359904136709382,0.24816024765172615,134845.6869834711,3397.799012855837,138243.48599632693,2595,140,836.4857142857143,32,3,18,30.32989910041333,0.677734375,40.34090909090909,1038.636363636364,32.457386363636374,0
2604,4,0,0,35,0.0,0.0,1.0,35,500,200,300,0.4,8,2,6,385.1268266178614,0.7502100840336134,0.18464476699770804,0.24834040199151758,134911.2654320988,3391.5895061728415,138302.85493827163,2596,141,837.4857142857143,32,3,18,30.27517825311942,0.6783854166666666,40.27777777777778,1038.8888888888891,32.465277777777786,0
2605,4,0,0,35,0.0,0.0,1.0,35,800,700,100,0.875,9,7,2,382.7644026664407,0.7502100840336134,0.18492746786177627,0.24717893147058284,134964.3184862794,3331.9073493368087,138296.2258356162,2597,142,838.4857142857143,33,2,18,30.283519086370255,0.6764520202020201,40.22671568627452,1039.0931372549028,31.487670825906147,0
2606,4,0,0,35,0.0,0.0,1.0,35,1000,600,400,0.6,14,6,8,371.9539415844588,0.7491596638655462,0.15547121434475342,0.2381011285925005,134646.15660142727,3016.433733419835,137662.5903348471,2598,143,839.4857142857143,33,2,20,30.882114181131175,0.6732954545454546,40.533088235294116,1037.8676470588232,31.450534759358277,2
2607,4,0,0,35,0.0,0.0,1.0,35,450,200,250,0.4444444444444444,7,2,5,371.2442971861239,0.7485994397759103,0.15573621184010777,0.2378547047780992,134677.95589436765,2999.684616493667,137677.64051086133,2599,144,840.4857142857143,33,2,20,30.868752459661557,0.673611111111111,40.50245098039216,1037.990196078432,31.454248366013093,0
2608,4,0,0,35,0.0,0.0,1.0,35,800,400,400,0.5,12,4,8,368.7367663202538,0.7458683473389355,0.15790662777562314,0.23686934200390536,134773.37630058156,2939.1797926278427,137712.5560932094,2600,145,841.4857142857143,33,2,21,30.83852138164364,0.6745580808080808,40.41053921568628,1038.3578431372555,31.46538918597744,0
2609,4,0,0,35,0.0,0.0,1.0,35,800,300,500,0.375,13,3,10,367.6218083756159,0.7458683473389355,0.15621429414044763,0.23698327525475996,134900.65607278436,2918.484627306792,137819.14070009114,2601,146,842.4857142857143,33,2,16,30.74041032598011,0.6758207070707072,40.287990196078425,1038.8480392156853,31.480243612596524,0
2610,4,0,0,35,0.0,0.0,1.0,35,1050,700,350,0.6666666666666666,14,7,7,366.3634628366167,0.7450980392156862,0.15697268882786064,0.23658764671680685,134964.3184862793,2889.19901600346,137853.51750228278,2602,147,843.4857142857143,33,2,17,30.709571686912767,0.6764520202020202,40.22671568627451,1039.093137254902,31.487670825906125,0
2611,4,1,0,36,0.027777777777777776,0.0,1.0,36,700,400,300,0.5714285714285714,10,4,6,356.68915407827944,0.7503306878306879,0.14937310851707752,0.23224663400417295,135261.91184807234,2449.2913832199242,137711.20323129225,2603,0,821.0277777777778,34,2,19,30.66443503471427,0.6770833333333335,39.940476190476176,1040.2380952380934,30.59523809523804,0
2612,4,0,0,36,0.0,0.0,1.0,36,700,500,200,0.7142857142857143,9,5,4,356.6416538809965,0.7493055555555556,0.15233282481566235,0.23261552648656017,135323.83786848062,2452.4234693877384,137776.26133786837,2604,1,822.0277777777778,34,2,20,30.6040236460717,0.6776960784313726,39.88095238095237,1040.4761904761895,30.602240896358513,0
2613,4,0,0,36,0.0,0.0,1.0,36,1150,1000,150,0.8695652173913043,13,10,3,356.43366796439807,0.7487103174603175,0.1466847107858087,0.2332826341826866,135447.73242630367,2455.62641723354,137903.35884353722,2605,2,823.0277777777778,34,2,21,30.486142878926508,0.6789215686274511,39.76190476190475,1040.9523809523796,30.6162464985994,0
2614,4,0,1,35,0.0,0.027777777777777776,0.9722222222222222,36,700,600,100,0.8571428571428571,8,6,2,355.22008494981463,0.7496693121693122,0.10368702035368749,0.2319378201731144,135362.54882812512,2416.6992187500155,137779.24804687515,2606,3,824.0277777777778,35,1,19,30.60247747747748,0.6758928571428571,39.84375000000001,1040.625000000001,29.732142857142883,5
2615,4,0,0,35,0.0,0.0,1.0,35,950,800,150,0.8421052631578947,11,8,3,362.41484219951917,0.7451680672268907,0.12700228832951943,0.23638102394207455,135323.83786848083,2808.6734693877675,138132.5113378686,2607,4,844.2571428571429,34,1,19,30.453852021357743,0.6776960784313726,39.88095238095239,1040.4761904761913,30.602240896358566,0
2616,4,0,0,35,0.0,0.0,1.0,35,550,400,150,0.7272727272727273,7,4,3,363.497945902315,0.7442577030812324,0.1257522022651869,0.2372916762608017,135354.80619331065,2840.2388038548715,138195.04499716553,2608,5,845.2571428571429,34,1,19,30.394834687106734,0.6780024509803921,39.851190476190474,1040.595238095238,30.605742296918766,0
2617,4,0,0,35,0.0,0.0,1.0,35,400,0,400,0.0,8,0,8,363.9299513688129,0.7434873949579831,0.12839167238618154,0.23777844804679854,135385.77806122458,2854.1879251700793,138239.96598639467,2609,6,846.2571428571429,34,1,19,30.352751086707848,0.6783088235294117,39.82142857142858,1040.7142857142865,30.609243697479013,0
2618,4,0,0,35,0.0,0.0,1.0,35,850,600,250,0.7058823529411765,11,6,5,365.88206877650623,0.7431372549019607,0.13254058998399265,0.2398804028125431,135509.700963719,2916.1139455782545,138425.81490929725,2610,7,847.2571428571429,34,1,19,30.178557816906775,0.6795343137254901,39.70238095238096,1041.1904761904775,30.623249299719927,0
2619,4,0,0,35,0.0,0.0,1.0,35,900,700,200,0.7777777777777778,11,7,4,366.92180603531466,0.7427170868347338,0.13166888861956116,0.241617862856934,135666.5634405929,2955.9174739302016,138622.4809145231,2611,8,848.2571428571429,32,3,19,29.99535409849311,0.6858723958333333,39.55176767676768,1041.79292929293,32.55602904040406,0
2620,4,0,0,35,0.0,0.0,1.0,35,900,700,200,0.7777777777777778,11,7,4,366.1539827945174,0.7432072829131652,0.12962398725849988,0.24133407875561982,135699.4503111929,2937.378838894007,138636.8291500869,2612,9,849.2571428571429,32,3,19,29.982630473420578,0.6861979166666666,39.52020202020203,1041.919191919193,32.55997474747478,0
2621,4,0,0,35,0.0,0.0,1.0,35,800,700,100,0.875,9,7,2,366.1539827945174,0.7432072829131652,0.12962398725849988,0.24133407875561982,135699.4503111929,2937.378838894007,138636.8291500869,2613,10,850.2571428571429,32,3,19,29.982630473420578,0.6861979166666666,39.52020202020203,1041.919191919193,32.55997474747478,0
2622,4,0,0,35,0.0,0.0,1.0,35,850,600,250,0.7058823529411765,11,6,5,363.6304069796557,0.7427170868347338,0.12713489563501668,0.2401124303368064,135765.23600908084,2873.6736047342247,138638.90961381505,2614,11,851.2571428571429,32,3,19,29.98293756562474,0.6868489583333333,39.45707070707071,1042.1717171717182,32.567866161616195,0
2623,4,0,0,35,0.0,0.0,1.0,35,1050,800,250,0.7619047619047619,13,8,5,363.7679629113468,0.7413165266106442,0.1269433727227114,0.2408686503415391,135863.94444763305,2884.5900609631826,138748.53450859623,2615,12,852.2571428571429,32,3,18,29.88121190101328,0.6878255208333333,39.362373737373744,1042.5505050505062,32.57970328282832,0
2624,4,0,0,35,0.0,0.0,1.0,35,700,500,200,0.7142857142857143,9,5,4,364.34182885915544,0.7410364145658263,0.12765295002854038,0.2416947120118688,135929.77000114793,2904.9801997245286,138834.75020087246,2616,13,853.2571428571429,32,3,18,29.80082334423054,0.6884765625,39.29924242424243,1042.803030303031,32.58759469696972,0
2625,4,0,0,35,0.0,0.0,1.0,35,1000,600,400,0.6,14,6,8,365.6053992107077,0.7413865546218487,0.1308849465712214,0.24320706990973176,136028.5382231406,2946.5536042240715,138975.0918273647,2617,14,854.2571428571429,32,3,19,29.669722827402566,0.689453125,39.20454545454546,1043.181818181819,32.59943181818184,0
2626,4,0,0,35,0.0,0.0,1.0,35,700,400,300,0.5714285714285714,10,4,6,362.95137367795235,0.7419467787114845,0.12498833290121869,0.24211405193287142,136127.34231519754,2881.521177685965,139008.8634928835,2618,15,855.2571428571429,32,3,19,29.640804597701145,0.6904296875,39.10984848484849,1043.560606060607,32.611268939393966,0
2627,4,0,0,35,0.0,0.0,1.0,35,900,500,400,0.5555555555555556,13,5,8,358.92150936714376,0.7394257703081232,0.12349789077642237,0.24049660493958885,136285.50347222228,2783.1597222222276,139068.6631944445,2619,16,856.2571428571429,34,1,19,29.588986432561857,0.6871936274509804,38.958333333333336,1044.166666666667,30.710784313725497,0
2628,4,0,1,34,0.0,0.02857142857142857,0.9714285714285714,35,650,400,250,0.6153846153846154,9,4,5,359.70740961842483,0.7387254901960784,0.1245326037391703,0.24123496920281526,136316.58163265308,2806.8168934240407,139123.39852607713,2620,17,857.2571428571429,34,1,19,29.53763869889042,0.6875,38.92857142857143,1044.2857142857144,30.71428571428572,0
2629,4,0,0,34,0.0,0.0,1.0,34,500,300,200,0.6,7,3,4,359.5060822551766,0.733957219251337,0.10358296298341019,0.24167427800813304,136400.6932429835,3007.375768935032,139408.06901191856,2621,18,833.8235294117648,33,1,19,29.45946738620367,0.6906565656565655,38.84803921568628,1044.6078431372553,31.65478312537137,0
2630,4,0,0,34,0.0,0.0,1.0,34,1100,600,500,0.5454545454545454,16,6,10,358.9495040738353,0.7341057635175283,0.10290323025762049,0.24173803094261637,136464.7085856403,2996.7878940792198,139461.49647971953,2622,19,834.8235294117648,33,1,19,29.41052857924779,0.6912878787878787,38.78676470588236,1044.8529411764719,31.662210338680964,0
2631,4,0,0,34,0.0,0.0,1.0,34,1000,800,200,0.8,12,8,4,359.9288617895962,0.7338458110516934,0.10596444511896452,0.2426176604331928,136496.72188881683,3025.8219494905848,139522.5438383074,2623,20,835.8235294117648,33,1,19,29.353206481372894,0.6916035353535352,38.756127450980394,1044.9754901960787,31.665923945335717,0
2632,4,0,0,34,0.0,0.0,1.0,34,500,300,200,0.6,7,3,4,360.26816345867684,0.7325089126559715,0.10739483975088482,0.24328797831663154,136560.75975886692,3039.6988237697205,139600.45858263664,2624,21,836.8235294117648,33,1,20,29.28086039785828,0.6922348484848484,38.69485294117648,1045.220588235295,31.673351158645303,0
2633,4,0,0,34,0.0,0.0,1.0,34,650,200,450,0.3076923076923077,11,2,9,360.227918875334,0.7314319667260845,0.09711535809823224,0.24392576220986933,136656.8447231836,3045.522154940436,139702.36687812404,2625,22,837.8235294117648,33,1,20,29.186689326457266,0.6931818181818181,38.6029411764706,1045.5882352941194,31.684491978609678,0
2634,4,0,0,34,0.0,0.0,1.0,34,600,400,200,0.6666666666666666,8,4,4,360.0397105286042,0.7318033273915627,0.09646342135729657,0.24468940836561848,136785.01057285676,3049.6071222606934,139834.61769511746,2626,23,838.8235294117648,33,1,21,29.06464776632304,0.6944444444444443,38.480392156862756,1046.0784313725503,31.6993464052288,0
2635,4,0,0,34,0.0,0.0,1.0,34,750,500,250,0.6666666666666666,10,5,5,360.2859090902791,0.731320558526441,0.09624196404578012,0.24508054230308493,136817.06142168894,3058.651870674763,139875.7132923637,2627,24,839.8235294117648,33,1,21,29.026468119167554,0.694760101010101,38.449754901960794,1046.200980392158,31.703060011883576,0
2636,4,0,0,34,0.0,0.0,1.0,34,900,700,200,0.7777777777777778,11,7,4,389.38769602956233,0.7309120617944148,0.13018364382975922,0.25116608137589946,134922.5383334689,3848.9448444699283,138771.48317793882,2628,25,840.8235294117648,31,3,18,30.15324079876342,0.6811155913978495,40.26692708333333,1038.932291666666,33.5139448924731,7
2637,4,0,0,34,0.0,0.0,1.0,34,750,500,250,0.6666666666666666,10,5,5,389.6771498909643,0.7302807486631017,0.13468112695980183,0.25253103609817035,135091.6883680555,3728.428819444439,138820.11718749994,2629,26,841.8235294117648,31,3,18,29.97661990647962,0.6827956989247312,40.104166666666664,1039.583333333333,33.53494623655913,0
2638,4,0,0,34,0.0,0.0,1.0,34,950,500,450,0.5263157894736842,14,5,9,388.5704215512721,0.7297237076648841,0.13190920539995132,0.2525233488144842,135193.2292514378,3706.418016221798,138899.6472676596,2630,27,842.8235294117648,31,3,18,29.903932431868448,0.6838037634408602,40.00651041666667,1039.973958333334,33.54754704301077,0
2639,4,0,0,34,0.0,0.0,1.0,34,700,500,200,0.7142857142857143,9,5,4,388.1811701026754,0.7288695781342841,0.12776517717753166,0.2525074256335644,135227.08468967016,3698.5215928819503,138925.6062825521,2631,28,843.8235294117648,31,3,19,29.88023702219997,0.6841397849462365,39.973958333333336,1040.1041666666667,33.55174731182796,0
2640,4,0,0,34,0.0,0.0,1.0,34,1050,800,250,0.7619047619047619,13,8,5,389.83898808321794,0.7276440879382057,0.1306506584613576,0.2543023145937138,135328.67643568243,3751.278856065528,139079.95529174796,2632,29,844.8235294117648,31,3,19,29.735666166103538,0.6851478494623656,39.87630208333333,1040.494791666666,33.56434811827955,0
2641,4,0,0,34,0.0,0.0,1.0,34,900,800,100,0.8888888888888888,10,8,2,391.5804163092865,0.7255644682115271,0.12915792958834582,0.25640339298875886,135464.19143676758,3809.024895562065,139273.21633232964,2633,30,845.8235294117648,31,3,19,29.5550604544507,0.686491935483871,39.74609375,1041.015625,33.581149193548384,0
2642,4,0,0,34,0.0,0.0,1.0,34,700,600,100,0.8571428571428571,8,6,2,389.63224572342693,0.7234848484848485,0.1286079877631765,0.2560943577273372,135599.77425469298,3766.8089124891585,139366.58316718214,2634,31,846.8235294117648,31,3,19,29.470480685085633,0.6878360215053763,39.61588541666667,1041.536458333334,33.59795026881722,0
2643,4,0,0,34,0.0,0.0,1.0,34,850,600,250,0.7058823529411765,11,6,5,389.23752828609196,0.7224450386215092,0.1292742818912338,0.25632012047876723,135667.59109497073,3761.383565266927,139428.97466023767,2635,32,847.8235294117648,31,3,19,29.413120234970616,0.688508064516129,39.55078125,1041.7968750000002,33.60635080645162,0
2644,4,0,0,34,0.0,0.0,1.0,34,850,500,350,0.5882352941176471,12,5,7,386.08833251859687,0.720513963161022,0.13389793143990913,0.25521363351043513,135803.27563815654,3686.4120483398547,139489.68768649639,2636,33,848.8235294117648,31,3,22,29.35990526754112,0.6898521505376344,39.42057291666667,1042.317708333334,33.62315188172045,0
2645,4,0,0,34,0.0,0.0,1.0,34,1150,600,550,0.5217391304347826,17,6,11,398.83319860857017,0.7199569221628046,0.1486345865108747,0.2424244188777436,132733.2305908202,3822.7832370334063,136556.0138278536,2637,34,849.8235294117648,31,3,16,32.108183809283126,0.6592741935483872,42.38281249999999,1030.468749999999,33.24092741935481,8
2646,4,1,0,35,0.02857142857142857,0.0,1.0,35,1050,700,350,0.6666666666666666,14,7,7,394.2907900184424,0.7301820728291316,0.16633128834355837,0.23733160551331667,132365.51914345485,3438.1010228548244,135803.62016630967,2638,0,826.5142857142857,32,3,18,32.596370143149294,0.6529947916666666,42.739898989899,1029.0404040404048,32.15751262626265,1
2647,4,0,0,35,0.0,0.0,1.0,35,550,400,150,0.7272727272727273,7,4,3,395.51541575833056,0.7297619047619047,0.16726431463273572,0.23827392120075058,132398.00347222236,3473.0902777777965,135871.09375000017,2639,1,827.5142857142857,32,3,18,32.53205128205129,0.6533203125,42.70833333333334,1029.1666666666679,32.16145833333337,0
2648,4,1,1,35,0.027777777777777776,0.027777777777777776,0.9722222222222222,36,850,600,250,0.7058823529411765,11,6,5,388.5163669994892,0.7428240740740741,0.16333359760045485,0.23622806435999305,132745.06987997395,3114.7264573721554,135859.7963373461,2640,0,805.5,33,3,18,32.36202778768781,0.6543560606060606,42.37132352941176,1030.5147058823522,31.22771836007128,0
2649,4,0,0,35,0.0,0.0,1.0,35,1100,800,300,0.7272727272727273,14,8,6,398.0130525934334,0.7312324929971988,0.17030042918454957,0.24060759406222745,132527.98064291905,3549.5732259463284,136077.5538688654,2641,3,829.5142857142857,32,3,18,32.33650112405478,0.6546223958333334,42.582070707070706,1029.6717171717169,32.17724116161615,0
2650,4,0,0,35,0.0,0.0,1.0,35,800,500,300,0.625,11,5,6,399.2029566106178,0.7304621848739495,0.17309564669211652,0.24195376820426587,132625.50536934996,3588.8987730843637,136214.40414243433,2642,4,830.5142857142857,32,3,18,32.20739356051319,0.6555989583333335,42.48737373737373,1030.0505050505042,32.189078282828255,0
2651,4,0,1,34,0.0,0.02857142857142857,0.9714285714285714,35,1050,800,250,0.7619047619047619,13,8,5,398.85380622837386,0.7294817927170868,0.17287815126050443,0.24216123949579824,132690.5417814507,3584.825528007327,136275.36730945803,2643,5,831.5142857142857,32,3,18,32.15073529411764,0.65625,42.424242424242415,1030.3030303030291,32.19696969696966,0
2652,4,0,0,34,0.0,0.0,1.0,34,1100,900,200,0.8181818181818182,13,9,4,409.1093940886191,0.7259358288770054,0.17425104285172566,0.24800493614061792,132632.61795043934,4052.249993218302,136684.86794365765,2644,6,781.7647058823529,31,3,18,31.94510281043273,0.6582661290322582,42.48046874999999,1030.078124999999,33.228326612903196,0
2653,4,0,0,34,0.0,0.0,1.0,34,1100,800,300,0.7272727272727273,14,8,6,409.6239528175296,0.725601604278075,0.17481306396705776,0.24898340726558574,132733.2305908202,4074.1421169704713,136807.37270779067,2645,7,782.7647058823529,31,3,18,31.83019543425154,0.6592741935483872,42.38281249999999,1030.468749999999,33.24092741935481,0
2654,4,1,1,34,0.02857142857142857,0.02857142857142857,0.9714285714285714,35,1150,900,250,0.782608695652174,14,9,5,396.5771154372168,0.7303221288515406,0.15866179580849837,0.24351801385938168,133113.66705246898,3557.9668209876327,136671.63387345662,2646,0,761.3714285714286,32,3,20,31.782750112157917,0.6604817708333335,42.01388888888888,1031.9444444444432,32.24826388888885,0
2655,4,0,0,34,0.0,0.0,1.0,34,950,600,350,0.631578947368421,13,6,7,406.7217858339975,0.7274584076054664,0.15806317477761178,0.2489992262269649,133001.71746147992,4018.939208984365,137020.6566704643,2647,1,741.8235294117648,31,3,20,31.63395186400742,0.661962365591398,42.12239583333333,1031.5104166666656,33.27452956989244,0
2656,4,0,1,33,0.0,0.029411764705882353,0.9705882352941176,34,1300,900,400,0.6923076923076923,17,9,8,406.8895102946594,0.7274955436720143,0.16119873817034747,0.2497753190615936,133102.46997409387,4031.5997653537233,137134.0697394476,2648,2,742.8235294117648,31,3,20,31.527996845425868,0.662970430107527,42.02473958333333,1031.9010416666658,33.28713037634406,0
2657,4,0,0,33,0.0,0.0,1.0,33,1000,900,100,0.9,11,9,2,412.84315321180554,0.7251420454545455,0.14225852272727257,0.2540573250534188,133194.58896982312,4397.694820210432,137592.28379003354,2649,3,713.1818181818181,30,3,20,31.281467013888886,0.6666666666666666,41.935483870967744,1032.2580645161293,34.40860215053764,0
2658,4,1,1,33,0.029411764705882353,0.029411764705882353,0.9705882352941176,34,850,700,150,0.8235294117647058,10,7,3,399.9140225129738,0.737039512774807,0.12967409185896583,0.24839730130735418,133539.5050048828,3880.86412217882,137420.36912706163,2650,0,693.1764705882352,31,3,20,31.267846644830776,0.6673387096774194,41.6015625,1033.59375,33.341733870967744,0
2659,4,0,0,33,0.0,0.0,1.0,33,800,600,200,0.75,10,6,4,408.2942860921131,0.7227746212121213,0.13643066102082502,0.252669072697583,133402.78681061394,4293.519120707597,137696.30593132152,2651,5,715.1818181818181,30,3,20,31.189012490242003,0.66875,41.733870967741936,1033.0645161290322,34.43548387096774,0
2660,4,0,0,33,0.0,0.0,1.0,33,850,500,350,0.5882352941176471,12,5,7,407.21961712050654,0.7225378787878789,0.13434212081806352,0.25294982678971706,133541.67569950287,4276.158009596488,137817.83370909936,2652,6,716.1818181818181,30,3,20,31.076885565669706,0.6701388888888888,41.5994623655914,1033.6021505376348,34.453405017921156,0
2661,4,0,0,33,0.0,0.0,1.0,33,650,500,150,0.7692307692307693,8,5,3,408.2239293383036,0.7227746212121213,0.1374845845005772,0.2538116605126024,133576.4092127702,4305.817327147641,137882.22653991784,2653,7,717.1818181818181,30,3,20,31.015960213236255,0.6704861111111111,41.56586021505376,1033.7365591397845,34.457885304659484,0
2662,4,0,0,33,0.0,0.0,1.0,33,1000,800,200,0.8,12,8,4,409.20642037794914,0.7230113636363636,0.1407683068501786,0.2553806492139754,133715.38843002074,4343.439089779161,138058.8275197999,2654,8,718.1818181818181,30,3,18,30.850660602122595,0.671875,41.431451612903224,1034.2741935483866,34.47580645161289,0
2663,4,0,0,33,0.0,0.0,1.0,33,800,500,300,0.625,11,5,6,411.41632199914767,0.7234059343434344,0.1438734493171283,0.25724382050588457,133784.9051371545,4408.258722106592,138193.1638592611,2655,9,719.1818181818181,30,3,18,30.72355030098307,0.6725694444444444,41.36424731182795,1034.5430107526877,34.48476702508959,0
2664,4,0,0,33,0.0,0.0,1.0,33,850,700,150,0.8235294117647058,10,7,3,411.5662000337325,0.7218276515151516,0.14645415190869726,0.2580667540928126,133889.2140709908,4420.85501214012,138310.06908313092,2656,10,720.1818181818181,30,3,19,30.61471861471861,0.6736111111111112,41.26344086021505,1034.9462365591392,34.49820788530464,0
2665,4,0,0,33,0.0,0.0,1.0,33,650,300,350,0.46153846153846156,10,3,7,410.5142126937142,0.7214330808080809,0.14568749434351336,0.2576503628324606,133923.99274843905,4395.540488784824,138319.53323722386,2657,11,721.1818181818181,30,3,19,30.606955806605203,0.6739583333333334,41.229838709677416,1035.0806451612898,34.502688172042994,0
2666,4,0,0,33,0.0,0.0,1.0,33,600,400,200,0.6666666666666666,8,4,4,410.64689522042113,0.7201704545454546,0.1451303899700629,0.2582214721537063,133993.5636525898,4404.808178691165,138398.37183128097,2658,12,722.1818181818181,30,3,19,30.533558353888097,0.6746527777777778,41.162634408602145,1035.3494623655906,34.511648745519686,0
2667,4,0,0,33,0.0,0.0,1.0,33,850,700,150,0.8235294117647058,10,7,3,410.73626310228605,0.718118686868687,0.14286669419699916,0.25876720418668153,134063.15262241298,4412.919665568271,138476.07228798125,2659,13,723.1818181818181,30,3,20,30.46128055375297,0.6753472222222222,41.09543010752688,1035.6182795698924,34.520609318996414,0
2668,4,1,2,32,0.029411764705882353,0.058823529411764705,0.9411764705882353,34,550,300,250,0.5454545454545454,8,3,5,398.33161035124766,0.7287581699346406,0.12970215092694581,0.25267872111603834,134314.47558932824,3900.3402709960837,138214.81586032434,2660,0,702.8823529411765,31,3,20,30.530215006489982,0.6750672043010753,40.85286458333333,1036.5885416666658,33.43834005376341,0
2669,4,0,0,32,0.0,0.0,1.0,32,900,700,200,0.7777777777777778,11,7,4,422.0868766049156,0.7136256720430109,0.14395794204453982,0.26528124605506226,133975.00964506165,4909.818672839495,138884.82831790115,2661,23,747.375,29,3,20,30.256126464538056,0.6774425287356323,41.18055555555555,1035.2777777777771,35.69923371647507,0
2670,4,0,0,32,0.0,0.0,1.0,32,450,300,150,0.6666666666666666,6,3,3,421.02940973309506,0.7140877016129032,0.148672210300429,0.26513473639948953,134046.91358024688,4887.538580246905,138934.4521604938,2662,24,748.375,29,3,20,30.211127503576527,0.67816091954023,41.11111111111111,1035.5555555555552,35.708812260536384,0
2671,4,0,0,32,0.0,0.0,1.0,32,1050,700,350,0.6666666666666666,14,7,7,415.47931300934374,0.7126176075268817,0.14417566027617634,0.2624098387583992,134154.80565200612,4747.709297839504,138902.51494984562,2663,25,749.375,29,3,20,30.24631876480314,0.6792385057471264,41.00694444444444,1035.972222222222,35.723180076628346,0
2672,4,1,2,31,0.030303030303030304,0.06060606060606061,0.9393939393939394,33,850,600,250,0.7058823529411765,11,6,5,406.09838752112654,0.724826388888889,0.13104607505851695,0.25853590413473704,134446.21488033296,4319.678214244423,138765.8930945774,2664,0,727.6363636363636,30,3,20,30.196723259028854,0.6791666666666667,40.725806451612904,1037.0967741935483,34.56989247311828,0
2673,4,0,0,31,0.0,0.0,1.0,31,1100,800,300,0.7272727272727273,14,8,6,427.7300664579061,0.7114695340501792,0.13988184416130367,0.2708706733416047,134252.81421340338,5284.793029131994,139537.6072425354,2665,27,759.9032258064516,28,3,20,29.830398816950883,0.6834077380952379,40.912356321839084,1036.350574712644,37.01252052545157,0
2674,4,0,0,31,0.0,0.0,1.0,31,650,500,150,0.7692307692307693,8,5,3,428.3165016057476,0.7111111111111111,0.1388161013083875,0.2715180353764381,134290.04202999093,5303.728200554921,139593.77023054587,2666,28,760.9032258064516,28,3,20,29.7777469734775,0.6837797619047619,40.87643678160921,1036.4942528735646,37.0176518883416,0
2675,4,0,0,31,0.0,0.0,1.0,31,750,400,350,0.5333333333333333,11,4,7,427.64996856163503,0.7112007168458782,0.13040369619300485,0.2719966617850793,134411.36845661336,5296.2034989593985,139707.57195557276,2667,29,761.9032258064516,30,1,19,29.672985526031535,0.6788194444444444,40.75940860215053,1036.962365591397,34.5654121863799,1
2676,4,0,0,31,0.0,0.0,1.0,31,650,500,150,0.7692307692307693,8,5,3,428.05057778186256,0.7116487455197132,0.13213431662736852,0.2725114074393442,134446.214880333,5309.955992022202,139756.1708723552,2668,30,762.9032258064516,30,1,19,29.627559616381543,0.6791666666666667,40.725806451612904,1037.0967741935485,34.56989247311829,0
2677,4,0,0,31,0.0,0.0,1.0,31,550,400,150,0.7272727272727273,7,4,3,428.1174754423811,0.7120967741935483,0.134641992751654,0.2728144143673703,134481.06582047054,5314.738878772104,139795.80469924264,2669,31,763.9032258064516,30,1,19,29.590784415360027,0.679513888888889,40.692204301075265,1037.2311827956987,34.57437275985662,0
2678,4,0,0,31,0.0,0.0,1.0,31,900,600,300,0.6666666666666666,12,6,6,428.7117404349508,0.7129928315412186,0.13185517370757838,0.27399612295762954,134588.05035341514,5339.931593096535,139927.98194651166,2670,32,764.9032258064516,28,3,19,29.467829779377837,0.6867559523809523,40.58908045977011,1037.6436781609186,37.05870279146138,0
2679,4,0,0,31,0.0,0.0,1.0,31,850,400,450,0.47058823529411764,13,4,9,427.3440107604171,0.7137096774193549,0.1273448032641984,0.274244033903621,134737.17837561094,5315.825241115059,140053.003616726,2671,33,765.9032258064516,28,3,20,29.353492019558995,0.6882440476190477,40.44540229885057,1038.218390804597,37.07922824302132,0
2680,4,0,0,31,0.0,0.0,1.0,31,700,500,200,0.7142857142857143,9,5,4,426.9142261432435,0.7117383512544803,0.13402181480621955,0.2745316749611534,134811.77335182976,5310.612779098946,140122.3861309287,2672,34,766.9032258064516,28,3,19,29.289741283895957,0.6889880952380952,40.3735632183908,1038.5057471264363,37.08949096880129,0
2681,4,0,0,31,0.0,0.0,1.0,31,500,300,200,0.6,7,3,4,425.15184732433045,0.7112903225806452,0.1344844509882659,0.2739614845057851,134886.3889714625,5269.439490025096,140155.8284614876,2673,35,767.9032258064516,28,3,19,29.260603964960808,0.6897321428571429,40.30172413793103,1038.7931034482756,37.099753694581274,0
2682,4,0,0,31,0.0,0.0,1.0,31,800,500,300,0.625,11,5,6,425.21920354710596,0.7113799283154122,0.13678561391142963,0.27428724896067086,134923.70452255898,5274.4300353415065,140198.13455790048,2674,36,768.9032258064516,28,3,19,29.221407827409767,0.6901041666666667,40.26580459770114,1038.9367816091944,37.10488505747123,0
2683,4,0,0,31,0.0,0.0,1.0,31,900,700,200,0.7777777777777778,11,7,4,426.8830088985044,0.7102150537634409,0.14012096774193572,0.2756444571744626,134961.02523450906,5322.513707226832,140283.5389417359,2675,37,769.9032258064516,28,3,19,29.14074022861357,0.6904761904761905,40.22988505747126,1039.080459770114,37.11001642036121,0
2684,4,0,0,31,0.0,0.0,1.0,31,850,400,450,0.47058823529411764,13,4,9,430.2018865808542,0.7086021505376344,0.14311061181547458,0.27893735226694094,135110.35969084417,5424.94632712379,140535.30601796796,2676,38,770.9032258064516,28,3,19,28.9046664824028,0.6919642857142858,40.08620689655172,1039.6551724137928,37.130541871921174,0
2685,4,0,0,31,0.0,0.0,1.0,31,450,200,250,0.4444444444444444,7,2,5,449.5120949859902,0.7099462365591398,0.1502131662322228,0.26460178230046383,131518.85640323846,5661.171144212629,137180.02754745109,2677,39,771.9032258064516,27,4,19,32.03687920112192,0.6593364197530863,43.5639880952381,1025.7440476190482,37.99052028218697,8
2686,4,1,0,32,0.03125,0.0,1.0,32,900,700,200,0.7777777777777778,11,7,4,435.8476209105579,0.7229502688172044,0.1470279720279719,0.259260440059109,131917.8660490158,5099.217614612247,137017.08366362806,2678,0,748.75,28,4,18,31.981643356643353,0.659970238095238,43.175287356321846,1027.2988505747135,36.689244663382624,0
2687,4,0,0,32,0.0,0.0,1.0,32,400,200,200,0.5,6,2,4,435.8476209105579,0.7229502688172044,0.1470279720279719,0.259260440059109,131917.8660490158,5099.217614612247,137017.08366362806,2679,1,749.75,28,4,18,31.981643356643353,0.659970238095238,43.175287356321846,1027.2988505747135,36.689244663382624,0
2688,4,0,1,31,0.0,0.03125,0.96875,32,750,500,250,0.6666666666666666,10,5,5,435.2164129243425,0.7234543010752689,0.1464800055928408,0.25938898210290834,131991.6765755055,5088.988803012307,137080.6653785178,2680,2,750.75,28,4,18,31.922888702460856,0.6607142857142856,43.10344827586208,1027.586206896553,36.699507389162605,0
2689,4,0,0,31,0.0,0.0,1.0,31,400,300,100,0.75,5,3,2,434.5389489851797,0.7237455197132616,0.12099705105197156,0.2594901202871436,132065.5077454091,5277.521386576851,137343.02913198594,2632,3,689.516129032258,28,3,18,31.865331749138004,0.6614583333333333,43.03160919540231,1027.8735632183923,36.70977011494258,0
2690,4,0,0,31,0.0,0.0,1.0,31,600,200,400,0.3333333333333333,10,2,8,435.21142362984705,0.7213261648745519,0.11603494986628116,0.2611973908754171,132255.1022376543,5311.786265432097,137566.8885030864,2633,4,690.516129032258,29,2,19,31.6556395715186,0.6602011494252873,42.84722222222222,1028.6111111111109,35.46934865900382,0
2691,4,0,0,31,0.0,0.0,1.0,31,900,600,300,0.6666666666666666,12,6,6,433.73779998696887,0.7164874551971326,0.10876965472523925,0.2615570369618387,132434.97324613552,5288.487947916201,137723.46119405172,2634,5,691.516129032258,28,3,20,31.511143681369806,0.6651785714285714,42.672413793103445,1029.3103448275858,36.76108374384235,0
2692,4,0,0,31,0.0,0.0,1.0,31,650,500,150,0.7692307692307693,8,5,3,429.4901478047275,0.7174731182795699,0.10086045506912455,0.26001565704934854,132582.9039503237,5188.610202800902,137771.5141531246,2635,6,692.516129032258,28,3,20,31.470598493303573,0.6666666666666666,42.52873563218391,1029.8850574712644,36.781609195402304,0
2693,4,0,0,31,0.0,0.0,1.0,31,700,600,100,0.8571428571428571,8,6,2,430.19478293871066,0.7186379928315412,0.09754342085730627,0.2612131065582975,132693.90616742632,5216.845232197116,137910.75139962343,2636,7,693.516129032258,28,3,17,31.340061823083722,0.6677827380952381,42.42097701149425,1030.3160919540228,36.79700328407224,0
2694,4,0,0,31,0.0,0.0,1.0,31,650,400,250,0.6153846153846154,9,4,5,417.40088488213627,0.7186379928315412,0.049036455941964485,0.2437978090083546,131221.3758680555,4754.383680555553,135975.75954861107,2637,8,694.516129032258,29,2,18,33.16261691744611,0.6497844827586208,43.854166666666664,1024.583333333333,35.330459770114935,4
2695,4,0,0,31,0.0,0.0,1.0,31,650,400,250,0.6153846153846154,9,4,5,417.41542059683627,0.717562724014337,0.04606546052343918,0.24403256522689848,131256.95408950615,4757.73533950617,136014.68942901233,2638,9,695.516129032258,29,2,18,33.1260730098491,0.6501436781609196,43.81944444444444,1024.7222222222222,35.33524904214559,0
2696,4,0,0,31,0.0,0.0,1.0,31,900,400,500,0.4444444444444444,14,4,10,415.7385977364813,0.7164874551971326,0.048170761021104846,0.243730467823111,131363.71768904311,4722.593557098754,136086.31124614188,2639,10,696.516129032258,29,2,18,33.06053267398275,0.6512212643678161,43.71527777777777,1025.1388888888882,35.349616858237525,0
2697,4,0,1,30,0.0,0.03225806451612903,0.967741935483871,31,1100,900,200,0.8181818181818182,13,9,4,415.7385977364813,0.7164874551971326,0.048170761021104846,0.243730467823111,131363.71768904311,4722.593557098754,136086.31124614188,2640,11,697.516129032258,29,2,18,33.06053267398275,0.6512212643678161,43.71527777777777,1025.1388888888882,35.349616858237525,0
2698,4,0,0,30,0.0,0.0,1.0,30,600,500,100,0.8333333333333334,7,5,2,423.3591116398968,0.7058908045977011,0.05555555555555536,0.24796747967479674,131328.125,5119.791666666667,136447.91666666666,2641,52,721.4,28,2,18,32.90142276422764,0.6540178571428572,43.75,1025.0,36.607142857142854,0
2699,4,1,0,31,0.03225806451612903,0.0,1.0,31,750,400,350,0.5333333333333333,11,4,7,409.68285371045596,0.718010752688172,0.054218681141271485,0.24288575280524463,131791.2061149692,4598.519483024697,136389.72559799388,2642,0,699.0967741935484,29,2,18,32.781995355967354,0.6555316091954022,43.298611111111114,1026.8055555555559,35.40708812260537,0
2700,4,0,0,31,0.0,0.0,1.0,31,650,400,250,0.6153846153846154,9,4,5,410.1762030768794,0.7172043010752688,0.05701222438420017,0.24340632789329422,131826.86149691354,4614.448302469129,136441.30979938267,2643,1,700.0967741935484,29,2,18,32.733184564060934,0.6558908045977012,43.263888888888886,1026.9444444444441,35.411877394636,0
2701,4,0,0,31,0.0,0.0,1.0,31,500,300,200,0.6,7,3,4,411.31623664364,0.7182795698924731,0.05378525158673053,0.2443119333317041,131862.52170138882,4647.439236111107,136509.9609374999,2644,2,701.0967741935484,29,2,18,32.66776538201488,0.65625,43.229166666666664,1027.0833333333328,35.41666666666665,0
2702,4,2,1,32,0.06060606060606061,0.030303030303030304,0.9696969696969697,33,700,600,100,0.8571428571428571,8,6,2,389.4391055069271,0.7466066919191919,0.04211373699039744,0.2348219778056643,132431.5071105957,3714.801534016927,136146.30864461264,2645,0,659.5454545454545,31,2,19,32.65456989247311,0.65625,42.67578125,1029.296875,33.203125,0
2703,4,0,0,32,0.0,0.0,1.0,32,650,400,250,0.6153846153846154,9,4,5,400.50173669420366,0.7317288306451614,0.04985955056179803,0.24061540758692582,132294.27715631868,4196.81755116199,136491.09470748066,2646,1,681.15625,30,2,19,32.50860116714571,0.6576388888888889,42.80913978494624,1028.7634408602153,34.29211469534051,0
2704,4,1,1,32,0.030303030303030304,0.030303030303030304,0.9696969696969697,33,1100,800,300,0.7272727272727273,14,8,6,390.2746615622065,0.7428977272727273,0.0519360162984579,0.23701023767780055,132699.68880547423,3757.865227593321,136457.55403306754,2647,0,661.4848484848485,31,2,18,32.362488942246934,0.6589381720430108,42.415364583333336,1030.338541666667,33.23672715053765,0
2705,4,1,1,32,0.030303030303030304,0.030303030303030304,0.9696969696969697,33,850,500,350,0.5882352941176471,12,5,7,390.0043997103305,0.7430555555555556,0.043268163055881104,0.23705797383314567,132733.2305908203,3753.3087836371524,136486.53937445747,2648,0,662.4545454545455,31,2,18,32.33562884339989,0.6592741935483871,42.3828125,1030.46875,33.24092741935484,0
2706,4,0,0,32,0.0,0.0,1.0,32,650,500,150,0.7692307692307693,8,5,3,402.9370368167312,0.7320228494623656,0.05320086139389213,0.2438628417132539,132570.97099375646,4283.550844028208,136854.52183778468,2649,4,684.15625,30,2,19,32.16631862873054,0.6604166666666667,42.54032258064516,1029.838709677419,34.327956989247305,0
2707,4,1,1,32,0.030303030303030304,0.030303030303030304,0.9696969696969697,33,950,700,250,0.7368421052631579,12,7,5,391.109720737469,0.7356376262626263,0.04330972306726877,0.23879706079568352,132901.00309583865,3795.7748413085847,136696.77793714724,2650,0,664.3939393939394,31,2,18,32.13802773919267,0.6609543010752689,42.22005208333333,1031.1197916666658,33.261928763440835,0
2708,4,0,1,31,0.0,0.03125,0.96875,32,600,300,300,0.5,9,3,6,400.09111168150366,0.7304687500000001,0.05173565840938754,0.2439347238948435,132847.95388195157,4230.257110648618,137078.2109926002,2651,6,686.15625,30,2,19,31.96001738374621,0.6631944444444444,42.27150537634408,1030.9139784946228,34.363799283154094,0
2709,4,0,0,31,0.0,0.0,1.0,31,1000,800,200,0.8,12,8,4,411.35576233831415,0.7172043010752688,0.058602005583628713,0.24970843248982086,132684.03742283944,4716.068672839496,137400.10609567893,2652,10,709.0967741935484,29,2,19,31.835288038105514,0.6645114942528736,42.43055555555555,1030.2777777777771,35.526819923371626,0
2710,4,0,0,31,0.0,0.0,1.0,31,1050,800,250,0.7619047619047619,13,8,5,409.9282358652583,0.7173835125448028,0.061646426568227275,0.24907924503557333,132719.8133680556,4681.1197916666715,137400.93315972225,2653,11,710.0967741935484,29,2,19,31.835911174012683,0.6648706896551724,42.395833333333336,1030.416666666667,35.53160919540231,0
2711,4,0,0,31,0.0,0.0,1.0,31,1400,1300,100,0.9285714285714286,15,13,2,407.6726864605654,0.7169354838709677,0.05174323884001297,0.24913330839256767,132934.5703125,4638.758680555556,137573.32899305556,2654,12,711.0967741935484,29,2,19,31.677188552188554,0.6670258620689655,42.1875,1031.25,35.560344827586206,0
2712,4,0,0,31,0.0,0.0,1.0,31,800,600,200,0.75,10,6,4,404.53476017530096,0.7158602150537634,0.05583176652959887,0.24816587393412934,133077.83805941336,4566.9222608024465,137644.7603202158,2655,13,712.0967741935484,29,2,19,31.613580787005894,0.668462643678161,42.0486111111111,1031.8055555555538,35.579501915708754,0
2713,4,0,0,31,0.0,0.0,1.0,31,550,500,50,0.9090909090909091,6,5,1,404.693711006826,0.7165770609318997,0.0567023063799863,0.24874102286945587,133149.50086805545,4576.953124999981,137726.45399305542,2656,14,713.0967741935484,29,2,19,31.537225810792616,0.6691810344827587,41.97916666666666,1032.0833333333323,35.58908045977008,0
2714,4,1,1,31,0.03125,0.03125,0.96875,32,800,600,200,0.75,10,6,4,396.0718002081166,0.7279905913978495,0.05115927419354849,0.24556451612903216,133472.2222222221,4172.916666666649,137645.13888888876,2657,0,691.78125,30,2,19,31.434811827956985,0.6694444444444445,41.66666666666666,1033.3333333333323,34.444444444444414,0
2715,4,0,0,31,0.0,0.0,1.0,31,800,600,200,0.75,10,6,4,406.8470528933144,0.7152329749103943,0.06486317652570794,0.25127198383012334,133328.74228395053,4648.881172839496,137977.62345679002,2658,16,715.0967741935484,29,2,19,31.300990675990676,0.6709770114942529,41.80555555555555,1032.7777777777771,35.61302681992335,0
2716,4,0,0,31,0.0,0.0,1.0,31,750,400,350,0.5333333333333333,11,4,7,420.48643796293743,0.714516129032258,0.02038924930491226,0.23097702297702302,128825.8780820037,4633.906918429878,133459.7850004336,2659,17,716.0967741935484,30,1,18,35.53113553113555,0.6225694444444445,46.20295698924731,1015.1881720430107,33.83960573476703,6
2717,4,0,0,31,0.0,0.0,1.0,31,650,400,250,0.6153846153846154,9,4,5,421.24845770329296,0.7159498207885304,0.026207809397750248,0.2317940348105156,128894.11212640196,4659.289188056431,133553.4013144584,2660,18,717.0967741935484,30,1,18,35.44176042356056,0.6232638888888888,46.13575268817205,1015.4569892473123,33.84856630824375,0
2718,4,1,1,31,0.03125,0.03125,0.96875,32,850,700,150,0.8235294117647058,10,7,3,406.9969536645666,0.7329469086021506,0.020357119989755423,0.22588764827054753,129234.48562622083,4119.60839165583,133354.09401787666,2661,0,695.65625,31,1,20,35.45495048448371,0.6239919354838709,45.80078125000001,1016.796875000001,32.79989919354842,0
2719,4,2,2,31,0.06060606060606061,0.06060606060606061,0.9393939393939394,33,1150,1100,50,0.9565217391304348,12,11,1,397.6297799348089,0.7455808080808082,0.02096081679569961,0.22322055913250533,129683.21352731861,3713.181531221305,133396.39505853993,2662,0,675.5151515151515,32,1,16,35.23459774389489,0.6259765625,45.359848484848484,1018.5606060606059,31.830018939393934,0
2720,4,0,1,30,0.0,0.03225806451612903,0.967741935483871,31,800,500,300,0.625,11,5,6,420.4999105039167,0.7167562724014337,0.024844720496894235,0.23379300681727674,129303.89577190999,4674.455319979177,133978.35109188917,2663,21,720.0967741935484,30,1,20,35.04058191269107,0.6274305555555555,45.732526881720425,1017.0698924731178,33.90232974910393,0
2721,4,1,0,31,0.03225806451612903,0.0,1.0,31,600,500,100,0.8333333333333334,7,5,2,419.6915766603535,0.7313620071684588,0.026597036159871745,0.2345626797084028,129509.03148124061,4670.76992282345,134179.80140406406,2664,0,690.3548387096774,30,1,17,34.85106078612615,0.6295138888888889,45.530913978494624,1017.8763440860216,33.92921146953405,0
2722,4,0,0,31,0.0,0.0,1.0,31,850,500,350,0.5882352941176471,12,5,7,414.9135088895707,0.728673835125448,0.022325628919438012,0.2327016770433957,129645.87894915597,4558.365309573365,134204.24425872933,2665,1,691.3548387096774,30,1,17,34.8326624433593,0.6309027777777778,45.39650537634409,1018.4139784946237,33.94713261648746,0
2723,4,2,1,32,0.06060606060606061,0.030303030303030304,0.9696969696969697,33,1050,800,250,0.7619047619047619,13,8,5,405.6925333068272,0.7507891414141414,0.04119054842080416,0.23230419582346346,130455.99819214876,3985.004878328741,134441.0030704775,2666,0,650.3939393939394,32,1,18,34.24097762946483,0.6337890625,44.60227272727273,1021.5909090909091,31.92471590909091,0
2724,4,1,1,32,0.030303030303030304,0.030303030303030304,0.9696969696969697,33,950,700,250,0.7368421052631579,12,7,5,404.7279812266395,0.7496054292929294,0.047534018380219756,0.23252469893751943,130585.01882779824,3970.2822097235044,134555.30103752174,2667,0,651.3636363636364,32,1,17,34.13423924233065,0.6350911458333333,44.476010101010104,1022.09595959596,31.94049873737375,0
2725,4,0,0,32,0.0,0.0,1.0,32,750,500,250,0.6666666666666666,10,5,5,410.8602450342687,0.7384492607526882,0.050017524853428474,0.2352999622291149,130462.0446099176,4320.333523220495,134782.3781331381,2668,2,672.71875,31,1,19,34.102833715693784,0.6364247311827957,44.59635416666667,1021.6145833333339,32.955309139784966,0
2726,4,0,0,32,0.0,0.0,1.0,32,800,500,300,0.625,11,5,6,414.4709607629196,0.73622311827957,0.05085440820486675,0.23797970526906775,130561.83073255757,4422.817484537771,134984.64821709535,2669,3,673.71875,31,1,17,33.90891090160104,0.6374327956989246,44.49869791666667,1022.0052083333339,32.96790994623658,0
2727,4,0,1,31,0.0,0.03125,0.96875,32,650,400,250,0.6153846153846154,9,4,5,413.277311581498,0.736307123655914,0.049798592535982955,0.2377025767931385,130628.37600708008,4397.148810492623,135025.5248175727,2670,4,674.71875,31,1,18,33.8716140194455,0.6381048387096775,44.43359375,1022.265625,32.97631048387097,0
2728,4,0,0,31,0.0,0.0,1.0,31,900,700,200,0.7777777777777778,11,7,4,420.5314484393539,0.7346774193548387,0.05903802449034967,0.24237903482777284,130708.89698230996,4793.440354376209,135502.33733668618,2671,5,686.516129032258,30,1,18,33.60415571328426,0.6416666666666667,44.35483870967741,1022.5806451612892,34.08602150537631,0
2729,4,0,0,31,0.0,0.0,1.0,31,250,200,50,0.8,3,2,1,420.1378309135512,0.7340501792114695,0.0613874062549018,0.2423676084474004,130743.26014929471,4786.037945138165,135529.2980944329,2672,6,687.516129032258,30,1,19,33.57920445086958,0.6420138888888889,44.321236559139784,1022.7150537634408,34.090501792114694,0
2730,4,0,0,31,0.0,0.0,1.0,31,550,400,150,0.7272727272727273,7,4,3,420.06523679852745,0.7332437275985663,0.06505023102030427,0.2425414607008189,130777.62783269736,4787.027040698336,135564.6548733957,2673,7,688.516129032258,30,1,19,33.546046868155926,0.6423611111111112,44.287634408602145,1022.8494623655909,34.09498207885303,0
2731,4,0,0,31,0.0,0.0,1.0,31,900,500,400,0.5555555555555556,13,5,8,417.4599957427623,0.7314516129032258,0.0644737566895337,0.2416823534288706,130880.75798141395,4727.496133946108,135608.25411536006,2674,8,689.516129032258,30,1,19,33.50765138578747,0.6434027777777779,44.18682795698924,1023.2526881720423,34.10842293906808,0
2732,4,0,0,31,0.0,0.0,1.0,31,950,400,550,0.42105263157894735,15,4,11,419.9114185430835,0.7317204301075269,0.06624401275584746,0.2439714168606154,131018.32807622272,4803.218399525961,135821.54647574868,2675,9,690.516129032258,30,1,19,33.304888188700716,0.6447916666666667,44.05241935483871,1023.7903225806455,34.12634408602152,0
2733,4,0,0,31,0.0,0.0,1.0,31,650,600,50,0.9230769230769231,7,6,1,425.6856180379029,0.7318996415770609,0.06068072136144265,0.24799116280189754,131121.55306971906,4963.311871314607,136084.86494103365,2676,10,691.516129032258,30,1,19,33.05200131233595,0.6458333333333334,43.95161290322581,1024.1935483870968,34.13978494623656,0
2734,4,0,0,31,0.0,0.0,1.0,31,1050,900,150,0.8571428571428571,12,9,3,424.9534261915387,0.7327956989247312,0.06038547159749785,0.24800880661806315,131190.39231414025,4949.961339461192,136140.35365360143,2677,11,692.516129032258,30,1,20,33.0006887955917,0.6465277777777778,43.88440860215053,1024.462365591397,34.14874551971323,0
2735,4,0,0,31,0.0,0.0,1.0,31,1250,1000,250,0.8,15,10,5,433.214535991205,0.7343189964157706,0.06430637732584055,0.25421221817862283,131399.31520061725,5190.351284991189,136589.66648560844,2678,12,693.516129032258,29,2,19,32.5764246365032,0.6515804597701149,43.68055555555555,1025.2777777777774,35.35440613026819,1
2736,4,0,0,31,0.0,0.0,1.0,31,1000,800,200,0.8,12,8,4,432.4342229266562,0.7327956989247312,0.061581989975025175,0.25517763889633643,131613.0015432097,5182.793209876528,136795.79475308623,2679,13,694.516129032258,29,2,18,32.37908319797871,0.6537356321839081,43.472222222222214,1026.11111111111,35.38314176245207,0
2737,4,0,0,31,0.0,0.0,1.0,31,700,300,400,0.42857142857142855,11,3,8,428.7612540060634,0.7331541218637992,0.057471816201919435,0.25372093101351584,131719.9098186728,5095.27874228394,136815.18856095674,2680,14,695.516129032258,29,2,18,32.364672123754104,0.6548132183908046,43.36805555555555,1026.5277777777774,35.397509578544046,0
2738,4,0,0,31,0.0,0.0,1.0,31,850,800,50,0.9411764705882353,9,8,1,424.18982889474705,0.7331541218637992,0.05215082871963239,0.2503126562199993,131613.00154320986,4965.779320987652,136578.7808641975,2681,15,696.516129032258,29,2,16,32.59057480599169,0.6537356321839081,43.47222222222222,1026.111111111111,35.383141762452105,1
2739,4,0,0,31,0.0,0.0,1.0,31,650,400,250,0.6153846153846154,9,4,5,423.1596162336266,0.7343189964157706,0.0527581496239975,0.2504061428008596,131719.909818673,4947.709297839525,136667.61911651253,2682,16,697.516129032258,29,2,16,32.50842804311551,0.6548132183908045,43.368055555555564,1026.527777777779,35.3975095785441,0
2740,4,1,1,31,0.03125,0.03125,0.96875,32,500,200,300,0.4,8,2,6,412.61368929709056,0.7457577284946237,0.042662688031392726,0.2458637299046188,131983.34209518452,4491.626741530824,136474.96883671533,2683,0,676.6875,30,2,16,32.51199040767386,0.6545138888888888,43.11155913978495,1027.553763440861,34.25179211469537,0
2741,4,0,0,31,0.0,0.0,1.0,31,500,400,100,0.8,6,4,2,421.69963013091564,0.7344086021505376,0.05519732651583231,0.25024454776789656,131826.86149691363,4918.267746913588,136745.12924382722,2684,18,699.516129032258,29,2,16,32.43733657920836,0.6558908045977011,43.26388888888889,1026.9444444444448,35.41187739463603,0
2742,4,1,0,32,0.03125,0.0,1.0,32,600,400,200,0.6666666666666666,8,4,4,411.43472086467034,0.7429435483870969,0.06013950601150064,0.24673185611727716,132225.14886113995,4480.4034425945165,136705.55230373447,2685,0,678.625,30,2,17,32.29738412615439,0.6569444444444444,42.876344086021504,1028.4946236559135,34.28315412186378,0
2743,4,0,0,32,0.0,0.0,1.0,32,700,400,300,0.5714285714285714,10,4,6,410.89471971144013,0.7423135080645162,0.05901688880177702,0.24663351293738467,132259.7107505204,4468.963355590257,136728.67410611067,2686,1,679.625,30,2,18,32.27628598806567,0.6572916666666666,42.84274193548388,1028.6290322580655,34.28763440860219,0
2744,4,1,1,32,0.030303030303030304,0.030303030303030304,0.9696969696969697,33,1100,700,400,0.6363636363636364,15,7,8,403.9141068161451,0.7511837121212122,0.05229840131205843,0.2442012810934308,132532.04345703122,4106.312391493056,136638.35584852428,2687,0,660.0,31,2,19,32.180492328443776,0.657258064516129,42.578125,1029.6874999999998,33.21572580645161,0
2745,4,0,0,32,0.0,0.0,1.0,32,650,400,250,0.6153846153846154,9,4,5,412.0183126978202,0.7404653897849462,0.05254031205118159,0.24867204546513835,132467.17693158178,4515.780545438794,136982.95747702057,2688,3,681.625,30,2,20,32.03747225486356,0.6593749999999999,42.64112903225807,1029.4354838709685,34.314516129032285,0
2746,4,0,0,32,0.0,0.0,1.0,32,950,600,350,0.631578947368421,13,6,7,409.1574994986903,0.741095430107527,0.05044374836857202,0.24762754827480005,132570.9709937567,4448.481399583795,137019.4523933405,2689,4,682.625,30,2,21,32.0061667971809,0.6604166666666667,42.540322580645174,1029.8387096774209,34.32795698924736,0
2747,4,0,0,32,0.0,0.0,1.0,32,300,200,100,0.6666666666666666,4,2,2,407.8557573964005,0.7402553763440861,0.04805966984209831,0.2470670884528552,132605.57804731766,4416.78969389525,137022.36774121292,2690,5,683.625,30,2,21,32.004708773761365,0.6607638888888887,42.50672043010753,1029.9731182795701,34.33243727598567,0
2748,4,0,0,32,0.0,0.0,1.0,32,800,500,300,0.625,11,5,6,408.17989428654846,0.7397093413978495,0.04441218684759929,0.24749135362437583,132640.18961729694,4428.211715227217,137068.40133252417,2691,6,684.625,30,2,16,31.96138874391093,0.6611111111111111,42.4731182795699,1030.1075268817217,34.336917562724054,0
2749,4,2,0,34,0.058823529411764705,0.0,1.0,34,750,500,250,0.6666666666666666,10,5,5,388.58567320855315,0.754864824717766,0.04767007047317673,0.24007785550196117,133341.78272625248,3562.941281501891,136904.72400775438,2692,0,645.2941176470588,32,2,19,31.759372453137743,0.6627604166666666,41.792929292929294,1032.8282828282831,32.27588383838385,0
2750,4,0,0,34,0.0,0.0,1.0,34,850,400,450,0.47058823529411764,13,4,9,391.94005975583957,0.7541592394533572,0.04708110789225861,0.24278921339758036,133439.60636988576,3660.0654588817524,137099.67182876752,2693,1,646.2941176470588,32,2,19,31.57435129740518,0.6637369791666666,41.698232323232325,1033.2070707070711,32.28772095959597,0
2751,4,1,1,34,0.02857142857142857,0.02857142857142857,0.9714285714285714,35,600,500,100,0.8333333333333334,7,5,2,384.4940567131844,0.763095238095238,0.04359287283378066,0.24049956493952956,133798.59995153573,3288.9572811448033,137087.55723268053,2694,0,628.8,32,3,14,31.406110161907094,0.6673177083333333,41.35101010101011,1034.595959595961,32.33112373737378,0
2752,4,0,0,34,0.0,0.0,1.0,34,1450,1200,250,0.8275862068965517,17,12,5,396.2926364824878,0.7545306001188354,0.05026838929404365,0.2477218722937346,133775.12825859923,3802.81965467666,137577.9479132759,2695,3,648.2941176470588,31,3,14,31.124528005034605,0.6696908602150538,41.37369791666667,1034.505208333334,33.37113575268819,0
2753,4,0,0,34,0.0,0.0,1.0,34,550,400,150,0.7272727272727273,7,4,3,399.3116809336176,0.7541221033868093,0.05365759791586511,0.25029410410570924,133876.17323133687,3891.6639539930648,137767.83718532993,2696,4,649.2941176470588,31,3,16,30.944891796678412,0.6706989247311828,41.27604166666667,1034.895833333334,33.383736559139805,0
2754,4,0,1,33,0.0,0.029411764705882353,0.9705882352941176,34,850,600,250,0.7058823529411765,11,6,5,399.03993673405165,0.7531937017231135,0.051840880236986964,0.2511532249544096,134027.30150303539,3896.44918248138,137923.75068551677,2697,5,650.2941176470588,32,2,16,30.80010567816933,0.6695963541666666,41.130050505050505,1035.479797979798,32.358743686868685,0
2755,4,0,0,33,0.0,0.0,1.0,33,950,600,350,0.631578947368421,13,6,7,410.01859103674667,0.7425031565656566,0.053638269487326085,0.2574761294425069,133943.55773925784,4383.86976453993,138327.42750379778,2698,6,670.8484848484849,31,2,16,30.600104821802923,0.6713709677419355,41.2109375,1035.1562500000002,33.3921370967742,0
2756,4,0,0,33,0.0,0.0,1.0,33,750,600,150,0.8,9,6,3,408.65746388284646,0.7433712121212122,0.04976204900761627,0.2573280134806238,134044.66629028323,4355.670674641928,138400.33696492517,2699,7,671.8484848484849,31,2,17,30.53368225826732,0.6723790322580645,41.11328125,1035.5468750000002,33.404737903225815,0
2757,4,0,0,33,0.0,0.0,1.0,33,850,600,250,0.7058823529411765,11,6,5,410.3656689707808,0.7408459595959597,0.05028543573221178,0.25935501413824485,134179.53703138558,4412.535095214837,138592.07212660043,2700,8,672.8484848484849,31,2,19,30.353907460935865,0.67372311827957,40.983072916666664,1036.067708333333,33.42153897849462,0
2758,4,0,0,33,0.0,0.0,1.0,33,800,500,300,0.625,11,5,6,407.4947602333274,0.7394255050505051,0.05226130653266314,0.2582530486829048,134280.7345920138,4343.739149305535,138624.47374131932,2701,9,673.8484848484849,31,2,19,30.326633165829136,0.674731182795699,40.88541666666666,1036.4583333333323,33.434139784946204,0
2759,4,0,0,33,0.0,0.0,1.0,33,950,600,350,0.631578947368421,13,6,7,406.73332742061655,0.7388731060606061,0.05105190835626727,0.2580082884139862,134314.47558932827,4326.034715440526,138640.5103047688,2702,10,674.8484848484849,31,2,19,30.31248691537914,0.6750672043010754,40.85286458333333,1036.588541666666,33.43834005376342,0
2760,4,0,0,33,0.0,0.0,1.0,33,650,400,250,0.6153846153846154,9,4,5,406.1492868664252,0.7387941919191919,0.05301793522313414,0.2581138684211765,134381.97029961465,4315.828280978711,138697.79858059337,2703,11,675.8484848484849,31,2,19,30.259873791284694,0.675739247311828,40.78776041666666,1036.8489583333321,33.44674059139781,0
2761,4,0,0,33,0.0,0.0,1.0,33,1200,1000,200,0.8333333333333334,14,10,4,405.8469867188098,0.7383207070707072,0.054252506229907294,0.258398980752623,134449.4819641111,4313.183424207869,138762.66538831897,2704,12,676.8484848484849,31,2,19,30.19996338146056,0.6764112903225807,40.722656249999986,1037.1093749999982,33.4551411290322,0
2762,4,0,0,33,0.0,0.0,1.0,33,950,600,350,0.631578947368421,13,6,7,401.7677134239773,0.7378472222222223,0.050139953754411604,0.25651323241684665,134550.78124999977,4211.631944444413,138762.41319444418,2705,13,677.8484848484849,31,2,20,30.204149933065594,0.6774193548387097,40.624999999999986,1037.4999999999982,33.467741935483815,0
2763,4,0,0,33,0.0,0.0,1.0,33,650,400,250,0.6153846153846154,9,4,5,399.7518926841404,0.7375315656565657,0.04894110490095427,0.25570004692556947,134618.3353000215,4162.7868652343495,138781.12216525586,2706,14,678.8484848484849,31,2,20,30.188728565453793,0.6780913978494625,40.55989583333332,1037.7604166666652,33.47614247311823,0
2764,4,0,0,33,0.0,0.0,1.0,33,750,700,50,0.9333333333333333,8,7,1,395.0223759593557,0.7356376262626263,0.047770494917830364,0.2538520103364915,134787.2945997449,4048.799472384963,138836.09407212987,2707,15,679.8484848484849,31,2,16,30.142241379310335,0.6797715053763442,40.39713541666666,1038.4114583333323,33.49714381720427,0
2765,4,0,0,33,0.0,0.0,1.0,33,900,800,100,0.8888888888888888,10,8,2,395.7647196451993,0.7356376262626263,0.055325728135054764,0.25480348414929377,134854.90798950175,4074.1629706488407,138929.0709601506,2708,16,680.8484848484849,31,2,17,30.055289164681778,0.6804435483870969,40.332031249999986,1038.6718749999984,33.505544354838655,0
2766,4,0,0,33,0.0,0.0,1.0,33,750,500,250,0.6666666666666666,10,5,5,397.44222712168903,0.7340593434343435,0.04757347915242649,0.2566010495494399,134956.35986328113,4127.471245659708,139083.83110894085,2709,17,681.8484848484849,31,2,17,29.910192147034245,0.6814516129032259,40.23437499999999,1039.062499999999,33.51814516129029,0
2767,4,0,0,33,0.0,0.0,1.0,33,800,700,100,0.875,9,7,2,398.7303136516701,0.7340593434343435,0.05147072782707429,0.2576734115995123,134990.18563164593,4164.935811360658,139155.1214430066,2710,18,682.8484848484849,31,2,17,29.842882053209703,0.6817876344086022,40.20182291666666,1039.1927083333323,33.52234543010749,0
2768,4,0,0,33,0.0,0.0,1.0,33,1100,800,300,0.7272727272727273,14,8,6,397.06667844707454,0.7356376262626263,0.04979656282261469,0.25731983447414297,135091.68836805545,4128.081597222203,139219.76996527764,2711,19,683.8484848484849,31,2,18,29.78456913827654,0.6827956989247312,40.10416666666666,1039.5833333333323,33.53494623655911,0
2769,4,0,0,33,0.0,0.0,1.0,33,750,300,450,0.4,12,3,9,400.29615135631866,0.7346117424242425,0.049355742934413804,0.2606329220200188,135260.94436645508,4228.887091742622,139489.8314581977,2712,20,684.8484848484849,31,2,18,29.531360829473854,0.684475806451613,39.94140625,1040.234375,33.55594758064516,0
2770,4,0,0,33,0.0,0.0,1.0,33,1100,800,300,0.7272727272727273,14,8,6,418.4048074551522,0.7345328282828284,0.056718745713961294,0.27075517791219184,135039.2950955313,4700.7309175196515,139740.02601305096,2713,21,685.8484848484849,30,3,17,29.28251217724902,0.6850694444444445,40.15456989247312,1039.3817204301076,34.64605734767026,1
2771,4,0,0,33,0.0,0.0,1.0,33,900,700,200,0.7777777777777778,11,7,4,416.749100887723,0.734296085858586,0.05162013098931406,0.2704673695023008,135144.09180252053,4664.235749797666,139808.3275523182,2714,22,686.8484848484849,30,3,17,29.220527404343322,0.6861111111111111,40.053763440860216,1039.7849462365593,34.65949820788531,0
2772,4,0,0,33,0.0,0.0,1.0,33,1200,800,400,0.6666666666666666,16,8,8,417.00465162962536,0.7346117424242425,0.054296517225992824,0.27221332318014835,135353.80715978725,4688.633440282113,140042.44060006936,2715,23,687.8484848484849,30,3,18,29.00386420390941,0.6881944444444444,39.85215053763441,1040.5913978494623,34.68637992831541,0
2773,4,0,0,33,0.0,0.0,1.0,33,900,500,400,0.5555555555555556,13,5,8,418.910386383935,0.7335069444444445,0.048962184791752295,0.27425705346944856,135458.72581006473,4749.013433633943,140207.73924369868,2716,24,688.8484848484849,30,3,18,28.849257585539064,0.689236111111111,39.751344086021504,1040.9946236559138,34.69982078853046,0
2774,4,0,0,33,0.0,0.0,1.0,33,900,800,100,0.8888888888888888,10,8,2,420.2710523356166,0.7336647727272728,0.05235938001236229,0.2754162073935438,135493.70772632674,4788.816626199562,140282.5243525263,2717,25,689.8484848484849,30,3,18,28.778832085377395,0.6895833333333333,39.71774193548387,1041.1290322580646,34.70430107526882,0
2775,4,0,1,32,0.0,0.030303030303030304,0.9696969696969697,33,750,500,250,0.6666666666666666,10,5,5,417.4619461647515,0.7295612373737375,0.053480687978155306,0.27520206679507614,135706.02816358028,4730.492787380694,140436.52095096098,2718,26,690.8484848484849,29,4,19,28.639584999555677,0.694683908045977,39.51388888888889,1041.9444444444448,35.92911877394637,0
2776,4,0,0,32,0.0,0.0,1.0,32,750,400,350,0.5333333333333333,11,4,7,427.89525334942203,0.7217321908602151,0.06186241498866529,0.2812258111189584,135597.51398533944,5204.306520061717,140801.82050540115,2719,27,712.40625,29,3,19,28.47643574698849,0.6936063218390804,39.61805555555555,1041.5277777777771,35.91475095785439,0
2777,4,0,0,32,0.0,0.0,1.0,32,800,500,300,0.625,11,5,6,427.89525334942203,0.7217321908602151,0.06186241498866529,0.2812258111189584,135597.51398533944,5204.306520061717,140801.82050540115,2720,28,713.40625,29,3,19,28.47643574698849,0.6936063218390804,39.61805555555555,1041.5277777777771,35.91475095785439,0
2778,4,0,0,32,0.0,0.0,1.0,32,750,600,150,0.8,9,6,3,427.20000000000016,0.7213541666666667,0.058499999999999996,0.2810526315789474,135633.68055555547,5188.546489197522,140822.227044753,2721,29,714.40625,28,4,20,28.45833333333334,0.6971726190476191,39.58333333333333,1041.666666666666,37.20238095238093,0
2779,4,0,0,32,0.0,0.0,1.0,32,900,600,300,0.6666666666666666,12,6,6,426.8031123069946,0.7199680779569892,0.057132271850014016,0.2819699250159325,135783.38659334125,5190.554399524377,140973.94099286562,2722,30,715.40625,28,4,20,28.318858560794045,0.6986607142857142,39.439655172413794,1042.2413793103447,37.22290640394088,0
2780,4,0,1,31,0.0,0.03125,0.96875,32,1200,900,300,0.75,15,9,6,426.863192398335,0.7181199596774194,0.05751412234775444,0.28319680534068703,135933.17520478275,5204.973824151155,141138.1490289339,2723,31,716.40625,28,4,17,28.16748185909801,0.7001488095238095,39.29597701149426,1042.8160919540235,37.24343185550084,0
2781,4,0,0,31,0.0,0.0,1.0,31,950,400,550,0.42105263157894735,15,4,11,425.485660251987,0.7118279569892473,0.0645504780960311,0.283644522224772,136104.28481867295,5382.084297839519,141486.36911651248,2724,32,729.3870967741935,29,2,17,28.03238275877368,0.6986350574712643,39.13194444444445,1043.472222222223,35.981800766283556,0
2782,4,0,0,31,0.0,0.0,1.0,31,650,500,150,0.7692307692307693,8,5,3,425.05806749773933,0.7110215053763441,0.0629708325284919,0.28393878908848974,136176.75781249997,5376.605902777778,141553.36371527775,2725,33,730.3870967741935,29,2,18,27.971141051230877,0.6993534482758621,39.0625,1043.7499999999998,35.99137931034482,0
2783,4,0,0,31,0.0,0.0,1.0,31,1000,800,200,0.8,12,8,4,436.8496996677885,0.7113799283154122,0.0847556370698026,0.28029626652504064,134730.96305941377,5572.521219135827,140303.4842785496,2726,34,731.3870967741935,29,2,19,29.113015607580817,0.6849856321839078,40.4513888888889,1038.194444444446,35.799808429118826,3
2784,4,0,0,31,0.0,0.0,1.0,31,850,800,50,0.9411764705882353,9,8,1,446.93536986329735,0.7124551971326165,0.08502145075151146,0.27427041042690153,133090.55102107197,5696.574929182585,138787.12595025456,2727,35,732.3870967741935,30,1,17,30.506979722982077,0.6656249999999999,42.036290322580655,1031.8548387096787,34.395161290322626,4
2785,4,0,0,31,0.0,0.0,1.0,31,750,400,350,0.5333333333333333,11,4,7,448.07405332136034,0.7133512544802867,0.08890924215815588,0.2752250065121125,133125.22582090425,5729.991906578804,138855.21772748305,2728,36,733.3870967741935,30,1,17,30.44249804636624,0.6659722222222222,42.002688172043015,1031.9892473118286,34.399641577060954,0
2786,4,0,0,31,0.0,0.0,1.0,31,1100,1000,100,0.9090909090909091,12,10,2,447.9545939645563,0.7137992831541219,0.08127923675790094,0.2761787472580834,133263.97018441427,5739.241530812793,139003.21171522705,2729,37,734.3870967741935,30,1,17,30.305150568428353,0.6673611111111111,41.868279569892465,1032.5268817204292,34.4175627240143,0
2787,4,0,0,31,0.0,0.0,1.0,31,600,500,100,0.8333333333333334,7,5,2,444.3341408560645,0.714426523297491,0.08616701995928389,0.27471503398864483,133368.07587943692,5651.997882703199,139020.07376214012,2730,38,735.3870967741935,30,1,17,30.293320320971596,0.6684027777777778,41.76747311827957,1032.9301075268816,34.43100358422939,0
2788,4,0,0,31,0.0,0.0,1.0,31,800,600,200,0.75,10,6,4,439.3638907076251,0.7123655913978495,0.09077064428026627,0.2726609326594777,133506.94670265348,5531.626307954675,139038.57301060815,2731,39,736.3870967741935,30,1,17,30.281354315689068,0.6697916666666666,41.63306451612903,1033.467741935484,34.4489247311828,0
2789,4,0,0,31,0.0,0.0,1.0,31,700,500,200,0.7142857142857143,9,5,4,443.0006633442663,0.7123655913978495,0.095130256823176,0.27569264582881037,133611.1472424558,5637.965371719271,139249.11261417507,2732,40,737.3870967741935,30,1,17,30.082119951464712,0.6708333333333333,41.53225806451613,1033.8709677419356,34.462365591397855,0
2790,4,0,0,31,0.0,0.0,1.0,31,800,500,300,0.625,11,5,6,443.9609716847477,0.7128136200716846,0.09378904382971243,0.2768100256193233,133680.63685108107,5669.797086368372,139350.43393744944,2733,41,738.3870967741935,30,1,18,29.987111168876186,0.6715277777777777,41.465053763440864,1034.139784946237,34.47132616487456,0
2791,4,0,0,31,0.0,0.0,1.0,31,900,500,400,0.5555555555555556,13,5,8,443.93763027644684,0.7128136200716846,0.0911693810392169,0.2770559663404102,133715.38843002077,5672.258534223606,139387.64696424437,2734,42,739.3870967741935,30,1,14,29.95262074940437,0.671875,41.431451612903224,1034.2741935483868,34.4758064516129,0
2792,4,0,0,31,0.0,0.0,1.0,31,450,300,150,0.6666666666666666,6,3,3,446.39749126566085,0.7129032258064516,0.09240774729925705,0.27937950307016723,133819.6702653485,5747.353017689901,139567.0232830384,2735,43,740.3870967741935,30,1,15,29.78371005455963,0.6729166666666667,41.33064516129032,1034.677419354838,34.48924731182794,0
2793,4,0,0,31,0.0,0.0,1.0,31,1050,900,150,0.8571428571428571,12,9,3,444.0177728914821,0.7137096774193549,0.03901939545746891,0.25960057519360885,131259.24962423404,5487.401542085795,136746.65116631985,2736,44,741.3870967741935,30,1,16,32.44223286114026,0.6472222222222221,43.81720430107527,1024.7311827956992,34.15770609318997,8
2794,4,0,0,31,0.0,0.0,1.0,31,550,400,150,0.7272727272727273,7,4,3,440.27974770783624,0.7123655913978495,0.03622106523090696,0.2581101949091213,131362.56946251015,5367.255788241419,136729.82525075157,2737,45,742.3870967741935,30,1,16,32.432749879812945,0.6482638888888889,43.71639784946237,1025.1344086021509,34.17114695340503,0
2795,4,0,0,31,0.0,0.0,1.0,31,750,500,250,0.6666666666666666,10,5,5,439.4198248274986,0.7139784946236559,0.03630829070308206,0.2583030249178593,131465.929948549,5353.7471817551195,136819.6771303041,2738,46,743.3870967741935,30,1,17,32.34955220620359,0.6493055555555556,43.615591397849464,1025.5376344086023,34.18458781362008,0
2796,4,0,0,31,0.0,0.0,1.0,31,1000,600,400,0.6,14,6,8,438.79214019799184,0.7129928315412186,0.02774878181749041,0.25863323599469284,131569.33108235057,5346.317674008557,136915.64875635912,2739,47,744.3870967741935,30,1,14,32.260415301978256,0.6503472222222222,43.51478494623656,1025.9408602150538,34.198028673835125,0
2797,4,0,0,31,0.0,0.0,1.0,31,750,500,250,0.6666666666666666,10,5,5,438.725773341847,0.7133512544802867,0.024958177731965625,0.2592964400339277,131672.772863915,5353.647820557305,137026.42068447228,2740,48,745.3870967741935,30,1,14,32.15688842325825,0.6513888888888888,43.41397849462366,1026.3440860215062,34.21146953405021,0
2798,4,0,0,31,0.0,0.0,1.0,31,1100,800,300,0.7272727272727273,14,8,6,437.49588827060643,0.7117383512544803,0.02193886167877035,0.25950843062014245,131810.75846918725,5333.332972019889,137144.09144120713,2741,49,746.3870967741935,30,1,15,32.048156631762645,0.6527777777777778,43.27956989247312,1026.8817204301079,34.22939068100359,0
2799,4,1,1,31,0.03125,0.03125,0.96875,32,500,300,200,0.6,7,3,4,427.84969443387115,0.7217741935483871,0.012416877770740964,0.25570577877028133,132096.66146172432,4903.5032484266685,137000.16471015097,2742,0,724.03125,31,1,15,32.00562064597847,0.6528897849462365,43.00130208333334,1027.9947916666679,33.161122311827995,0
2800,4,0,0,31,0.0,0.0,1.0,31,1000,800,200,0.8,12,8,4,442.2409308993957,0.7100358422939068,0.019016523452165535,0.263998157579054,132052.40716050993,5479.795894033998,137532.20305454393,2743,51,748.3870967741935,30,1,15,31.680724467111283,0.6552083333333334,43.04435483870968,1027.8225806451617,34.260752688172055,0
2801,4,0,0,31,0.0,0.0,1.0,31,950,800,150,0.8421052631578947,11,8,3,442.22778662749545,0.7094086021505376,0.014634002336379348,0.26447227051710037,132121.4902915077,5485.558843507918,137607.04913501564,2744,52,749.3870967741935,30,1,15,31.61088595459101,0.6559027777777777,42.97715053763441,1028.0913978494625,34.269713261648754,0
2802,4,1,0,32,0.03125,0.0,1.0,32,600,500,100,0.8333333333333334,7,5,2,428.1343542552221,0.7229502688172044,0.015864289330464132,0.25723874775441147,132297.51798841692,4928.222486707904,137225.74047512483,2745,0,726.9375,31,1,16,31.794630426528286,0.6549059139784945,42.805989583333336,1028.776041666667,33.18632392473119,1
2803,4,0,0,32,0.0,0.0,1.0,32,800,700,100,0.875,9,7,2,408.7693123622939,0.7223202284946237,0.009603418915378636,0.24115494053892958,131603.80715978716,4364.311778226982,135968.11893801414,2746,1,727.9375,30,2,16,32.99548074403981,0.6506944444444445,43.48118279569892,1026.0752688172036,34.202508960573454,2
2804,4,1,2,31,0.030303030303030304,0.06060606060606061,0.9393939393939394,33,900,700,200,0.7777777777777778,11,7,4,400.4013045701793,0.7346906565656566,0.02696843066603738,0.23972472344129675,132163.5966830783,3983.69530571831,136147.2919887966,2747,0,706.8484848484849,31,2,19,32.64332974547296,0.6535618279569892,42.936197916666664,1028.255208333333,33.16952284946235,0
2805,4,0,0,31,0.0,0.0,1.0,31,750,600,150,0.8,9,6,3,402.6306958716242,0.7337813620071685,0.020107044698394194,0.23628064520887432,131401.77037917826,4381.484938379737,135783.25531755798,2748,1,720.4193548387096,28,3,20,33.357856875934225,0.6547619047619048,43.67816091954023,1025.2873563218393,36.617405582922835,1
2806,4,0,0,31,0.0,0.0,1.0,31,900,600,300,0.6666666666666666,12,6,6,401.6842030930019,0.7337813620071685,0.0222914972440591,0.2366357434062735,131549.12306777653,4368.24093341262,135917.36400118915,2749,2,721.4193548387096,28,3,20,33.232668067226896,0.65625,43.5344827586207,1025.862068965518,36.63793103448278,0
2807,4,0,0,31,0.0,0.0,1.0,31,1350,1000,350,0.7407407407407407,17,10,7,402.0883043069924,0.7329749103942652,0.027267841739939458,0.2375613529913024,131659.69177318664,4387.764442132377,136047.45621531902,2750,3,722.4193548387096,28,3,17,33.1102127957441,0.6573660714285714,43.42672413793103,1026.2931034482756,36.6533251231527,0
2808,4,1,1,31,0.03125,0.03125,0.96875,32,900,600,300,0.6666666666666666,12,6,6,390.98487195526656,0.7471438172043011,0.01776662611516633,0.23289098894726737,131969.53124999997,3919.618055555555,135889.14930555553,2751,0,700.8125,29,3,17,33.081576101649105,0.6573275862068966,43.125,1027.4999999999998,35.43103448275861,0
2809,4,0,0,31,0.0,0.0,1.0,31,850,500,350,0.5882352941176471,12,5,7,402.8543209381689,0.7322580645161291,0.01906240410130522,0.2391696583111324,131844.07616594018,4422.791154710024,136266.8673206502,2752,5,724.4193548387096,28,3,18,32.90372598395821,0.6592261904761905,43.24712643678162,1027.0114942528749,36.67898193760267,0
2810,4,0,0,31,0.0,0.0,1.0,31,600,500,100,0.8333333333333334,7,5,2,402.2882292532642,0.7319892473118279,0.017929167606586915,0.23929790675214974,131917.8660490158,4413.80094794558,136331.6669969614,2753,6,725.4193548387096,28,3,18,32.84353146853146,0.659970238095238,43.175287356321846,1027.2988505747135,36.689244663382624,0
2811,4,1,1,31,0.03125,0.03125,0.96875,32,950,800,150,0.8421052631578947,11,8,3,390.218482046503,0.7408854166666667,0.01255486158001351,0.23397310603678995,132219.38898533958,3918.8898533950737,136138.27883873467,2754,0,703.71875,29,3,19,32.84872270988071,0.6598419540229885,42.88194444444445,1028.4722222222229,35.4645593869732,0
2812,4,0,0,31,0.0,0.0,1.0,31,600,500,100,0.8333333333333334,7,5,2,392.6595181889811,0.7319892473118279,0.012006035642918134,0.2378205810777061,132599.08888075093,4213.258870442714,136812.34775119365,2755,8,727.4193548387096,31,0,22,32.402549515381374,0.6579301075268817,42.513020833333336,1029.9479166666672,33.22412634408604,6
2813,4,0,0,31,0.0,0.0,1.0,31,450,300,150,0.6666666666666666,6,3,3,395.7690306209556,0.7330645161290322,0.01643889233177842,0.24013225232154933,132666.15125868065,4301.0308159722335,136967.18207465287,2756,9,728.4193548387096,31,0,16,32.25480283114257,0.6586021505376343,42.44791666666667,1030.2083333333342,33.23252688172046,0
2814,4,0,0,31,0.0,0.0,1.0,31,800,600,200,0.75,10,6,4,396.26192540850786,0.7319892473118279,0.015650153852424298,0.24107710527350792,132766.77661471892,4322.083706325952,137088.86032104486,2757,10,729.4193548387096,31,0,17,32.140582227837434,0.6596102150537635,42.350260416666664,1030.598958333333,33.24512768817203,0
2815,4,0,0,31,0.0,0.0,1.0,31,850,500,350,0.5882352941176471,12,5,7,404.18942167098453,0.7301075268817204,-0.026540894732720144,0.24442580524214366,132540.98186728402,4518.070965048718,137059.05283233273,2758,11,730.4193548387096,29,2,18,32.164373707400415,0.6630747126436781,42.56944444444445,1029.7222222222229,35.507662835249064,1
2816,4,0,0,31,0.0,0.0,1.0,31,700,300,400,0.42857142857142855,11,3,8,405.66971439343945,0.7299283154121864,-0.027925670738072617,0.2457881210736722,132612.5,4559.375000000001,137171.875,2759,12,731.4193548387096,29,2,18,32.05400485436893,0.6637931034482758,42.5,1030.0,35.51724137931034,0
2817,4,0,0,31,0.0,0.0,1.0,31,950,800,150,0.8421052631578947,11,8,3,407.6953704384472,0.728584229390681,-0.03060191001125845,0.2481958444646198,132791.3797260802,4627.686149691351,137419.06587577154,2760,13,732.4193548387096,29,2,17,31.8211550554732,0.6655890804597702,42.326388888888886,1030.6944444444441,35.54118773946359,0
2818,4,0,0,31,0.0,0.0,1.0,31,1050,500,550,0.47619047619047616,16,5,11,410.5307276176688,0.7263440860215054,-0.03396500128128843,0.2513612295149569,133006.1945408951,4720.625964506174,137726.8205054013,2761,14,733.4193548387096,29,2,17,31.531209326331854,0.6677442528735632,42.11805555555556,1031.527777777778,35.56992337164752,0
2819,4,0,0,31,0.0,0.0,1.0,31,650,200,450,0.3076923076923077,11,2,9,410.405384551173,0.7256272401433692,-0.02987420700914889,0.25176726687288714,133077.8380594135,4723.172260802459,137801.01032021598,2762,15,734.4193548387096,29,2,17,31.462147215865762,0.668462643678161,42.04861111111111,1031.805555555555,35.57950191570879,0
2820,4,0,0,31,0.0,0.0,1.0,31,600,300,300,0.5,9,3,6,410.99764741715524,0.7259856630824373,-0.026907036189963707,0.2531023623240858,133221.18296682098,4750.718557098766,137971.90152391975,2763,16,735.4193548387096,29,2,18,31.30227252343154,0.6698994252873562,41.90972222222222,1032.361111111111,35.598659003831415,0
2821,4,0,0,31,0.0,0.0,1.0,31,1150,800,350,0.6956521739130435,15,8,7,409.4513092320018,0.7259856630824373,-0.023252182061115123,0.25288039330973133,133328.74228395056,4718.32561728394,138047.0679012345,2764,17,736.4193548387096,29,2,18,31.23375022413483,0.6709770114942529,41.80555555555555,1032.7777777777774,35.613026819923356,0
2822,4,0,0,31,0.0,0.0,1.0,31,750,600,150,0.8,9,6,3,412.3859797818548,0.7259856630824373,-0.002617287181835959,0.24494733497886068,131862.52170138885,4675.651041666662,136538.1727430555,2765,18,737.4193548387096,31,0,19,32.64029749830967,0.6505376344086022,43.229166666666664,1027.083333333333,33.131720430107514,2
2823,4,0,0,31,0.0,0.0,1.0,31,1100,900,200,0.8181818181818182,13,9,4,413.33802393814835,0.7258064516129032,-0.003401610858988491,0.24594547578220127,131929.39758300773,4706.287299262138,136635.68488226985,2766,19,738.4193548387096,31,0,19,32.54805661174482,0.651209677419355,43.16406249999999,1027.3437499999993,33.140120967741915,0
2824,4,0,0,31,0.0,0.0,1.0,31,750,600,150,0.8,9,6,3,415.6067234727323,0.724910394265233,-0.0010465168566886618,0.24751340791874177,131962.84188164593,4768.928866916214,136731.77074856215,2767,20,739.4193548387096,31,0,19,32.45588328475478,0.6515456989247312,43.13151041666666,1027.4739583333323,33.14432123655911,0
2825,4,1,1,31,0.03125,0.03125,0.96875,32,500,200,300,0.4,8,2,6,408.03122954461446,0.7336609543010754,-0.010255524861878307,0.2445485183694542,132203.15728305775,4388.603363177213,136591.76064623496,2768,0,717.28125,32,0,19,32.407151626764886,0.6513671875,42.897727272727266,1028.40909090909,32.137784090909065,0
2826,4,1,0,32,0.03125,0.0,1.0,32,550,200,350,0.36363636363636365,9,2,7,409.0463321916518,0.7376512096774194,0.0017714723926380849,0.24621326494549206,132365.5191434548,4428.726022854811,136794.24516630959,2769,0,718.25,32,0,21,32.21676891615542,0.6529947916666667,42.73989898989899,1029.0404040404042,32.15751262626263,0
2827,4,0,0,32,0.0,0.0,1.0,32,500,200,300,0.4,8,2,6,430.56016755856814,0.7376512096774194,0.06466244066949822,0.23011112826928545,127729.38507550249,4599.037088052244,132328.42216355473,2770,1,719.25,32,0,18,36.4044674827213,0.6061197916666666,47.285353535353536,1010.8585858585857,31.589330808080803,8
2828,4,0,1,31,0.0,0.03125,0.96875,32,600,500,100,0.8333333333333334,7,5,2,419.63131355782167,0.7387852822580646,0.05828524641297572,0.22587944782847125,128016.72222541053,4343.965060963148,132360.68728637366,2771,2,720.25,32,0,17,36.38464337700145,0.6090494791666667,47.001262626262616,1011.9949494949483,31.624842171717134,2
2829,4,2,1,32,0.06060606060606061,0.030303030303030304,0.9696969696969697,33,1350,1100,250,0.8148148148148148,16,11,5,432.92239038349214,0.753866792929293,0.10235624967876,0.23233689273246722,127896.48963139184,4473.850802575941,132370.3404339678,2772,0,699.3030303030303,33,0,16,36.1723608755351,0.6054292929292928,47.12009803921569,1011.5196078431378,30.652109328579932,4
2830,4,1,1,32,0.030303030303030304,0.030303030303030304,0.9696969696969697,33,650,500,150,0.7692307692307693,8,5,3,442.2541182170545,0.7636521464646465,0.09134954193093736,0.23771158854166657,127958.47750865034,4718.03272779698,132676.51023644733,2773,0,700.2727272727273,33,0,15,35.872395833333336,0.6060606060606062,47.058823529411754,1011.7647058823516,30.65953654188944,4
2831,4,2,0,34,0.058823529411764705,0.0,1.0,34,550,500,50,0.9090909090909091,6,5,1,428.5069127836678,0.7619206773618539,0.10800920193709573,0.23325301713491972,128464.33280086202,4209.841258981923,132674.17405984394,2774,0,680.6176470588235,32,2,15,35.6992361024619,0.6136067708333335,46.559343434343425,1013.7626262626251,31.680082070707034,0
2832,4,1,1,34,0.02857142857142857,0.02857142857142857,0.9714285714285714,35,700,300,400,0.42857142857142855,11,3,8,418.2796871080318,0.7780812324929971,0.11274038046946444,0.22959646443444842,128796.78376405704,3774.615682670117,132571.39944672716,2775,0,662.1428571428571,33,2,16,35.61700169020886,0.6145833333333335,46.23161764705882,1015.0735294117642,30.75980392156861,0
2833,4,2,1,35,0.05555555555555555,0.027777777777777776,0.9722222222222222,36,850,500,350,0.5882352941176471,12,5,7,411.33348927844474,0.7847883597883598,0.11892584784362747,0.2277539125460024,129140.88010204062,3423.9937641723127,132564.87386621293,2776,0,644.6111111111111,34,2,18,35.44057937065667,0.6158088235294118,45.89285714285713,1016.4285714285699,29.89495798319323,0
2834,4,1,1,35,0.027777777777777776,0.027777777777777776,0.9722222222222222,36,1100,700,400,0.6363636363636364,15,7,8,402.3152069604739,0.782638888888889,0.11350748501047003,0.22361605810431537,129292.17864229016,3203.2419217686966,132495.42056405885,2777,0,645.5833333333334,34,2,18,35.5149440087401,0.6173406862745099,45.74404761904761,1017.0238095238088,29.912464985994376,0
2835,4,2,1,36,0.05405405405405406,0.02702702702702703,0.972972972972973,37,550,400,150,0.7272727272727273,7,4,3,397.6033057851238,0.7922922922922923,0.12631449631449643,0.2231447124304267,129672.49657064478,2911.642661179704,132584.1392318245,2778,0,629.081081081081,35,2,15,35.24621212121211,0.619047619047619,45.370370370370374,1018.518518518519,29.100529100529116,0
2836,4,2,2,36,0.05263157894736842,0.05263157894736842,0.9473684210526316,38,850,700,150,0.8235294117647058,10,7,3,391.7230791665544,0.7983345187292555,0.1321193842506232,0.2218784195129133,130032.77084094232,2587.3674772745785,132620.1383182169,2779,0,613.4736842105264,36,2,16,35.028615067535235,0.6206597222222222,45.016891891891895,1019.9324324324327,28.331456456456465,0
2837,4,1,2,35,0.02702702702702703,0.05405405405405406,0.9459459459459459,37,600,500,100,0.8333333333333334,7,5,2,401.2113329898816,0.7909159159159159,0.14551456894515113,0.22670113100114597,129937.87140185613,3026.5093182013006,132964.38072005744,2780,0,630.9459459459459,35,2,16,34.88347617966473,0.6217261904761905,45.1099537037037,1019.5601851851851,29.130291005291003,0
2838,4,0,0,35,0.0,0.0,1.0,35,800,600,200,0.75,10,6,4,420.2227678275482,0.765266106442577,0.16438111281090517,0.23581846208067186,129669.02941476826,3897.9756884371272,133567.0051032054,2781,2,667.8571428571429,33,2,16,34.67380078610677,0.6234217171717171,45.373774509803916,1018.5049019607835,30.86378490790253,0
2839,4,2,1,36,0.05405405405405406,0.02702702702702703,0.972972972972973,37,600,300,300,0.5,9,3,6,401.23916382690203,0.7842217217217217,0.15728936483653477,0.22827561467440124,130205.11379200139,3048.6781967778497,133253.79198877924,2782,0,632.7027027027027,36,1,18,34.61027437566662,0.6223958333333335,44.84797297297297,1020.6081081081076,28.35022522522521,0
2840,4,1,0,37,0.02702702702702703,0.0,1.0,37,800,700,100,0.875,9,7,2,402.54477624300495,0.7848473473473473,0.16495969101167818,0.2300753920978507,130384.14292800448,3097.116491318945,133481.25941932344,2783,0,633.6756756756756,34,3,19,34.394548704200176,0.6283700980392157,44.672619047619044,1021.3095238095234,30.038515406162453,0
2841,4,0,0,37,0.0,0.0,1.0,37,1000,700,300,0.7,13,7,6,404.2643219637597,0.7838463463463463,0.16573343327013812,0.2316018966016679,130475.34722222216,3149.305555555546,133624.6527777777,2784,1,634.6756756756756,34,3,19,34.25774877650897,0.6292892156862746,44.58333333333333,1021.6666666666661,30.04901960784312,0
2842,4,0,0,37,0.0,0.0,1.0,37,950,700,250,0.7368421052631579,12,7,5,399.04019956238614,0.7822197197197197,0.1659680962375103,0.2297992909344275,130676.44702717754,3029.031099965696,133705.47812714323,2785,2,635.6756756756756,35,2,16,34.18657082484341,0.6291666666666667,44.38657407407407,1022.4537037037029,29.21296296296294,0
2843,4,0,0,37,0.0,0.0,1.0,37,1250,700,550,0.56,18,7,11,400.3712660807505,0.781468968968969,0.16933877850686008,0.2307423441502563,130706.03358892741,3066.188030478388,133772.2216194058,2786,3,636.6756756756756,35,2,16,34.12245331069609,0.6294642857142857,44.357638888888886,1022.569444444444,29.216269841269828,0
2844,4,1,1,37,0.02631578947368421,0.02631578947368421,0.9736842105263158,38,850,500,350,0.5882352941176471,12,5,7,389.82918895111857,0.786628733997155,0.1711351126083107,0.2267893035913321,131068.5405633674,2618.868572964858,133687.40913633225,2787,0,620.8947368421053,36,2,17,34.02388284028008,0.6310763888888888,44.00337837837838,1023.9864864864863,28.444069069069066,0
2845,4,0,0,37,0.0,0.0,1.0,37,950,700,250,0.7368421052631579,12,7,5,391.99267437663474,0.7775275275275275,0.15999707255489715,0.23084591847176827,131535.81700370798,2912.215336719819,134448.0323404278,2788,1,638.5405405405405,35,2,18,33.4947017563654,0.6377976190476191,43.5474537037037,1025.810185185185,29.30886243386243,1
2846,4,1,0,38,0.02631578947368421,0.0,1.0,38,950,400,550,0.42105263157894735,15,4,11,384.80831425850505,0.7821538643907066,0.16535501217415405,0.22882799495867562,131905.8987196656,2551.6973054135246,134457.5960250791,2789,0,622.7105263157895,36,2,17,33.30455674925091,0.6394675925925926,43.18693693693694,1027.2522522522522,28.534784784784783,0
2847,4,0,0,38,0.0,0.0,1.0,38,1200,800,400,0.6666666666666666,16,8,8,384.4873140505952,0.7811759127548601,0.15950414176607652,0.2289857867753024,131963.7458404351,2547.677238048867,134511.42307848396,2790,1,623.7105263157895,36,2,17,33.25432924156071,0.6400462962962963,43.130630630630634,1027.477477477478,28.541041041041055,0
2848,4,0,0,38,0.0,0.0,1.0,38,1200,800,400,0.6666666666666666,16,8,8,385.08823706054386,0.7813240872451399,0.16150749943775833,0.22986921776661765,132050.54029959015,2570.221953372297,134620.76225296245,2791,2,624.7105263157895,36,2,17,33.15118147620613,0.6409143518518519,43.046171171171174,1027.8153153153155,28.55042542542543,0
2849,4,0,1,37,0.0,0.02631578947368421,0.9736842105263158,38,1050,800,250,0.7619047619047619,13,8,5,387.5119353592612,0.7800201517306781,0.1643187752537627,0.2320243594600272,132166.31063073207,2643.2045643616602,134809.51519509373,2792,3,625.7105263157895,36,2,17,32.971927134669436,0.6420717592592593,42.93355855855856,1028.2657657657658,28.56293793793794,0
2850,4,0,0,37,0.0,0.0,1.0,37,700,400,300,0.5714285714285714,10,4,6,392.9376993749812,0.7730230230230231,0.16918539924674914,0.23473398690411185,132079.47812677544,2979.801253956661,135059.2793807321,2793,4,643.4864864864865,36,1,17,32.92022713993572,0.6412037037037037,43.01801801801802,1027.927927927928,28.553553553553556,0
2851,4,0,0,37,0.0,0.0,1.0,37,800,500,300,0.625,11,5,6,393.21819514671466,0.7728978978978979,0.17302744742771048,0.23508113316924417,132108.41912436084,2989.486826353377,135097.90595071422,2794,5,644.4864864864865,36,1,17,32.88375871763975,0.6414930555555556,42.98986486486486,1028.0405405405404,28.556681681681678,0
2852,4,1,0,38,0.02631578947368421,0.0,1.0,38,850,700,150,0.8235294117647058,10,7,3,386.414349290077,0.7809684684684685,0.17056613296694034,0.23261697678559162,132369.793169533,2629.9174986534354,134999.71066818642,2795,0,628.5,37,1,18,32.79468566862015,0.6421734234234234,42.73574561403509,1029.05701754386,27.81235182550973,0
2853,4,0,0,38,0.0,0.0,1.0,38,850,500,350,0.5882352941176471,12,5,7,390.03306767235233,0.7805832147937412,0.17915248975914966,0.2353535196205745,132459.27047902497,2732.708138512796,135191.97861753777,2796,1,629.5,34,4,18,32.611262094753485,0.649203431372549,42.648809523809526,1029.4047619047622,30.276610644257712,0
2854,4,1,1,38,0.02564102564102564,0.02564102564102564,0.9743589743589743,39,850,500,350,0.5882352941176471,12,5,7,382.22622619713604,0.7869995501574449,0.170917133181284,0.2324687375723564,132755.59413580244,2348.533950617276,135104.12808641972,2797,0,614.3333333333334,35,4,17,32.51347708894879,0.65,42.36111111111111,1030.5555555555552,29.444444444444436,0
2855,4,0,0,38,0.0,0.0,1.0,38,600,200,400,0.3333333333333333,10,2,8,386.54660252093464,0.7793978188715031,0.1719200428095491,0.23431025667720287,132629.89921932077,2653.527387184492,135283.42660650527,2798,3,631.5,36,2,17,32.52888014285194,0.6467013888888888,42.48310810810811,1030.0675675675684,28.61298798798801,0
2856,4,0,1,37,0.0,0.02631578947368421,0.9736842105263158,38,1050,800,250,0.7619047619047619,13,8,5,376.91460311503073,0.7781827880512091,0.13914635904830552,0.22464701198070924,131992.6741564201,2355.325891770165,134348.00004819027,2799,4,632.5,36,2,16,33.41963470319635,0.6403356481481481,43.102477477477485,1027.5900900900913,28.5441691691692,4
2857,4,0,0,37,0.0,0.0,1.0,37,950,600,350,0.631578947368421,13,6,7,383.82992089223933,0.7708333333333334,0.14923374541921075,0.22842011534898254,131934.82069485035,2728.1063580472487,134662.9270528976,2800,11,650.4864864864865,36,1,17,33.30044941357009,0.6397569444444444,43.15878378378379,1027.3648648648657,28.537912912912937,0
2858,4,0,0,37,0.0,0.0,1.0,37,1150,700,450,0.6086956521739131,16,7,9,386.97595272761885,0.7704579579579579,0.14329742164116155,0.23134927782910505,132108.41912436092,2824.556270797836,134932.97539515875,2801,12,651.4864864864865,36,1,17,33.044190674407574,0.6414930555555556,42.98986486486487,1028.0405405405413,28.556681681681702,0
2859,4,0,0,37,0.0,0.0,1.0,37,900,500,400,0.5555555555555556,13,5,8,387.18354019130453,0.7694569569569569,0.1451899824476759,0.23182773150733138,132166.3106307321,2834.5240088061055,135000.8346395382,2802,13,652.4864864864865,36,1,17,32.98036907239075,0.6420717592592593,42.93355855855856,1028.265765765766,28.562937937937946,0
2860,4,0,0,37,0.0,0.0,1.0,37,1050,800,250,0.7619047619047619,13,8,5,383.65212610204424,0.771021021021021,0.14134892501435092,0.23024168986965,132253.17166828993,2747.8420988556136,135001.01376714554,2803,14,653.4864864864865,36,1,17,32.983450113130424,0.6429398148148149,42.8490990990991,1028.6036036036037,28.572322322322325,0
2861,4,1,1,37,0.02631578947368421,0.02631578947368421,0.9736842105263158,38,1050,800,250,0.7619047619047619,13,8,5,376.27047642461577,0.7787754860123282,0.13250189322226458,0.22739824444792,132517.14677640604,2372.616510404304,134889.76328681034,2804,0,637.2631578947369,35,3,17,32.90711181055158,0.6476190476190475,42.592592592592595,1029.6296296296298,29.41798941798942,0
2862,4,0,0,37,0.0,0.0,1.0,37,700,500,200,0.7142857142857143,9,5,4,384.09319527711654,0.7689564564564565,0.13778594694625257,0.23158087631561725,132428.63520408166,2772.9875283446763,135201.62273242633,2805,16,655.4864864864865,34,3,17,32.79503045724421,0.6488970588235294,42.67857142857143,1029.2857142857144,30.273109243697483,0
2863,4,0,0,37,0.0,0.0,1.0,37,650,400,250,0.6153846153846154,9,4,5,385.1722823390314,0.7683933933933934,0.14037554724339318,0.23279909643258448,132520.55165816328,2808.6486678004567,135329.20032596373,2806,17,656.4864864864865,34,3,17,32.67453848229082,0.6498161764705883,42.589285714285715,1029.6428571428573,30.28361344537816,0
2864,4,0,0,37,0.0,0.0,1.0,37,850,800,50,0.9411764705882353,9,8,1,385.8426881706968,0.7677052052052052,0.1415177748549612,0.2335846812711474,132581.84700963707,2831.14725056688,135412.99426020397,2807,18,657.4864864864865,34,3,18,32.59546102570029,0.6504289215686274,42.5297619047619,1029.8809523809516,30.290616246498576,0
2865,4,0,0,37,0.0,0.0,1.0,37,1000,800,200,0.8,12,8,4,381.4618667593728,0.7655780780780781,0.13540990158365407,0.231877381929012,132735.1473922902,2726.679421768705,135461.8268140589,2808,19,658.4864864864865,34,3,16,32.55376809919901,0.6519607843137255,42.38095238095238,1030.4761904761904,30.308123249299715,0
2866,4,0,0,37,0.0,0.0,1.0,37,800,400,400,0.5,12,4,8,380.29132729783464,0.7647022022022022,0.13166116803950323,0.23173417333370502,132827.17013888882,2702.6041666666624,135529.77430555547,2809,20,659.4864864864865,34,3,16,32.49124225276206,0.6528799019607843,42.291666666666664,1030.8333333333328,30.318627450980376,0
2867,4,0,0,37,0.0,0.0,1.0,37,650,300,350,0.46153846153846156,10,3,7,380.66862744042254,0.7653278278278278,0.13490424157706538,0.2325353773546501,132919.2247732426,2719.63577097505,135638.86054421766,2810,21,660.4864864864865,34,3,17,32.38883437235433,0.6537990196078431,42.20238095238095,1031.190476190476,30.329131652661058,0
2868,4,1,0,38,0.02631578947368421,0.0,1.0,38,750,200,550,0.26666666666666666,13,2,11,374.69484606567596,0.7742709815078236,0.1291007788529619,0.2308203057255406,133233.13185871052,2384.3535665294867,135617.48542524,2811,0,644.078947368421,35,3,18,32.227204783258586,0.6547619047619049,41.898148148148145,1032.4074074074072,29.49735449735449,0
2869,4,0,0,38,0.0,0.0,1.0,38,1000,500,500,0.5,15,5,10,377.33047693345964,0.7724928876244666,0.12980962042039224,0.2331923252184342,133352.65024862808,2463.6038237311195,135816.2540723592,2812,1,645.078947368421,35,3,18,32.039070670850144,0.6559523809523811,41.7824074074074,1032.8703703703688,29.510582010581967,0
2870,4,0,0,38,0.0,0.0,1.0,38,1150,800,350,0.6956521739130435,15,8,7,377.2876768288484,0.7706555239449976,0.13149407728027773,0.2343069821336235,133533.73724489767,2476.1802843565056,136009.91752925416,2813,2,646.078947368421,34,4,18,31.858298779083164,0.6599264705882355,41.60714285714284,1033.5714285714262,30.399159663865476,0
2871,4,0,0,38,0.0,0.0,1.0,38,1200,900,300,0.75,15,9,6,380.57861525158205,0.7702110004741584,0.13327576280944142,0.23694087981792017,133626.03635204065,2571.042375283424,136197.0787273241,2814,3,647.078947368421,34,4,18,31.680579543273833,0.6608455882352942,41.51785714285713,1033.92857142857,30.409663865546175,0
2872,4,0,0,38,0.0,0.0,1.0,38,1100,800,300,0.7272727272727273,14,8,6,383.4208425535675,0.7672475106685633,0.13947868777188477,0.24023586217739637,133861.20119866682,2665.0349097650897,136526.2361084319,2815,4,648.078947368421,35,3,17,31.37104816761734,0.6610119047619047,41.29050925925926,1034.8379629629628,29.566798941798936,0
2873,4,0,0,38,0.0,0.0,1.0,38,850,500,350,0.5882352941176471,12,5,7,381.08717009994194,0.767395685158843,0.14113548630072503,0.23935699784928952,133951.04595336085,2609.405006858721,136560.45096021958,2816,5,649.078947368421,35,3,17,31.341308884913538,0.6619047619047618,41.20370370370371,1035.185185185186,29.576719576719597,0
2874,4,0,0,38,0.0,0.0,1.0,38,1000,800,200,0.8,12,8,4,367.7114585785053,0.767395685158843,0.11630134071078957,0.2235286085201028,132736.76155163115,2161.765639427503,134898.52719105865,2817,6,650.078947368421,37,1,12,32.906380790239055,0.6458333333333334,42.379385964912274,1030.48245614035,27.85087719298243,3
2875,4,0,0,38,0.0,0.0,1.0,38,600,100,500,0.16666666666666666,11,1,10,365.7010091871069,0.7663584637268848,0.1103371264490054,0.22314643668957598,132878.03849501768,2118.726555286238,134996.76505030392,2818,7,651.078947368421,37,1,13,32.81610035804175,0.647240990990991,42.24232456140351,1031.0307017543857,27.865694642010425,0
2876,4,0,1,37,0.0,0.02631578947368421,0.9736842105263158,38,650,300,350,0.46153846153846156,10,3,7,366.2841778916186,0.7646100047415837,0.11556453327663196,0.2240096864270849,132962.84072983998,2140.4369613727326,135103.27769121272,2819,8,652.078947368421,37,1,13,32.715819689559844,0.6480855855855856,42.16008771929825,1031.3596491228072,27.874585111427223,0
2877,4,0,0,37,0.0,0.0,1.0,37,650,500,150,0.7692307692307693,8,5,3,373.9197114620518,0.7561311311311312,0.11928274428274444,0.22753412229392955,132774.93709926153,2529.4332339095986,135304.37033317113,2820,31,670.4864864864865,36,1,13,32.7080146416084,0.6481481481481481,42.34234234234235,1030.6306306306315,28.62862862862865,0
2878,4,1,0,38,0.02631578947368421,0.0,1.0,38,550,400,150,0.7272727272727273,7,4,3,367.80687558513387,0.7633653390232338,0.1250797024442083,0.22562338326311024,133075.95245652518,2189.2500577100745,135265.20251423525,2821,0,653.8157894736842,37,1,15,32.562876372653214,0.6492117117117115,42.05043859649123,1031.7982456140357,27.886439070649615,0
2879,4,0,0,38,0.0,0.0,1.0,38,1350,1100,250,0.8148148148148148,16,11,5,373.09228192320296,0.7619132290184922,0.12910249601699397,0.22973602578855193,133217.40974386365,2340.4774786472963,135557.88722251094,2822,1,654.8157894736842,37,1,15,32.28436448929014,0.6506193693693693,41.913377192982466,1032.3464912280715,27.90125651967761,0
2880,4,0,0,38,0.0,0.0,1.0,38,400,200,200,0.5,6,2,4,373.09228192320296,0.7619132290184922,0.12910249601699397,0.22973602578855193,133217.40974386365,2340.4774786472963,135557.88722251094,2823,2,655.8157894736842,37,1,15,32.28436448929014,0.6506193693693693,41.913377192982466,1032.3464912280715,27.90125651967761,0
2881,4,0,0,38,0.0,0.0,1.0,38,1050,700,350,0.6666666666666666,14,7,7,372.66184538143466,0.7606092935040304,0.13010935343454721,0.23017061781296613,133330.62967691993,2337.4477002539384,135668.07737717387,2824,3,656.8157894736842,37,1,15,32.18173815337793,0.6517454954954953,41.803728070175445,1032.785087719299,27.913110478899977,0
2882,4,0,0,38,0.0,0.0,1.0,38,800,600,200,0.75,10,6,4,374.7683839801715,0.7590979137031769,0.13638293355975373,0.23200182088443996,133415.5761869037,2399.9879770698735,135815.56416397355,2825,4,657.8157894736842,37,1,15,32.042029293143706,0.6525900900900901,41.72149122807018,1033.1140350877197,27.922000948316747,0
2883,4,0,0,38,0.0,0.0,1.0,38,800,700,100,0.875,9,7,2,373.6562887325133,0.7593053579895686,0.13424207064813776,0.23219893433628258,133557.21381819417,2380.898569752246,135938.11238794643,2826,5,658.8157894736842,37,1,16,31.928569534316342,0.6539977477477477,41.58442982456141,1033.6622807017554,27.93681839734474,0
2884,4,0,0,38,0.0,0.0,1.0,38,450,100,350,0.2222222222222222,8,1,7,373.41050874147,0.7592460881934566,0.13347120585427907,0.2324018275196912,133613.88991083798,2378.5661213065614,135992.45603214455,2827,6,659.8157894736842,37,1,16,31.878049103828616,0.6545608108108107,41.5296052631579,1033.8815789473688,27.942745376955912,0
2885,4,0,0,38,0.0,0.0,1.0,38,800,500,300,0.625,11,5,6,374.27493145885586,0.7599869606448554,0.13337574215436776,0.23347626676719127,133698.9265927979,2408.0313173284203,136106.95791012634,2828,7,660.8157894736842,37,1,16,31.77039157478088,0.6554054054054053,41.44736842105264,1034.2105263157905,27.951635846372717,0
2886,4,0,0,38,0.0,0.0,1.0,38,850,500,350,0.5882352941176471,12,5,7,375.19490533580165,0.760164770033191,0.14285714285714302,0.2347704991212614,133812.35091566626,2441.142466912887,136253.49338257915,2829,8,661.8157894736842,37,1,15,31.632842306061892,0.6565315315315315,41.33771929824561,1034.6491228070167,27.963489805595046,0
2887,4,0,0,38,0.0,0.0,1.0,38,950,600,350,0.631578947368421,13,6,7,375.22458822223615,0.7597795163584637,0.1453014090475686,0.23533188626110865,133897.45071800935,2448.3231619344383,136345.7738799438,2830,9,662.8157894736842,37,1,15,31.54675195112477,0.6573761261261262,41.25548245614035,1034.9780701754382,27.972380275011844,0
2888,4,0,0,38,0.0,0.0,1.0,38,1200,800,400,0.6666666666666666,16,8,8,378.48823322227173,0.7574087245139877,0.1479932224928524,0.23811221760945406,134010.95920138867,2544.314236111087,136555.27343749977,2831,10,663.8157894736842,37,1,15,31.348507712944322,0.6585022522522523,41.14583333333332,1035.416666666665,27.984234234234187,0
2889,4,0,1,37,0.0,0.02631578947368421,0.9736842105263158,38,1050,500,550,0.47619047619047616,16,5,11,379.6238164473391,0.756549312470365,0.16044790695857447,0.23663134255881407,133670.57802641203,2549.992064866121,136220.57009127815,2832,11,664.8157894736842,37,1,18,31.660547661965857,0.6551238738738738,41.47478070175439,1034.100877192983,27.94867235656711,1
2890,4,0,0,37,0.0,0.0,1.0,37,1000,700,300,0.7,13,7,6,384.28011658619505,0.7461211211211212,0.17385366198260988,0.2393799206576966,133646.82883897427,2871.5637935232753,136518.39263249753,2833,12,682.2162162162163,36,1,18,31.56402018441879,0.6568287037037036,41.49774774774776,1034.0090090090105,28.722472472472514,0
2891,4,0,0,37,0.0,0.0,1.0,37,950,800,150,0.8421052631578947,11,8,3,384.60271519118385,0.7453703703703703,0.17947593755976965,0.24014792243582805,133734.17494775204,2886.905359751667,136621.0803075037,2834,13,683.2162162162163,36,1,16,31.467973144619847,0.6576967592592592,41.4132882882883,1034.3468468468486,28.731856856856908,0
2892,4,0,0,37,0.0,0.0,1.0,37,800,600,200,0.75,10,6,4,385.16811976174546,0.7452452452452453,0.17921731047547307,0.2410711637854851,133821.54959013086,2908.7589278467876,136730.30851797765,2835,14,684.2162162162163,36,1,16,31.365639965171972,0.6585648148148147,41.32882882882884,1034.684684684686,28.74124124124128,0
2893,4,0,0,37,0.0,0.0,1.0,37,550,300,250,0.5454545454545454,8,3,5,385.4903693082041,0.7444319319319319,0.17563272108726657,0.24158420355450416,133869.08111149597,2921.0483033241085,136790.12941482008,2836,15,685.2162162162163,37,0,16,31.309599491417668,0.6570945945945945,41.28289473684211,1034.8684210526324,27.96941678520628,0
2894,4,0,0,37,0.0,0.0,1.0,37,800,500,300,0.625,11,5,6,388.2044783793305,0.7421171171171171,0.18010767306541986,0.24422484272724967,134010.9592013889,3004.7309027777824,137015.6901041667,2837,16,686.2162162162163,37,0,17,31.096998658618386,0.6585022522522521,41.145833333333336,1035.4166666666667,27.984234234234236,0
2895,4,0,0,37,0.0,0.0,1.0,37,600,500,100,0.8333333333333334,7,5,2,388.7255927054234,0.7417417417417418,0.17350853552822465,0.24530999828244066,134124.515776489,3027.5263783087225,137152.0421547977,2838,17,687.2162162162163,37,0,18,30.9695979323242,0.6596283783783783,41.03618421052632,1035.8552631578953,27.99608819345663,0
2896,4,0,0,37,0.0,0.0,1.0,37,650,300,350,0.46153846153846156,10,3,7,393.6235725976151,0.7411786786786787,0.1732544270378964,0.2487858954832687,134181.31209843422,3163.385488804264,137344.69758723848,2839,18,688.2162162162163,37,0,18,30.785775390693914,0.6601914414414414,40.981359649122815,1036.0745614035095,28.002015173067825,0
2897,4,0,0,37,0.0,0.0,1.0,37,700,600,100,0.8571428571428571,8,6,2,394.32917328147477,0.7418668668668669,0.157920021754566,0.24787592796927585,133981.00090288508,3174.849343408505,137155.8502462936,2840,19,689.2162162162163,35,2,17,30.96853456307062,0.6622023809523809,41.174768518518526,1035.300925925927,29.580026455026484,2
2898,4,0,1,36,0.0,0.02702702702702703,0.972972972972973,37,600,300,300,0.5,9,3,6,394.6010064410608,0.7418043043043043,0.15889934199793365,0.24824898759646494,134010.95920138893,3176.171875000005,137187.13107638893,2841,20,690.2162162162163,35,2,17,30.931421864520456,0.6624999999999999,41.145833333333336,1035.416666666667,29.583333333333343,0
2899,4,0,0,36,0.0,0.0,1.0,36,850,600,250,0.7058823529411765,11,6,5,398.81137934245305,0.7406084656084656,0.1558797227811315,0.25089779181417626,134010.95920138893,3489.0190972222276,137499.97829861115,2842,21,695.6111111111111,35,1,17,30.82243460764587,0.6624999999999999,41.145833333333336,1035.416666666667,29.583333333333343,0
2900,4,0,0,36,0.0,0.0,1.0,36,1000,800,200,0.8,12,8,4,398.59685384459874,0.7395171957671958,0.158071665362983,0.25137725476076916,134100.85419077933,3490.435715663583,137591.28990644292,2843,22,696.6111111111111,35,1,17,30.737722091853843,0.6633928571428571,41.05902777777778,1035.763888888889,29.59325396825397,0
2901,4,0,0,36,0.0,0.0,1.0,36,950,600,350,0.631578947368421,13,6,7,401.85726915308817,0.7384920634920635,0.16540065534703619,0.25405552778661344,134190.77932098773,3585.1080246913716,137775.8873456791,2844,23,697.6111111111111,35,1,17,30.563002680965162,0.6642857142857143,40.97222222222223,1036.1111111111118,29.603174603174622,0
2902,4,0,0,36,0.0,0.0,1.0,36,850,400,450,0.47058823529411764,13,4,9,405.8546940870302,0.7384259259259259,0.16798764605194627,0.2578472588391215,134370.72000385798,3706.9974922839433,138077.7174961419,2845,24,698.6111111111111,35,1,18,30.278801071667782,0.6660714285714285,40.79861111111111,1036.805555555555,29.623015873015856,0
2903,4,0,0,36,0.0,0.0,1.0,36,750,600,150,0.8,9,6,3,406.14237882653043,0.7391534391534392,0.1701140873015874,0.2584542410714286,134430.72702331972,3719.603052126215,138150.33007544593,2846,25,699.6111111111111,35,1,18,30.211123511904766,0.6666666666666665,40.74074074074075,1037.0370370370379,29.629629629629655,0
2904,4,0,0,36,0.0,0.0,1.0,36,700,500,200,0.7142857142857143,9,5,4,402.63249428778954,0.7395833333333334,0.16582679410415646,0.2568537399502819,134520.76266986036,3632.486041452343,138153.2487113127,2847,26,700.6111111111111,35,1,19,30.211819889174006,0.6675595238095238,40.65393518518519,1037.3842592592603,29.639550264550294,0
2905,4,0,0,36,0.0,0.0,1.0,36,950,800,150,0.8421052631578947,11,8,3,403.08518818603295,0.7381944444444445,0.1661121309469178,0.2575726173188756,134581.66099773243,3649.57817891174,138231.23917664416,2848,27,701.6111111111111,34,2,19,30.1390163683647,0.670343137254902,40.595238095238095,1037.6190476190475,30.51820728291316,0
2906,4,0,0,36,0.0,0.0,1.0,36,1350,800,550,0.5925925925925926,19,8,11,400.32804291908116,0.7386904761904762,0.1650195670481005,0.25728819491905425,134791.05045438957,3592.1274862825803,138383.17794067215,2849,28,702.6111111111111,35,1,17,30.000743052459505,0.6702380952380952,40.39351851851852,1038.4259259259259,29.669312169312168,0
2907,4,0,0,36,0.0,0.0,1.0,36,700,500,200,0.7142857142857143,9,5,4,398.10672626847736,0.7374338624338624,0.16045737067577903,0.25628477485891815,134851.15124528474,3537.030071159131,138388.18131644386,2850,29,703.6111111111111,35,1,17,29.998235643711457,0.6708333333333333,40.33564814814815,1038.6574074074083,29.675925925925952,0
2908,4,0,0,36,0.0,0.0,1.0,36,1300,900,400,0.6923076923076923,17,9,8,393.88131310411984,0.7365079365079366,0.15646271131902711,0.2544076567660997,134971.3930148319,3432.541902434837,138403.93491726674,2851,30,704.6111111111111,35,1,17,29.9876550085394,0.6720238095238095,40.219907407407405,1039.1203703703698,29.689153439153422,0
2909,4,0,0,36,0.0,0.0,1.0,36,800,500,300,0.625,11,5,6,395.73414814410637,0.7357804232804234,0.15056916604800796,0.2560297298511582,135031.53399348425,3487.317815500688,138518.85180898494,2852,31,705.6111111111111,35,1,17,29.879361544172223,0.6726190476190477,40.16203703703704,1039.3518518518522,29.695767195767207,0
2910,4,0,0,36,0.0,0.0,1.0,36,600,400,200,0.6666666666666666,8,4,4,395.9421849711447,0.7362433862433863,0.14534624805165897,0.2565911042864951,135091.6883680555,3497.699652777773,138589.38802083328,2853,32,706.6111111111111,35,1,17,29.813794255177015,0.6732142857142858,40.104166666666664,1039.583333333333,29.702380952380945,0
2911,4,0,0,36,0.0,0.0,1.0,36,700,600,100,0.8571428571428571,8,6,2,395.3823985997813,0.735681216931217,0.14419402708217444,0.25686990971938045,135181.9450472607,3489.712336033943,138671.65738329463,2854,33,707.6111111111111,35,1,18,29.73810517529215,0.6741071428571428,40.01736111111111,1039.9305555555547,29.712301587301564,0
2912,4,0,0,36,0.0,0.0,1.0,36,350,100,250,0.2857142857142857,6,1,5,395.3823985997813,0.735681216931217,0.14419402708217444,0.25686990971938045,135181.9450472607,3489.712336033943,138671.65738329463,2855,34,708.6111111111111,35,1,18,29.73810517529215,0.6741071428571428,40.01736111111111,1039.9305555555547,29.712301587301564,0
2913,4,0,0,36,0.0,0.0,1.0,36,700,400,300,0.5714285714285714,10,4,6,395.1777135795559,0.7341600529100529,0.148989898989899,0.2571659747964858,135242.13291162977,3488.9353727280513,138731.0682843578,2856,35,709.6111111111111,35,1,18,29.683269352027004,0.6747023809523809,39.95949074074074,1040.162037037037,29.71891534391534,0
2914,4,0,0,36,0.0,0.0,1.0,36,900,600,300,0.6666666666666666,12,6,6,394.01764126488854,0.7329034391534393,0.14789789789789798,0.2572703422376625,135362.548828125,3467.0464409722226,138829.59526909722,2857,36,710.6111111111111,35,1,18,29.59313480146814,0.6758928571428571,39.84375,1040.625,29.732142857142858,0
2915,4,0,0,36,0.0,0.0,1.0,36,950,800,150,0.8421052631578947,11,8,3,393.7039185462323,0.733234126984127,0.15135537516834097,0.25749667923536484,135422.77688025116,3463.2955836333945,138886.07246388454,2858,37,711.6111111111111,35,1,18,29.541147744542048,0.6764880952380952,39.785879629629626,1040.856481481481,29.738756613756603,0
2916,4,0,0,36,0.0,0.0,1.0,36,550,400,150,0.7272727272727273,7,4,3,394.4463435258314,0.7314814814814815,0.15865075836174114,0.2586326025042552,135513.14407578882,3490.5328360768217,139003.67691186565,2859,38,712.6111111111111,35,1,18,29.431599229287087,0.6773809523809524,39.699074074074076,1041.2037037037042,29.74867724867726,0
2917,4,0,0,36,0.0,0.0,1.0,36,1050,700,350,0.6666666666666666,14,7,7,396.50848152963374,0.730489417989418,0.15934135689620232,0.2613134209598907,135695.69160997708,3560.95210975334,139256.6437197304,2860,39,713.6111111111111,34,2,18,29.195707647775745,0.6813725490196079,39.52380952380951,1041.9047619047599,30.644257703081173,0
2918,4,0,0,36,0.0,0.0,1.0,36,850,500,350,0.5882352941176471,12,5,7,395.81342486342635,0.728968253968254,0.16224430231967935,0.26176301722841044,135819.7562358273,3551.856575963675,139371.61281179098,2861,40,714.6111111111111,34,2,19,29.09005253540428,0.6825980392156865,39.404761904761884,1042.3809523809496,30.658263305322045,0
2919,4,0,0,36,0.0,0.0,1.0,36,1000,500,500,0.5,15,5,10,395.60788974375055,0.728373015873016,0.1624809741248101,0.26253978137539774,135943.87755102015,3556.094104308358,139499.9716553285,2862,41,715.6111111111111,34,2,17,28.971651445966504,0.6838235294117648,39.28571428571427,1042.8571428571408,30.672268907562966,0
2920,4,0,0,36,0.0,0.0,1.0,36,350,100,250,0.2857142857142857,6,1,5,395.60788974375055,0.728373015873016,0.1624809741248101,0.26253978137539774,135943.87755102015,3556.094104308358,139499.9716553285,2863,42,716.6111111111111,34,2,17,28.971651445966504,0.6838235294117648,39.28571428571427,1042.8571428571408,30.672268907562966,0
2921,4,1,1,36,0.02702702702702703,0.02702702702702703,0.972972972972973,37,1250,1000,250,0.8,15,10,5,382.41767232267836,0.7351726726726726,0.15480414078192095,0.25598514368978675,136250.22985400917,3020.8991508400018,139271.12900484918,2864,0,698.2162162162163,36,1,18,29.010714414122877,0.6825810185185186,38.992117117117104,1044.0315315315297,29.000875875875824,0
2922,4,0,0,36,0.0,0.0,1.0,36,1050,700,350,0.6666666666666666,14,7,7,387.7558598203891,0.7269841269841271,0.16322563552795422,0.25880048763881874,136146.55838745253,3358.3251618226686,139504.8835492752,2865,44,718.6111111111111,35,1,18,28.974552696757975,0.6836309523809525,39.09143518518517,1043.6342592592569,29.818121693121626,0
2923,4,0,0,36,0.0,0.0,1.0,36,850,600,250,0.7058823529411765,11,6,5,386.412803136243,0.7273478835978836,0.16239742736748752,0.25812375249500985,136176.75781249974,3324.088541666637,139500.84635416637,2866,45,719.6111111111111,35,1,18,28.979540918163668,0.6839285714285716,39.062499999999986,1043.749999999998,29.821428571428513,0
2924,4,0,0,36,0.0,0.0,1.0,36,800,600,200,0.75,10,6,4,386.412803136243,0.7273478835978836,0.16239742736748752,0.25812375249500985,136176.75781249974,3324.088541666637,139500.84635416637,2867,46,720.6111111111111,35,1,18,28.979540918163668,0.6839285714285716,39.062499999999986,1043.749999999998,29.821428571428513,0
2925,4,0,0,36,0.0,0.0,1.0,36,950,600,350,0.631578947368421,13,6,7,387.1102667105655,0.728042328042328,0.16412629789749889,0.25925179777253216,136267.3761815199,3350.1000675154146,139617.47624903533,2868,47,721.6111111111111,35,1,18,28.871175590289326,0.6848214285714287,38.975694444444436,1044.097222222221,29.831349206349174,0
2926,4,0,0,36,0.0,0.0,1.0,36,1400,1000,400,0.7142857142857143,18,10,8,387.45247314440246,0.7260251322751323,0.16331215993303316,0.26059210302543756,136418.4737761486,3371.135009430699,139789.6087855793,2869,48,722.6111111111111,35,1,18,28.711961740158053,0.6863095238095239,38.831018518518505,1044.675925925924,29.847883597883545,0
2927,4,0,0,36,0.0,0.0,1.0,36,650,300,350,0.46153846153846156,10,3,7,384.91777366099154,0.725925925925926,0.16320829025747075,0.25933116870234557,136478.93625685864,3306.6336591220797,139785.5699159807,2870,49,723.6111111111111,35,1,18,28.7180623246197,0.6869047619047619,38.773148148148145,1044.907407407407,29.85449735449734,0
2928,4,0,0,36,0.0,0.0,1.0,36,1050,700,350,0.6666666666666666,14,7,7,385.34220660314713,0.7260251322751323,0.16139162637335658,0.260286123248543,136569.65509527168,3325.2104498885374,139894.86554516022,2871,50,724.6111111111111,35,1,18,28.616824456501686,0.6877976190476192,38.68634259259259,1045.2546296296289,29.86441798941797,0
2929,4,0,0,36,0.0,0.0,1.0,36,1050,900,150,0.8571428571428571,12,9,3,386.41860727844175,0.7262566137566138,0.16521503788997172,0.26123748959123383,136599.9014060355,3356.948731138527,139956.850137174,2872,51,725.6111111111111,35,1,18,28.558643342190727,0.6880952380952381,38.6574074074074,1045.370370370369,29.86772486772483,0
2930,4,0,0,36,0.0,0.0,1.0,36,950,600,350,0.631578947368421,13,6,7,386.8192568371928,0.7258597883597884,0.16168658698539184,0.26240982017874465,136720.92013888908,3377.3105281207386,140098.2306670098,2873,52,726.6111111111111,34,2,18,28.427954847277565,0.6914828431372548,38.54166666666668,1045.8333333333348,30.759803921568672,0
2931,4,0,0,36,0.0,0.0,1.0,36,650,400,250,0.6153846153846154,9,4,5,387.14319336025073,0.7250330687830688,0.16368912152935833,0.2633292866292482,136814.31405895713,3393.3460884353976,140207.6601473925,2874,53,727.6111111111111,34,2,19,28.32674290699439,0.6924019607843136,38.45238095238096,1046.1904761904777,30.770308123249347,0
2932,4,0,0,36,0.0,0.0,1.0,36,700,300,400,0.42857142857142855,11,3,8,385.8324888272821,0.72364417989418,0.16679307293641799,0.2629044633171945,136876.59438775515,3362.2874149659924,140238.88180272115,2875,54,728.6111111111111,34,2,19,28.299203640500565,0.6930147058823528,38.392857142857146,1046.4285714285718,30.777310924369758,0
2933,4,0,0,36,0.0,0.0,1.0,36,500,100,400,0.2,9,1,8,385.1635939440808,0.7230158730158731,0.16591147511975635,0.26268216868599054,136907.73986678023,3346.37542517009,140254.11529195032,2876,55,729.6111111111111,34,2,19,28.28579418344518,0.6933210784313724,38.36309523809525,1046.5476190476204,30.78081232493001,0
2934,4,0,0,36,0.0,0.0,1.0,36,900,600,300,0.6666666666666666,12,6,6,385.0662615596245,0.7234126984126985,0.16901386203672097,0.26308373254807915,136970.0414540817,3348.5083616780094,140318.5498157597,2877,56,730.6111111111111,34,2,17,28.226524887220894,0.6939338235294117,38.30357142857143,1046.7857142857147,30.787815126050432,0
2935,4,0,0,36,0.0,0.0,1.0,36,800,500,300,0.625,11,5,6,385.800544751314,0.7212632275132276,0.17300161689656912,0.26429140121748923,137063.5204081634,3375.8361678004703,140439.35657596387,2878,57,731.6111111111111,34,2,18,28.11457859633167,0.6948529411764706,38.21428571428572,1047.1428571428582,30.798319327731125,0
2936,4,0,0,36,0.0,0.0,1.0,36,550,300,250,0.5454545454545454,8,3,5,384.23491929680625,0.7210317460317461,0.1752187748607794,0.2639252970251836,137157.03125000015,3340.104166666682,140497.13541666683,2879,58,732.6111111111111,34,2,19,28.062848050914873,0.6957720588235293,38.12500000000001,1047.5000000000011,30.808823529411796,0
2937,4,0,0,36,0.0,0.0,1.0,36,700,500,200,0.7142857142857143,9,5,4,382.53961156134454,0.7215608465608466,0.17124515147051622,0.26312679056635974,137205.53090706456,3297.3100994513156,140502.84100651587,2880,59,733.6111111111111,35,1,19,28.0591766092208,0.694047619047619,38.07870370370371,1047.685185185186,29.933862433862455,0
2938,4,0,0,36,0.0,0.0,1.0,36,1000,900,100,0.9,11,9,2,381.90325762589106,0.7205026455026455,0.17191794267766003,0.2636063948978713,137326.81755829914,3289.11179698218,140615.92935528132,2881,60,734.6111111111111,35,1,19,27.955683156654896,0.6952380952380952,37.96296296296297,1048.148148148149,29.94708994708997,0
2939,4,0,0,36,0.0,0.0,1.0,36,900,500,400,0.5555555555555556,13,5,8,381.8846806003611,0.7193452380952381,0.169220909837976,0.2642852040915716,137417.81771101258,3295.5518850737403,140713.36959608633,2882,61,735.6111111111111,35,1,20,27.866049416786254,0.6961309523809522,37.87615740740741,1048.495370370371,29.957010582010597,0
2940,4,0,0,36,0.0,0.0,1.0,36,1250,800,450,0.64,17,8,9,383.20633421067413,0.718452380952381,0.17496965684651888,0.26613019210355104,137539.19813368062,3341.1783854166765,140880.3765190973,2883,62,736.6111111111111,35,1,20,27.711229725256537,0.6973214285714284,37.76041666666667,1048.958333333334,29.970238095238113,0
2941,4,0,0,36,0.0,0.0,1.0,36,850,400,450,0.47058823529411764,13,4,9,366.17333518440694,0.7180886243386244,0.1120191652100615,0.23359513190447245,134520.7626698602,2673.555919924551,137194.31858978476,2884,63,737.6111111111111,35,1,23,31.157373833165995,0.6675595238095238,40.65393518518518,1037.384259259259,29.639550264550255,8
2942,4,1,2,35,0.02702702702702703,0.05405405405405406,0.9459459459459459,37,900,600,300,0.6666666666666666,12,6,6,355.5931396293955,0.7287912912912913,0.09773096879114096,0.22897049027796867,134859.7381660997,2191.0462387758535,137050.78440487557,2885,0,718.6486486486486,34,3,20,31.093600764087874,0.6731004901960784,40.32738095238095,1038.6904761904757,30.549719887955167,0
2943,4,0,0,35,0.0,0.0,1.0,35,950,600,350,0.631578947368421,13,6,7,365.3701063832173,0.7178571428571429,0.10509131996559695,0.23429600084574081,134709.75894187338,2843.783791089975,137553.54273296337,2886,65,745.4857142857143,33,2,23,30.989429622634095,0.6739267676767677,40.4718137254902,1038.1127450980398,31.457961972667874,0
2944,4,0,0,35,0.0,0.0,1.0,35,800,500,300,0.625,11,5,6,370.1298805266228,0.7146358543417366,0.10705099030762755,0.23818152904048034,134837.0086775518,2981.4411824778817,137818.4498600297,2887,66,746.4857142857143,33,2,20,30.738815142576197,0.675189393939394,40.34926470588235,1038.6029411764698,31.472816399286963,0
2945,4,0,0,35,0.0,0.0,1.0,35,1100,900,200,0.8181818181818182,13,9,4,369.3631475575153,0.7138655462184873,0.10347198813456493,0.2378968114511776,134868.83049788536,2963.11514801998,137831.94564590533,2888,67,747.4857142857143,33,2,20,30.726954538304234,0.6755050505050505,40.31862745098039,1038.7254901960778,31.47653000594175,0
2946,4,0,0,35,0.0,0.0,1.0,35,900,600,300,0.6666666666666666,12,6,6,371.1609353854797,0.7136554621848739,0.10654038659229181,0.2392647337842364,134900.6560727844,3013.970738417903,137914.6268112023,2889,68,748.4857142857143,33,2,20,30.6484949471118,0.6758207070707072,40.287990196078425,1038.8480392156855,31.48024361259653,0
2947,4,0,0,35,0.0,0.0,1.0,35,1300,1000,300,0.7692307692307693,16,10,6,369.5674306749555,0.7149159663865545,0.10506173463371926,0.23907714565631558,135027.99591803632,2980.3899041234117,138008.38582215973,2890,69,749.4857142857143,33,2,20,30.562802145973336,0.6770833333333334,40.16544117647059,1039.3382352941176,31.495098039215684,0
2948,4,0,0,35,0.0,0.0,1.0,35,550,400,150,0.7272727272727273,7,4,3,354.17104018157306,0.7149159663865545,0.07665084160552449,0.22118983830207675,133741.455078125,2473.470052083333,136214.92513020834,2891,70,750.4857142857143,35,0,19,32.24760825780463,0.6598214285714286,41.40625,1034.375,29.553571428571427,2
2949,4,0,0,35,0.0,0.0,1.0,35,900,700,200,0.7777777777777778,11,7,4,355.84573475033164,0.7143557422969187,0.07594329822766999,0.22259657263353488,133801.32144043632,2522.5259077074697,136323.84734814378,2892,71,751.4857142857143,35,0,19,32.144372040123805,0.6604166666666667,41.348379629629626,1034.606481481481,29.560185185185173,0
2950,4,0,0,35,0.0,0.0,1.0,35,1100,900,200,0.8181818181818182,13,9,4,359.70186987368845,0.7143557422969187,0.09085100945566094,0.22592510703302446,133951.04595336074,2636.4883401920415,136587.53429355277,2893,72,752.4857142857143,35,0,20,31.894752534287424,0.6619047619047618,41.2037037037037,1035.185185185185,29.576719576719572,0
2951,4,0,0,35,0.0,0.0,1.0,35,750,600,150,0.8,9,6,3,359.8927999041185,0.7153361344537814,0.0896709192227243,0.22659823228305045,134040.92084887257,2648.0724612054128,136688.993310078,2894,73,753.4857142857143,35,0,20,31.799881710815537,0.662797619047619,41.116898148148145,1035.5324074074072,29.586640211640205,0
2952,4,0,0,35,0.0,0.0,1.0,35,850,600,250,0.7058823529411765,11,6,5,354.3562338637006,0.7149159663865545,0.04054446940663392,0.2139994909534415,132489.90929705213,2399.132340854283,134889.04163790643,2895,74,754.4857142857143,34,1,22,33.49859312365093,0.6495098039215687,42.61904761904761,1029.5238095238092,30.280112044817916,5
2953,4,0,0,35,0.0,0.0,1.0,35,1000,700,300,0.7,13,7,6,355.07064232674566,0.7141456582633052,0.03938973647711497,0.2151310362332635,132612.49999999988,2417.361111111098,135029.86111111098,2896,75,755.4857142857143,34,1,23,33.35693096008629,0.6507352941176471,42.49999999999999,1029.999999999999,30.294117647058798,0
2954,4,0,0,35,0.0,0.0,1.0,35,1000,700,300,0.7,13,7,6,355.3696112397801,0.7145658263305321,0.03465284426689563,0.2156639982937625,132673.8166099771,2429.6485260770687,135103.46513605418,2897,76,756.4857142857143,34,1,19,33.28759340574685,0.6513480392156864,42.440476190476176,1030.2380952380934,30.301120448179216,0
2955,4,1,0,36,0.027777777777777776,0.0,1.0,36,850,600,250,0.7058823529411765,11,6,5,346.89495429655875,0.7266534391534392,0.035915615918983734,0.21182228566333372,132904.73257726748,2020.7962266374998,134925.52880390498,2898,0,736.4444444444445,35,1,20,33.27405339170129,0.6514880952380953,42.216435185185176,1031.1342592592578,29.460978835978793,0
2956,4,0,0,36,0.0,0.0,1.0,36,550,300,250,0.5454545454545454,8,3,5,350.2985949333406,0.7279761904761906,0.03995100789109607,0.21458497433957804,133024.1036120754,2119.631317515415,135143.73492959084,2899,1,737.4444444444445,35,1,20,33.06651800740491,0.6526785714285714,42.100694444444436,1031.5972222222208,29.47420634920631,0
2957,4,0,0,36,0.0,0.0,1.0,36,400,200,200,0.5,6,2,4,351.20679749440876,0.7270833333333334,0.04292249395457892,0.2153134382988414,133053.95474322676,2145.8906678669127,135199.84541109367,2900,2,738.4444444444445,35,1,20,33.013144117867036,0.6529761904761906,42.071759259259245,1031.7129629629608,29.477513227513164,0
2958,4,0,0,36,0.0,0.0,1.0,36,650,500,150,0.7692307692307693,8,5,3,355.7568698705772,0.7273809523809525,0.015528063644989265,0.2135008705254831,132253.17166828996,2209.9948766333914,134463.16654492336,2901,3,739.4444444444445,36,0,22,33.70077914020874,0.6429398148148149,42.8490990990991,1028.603603603604,28.572322322322332,2
2959,4,1,0,37,0.02702702702702703,0.0,1.0,37,550,400,150,0.7272727272727273,7,4,3,347.53724733205826,0.7408033033033034,0.018597219226645256,0.21019978854611268,132546.94097490123,1813.1583217468713,134360.09929664808,2902,0,720.4324324324324,35,2,23,33.616785620621194,0.6479166666666667,42.5636574074074,1029.7453703703688,29.42129629629625,0
2960,4,0,0,37,0.0,0.0,1.0,37,650,200,450,0.3076923076923077,11,2,9,345.6526177323672,0.7401776776776777,0.017459131417324247,0.20922564575391844,132576.73852237643,1765.0993441357875,134341.8378665122,2903,1,721.4324324324324,35,2,23,33.635367498314224,0.6482142857142857,42.534722222222214,1029.8611111111102,29.42460317460315,0
2961,4,1,2,36,0.02631578947368421,0.05263157894736842,0.9473684210526316,38,1050,900,150,0.8571428571428571,12,9,3,336.4044477485078,0.7503852536747274,0.01505518368443437,0.20542515757317953,132906.30290089248,1342.054285934118,134248.3571868266,2904,0,703.421052631579,37,1,18,33.54290727350063,0.6475225225225225,42.214912280701746,1031.140350877192,27.868658131816,0
2962,4,0,0,36,0.0,0.0,1.0,36,800,500,300,0.625,11,5,6,348.4538211530069,0.7283068783068783,0.01322885069093438,0.21142382154621087,132666.15125868045,2045.605468749995,134711.75672743045,2905,7,743.4444444444445,35,1,18,33.473415908324924,0.6491071428571429,42.447916666666664,1030.2083333333326,29.43452380952379,0
2963,4,0,0,36,0.0,0.0,1.0,36,850,600,250,0.7058823529411765,11,6,5,346.84674906579625,0.7284060846560847,0.013143512952234815,0.210570730404975,132687.90486009675,2004.4736882152554,134692.378548312,2906,8,744.4444444444445,36,0,18,33.49295915764927,0.6472800925925926,42.42680180180181,1030.292792792794,28.61924424424428,0
2964,4,0,0,36,0.0,0.0,1.0,36,800,500,300,0.625,11,5,6,347.7685243624381,0.728042328042328,0.011903894716394747,0.21162084673969653,132774.93709926156,2034.9887894651547,134809.92588872672,2907,9,745.4444444444445,36,0,18,33.38182000291376,0.6481481481481481,42.34234234234235,1030.6306306306317,28.628628628628658,0
2965,4,0,0,36,0.0,0.0,1.0,36,950,600,350,0.631578947368421,13,6,7,347.01788579528534,0.7285714285714286,0.017960293189650978,0.21181971748944228,132891.02447041645,2023.1124705786945,134914.13694099514,2908,10,746.4444444444445,36,0,18,33.28464030872287,0.6493055555555556,42.22972972972973,1031.0810810810817,28.64114114114116,0
2966,4,0,0,36,0.0,0.0,1.0,36,500,400,100,0.8,6,4,2,348.4004923225486,0.7271494708994709,0.02075978697334735,0.21315965993201247,132978.12328798414,2065.9287243324625,135044.0520123166,2909,11,747.4444444444445,36,0,18,33.16159879171671,0.650173611111111,42.14527027027028,1031.4189189189206,28.65052552552557,0
2967,4,0,0,36,0.0,0.0,1.0,36,850,600,250,0.7058823529411765,11,6,5,351.5676857181888,0.7272817460317461,0.023661877917197316,0.21610448287103984,133152.40652392275,2162.4166818846084,135314.82320580736,2910,12,748.4444444444445,36,0,18,32.90507364975449,0.6519097222222221,41.97635135135136,1032.094594594596,28.669294294294332,0
2968,4,0,0,36,0.0,0.0,1.0,36,650,400,250,0.6153846153846154,9,4,5,353.09219117539595,0.7271494708994709,0.029038337999830688,0.21738053166587354,133210.52629910322,2207.119323715619,135417.64562281885,2911,13,749.4444444444445,36,0,18,32.807443365695796,0.6524884259259258,41.92004504504505,1032.3198198198204,28.675550550550568,0
2969,4,0,0,36,0.0,0.0,1.0,36,950,800,150,0.8421052631578947,11,8,3,356.67975364927275,0.7272817460317461,0.034853220901634785,0.22027676907188415,133326.80389426582,2310.9943135703193,135637.79820783614,2912,14,750.4444444444445,36,0,18,32.59822629302512,0.6536458333333335,41.80743243243243,1032.7702702702697,28.688063063063048,0
2970,4,0,0,36,0.0,0.0,1.0,36,850,600,250,0.7058823529411765,11,6,5,355.92573122583036,0.7265211640211641,0.038099045403886755,0.21998320800561422,133355.88121905687,2292.957907231558,135648.83912628843,2913,15,751.4444444444445,36,0,18,32.58853939526095,0.6539351851851851,41.77927927927928,1032.8828828828828,28.691191191191187,0
2971,4,0,0,36,0.0,0.0,1.0,36,700,500,200,0.7142857142857143,9,5,4,356.13918147321147,0.7271494708994709,0.035741972213137796,0.22028757327402343,133384.961714248,2300.722217149578,135685.68393139757,2914,16,752.4444444444445,36,0,18,32.55387187034413,0.6542245370370371,41.751126126126124,1032.995495495495,28.69431931931931,0
2972,4,0,0,36,0.0,0.0,1.0,36,700,600,100,0.8571428571428571,8,6,2,366.2505310080639,0.7271494708994709,0.04290165678674551,0.20130010388488312,128848.62075617275,2243.24779452875,131091.8685507015,2915,17,753.4444444444445,35,1,17,36.884404924760595,0.6107142857142858,46.18055555555555,1015.277777777777,29.00793650793649,8
2973,4,3,2,37,0.07692307692307693,0.05128205128205128,0.9487179487179487,39,1200,900,300,0.75,15,9,6,345.3820941802274,0.7677125506072875,0.04498548291181348,0.19325578246878333,129554.63927469103,1149.1705246913193,130703.80979938235,2916,0,696.4102564102565,38,1,18,36.695657116871296,0.6121162280701755,45.48611111111109,1018.0555555555528,26.790935672514546,0
2974,4,0,0,37,0.0,0.0,1.0,37,1150,900,250,0.782608695652174,14,9,5,359.9334538117009,0.7441816816816816,0.04810523543915979,0.20017973859773897,129315.90374157936,1909.0239732976192,131224.92771487698,2917,1,735.0540540540541,36,1,18,36.56835879834662,0.6134259259259259,45.72072072072072,1017.1171171171167,28.25325325325324,0
2975,4,3,3,37,0.075,0.075,0.925,40,1100,800,300,0.7272727272727273,14,8,6,341.5835877815535,0.7787393162393162,0.04204812506386024,0.19290701521165982,129917.22140842017,875.5181206597256,130792.73952907989,2918,0,680.85,39,1,18,36.42427454786963,0.6140491452991453,45.130208333333336,1019.479166666667,26.140491452991462,0
2976,4,0,0,37,0.0,0.0,1.0,37,1000,800,200,0.8,12,8,4,362.68730695216885,0.7454329329329329,0.04777495716758917,0.20274153169701037,129516.42679419306,1994.7928080107356,131511.21960220378,2919,3,737.0540540540541,36,1,18,36.294114393185076,0.6154513888888888,45.52364864864866,1017.9054054054071,28.275150150150196,0
2977,4,0,0,37,0.0,0.0,1.0,37,950,800,150,0.8421052631578947,11,8,3,361.9053556002308,0.7449324324324325,0.0463866851926551,0.20319267171968308,129688.4273420383,1986.9872828910359,131675.41462492934,2920,4,738.0540540540541,36,1,18,36.13898102082182,0.6171874999999998,45.35472972972975,1018.5810810810835,28.293918918918987,0
2978,4,0,0,37,0.0,0.0,1.0,37,1550,1200,350,0.7741935483870968,19,12,7,359.08170104340087,0.7456206206206206,0.040452431655879195,0.20219852599513025,129803.15778193776,1921.9877394286636,131725.14552136642,2921,5,739.0540540540541,36,1,18,36.094227723136996,0.6183449074074072,45.24211711711714,1019.0315315315349,28.306431431431527,0
2979,4,0,0,37,0.0,0.0,1.0,37,950,500,450,0.5263157894736842,14,5,9,355.78375757566266,0.744994994994995,0.04473253633660179,0.20078270408821103,129889.23890106348,1842.4962969726794,131731.73519803616,2922,6,740.0540540540541,36,1,18,36.09078104286347,0.6192129629629628,45.15765765765767,1019.3693693693714,28.31581581581587,0
2980,4,0,0,37,0.0,0.0,1.0,37,950,700,250,0.7368421052631579,12,7,5,355.3406907333747,0.7458083083083084,0.04096577531489798,0.20127083401952353,130032.77084094255,1841.1869217190506,131873.9577626616,2923,7,741.0540540540541,36,1,18,35.95630451584411,0.6206597222222221,45.01689189189191,1019.9324324324346,28.331456456456515,0
2981,4,1,0,38,0.02631578947368421,0.0,1.0,38,900,600,300,0.6666666666666666,12,6,6,346.5185267395011,0.7574976292081556,0.05695916476463747,0.19829033139466812,130430.54112803961,1439.319790704854,131869.86091874447,2924,0,722.5263157894736,37,1,20,35.778052096751104,0.6227477477477477,44.62719298245615,1021.4912280701772,27.607871028923707,0
2982,4,1,1,38,0.02564102564102564,0.02564102564102564,0.9743589743589743,39,750,400,350,0.5333333333333333,11,4,7,341.05600377354784,0.7656882591093118,0.06038099831203314,0.19638423321978657,130671.89554569364,1113.2869000657488,131785.1824457594,2925,0,704.974358974359,38,1,17,35.67332810867295,0.6233552631578947,44.39102564102564,1022.4358974358976,26.906207827260463,0
2983,4,0,0,38,0.0,0.0,1.0,38,1050,700,350,0.6666666666666666,14,7,7,349.84168755528606,0.757230915125652,0.06519235004150215,0.20091647379561436,130570.58572108728,1535.8068107494648,132106.39253183675,2926,2,724.5263157894736,37,1,17,35.55133122340234,0.6241554054054053,44.49013157894737,1022.0394736842107,27.62268847795164,0
2984,4,0,0,38,0.0,0.0,1.0,38,850,700,150,0.8235294117647058,10,7,3,345.8238613085696,0.7579421526789948,0.06864117398052727,0.19918514556531264,130682.67549871115,1438.6374894198182,132121.31298813096,2927,3,725.5263157894736,37,1,18,35.540549597855225,0.6252815315315314,44.38048245614035,1022.4780701754387,27.63454243717402,0
2985,4,0,0,38,0.0,0.0,1.0,38,800,600,200,0.75,10,6,4,345.8238613085696,0.7579421526789948,0.06864117398052727,0.19918514556531264,130682.67549871115,1438.6374894198182,132121.31298813096,2928,4,726.5263157894736,37,1,18,35.540549597855225,0.6252815315315314,44.38048245614035,1022.4780701754387,27.63454243717402,0
2986,4,0,0,38,0.0,0.0,1.0,38,650,500,150,0.7692307692307693,8,5,3,345.75557284661596,0.7571123755334281,0.06553977417006651,0.199434893502807,130738.73842191831,1440.7294792628518,132179.46790118117,2929,5,727.5263157894736,37,1,18,35.48557503305815,0.6258445945945945,44.32565789473684,1022.6973684210529,27.640469416785216,0
2987,4,0,0,38,0.0,0.0,1.0,38,1150,900,250,0.782608695652174,14,9,5,348.2470430684884,0.7559862494073021,0.0677577999864647,0.2016030648830727,130878.9483302554,1515.6413511849767,132394.58968144038,2930,6,728.5263157894736,37,1,18,35.2800400057151,0.6272522522522522,44.18859649122807,1023.2456140350872,27.655286865813167,0
2988,4,0,0,38,0.0,0.0,1.0,38,800,400,400,0.5,12,4,8,352.7471326328883,0.7537043622569939,0.06814478617540098,0.20465472238210158,130963.11034404818,1639.372330909513,132602.4826749577,2931,7,729.5263157894736,37,1,18,35.07978485984646,0.6280968468468469,44.10635964912281,1023.5745614035088,27.66417733522997,0
2989,4,0,0,38,0.0,0.0,1.0,38,1150,900,250,0.782608695652174,14,9,5,353.5446537881324,0.7520744428639166,0.07399977459709195,0.20586702408860064,131103.44048168656,1670.1840951061706,132773.62457679273,2932,8,730.5263157894736,37,1,20,34.91746966452532,0.6295045045045045,43.96929824561403,1024.122807017543,27.678994784257917,0
2990,4,0,0,38,0.0,0.0,1.0,38,900,600,300,0.6666666666666666,12,6,6,354.4835745449427,0.7510075865339023,0.08257480173035314,0.20701840753424652,131215.75869498303,1702.7662357648423,132918.52493074787,2933,9,731.5263157894736,37,1,20,34.779894406392685,0.6306306306306306,43.859649122807014,1024.5614035087715,27.69084874348031,0
2991,4,1,1,38,0.02564102564102564,0.02564102564102564,0.9743589743589743,39,1200,900,300,0.75,15,9,6,348.112620963139,0.7564664867296447,0.07529481423002915,0.2047953117288806,131496.76462950138,1355.1847683902715,132851.94939789164,2934,0,713.7435897435897,37,2,21,34.65941486708004,0.6334459459459459,43.58552631578947,1025.657894736842,27.720483641536273,0
2992,4,0,0,38,0.0,0.0,1.0,38,800,500,300,0.625,11,5,6,355.6084341331218,0.7503556187766715,0.07958921694480114,0.20828493999225708,131328.125,1740.2777777777776,133068.40277777778,2935,11,733.5263157894736,36,2,21,34.63753387533876,0.6336805555555556,43.75,1025.0,28.47222222222222,0
2993,4,3,0,41,0.07317073170731707,0.0,1.0,41,950,600,350,0.631578947368421,13,6,7,328.9737488647054,0.7770833333333333,0.05681347825420424,0.18626236101200927,130017.30974687696,376.15774983562454,130393.46749671258,2936,0,680.780487804878,38,3,17,36.644275089042544,0.6167763157894738,45.03205128205128,1019.871794871794,26.83873144399458,8
2994,4,0,0,41,0.0,0.0,1.0,41,650,600,50,0.9230769230769231,7,6,1,330.12285159331657,0.776829268292683,0.056443949441588925,0.18717416787488023,130071.79578493668,387.9344272773571,130459.73021221404,2937,1,681.780487804878,38,3,18,36.559794372294355,0.6173245614035088,44.97863247863247,1020.0854700854691,26.844354475933397,0
2995,4,2,2,41,0.046511627906976744,0.046511627906976744,0.9534883720930233,43,800,600,200,0.75,10,6,4,318.03297008171,0.7945275009228497,0.0637719107517083,0.18229780394535405,130496.11363110568,-299.5866795558354,130196.52695154984,2938,0,651.0232558139535,40,3,13,36.43926961076852,0.6182291666666667,44.56300813008129,1021.7479674796737,25.54369918699184,0
2996,4,1,1,41,0.023809523809523808,0.023809523809523808,0.9761904761904762,42,1100,800,300,0.7272727272727273,14,8,6,323.6477426626841,0.7849883855981417,0.0587481585691072,0.18539206592524007,130470.15587819749,45.2742869654262,130515.43016516292,2939,0,667.5,40,2,19,36.322076328790736,0.6179687500000001,44.58841463414634,1021.6463414634145,25.541158536585364,0
2997,4,0,0,41,0.0,0.0,1.0,41,750,500,250,0.6666666666666666,10,5,5,329.8772780073233,0.7766260162601626,0.06052163530304333,0.18859747585200026,130395.54172092007,402.9052734374897,130798.44699435755,2940,4,684.780487804878,39,2,20,36.23842002379738,0.6188568376068377,44.66145833333333,1021.3541666666661,26.18856837606836,0
2998,4,0,0,41,0.0,0.0,1.0,41,400,300,100,0.75,5,3,2,328.5567461329854,0.7772357723577236,0.05853061589967368,0.18797126327771602,130422.1408420138,370.2148437499948,130792.3556857638,2941,5,685.780487804878,39,2,20,36.24524100890612,0.6191239316239316,44.635416666666664,1021.4583333333326,26.191239316239297,0
2999,4,0,0,41,0.0,0.0,1.0,41,1100,800,300,0.7272727272727273,14,8,6,326.87528865247145,0.7779979674796748,0.0579308698581944,0.187394488976744,130501.95448133668,331.5728081597168,130833.5272894964,2942,6,686.780487804878,39,2,14,36.20750076460395,0.6199252136752137,44.557291666666664,1021.7708333333323,26.19925213675211,0
3000,4,1,1,41,0.023809523809523808,0.023809523809523808,0.9761904761904762,42,1050,800,250,0.7619047619047619,13,8,5,313.1591102107193,0.7849883855981417,0.02899383653332266,0.18107827469794988,130833.79937743722,-205.6407602948088,130628.15861714241,2943,0,671.4047619047619,40,2,15,36.223138306678614,0.6216145833333333,44.23272357723577,1023.0691056910556,25.57672764227639,6
3001,4,0,0,41,0.0,0.0,1.0,41,950,700,250,0.7368421052631579,12,7,5,318.8554884043121,0.7764227642276422,0.030301525011176667,0.18418593506649103,130794.81336805574,140.92881944446432,130935.7421875002,2944,8,688.780487804878,39,2,17,36.11676849966055,0.6228632478632478,44.27083333333334,1022.9166666666681,26.228632478632516,0
3002,4,0,0,41,0.0,0.0,1.0,41,950,700,250,0.7368421052631579,12,7,5,318.81735197159503,0.7767276422764228,0.032293547001437384,0.18454583667748867,130874.74093967033,145.02766927085332,131019.76860894119,2945,9,689.780487804878,39,2,17,36.0371279989141,0.6236645299145298,44.19270833333334,1023.2291666666682,26.23664529914534,0
3003,4,1,0,42,0.023809523809523808,0.0,1.0,42,1000,800,200,0.8,12,8,4,315.75302088633055,0.7826171118854046,0.055072924880226415,0.18432908121498784,131201.04762101598,-114.57457404257843,131086.4730469734,2946,0,674.3333333333334,41,1,18,35.78675236435234,0.6237296747967479,43.87400793650794,1024.5039682539682,24.98790166473093,0
3004,4,1,1,42,0.023255813953488372,0.023255813953488372,0.9767441860465116,43,1150,700,450,0.6086956521739131,16,7,9,310.5277626731169,0.7828073089700996,0.06815979350150325,0.183216694200117,131607.9117555588,-426.3564106197919,131181.555344939,2947,0,659.6279069767442,41,2,16,35.51143688162688,0.6277947154471544,43.477182539682545,1026.0912698412706,25.026616337591964,0
3005,4,0,0,42,0.0,0.0,1.0,42,1150,800,350,0.6956521739130435,15,8,7,315.2539466697626,0.7782617111885405,0.07413058988699417,0.18625368808102216,131658.81406092548,-98.8078506865512,131560.00621023893,2948,1,676.0714285714286,41,1,16,35.339032543902064,0.6283028455284552,43.427579365079374,1026.289682539684,25.03145567169961,0
3006,4,0,0,42,0.0,0.0,1.0,42,1150,900,250,0.782608695652174,14,9,5,314.39466781650634,0.779640921409214,0.07139177154633103,0.18661775236447706,131837.04963466895,-110.22691483998204,131726.82271982895,2949,2,677.0714285714286,41,1,16,35.18200991756828,0.630081300813008,43.25396825396827,1026.984126984129,25.048393341076316,0
3007,4,0,0,42,0.0,0.0,1.0,42,1150,600,550,0.5217391304347826,17,6,11,311.8908810854474,0.7797861014324429,0.07315716400481809,0.18587835133964728,131989.9189421141,-166.7095773494338,131823.20936476468,2950,3,678.0714285714286,41,1,17,35.09284289116304,0.6316056910569104,43.10515873015874,1027.5793650793669,25.062911343399193,0
3008,4,0,0,42,0.0,0.0,1.0,42,850,400,450,0.47058823529411764,13,4,9,313.14472471295244,0.7802458381726675,0.0709734806172686,0.1867510767588648,132015.405771684,-132.0144203514374,131883.39135133254,2951,4,679.0714285714286,41,1,17,35.03505405927214,0.6318597560975607,43.08035714285716,1027.678571428574,25.065331010453026,0
3009,4,1,1,42,0.023255813953488372,0.023255813953488372,0.9767441860465116,43,1200,600,600,0.5,18,6,12,312.18324927943394,0.787375415282392,0.07958967800147576,0.187822885218035,132348.14544085434,-336.62518403337054,132011.52025682098,2952,0,664.2558139534884,42,1,17,34.72608061022695,0.6336805555555554,42.756782945736454,1028.9728682170576,24.499354005168037,0
3010,4,0,0,42,0.0,0.0,1.0,42,1100,800,300,0.7272727272727273,14,8,6,316.4465210406787,0.7784794812233836,0.08185462715079406,0.19038785308390796,132348.14544085434,-23.777961811148117,132324.3674790432,2953,6,681.0714285714286,42,0,17,34.61641083592303,0.6336805555555554,42.756782945736454,1028.9728682170576,24.499354005168037,0
3011,4,0,0,42,0.0,0.0,1.0,42,1350,1200,150,0.8888888888888888,15,12,3,319.498725451228,0.7789392179636082,0.08184297906998039,0.19261543051760746,132424.8060438369,61.93951820570314,132486.7455620426,2954,7,682.0714285714286,39,3,17,34.461023681813586,0.639155982905983,42.68229166666667,1029.2708333333342,26.39155982905985,0
3012,4,1,0,43,0.023255813953488372,0.0,1.0,43,1350,1000,350,0.7407407407407407,17,10,7,334.6704489957466,0.7875138427464009,0.11637382860619705,0.19290090280187483,130710.70545744858,303.0900959309745,131013.79555337956,2955,0,667.1860465116279,37,6,18,35.79732289656158,0.625563063063063,44.3530701754386,1022.5877192982467,27.637505926979642,6
3013,4,2,1,44,0.044444444444444446,0.022222222222222223,0.9777777777777777,45,850,700,150,0.8235294117647058,10,7,3,325.7483573802076,0.8010521885521886,0.1365408506697381,0.19052986563058782,131274.74500868074,-447.4934895833131,130827.25151909742,2956,0,638.4888888888889,39,6,19,35.456478281493546,0.6276709401709402,43.80208333333334,1024.7916666666683,26.276709401709443,0
3014,4,0,0,44,0.0,0.0,1.0,44,700,400,300,0.5714285714285714,10,4,6,334.99908364805185,0.7959830866807611,0.1437450221868244,0.19537537798160104,131163.91354372122,-12.041831032217829,131151.871712689,2957,1,654.0,38,6,19,35.33127346683354,0.6282894736842106,43.91025641025641,1024.3589743589744,26.95681511470985,0
3015,4,0,0,44,0.0,0.0,1.0,44,900,700,200,0.7777777777777778,11,7,4,334.12130695512894,0.7952343199436223,0.1383302373189783,0.19542021806790216,131273.37643363277,-27.753579516404898,131245.62285411637,2958,2,655.0,38,6,20,35.243345148735074,0.6293859649122808,43.8034188034188,1024.7863247863243,26.96806117858748,0
3016,4,0,1,43,0.0,0.022727272727272728,0.9772727272727273,44,850,500,350,0.5882352941176471,12,5,7,342.00123609907087,0.7955206131078224,0.13890946121088743,0.19755600814663954,130794.81336805543,146.4203979929054,130941.23376604833,2959,3,656.0,37,7,18,35.52486422267482,0.6264076576576577,44.27083333333333,1022.9166666666656,27.64639639639637,1
3017,4,1,0,44,0.022727272727272728,0.0,1.0,44,1300,1100,200,0.8461538461538461,15,11,4,334.61777393631405,0.8033826638477801,0.13775045753245418,0.195014018159723,131136.55495516476,-23.87557984512887,131112.67937531963,2960,0,640.2272727272727,38,6,19,35.368641563227975,0.628015350877193,43.93696581196581,1024.252136752137,26.954003598740446,0
3018,4,0,0,44,0.0,0.0,1.0,44,1450,1100,350,0.7586206896551724,18,11,7,335.37152654570053,0.803162438336857,0.1323889115368937,0.19573204918117604,131191.27498584634,-0.4363677039878553,131190.83861814236,2961,1,641.2272727272727,38,6,19,35.29413042722565,0.628563596491228,43.88354700854701,1024.4658119658122,26.95962663067927,0
3019,4,0,1,43,0.0,0.022727272727272728,0.9772727272727273,44,800,400,400,0.5,12,4,8,337.3634746159381,0.8015768146582101,0.14212750026740828,0.19774364414949225,131356.22409058534,63.02977353988598,131419.25386412523,2962,2,642.2272727272727,37,7,20,35.07672389203836,0.6320382882882885,43.72258771929823,1025.1096491228052,27.70566619250825,0
3020,4,1,1,43,0.022727272727272728,0.022727272727272728,0.9772727272727273,44,1200,800,400,0.6666666666666666,16,8,8,337.66300513534685,0.7994626497533475,0.13414509685759546,0.198501702516084,131468.650510253,78.41992247612794,131547.07043272915,2963,0,643.0454545454545,37,7,20,34.95569603335826,0.6331644144144144,43.61293859649122,1025.548245614034,27.717520151730646,0
3021,4,0,0,43,0.0,0.0,1.0,43,550,200,350,0.36363636363636365,9,2,7,345.0933870934309,0.7950350682908822,0.13744492076801174,0.20197795173214128,131300.02891514683,462.1543407586785,131762.18325590552,2964,4,659.0,37,6,20,34.93534021611212,0.6314752252252254,43.777412280701746,1024.8903508771918,27.69973921289708,0
3022,4,0,0,43,0.0,0.0,1.0,43,700,500,200,0.7142857142857143,9,5,4,345.6937008394475,0.7949889258028793,0.14029117035356387,0.20247773906310482,131328.12499999988,479.8641168436304,131807.98911684353,2965,5,660.0,36,7,20,34.89159891598916,0.6336805555555556,43.74999999999999,1024.999999999999,28.472222222222197,0
3023,4,0,0,43,0.0,0.0,1.0,43,1050,800,250,0.7619047619047619,13,8,5,348.58012913591836,0.7942967884828349,0.1452562481641826,0.20463069476354198,131414.71021274655,561.7113312636959,131976.42154401026,2966,6,661.0,36,7,20,34.730230642504104,0.6345486111111112,43.66554054054054,1025.337837837838,28.481606606606608,0
3024,4,0,0,43,0.0,0.0,1.0,43,1000,600,400,0.6,14,6,8,350.72011478324106,0.7928663713547434,0.14719490149217074,0.20635392800037208,131501.32395909427,624.0318866163445,132125.3558457106,2967,7,662.0,36,7,20,34.58795381349727,0.6354166666666667,43.58108108108108,1025.675675675676,28.490990990991,0
3025,4,0,0,43,0.0,0.0,1.0,43,1250,900,350,0.72,16,9,7,347.0103593113981,0.7924972314507198,0.15055301794048348,0.2055065144992168,131749.9269606993,543.7178987765329,132293.6448594758,2968,8,663.0,37,6,17,34.432406814055334,0.6359797297297298,43.33881578947368,1026.644736842104,27.747155049786596,0
3026,4,1,1,43,0.022727272727272728,0.022727272727272728,0.9772727272727273,44,1200,900,300,0.75,15,9,6,339.591030229226,0.7990662438336857,0.15034692353502832,0.2022196246262825,131958.55391418276,162.38825425522788,132120.942168438,2969,0,648.9090909090909,38,6,17,34.412801982600264,0.6362390350877194,43.135683760683754,1027.4572649572638,27.03834907782273,0
3027,4,0,0,43,0.0,0.0,1.0,43,1500,1200,300,0.8,18,12,6,346.3739454236523,0.792220376522702,0.14988404372073183,0.20558544821533103,131834.36850761762,532.7980724838349,132367.16658010145,2970,10,665.0,37,6,17,34.363655776211836,0.6368243243243243,43.25657894736842,1026.9736842105256,27.756045519203393,0
3028,4,0,0,43,0.0,0.0,1.0,43,1000,800,200,0.8,12,8,4,349.27742448375074,0.7919435215946844,0.15185656804851222,0.2077701707929053,131918.83710612866,615.2543330640034,132534.09143919265,2971,11,666.0,37,6,17,34.20400167218131,0.637668918918919,43.17434210526315,1027.3026315789461,27.764935988620167,0
3029,4,0,0,43,0.0,0.0,1.0,43,1150,700,450,0.6086956521739131,16,7,9,351.48446448617676,0.7921280915466962,0.15630745411734392,0.2097048940565841,132031.50398439905,681.4044946522068,132712.90847905126,2972,12,667.0,37,6,17,34.03381610299087,0.638795045045045,43.064692982456144,1027.7412280701756,27.776789947842584,0
3030,4,0,1,42,0.0,0.023255813953488372,0.9767441860465116,43,1000,700,300,0.7,13,7,6,354.19340603679564,0.7909283868586194,0.15722903964076096,0.21226708979035827,132200.59447378045,764.915767351497,132965.51024113194,2973,13,668.0,37,6,18,33.793914596438874,0.6404842342342343,42.90021929824562,1028.3991228070179,27.79457088667616,0
3031,4,0,0,42,0.0,0.0,1.0,42,1350,700,650,0.5185185185185185,20,7,13,363.0686904154559,0.7822541618273325,0.15937503173587642,0.21742389391546257,132172.40521121875,1197.5324138196247,133369.93762503838,2974,18,684.5952380952381,37,5,19,33.59413876448425,0.6402027027027027,42.92763157894736,1028.2894736842097,27.791607396870532,0
3032,4,0,1,41,0.0,0.023809523809523808,0.9761904761904762,42,1100,800,300,0.7272727272727273,14,8,6,365.3717850737814,0.7811653116531165,0.16789312048425176,0.21947379404088826,132288.0725970669,1266.8658457520573,133554.93844281897,2975,19,685.5952380952381,38,4,19,33.418362931422436,0.6395285087719298,42.81517094017094,1028.7393162393157,27.072087269455675,0
3033,4,0,0,41,0.0,0.0,1.0,41,1200,900,300,0.75,15,9,6,367.23714423692894,0.7774390243902439,0.174022908423499,0.2205773935487111,132285.18029586025,1516.006367343795,133801.18666320405,2976,20,701.439024390244,37,4,19,33.37330348895046,0.6413288288288288,42.81798245614035,1028.7280701754385,27.80346135609293,0
3034,4,0,0,41,0.0,0.0,1.0,41,1200,1000,200,0.8333333333333334,14,10,4,366.6843926253575,0.7773882113821138,0.1691617372984362,0.22074400436046498,132370.5164730804,1507.6404868872619,133878.15695996766,2977,21,702.439024390244,38,3,19,33.301538275193785,0.6403508771929826,42.735042735042725,1029.0598290598277,27.080521817363888,0
3035,4,0,0,41,0.0,0.0,1.0,41,1100,700,400,0.6363636363636364,15,7,8,364.5116194190977,0.7757621951219512,0.16560998172423913,0.22013243608494096,132489.90929705207,1458.833693185788,133948.74299023786,2978,22,703.439024390244,34,7,19,33.237212843046564,0.6495098039215687,42.61904761904761,1029.5238095238087,30.280112044817905,0
3036,4,0,0,41,0.0,0.0,1.0,41,850,600,250,0.7058823529411765,11,6,5,363.8836556297737,0.7759146341463414,0.16189662416915507,0.2199321968932153,132520.55165816317,1444.4125566893304,133964.9642148525,2979,23,704.439024390244,34,7,19,33.22253054303002,0.6498161764705883,42.58928571428571,1029.6428571428564,30.28361344537813,0
3037,4,0,0,41,0.0,0.0,1.0,41,900,700,200,0.7777777777777778,11,7,4,365.21663995978264,0.7760670731707318,0.16043097324177125,0.22127831715210347,132612.49999999988,1486.4583333333185,134098.9583333332,2980,24,705.439024390244,34,7,19,33.0956715210356,0.6507352941176471,42.49999999999999,1029.999999999999,30.294117647058798,0
3038,4,0,0,41,0.0,0.0,1.0,41,950,600,350,0.631578947368421,13,6,7,363.2439023660967,0.7748475609756098,0.16134325782210945,0.22074815445497326,132725.77649444866,1442.3657996827728,134168.14229413142,2981,25,706.439024390244,35,6,16,33.032521809127985,0.649702380952381,42.39004629629629,1030.4398148148143,29.441137566137552,0
3039,4,0,0,41,0.0,0.0,1.0,41,1300,900,400,0.6923076923076923,17,9,8,363.9210655611524,0.7739329268292683,0.16707604597096815,0.22186481389138818,132845.06715374222,1469.0236786265314,134314.09083236876,2982,26,707.439024390244,35,6,17,32.89512462108453,0.6508928571428572,42.27430555555555,1030.9027777777771,29.45436507936506,0
3040,4,0,0,41,0.0,0.0,1.0,41,1100,800,300,0.7272727272727273,14,8,6,363.41444896753796,0.7733231707317073,0.1619518586276596,0.22234555364687225,132978.12328798385,1465.234279887989,134443.35756787183,2983,27,708.439024390244,36,5,17,32.774456818429975,0.6501736111111112,42.14527027027027,1031.4189189189183,28.65052552552551,0
3041,4,0,0,41,0.0,0.0,1.0,41,850,500,350,0.5882352941176471,12,5,7,365.3325646232816,0.7737296747967479,0.15982623648128857,0.22421582649987476,133094.29943034257,1524.736349525203,134619.03577986776,2984,28,709.439024390244,36,5,18,32.60827058095966,0.6513310185185186,42.03265765765766,1031.8693693693697,28.663038038038046,0
3042,4,0,0,41,0.0,0.0,1.0,41,1100,700,400,0.6363636363636364,15,7,8,362.6002308429644,0.7729674796747967,0.16325444511263765,0.22305998093332965,133181.46482631282,1458.3259780050334,134639.79080431786,2985,29,710.439024390244,36,5,18,32.591233907920575,0.6521990740740742,41.9481981981982,1032.2072072072074,28.67242242242243,0
3043,4,0,1,40,0.0,0.024390243902439025,0.975609756097561,41,1100,700,400,0.6363636363636364,15,7,8,364.2628218468787,0.7724085365853659,0.16486953746309552,0.22478398898626362,133297.72973987498,1511.0814361658915,134808.81117604088,2986,30,711.439024390244,36,5,18,32.43161577608142,0.6533564814814815,41.835585585585584,1032.6576576576574,28.68493493493493,0
3044,4,0,0,40,0.0,0.0,1.0,40,1450,1300,150,0.896551724137931,16,13,3,369.3428451494563,0.7672809829059829,0.1650067257033967,0.2277061175935243,133263.00643272023,1843.9475898062246,135106.95402252645,2987,31,728.675,35,5,19,32.33533703247019,0.6550595238095238,41.869212962962955,1032.5231481481471,29.50066137566135,0
3045,4,0,0,40,0.0,0.0,1.0,40,1000,800,200,0.8,12,8,4,371.62008332744847,0.768082264957265,0.17014285714285715,0.22984818043641572,133382.53821855722,1913.5259934413707,135296.0642119986,2988,32,729.675,35,5,19,32.156512605042025,0.65625,41.75347222222223,1032.986111111112,29.513888888888914,0
3046,4,1,0,41,0.024390243902439025,0.0,1.0,41,800,600,200,0.75,10,6,4,364.25022998818383,0.776270325203252,0.17642435731999395,0.22761922535179976,133763.29665814462,1544.6623143413713,135307.958972486,2989,0,712.8536585365854,36,5,17,31.965082734596134,0.6579861111111112,41.38513513513514,1034.4594594594596,28.73498498498499,0
3047,4,0,0,41,0.0,0.0,1.0,41,1150,1000,150,0.8695652173913043,13,10,3,363.00319989153155,0.7745934959349593,0.17107665201978373,0.22791840255484694,133938.09349890435,1523.9913054946865,135462.08480439903,2990,1,713.8536585365854,36,5,18,31.82228205686104,0.6597222222222222,41.21621621621622,1035.1351351351354,28.753753753753763,0
3048,4,0,0,41,0.0,0.0,1.0,41,1000,500,500,0.5,15,5,10,362.2944912938394,0.7757113821138212,0.17500122687343556,0.22792450907979528,134010.95920138893,1510.2864583333376,135521.24565972228,2991,2,714.8536585365854,37,4,18,31.767689470154263,0.6585022522522522,41.145833333333336,1035.416666666667,27.984234234234243,0
3049,4,0,0,41,0.0,0.0,1.0,41,1050,800,250,0.7619047619047619,13,8,5,363.84100931987643,0.7748475609756098,0.17758823650895317,0.22978408128704494,134152.91243459523,1562.0662126808245,135714.97864727606,2992,3,715.8536585365854,37,4,19,31.585608947219885,0.6599099099099099,41.00877192982456,1035.9649122807014,27.9990516832622,0
3050,4,0,0,41,0.0,0.0,1.0,41,1450,1200,250,0.8275862068965517,17,12,5,368.9935990599238,0.775660569105691,0.17646102849182888,0.23430721820762795,134351.77320185056,1714.9888667666974,136066.76206861727,2993,4,716.8536585365854,37,4,21,31.25319495857571,0.6618806306306306,40.81688596491228,1036.732456140351,28.019796111901375,0
3051,4,1,0,42,0.023809523809523808,0.0,1.0,42,1100,600,500,0.5454545454545454,16,6,10,362.04904769031003,0.7785762679055362,0.17734072551737357,0.2317268958343333,134640.8570842978,1349.7606601977918,135990.6177444956,2994,0,700.7619047619048,35,7,22,31.144404483104722,0.66875,40.53819444444444,1037.847222222222,29.65277777777777,0
3052,4,0,0,42,0.0,0.0,1.0,42,1050,900,150,0.8571428571428571,12,9,3,362.04904769031003,0.7785762679055362,0.17734072551737357,0.2317268958343333,134640.8570842978,1349.318817515428,135990.17590181323,2995,1,701.7619047619048,35,7,22,31.144404483104722,0.66875,40.53819444444444,1037.847222222222,29.65277777777777,0
3053,4,0,0,42,0.0,0.0,1.0,42,600,400,200,0.6666666666666666,8,4,4,360.1903805462341,0.7786730545876888,0.1734420797757108,0.2307276666241876,134670.88906035665,1301.431755829904,135972.32081618655,2996,2,702.7619047619048,35,7,22,31.16265239369611,0.669047619047619,40.50925925925926,1037.9629629629628,29.65608465608465,0
3054,4,0,2,40,0.0,0.047619047619047616,0.9523809523809523,42,950,700,250,0.7368421052631579,12,7,5,348.555713588482,0.7792295780100658,0.13714113346818535,0.21108857625639013,132595.55975155812,850.2467001361192,133445.80645169422,2997,3,703.7619047619048,37,5,19,33.54171102594129,0.6444256756756757,42.51644736842105,1029.9342105263154,27.83605974395447,7
3055,4,0,0,40,0.0,0.0,1.0,40,1050,800,250,0.7619047619047619,13,8,5,360.5622824497083,0.7662126068376068,0.1584476554593499,0.2173885001915426,132427.78427479838,1549.692831575769,133977.47710637416,2998,42,739.675,35,5,20,33.40138779564451,0.6467261904761905,42.67939814814814,1029.2824074074063,29.40806878306875,0
3056,4,0,0,40,0.0,0.0,1.0,40,750,500,250,0.6666666666666666,10,5,5,358.35049811570696,0.7654647435897436,0.1556497484139141,0.21638310791108264,132484.94059938306,1495.208891323747,133980.1494907068,2999,43,740.675,36,4,21,33.40078757383504,0.6452546296296298,42.62387387387387,1029.5045045045038,28.597347347347327,0
3057,4,2,2,40,0.047619047619047616,0.047619047619047616,0.9523809523809523,42,1000,700,300,0.7,13,7,6,341.47571865991563,0.7801490514905149,0.1471484802746459,0.2089104301611419,132975.88962853356,681.6074950690047,133657.49712360257,3000,0,706.3571428571429,38,4,17,33.342396933913406,0.6463815789473686,42.147435897435884,1031.410256410254,27.142375168690897,0
3058,4,0,0,40,0.0,0.0,1.0,40,900,700,200,0.7777777777777778,11,7,4,359.20966871851925,0.762767094017094,0.15963177447552446,0.21858290479467338,132774.9370992614,1538.808233909584,134313.74533317098,3001,45,742.675,36,4,17,33.08703015734266,0.6481481481481481,42.34234234234234,1030.6306306306305,28.628628628628626,0
3059,4,0,0,40,0.0,0.0,1.0,40,950,600,350,0.631578947368421,13,6,7,354.5629086305582,0.761832264957265,0.15303319864584508,0.2165932324436305,132920.05423920543,1425.7042092768477,134345.7584484823,3002,46,743.675,36,4,17,33.06100069163846,0.6495949074074074,42.20157657657658,1031.1936936936938,28.644269269269273,0
3060,4,0,0,40,0.0,0.0,1.0,40,1000,600,400,0.6,14,6,8,355.2447323185691,0.7611912393162393,0.1522975332896752,0.2178549021086163,133065.2506391526,1454.1458688418074,134519.39650799442,3003,47,744.675,36,4,17,32.89765698901259,0.6510416666666667,42.06081081081081,1031.7567567567562,28.659909909909896,0
3061,4,0,0,40,0.0,0.0,1.0,40,1300,1200,100,0.9230769230769231,14,12,2,355.0471167649994,0.7611111111111111,0.1562043198429146,0.21858407786331413,133210.52629910305,1459.2026570489224,134669.72895615196,3004,48,745.675,36,4,18,32.75699065488527,0.652488425925926,41.920045045045036,1032.3198198198188,28.675550550550522,0
3062,4,0,0,40,0.0,0.0,1.0,40,1150,900,250,0.782608695652174,14,9,5,356.7738429210038,0.7612713675213675,0.16092693565976024,0.2201625935118174,133297.7297398751,1511.4286583881285,134809.15839826321,3005,49,746.675,36,4,19,32.62495456197747,0.6533564814814814,41.83558558558559,1032.6576576576583,28.684934934934954,0
3063,4,0,1,39,0.0,0.025,0.975,40,1250,1000,250,0.8,15,10,5,358.2396897553349,0.7603632478632478,0.16608905636344318,0.22160053297340854,133387.2576778432,1556.9219615650995,134944.1796394083,3006,50,747.675,37,3,19,32.49732424017266,0.6523085585585585,41.74890350877193,1033.0043859649127,27.919037458511152,0
3064,4,0,0,39,0.0,0.0,1.0,39,800,500,300,0.625,11,5,6,358.5688865369446,0.7604588394062078,0.14245269474832734,0.222671777244431,133532.02830289793,1776.1131927107845,135308.14149560872,3007,51,746.4871794871794,35,4,20,32.343691675998514,0.6577380952380951,41.608796296296305,1033.564814814816,29.53042328042331,0
3065,4,0,0,39,0.0,0.0,1.0,39,1100,900,200,0.8181818181818182,13,9,4,355.8257453589233,0.7606837606837608,0.14222559050145311,0.2213255959293805,133591.84777949253,1707.0837620027535,135298.9315414953,3008,52,747.4871794871794,35,4,20,32.35464248395284,0.6583333333333332,41.55092592592593,1033.7962962962968,29.53703703703705,0
3066,4,0,0,39,0.0,0.0,1.0,39,1150,900,250,0.782608695652174,14,9,5,354.7799171107541,0.7593342330184436,0.13805293483001613,0.22139059631995128,133711.52692043904,1687.6328875171569,135399.1598079562,3009,53,748.4871794871794,35,4,16,32.261824828409424,0.6595238095238094,41.43518518518519,1034.25925925926,29.550264550264572,0
3067,4,1,1,39,0.025,0.025,0.975,40,600,400,200,0.6666666666666666,8,4,4,348.7790128388707,0.765090811965812,0.13805884912433353,0.21916100239424055,133967.23740209814,1344.992162770891,135312.22956486902,3010,0,730.75,36,4,16,32.16124587548498,0.6600115740740741,41.18806306306307,1035.2477477477485,28.756881881881903,0
3068,4,0,0,39,0.0,0.0,1.0,39,1000,700,300,0.7,13,7,6,358.4523219674788,0.7590530814215025,0.13553605231457566,0.22440922677795955,133831.25964506183,1794.4251543209984,135625.68479938284,3011,55,750.4871794871794,35,4,17,32.04697986577181,0.6607142857142856,41.31944444444445,1034.722222222223,29.563492063492088,0
3069,4,0,0,39,0.0,0.0,1.0,39,1150,800,350,0.6956521739130435,15,8,7,356.5025854882987,0.7588843904633379,0.13138803342337235,0.2235516212788478,133891.14610125186,1746.5079518175762,135637.65405306942,3012,56,751.4871794871794,35,4,18,32.03748229329754,0.6613095238095237,41.26157407407408,1034.9537037037048,29.57010582010585,0
3070,4,0,0,39,0.0,0.0,1.0,39,900,600,300,0.6666666666666666,12,6,6,356.3309730192236,0.7611336032388665,0.13402572986791172,0.22435560982427838,134040.9208488727,1752.5863500943162,135793.507198967,3013,57,752.4871794871794,35,4,19,31.892091390037628,0.662797619047619,41.11689814814815,1035.532407407408,29.58664021164023,0
3071,4,0,0,39,0.0,0.0,1.0,39,1150,1100,50,0.9565217391304348,12,11,1,355.4700539933208,0.7606837606837608,0.13482309124767222,0.2243622696220185,134130.82588520242,1735.8983839163293,135866.72426911874,3014,58,753.4871794871794,35,4,19,31.824487895716924,0.663690476190476,41.030092592592595,1035.8796296296302,29.596560846560863,0
3072,4,0,0,39,0.0,0.0,1.0,39,1100,900,200,0.8181818181818182,13,9,4,356.2521113498982,0.7602901484480432,0.13624802364748745,0.22522379242968146,134190.77932098764,1761.1496913580231,135951.92901234567,3015,59,754.4871794871794,35,4,19,31.74430294906166,0.6642857142857144,40.97222222222222,1036.111111111111,29.6031746031746,0
3073,4,0,0,39,0.0,0.0,1.0,39,1350,1200,150,0.8888888888888888,15,12,3,357.6431076583368,0.7592217723796671,0.14055886783159477,0.22647357750868102,134250.7461526921,1802.7708118998687,136053.51696459195,3016,60,755.4871794871794,35,4,19,31.648332216514024,0.6648809523809524,40.914351851851855,1036.342592592593,29.60978835978837,0
3074,4,0,0,39,0.0,0.0,1.0,39,1050,800,250,0.7619047619047619,13,8,5,359.1775213997475,0.7568600989653621,0.14895778775676094,0.22837980228675198,134400.72183909878,1854.7436289008729,136255.46546799966,3017,61,756.4871794871794,35,4,19,31.458705398668,0.6663690476190478,40.76967592592592,1036.9212962962952,29.626322751322718,0
3075,4,0,0,39,0.0,0.0,1.0,39,1100,800,300,0.7272727272727273,14,8,6,364.7612552718804,0.7564664867296447,0.15412259234265369,0.23270439892968697,134522.34251163804,2013.7077033317778,136536.05021496981,3018,62,757.4871794871794,37,2,19,31.192417115879216,0.6635698198198199,40.652412280701746,1037.3903508771918,28.037577050734914,0
3076,4,0,0,39,0.0,0.0,1.0,39,700,400,300,0.5714285714285714,10,4,6,364.02638667118276,0.7565789473684211,0.15302234579343033,0.23241684687467823,134550.78125,1996.0129559095112,136546.7942059095,3019,63,758.4871794871794,35,4,19,31.183065595716183,0.6678571428571429,40.625,1037.5,29.642857142857142,0
3077,4,0,0,39,0.0,0.0,1.0,39,1150,900,250,0.782608695652174,14,9,5,367.07866802384797,0.7553418803418803,0.15233684932681624,0.2355290166075761,134730.96305941348,2091.3724922839447,136822.3355516974,3020,64,759.4871794871794,35,4,19,30.923913043478287,0.6696428571428572,40.451388888888886,1038.1944444444437,29.66269841269839,0
3078,4,0,0,39,0.0,0.0,1.0,39,1250,800,450,0.64,17,8,9,367.511762971965,0.755791722896986,0.14901113597201854,0.23639305011809625,134821.09917534728,2109.667968750005,136930.76714409728,3021,65,760.4871794871794,35,4,16,30.822676362420594,0.6705357142857142,40.364583333333336,1038.541666666667,29.672619047619055,0
3079,4,0,0,39,0.0,0.0,1.0,39,700,400,300,0.5714285714285714,10,4,6,368.1832480196744,0.7550044984255511,0.14465926230632098,0.23741471510234183,134911.26543209882,2134.413580246916,137045.67901234573,3022,66,761.4871794871794,35,4,18,30.715240641711222,0.6714285714285714,40.27777777777778,1038.8888888888894,29.682539682539698,0
3080,4,0,0,39,0.0,0.0,1.0,39,1000,700,300,0.7,13,7,6,367.51365353838935,0.754442195231669,0.14835065609797415,0.23768630052598438,135018.52940355905,2124.2306072964934,137142.76001085553,3023,67,762.4871794871794,36,3,18,30.625609491819272,0.6704282407407407,40.17454954954955,1039.3018018018024,28.86949449449451,0
3081,4,0,0,39,0.0,0.0,1.0,39,1050,600,450,0.5714285714285714,15,6,9,367.42824326006706,0.7538236617183985,0.1529212270695235,0.23811258881399167,135091.68836805565,2127.3003472222326,137218.98871527787,3024,68,763.4871794871794,37,2,18,30.55485971943887,0.6692004504504505,40.10416666666667,1039.5833333333342,28.09684684684687,0
3082,4,0,0,39,0.0,0.0,1.0,39,1100,800,300,0.7272727272727273,14,8,6,367.42824326006706,0.7538236617183985,0.1529212270695235,0.23811258881399167,135091.68836805565,2127.3003472222326,137218.98871527787,3025,69,764.4871794871794,37,2,18,30.55485971943887,0.6692004504504505,40.10416666666667,1039.5833333333342,28.09684684684687,0
3083,4,0,0,39,0.0,0.0,1.0,39,950,700,250,0.7368421052631579,12,7,5,364.32333682381983,0.7536549707602339,0.14846540502978334,0.23647352519509132,135148.68907981302,2047.564274584487,137196.25335439752,3026,70,765.4871794871794,37,2,18,30.578732995887364,0.6697635135135136,40.04934210526316,1039.8026315789475,28.10277382645804,0
3084,4,0,0,39,0.0,0.0,1.0,39,1400,1000,400,0.7142857142857143,18,10,8,360.9103222959649,0.7517431399010347,0.14804726660559697,0.23537306173652334,135319.7633526663,1967.6598809249124,137287.42323359122,3027,71,766.4871794871794,37,2,18,30.4970448238311,0.6714527027027026,39.88486842105264,1040.4605263157905,28.120554765291637,0
3085,4,0,0,39,0.0,0.0,1.0,39,1150,1000,150,0.8695652173913043,13,10,3,362.7394634282799,0.7502811515969411,0.14817936023034584,0.23731810656958383,135433.87298255236,2025.4420831409716,137459.31506569334,3028,72,767.4871794871794,37,2,18,30.33583956599601,0.6725788288288288,39.77521929824562,1040.8991228070176,28.13240872451399,0
3086,4,0,0,39,0.0,0.0,1.0,39,1200,900,300,0.75,15,9,6,360.90480139098145,0.750506072874494,0.14605421955111342,0.23687027635177269,135548.03070415897,1983.9870200446278,137532.0177242036,3029,73,768.4871794871794,37,2,19,30.26997560633183,0.673704954954955,39.665570175438596,1041.3377192982455,28.144262683736365,0
3087,4,0,0,39,0.0,0.0,1.0,39,1450,1100,350,0.7586206896551724,18,11,7,357.05142418451453,0.748144399460189,0.1493962416806589,0.23567431379482892,135751.01072356154,1894.0453942598033,137645.05611782134,3030,74,769.4871794871794,36,3,19,30.16848569987752,0.677662037037037,39.47072072072073,1042.1171171171184,28.947697697697734,0
3088,4,0,0,39,0.0,0.0,1.0,39,800,400,400,0.5,12,4,8,356.84096070118005,0.7477507872244714,0.15089375231954616,0.23631141732271313,135868.39161796952,1896.6814787760977,137765.07309674562,3031,75,770.4871794871794,36,3,16,30.05733779794054,0.6788194444444444,39.35810810810812,1042.567567567569,28.960210210210253,0
3089,4,0,0,39,0.0,0.0,1.0,39,750,500,250,0.6666666666666666,10,5,5,357.6405637009084,0.7479194781826362,0.1456997286370938,0.2372314913947287,135927.10108757418,1922.6090110380787,137849.71009861227,3032,76,771.4871794871794,36,3,17,29.978176745860342,0.6793981481481481,39.30180180180181,1042.7927927927935,28.966466466466485,0
3090,4,0,0,39,0.0,0.0,1.0,39,1050,900,150,0.8571428571428571,12,9,3,374.40121381591587,0.747357174988754,0.16784470572009802,0.2313820243831877,133352.6502486281,2245.8559238041653,135598.50617243227,3033,77,772.4871794871794,35,4,18,32.11470939787838,0.6559523809523811,41.7824074074074,1032.870370370369,29.510582010581974,7
3091,4,0,0,39,0.0,0.0,1.0,39,1100,800,300,0.7272727272727273,14,8,6,373.6780693877202,0.7469635627530364,0.16219920309310965,0.231872717680829,133502.97796201808,2177.4805961479187,135680.458558166,3034,78,773.4871794871794,34,5,19,31.982442498944057,0.6596200980392157,41.63690476190476,1033.4523809523805,30.395658263305307,0
3092,4,0,1,38,0.0,0.02564102564102564,0.9743589743589743,39,1050,700,350,0.6666666666666666,14,7,7,371.79213301118585,0.744208277103014,0.15173867228661786,0.23185630003360866,133687.58680555547,2140.7986111111013,135828.38541666657,3035,79,774.4871794871794,34,5,20,31.845957561106644,0.6614583333333334,41.45833333333333,1034.166666666666,30.41666666666665,0
3093,4,0,0,38,0.0,0.0,1.0,38,850,500,350,0.5882352941176471,12,5,7,379.74673578926564,0.7419393077287815,0.15403192591390713,0.23584565314040265,133535.54672481745,2541.9375961168857,136077.48432093434,3036,80,785.5263157894736,33,5,20,31.792941269464862,0.6622474747474747,41.60539215686275,1033.5784313725496,31.320558526440898,0
3094,4,0,0,38,0.0,0.0,1.0,38,1050,800,250,0.7619047619047619,13,8,5,382.7440970235831,0.7430061640587956,0.16264143411384557,0.2385225030048002,133662.24078479435,2631.686731064978,136293.92751585934,3037,81,786.5263157894736,33,5,21,31.58825156040136,0.663510101010101,41.4828431372549,1034.0686274509808,31.335412953060025,0
3095,4,0,0,38,0.0,0.0,1.0,38,850,600,250,0.7058823529411765,11,6,5,381.5587648261542,0.7437470365101944,0.15617110406004353,0.23880657164026817,133820.69283749035,2612.091653450593,136432.78449094095,3038,82,787.5263157894736,33,5,17,31.459863200284268,0.6650883838383839,41.3296568627451,1034.6813725490192,31.353980986333916,0
3096,4,0,0,38,0.0,0.0,1.0,38,950,900,50,0.9473684210526315,10,9,1,380.4494783926023,0.745228781412992,0.15360642249869083,0.23831716584177548,133852.39451172625,2584.814734717412,136437.20924644367,3039,83,788.5263157894736,33,5,17,31.456754302858045,0.6654040404040404,41.299019607843135,1034.8039215686274,31.357694592988707,0
3097,4,0,0,38,0.0,0.0,1.0,38,850,500,350,0.5882352941176471,12,5,7,377.38987108231544,0.744576813655761,0.15354252210376762,0.23701206253028395,133947.52206182727,2510.087616541722,136457.609678369,3040,84,789.5263157894736,33,5,18,31.440526222327463,0.6663510101010102,41.20710784313726,1035.1715686274515,31.368835412953075,0
3098,4,0,0,38,0.0,0.0,1.0,38,1200,600,600,0.5,18,6,12,381.9700744849057,0.744576813655761,0.155363705706955,0.22100264392754504,130857.49959450682,2462.246942281803,133319.74653678862,3041,85,790.5263157894736,33,5,16,34.43912943665909,0.6354166666666667,44.209558823529406,1023.1617647058815,31.004901960784288,7
3099,4,0,0,38,0.0,0.0,1.0,38,900,500,400,0.5555555555555556,13,5,8,381.48279649396517,0.7438655761024182,0.15041239516845484,0.2214402918077895,130982.91710219627,2393.5459018166075,133376.46300401288,3042,86,791.5263157894736,33,5,18,34.3243694880083,0.6366792929292929,44.08700980392157,1023.6519607843137,31.019756387403447,0
3100,4,0,0,38,0.0,0.0,1.0,38,1350,1200,150,0.8888888888888888,15,12,3,381.3389599461351,0.7475403034613561,0.08858293006723494,0.22211638946625578,131114.6701388888,2407.4293841310937,133522.0995230199,3043,87,792.5263157894736,34,4,17,34.194467046379174,0.6357230392156863,43.95833333333333,1024.1666666666658,30.122549019607817,6
3101,4,0,0,38,0.0,0.0,1.0,38,750,400,350,0.5333333333333333,11,4,7,381.141183418043,0.7476588430535799,0.08613246256107332,0.2227075468892804,131236.62308673482,2403.9363662131677,133640.559452948,3044,88,793.5263157894736,34,4,18,34.07594593547887,0.6369485294117647,43.83928571428572,1024.6428571428582,30.136554621848774,0
3102,4,2,1,39,0.05,0.025,0.975,40,1200,800,400,0.6666666666666666,16,8,8,368.6336180363186,0.7642628205128205,0.09690241228070184,0.2188762107090645,131848.06428049697,1720.7257933609544,133568.79007385793,3045,0,754.8,36,4,14,33.7783260233918,0.6388888888888888,43.243243243243256,1027.027027027029,28.528528528528582,0
3103,4,0,0,39,0.0,0.0,1.0,39,800,600,200,0.75,10,6,4,376.73454790905004,0.7566351776878093,0.09772551876035118,0.22324730624590414,131773.3802324461,2128.716965663593,133902.0971981097,3046,1,775.1538461538462,35,4,15,33.64579810618871,0.6401785714285714,43.31597222222223,1026.736111111112,29.335317460317487,0
3104,4,0,0,39,0.0,0.0,1.0,39,1150,900,250,0.782608695652174,14,9,5,368.0632858625784,0.757085020242915,0.08286102828762343,0.2163945993770497,131472.4495399114,1878.036355612359,133350.48589552377,3047,2,776.1538461538462,36,3,19,34.1724314629772,0.6351273148148149,43.60923423423423,1025.5630630630621,28.487862862862837,1
3105,4,1,1,39,0.025,0.025,0.975,40,400,200,200,0.5,6,2,4,358.59605252507345,0.7637019230769231,0.08122262578784323,0.21205417862837733,131693.64762474992,1444.964436172666,133138.61206092258,3048,0,757.725,37,3,14,34.19183758857671,0.6354166666666667,43.39364035087719,1026.4254385964912,27.74122807017544,0
3106,4,0,0,39,0.0,0.0,1.0,39,1200,800,400,0.6666666666666666,16,8,8,363.77345121215205,0.755791722896986,0.08379482677112216,0.21468288131121294,131616.85333982622,1775.7433954224439,133392.59673524866,3049,4,778.1538461538462,36,3,14,34.136532411472054,0.6365740740740742,43.468468468468465,1026.1261261261254,28.503503503503484,0
3107,4,0,1,38,0.0,0.02564102564102564,0.9743589743589743,39,650,500,150,0.7692307692307693,8,5,3,369.4089306931038,0.7548920377867746,0.08358366805053974,0.21867089689599553,131732.43344696035,1932.6274754484098,133665.06092240877,3050,5,779.1538461538462,36,3,15,33.875191970162355,0.6377314814814816,43.35585585585585,1026.5765765765757,28.516016016015993,0
3108,4,0,0,38,0.0,0.0,1.0,38,1000,800,200,0.8,12,8,4,370.13456583072633,0.7540896159317212,0.09149766485974697,0.21926685098627227,131761.3363997442,2153.8850083191137,133915.2214080633,3051,6,793.5,36,2,16,33.82737377061167,0.6380208333333335,43.327702702702695,1026.6891891891883,28.519144144144118,0
3109,4,0,1,37,0.0,0.02631578947368421,0.9736842105263158,38,600,200,400,0.3333333333333333,10,2,8,370.27955717143755,0.7550082977714557,0.08900623268698071,0.21985348707054106,131848.06428049668,2164.128571138705,134012.1928516354,3052,7,794.5,36,2,17,33.73606542397661,0.638888888888889,43.24324324324324,1027.0270270270266,28.52852852852852,0
3110,4,0,0,37,0.0,0.0,1.0,37,950,700,250,0.7368421052631579,12,7,5,374.7476381861339,0.748998998998999,0.10359954183218423,0.2222433854269635,131803.09070644696,2478.5793895747343,134281.6700960217,3053,8,813.8378378378378,35,2,17,33.66677938082356,0.6404761904761906,43.287037037037024,1026.85185185185,29.33862433862428,0
3111,4,1,0,38,0.02631578947368421,0.0,1.0,38,650,400,250,0.6153846153846154,9,4,5,365.33437003842914,0.75483048838312,0.10782900502790715,0.2182442493266217,132079.47812677536,2050.63458728998,134130.11271406533,3054,0,793.3947368421053,36,2,18,33.62958296815658,0.6412037037037038,43.01801801801801,1027.9279279279272,28.55355355355353,0
3112,4,0,1,37,0.0,0.02631578947368421,0.9736842105263158,38,900,600,300,0.6666666666666666,12,6,6,366.4250552897313,0.7552453769559033,0.10763192475274863,0.21956650950825624,132195.26113951785,2087.931174417657,134283.19231393552,3055,1,794.3947368421053,36,2,18,33.484815301503865,0.6423611111111112,42.9054054054054,1028.378378378378,28.566066066066057,0
3113,4,0,0,37,0.0,0.0,1.0,37,600,400,200,0.6666666666666666,8,4,4,367.55536161876637,0.7536286286286287,0.09141199261599886,0.2205580350240361,132249.14969403707,2321.776807913223,134570.9265019503,3056,2,767.6486486486486,35,2,18,33.401433742170205,0.6449404761904762,42.85300925925925,1028.587962962962,29.388227513227484,0
3114,4,0,0,37,0.0,0.0,1.0,37,950,800,150,0.8421052631578947,11,8,3,378.93615336376337,0.7541916916916916,0.05723554992187441,0.22265730048263696,131450.17715419497,2605.0080206014986,134055.18517479647,3057,3,768.6486486486486,34,3,20,33.91620230632304,0.639093137254902,43.63095238095238,1025.4761904761904,30.161064425770306,8
3115,4,1,1,37,0.02631578947368421,0.02631578947368421,0.9736842105263158,38,1000,800,200,0.8,12,8,4,373.1123112374789,0.7598684210526316,0.042348543286061524,0.2209283178021654,131743.67310742452,2231.0372728052066,133974.71038022972,3058,0,749.3947368421053,35,3,17,33.76878992859827,0.6398809523809523,43.344907407407405,1026.62037037037,29.33201058201057,0
3116,4,0,0,37,0.0,0.0,1.0,37,900,600,300,0.6666666666666666,12,6,6,374.09608968822505,0.7511886886886887,0.09609609609609593,0.2020118884316414,128144.5312499999,2187.673611111097,130332.204861111,3059,5,770.6486486486486,34,3,16,37.4056927297668,0.6056985294117647,46.87499999999999,1012.4999999999992,29.77941176470586,7
3117,4,1,1,37,0.02631578947368421,0.02631578947368421,0.9736842105263158,38,800,500,300,0.625,11,5,6,367.5385842836853,0.7614094357515411,0.09324135430252456,0.1996065009033727,128372.67324334475,1836.3821169142159,130209.05536025896,3060,0,751.3421052631579,36,2,14,37.33817646405155,0.6038773148148149,46.64977477477478,1013.4009009009013,28.150025025025037,0
3118,4,0,0,37,0.0,0.0,1.0,37,750,400,350,0.5333333333333333,11,4,7,375.2699441579087,0.7522522522522522,0.09821610507011491,0.2035386054001441,128320.3727816355,2230.9558256172486,130551.32860725274,3061,7,772.6486486486486,35,2,16,37.195853324194644,0.6053571428571429,46.70138888888887,1013.1944444444418,28.948412698412625,0
3119,4,3,1,39,0.075,0.025,0.975,40,700,300,400,0.42857142857142855,11,3,8,356.49396848064697,0.7860844017094017,0.09608002944578842,0.19674411760200042,129011.37689248646,1198.3555455109724,130209.73243799743,3062,0,715.625,38,2,17,36.96607599817716,0.6066337719298247,46.020299145299134,1015.9188034188018,26.734705353126362,0
3120,4,1,1,39,0.025,0.025,0.975,40,1200,700,500,0.5833333333333334,17,7,10,356.7589357699545,0.7874465811965812,0.09815573770491803,0.19783904619970186,129201.3888888888,1219.0296497187433,130420.41853860754,3063,0,716.6,36,4,18,36.76571038251366,0.6122685185185186,45.83333333333333,1016.666666666666,28.24074074074072,0
3121,4,2,2,39,0.04878048780487805,0.04878048780487805,0.9512195121951219,41,1000,500,500,0.5,15,5,10,352.64261055185915,0.7956808943089431,0.10330727190118916,0.19764586144810548,129619.76431450027,941.8904133963922,130561.65472789666,3064,0,700.0731707317074,37,4,13,36.4446493306055,0.6145833333333335,45.422149122807,1018.3114035087692,27.52192982456133,0
3122,4,2,2,39,0.04878048780487805,0.04878048780487805,0.9512195121951219,41,1100,800,300,0.7272727272727273,14,8,6,354.74007143759997,0.7938008130081301,0.1184778524930803,0.20043129080692815,129935.60209155164,1018.6729536489192,130954.27504520056,3065,0,701.0243902439024,38,3,15,36.07028712145028,0.615953947368421,45.11217948717949,1019.5512820512823,26.830296896086377,0
3123,4,1,1,39,0.025,0.025,0.975,40,1100,1000,100,0.9090909090909091,12,10,2,362.4105059135322,0.7817040598290599,0.12055031446540942,0.2043378384406085,129853.92011834319,1412.0849769888266,131266.00509533202,3066,0,719.375,38,2,15,35.957809224318666,0.6151315789473684,45.19230769230769,1019.2307692307692,26.821862348178136,0
3124,4,0,1,38,0.0,0.02564102564102564,0.9743589743589743,39,1000,600,400,0.6,14,6,8,366.58542351429315,0.7725483580746739,0.13200921366601848,0.20663502192634078,129843.17440222013,1719.7230157356341,131562.89741795577,3067,2,738.8205128205128,37,2,15,35.86235879505111,0.6168355855855854,45.20285087719299,1019.1885964912298,27.54563774300621,0
3125,4,0,0,38,0.0,0.0,1.0,38,1000,800,200,0.8,12,8,4,385.4213415489714,0.7736486486486487,0.1491348605109477,0.20586450004569823,127705.45488522378,2252.5246516823595,129957.97953690613,3068,3,751.6842105263158,35,3,16,37.569778426657514,0.5991071428571428,47.30902777777778,1010.7638888888889,28.878968253968253,4
3126,4,3,2,39,0.07317073170731707,0.04878048780487805,0.9512195121951219,41,450,200,250,0.4444444444444444,7,2,5,370.43767829593094,0.8011686991869919,0.16493617116038806,0.2021030471499965,128555.01570001696,1326.5848711848237,129881.60057120178,3069,0,697.609756097561,35,6,15,37.07819751959219,0.6077380952380953,46.4699074074074,1014.1203703703688,28.974867724867682,0
3127,4,1,0,40,0.025,0.0,1.0,40,1100,800,300,0.7272727272727273,14,8,6,378.1973924926712,0.7926282051282051,0.175469483568075,0.20655396051522815,128596.93877551024,1727.005385487533,130323.94416099777,3070,0,716.025,34,6,16,36.838566118935844,0.6102941176470589,46.42857142857143,1014.2857142857146,29.83193277310925,0
3128,4,1,0,41,0.024390243902439025,0.0,1.0,41,850,600,250,0.7058823529411765,11,6,5,373.3393827040384,0.7990345528455285,0.19705738451599353,0.2062854409147909,129058.3166570285,1436.5104547114547,130494.82711173996,3071,0,699.5365853658536,36,5,18,36.49031179578116,0.6108217592592593,45.97409909909909,1016.1036036036023,28.225100100100065,0
3129,4,0,1,40,0.0,0.024390243902439025,0.975609756097561,41,550,200,350,0.36363636363636365,9,2,7,372.1765179825203,0.7988313008130081,0.19880278359570291,0.20594071580577825,129115.53603857227,1410.754124056481,130526.29016262875,3072,1,700.5365853658536,36,5,19,36.461449676823634,0.611400462962963,45.91779279279279,1016.3288288288283,28.23135635635634,0
3130,4,1,0,41,0.024390243902439025,0.0,1.0,41,1400,1100,300,0.7857142857142857,17,11,6,374.16106792910125,0.8020325203252032,0.2096583962409282,0.2088507455759908,129459.11864144556,1487.7124168087066,130946.83105825426,3073,0,701.3414634146342,36,5,14,36.06054737929254,0.6148726851851851,45.57995495495496,1017.6801801801806,28.268893893893907,0
3131,4,0,0,41,0.0,0.0,1.0,41,900,700,200,0.7777777777777778,11,7,4,372.1359102000889,0.8021341463414634,0.21307951440677786,0.20863143434218245,129631.08114448907,1448.0760743851997,131079.15721887426,3074,1,702.3414634146342,36,5,14,35.936866452873325,0.6166087962962963,45.41103603603604,1018.3558558558557,28.287662662662658,0
3132,4,0,0,41,0.0,0.0,1.0,41,1100,900,200,0.8181818181818182,13,9,4,375.2921407335902,0.801270325203252,0.21761113133519427,0.21070871588673643,129688.42734203805,1534.209505113229,131222.63684715127,3075,2,703.3414634146342,36,5,14,35.7980928689884,0.6171875,45.35472972972973,1018.5810810810816,28.293918918918934,0
3133,4,0,0,41,0.0,0.0,1.0,41,750,500,250,0.6666666666666666,10,5,5,376.7858602902374,0.800609756097561,0.2233834541078652,0.21208182917487434,129787.30384589481,1580.4041868651782,131367.70803275998,3076,3,704.3414634146342,37,4,14,35.65934484737616,0.6162725225225225,45.257675438596486,1018.9692982456135,27.539710763394957,0
3134,4,0,0,41,0.0,0.0,1.0,41,1150,700,450,0.6086956521739131,16,7,9,378.01899189985886,0.7997459349593496,0.22090782215724114,0.21343533850345828,129908.37191357992,1621.566358024655,131529.93827160457,3077,4,705.3414634146342,38,3,14,35.504654859218896,0.6156798245614037,45.13888888888887,1019.4444444444417,26.827485380116887,0
3135,4,2,2,41,0.046511627906976744,0.046511627906976744,0.9534883720930233,43,1650,1200,450,0.7272727272727273,21,12,9,362.12626123042804,0.8133997785160576,0.20792558959936214,0.20724588742089645,130435.0819358208,848.7227232863279,131283.80465910712,3078,0,673.4883720930233,36,7,15,35.37486679160694,0.6247106481481483,44.62274774774774,1021.5090090090076,28.37525025025021,0
3136,4,0,0,41,0.0,0.0,1.0,41,1000,700,300,0.7,13,7,6,374.67128602033375,0.7984247967479675,0.21484758969855,0.2131765810215751,130208.06081753586,1557.0443193439878,131765.10513687987,3079,1,707.1463414634146,38,3,15,35.285163473952345,0.6186951754385965,44.845085470085465,1020.6196581196572,26.85841205578045,0
3137,4,1,1,41,0.023809523809523808,0.023809523809523808,0.9761904761904762,42,750,400,350,0.5333333333333333,11,4,7,366.7640557391335,0.8034504452187379,0.20417835553579722,0.21033072218049143,130514.55886667053,1173.6326171372668,131688.1914838078,3080,0,691.2857142857143,37,5,14,35.17578334585255,0.6235923423423423,44.54495614035088,1021.8201754385966,27.61676149834045,0
3138,4,1,0,42,0.023809523809523808,0.0,1.0,42,1200,700,500,0.5833333333333334,17,7,10,359.698775057913,0.803644018583043,0.2059024746384026,0.2074774567078018,130738.7384219183,1005.3128125961834,131744.05123451448,3081,0,692.2619047619048,37,5,15,35.12908312783674,0.6258445945945945,44.32565789473684,1022.6973684210528,27.640469416785212,0
3139,4,0,1,41,0.0,0.023809523809523808,0.9761904761904762,42,800,500,300,0.625,11,5,6,360.9160406668298,0.803644018583043,0.2051692367374649,0.20848208937342758,130794.81336805559,1041.1892361111159,131836.00260416672,3082,1,693.2619047619048,37,5,15,35.041157501697214,0.6264076576576576,44.270833333333336,1022.916666666667,27.646396396396405,0
3140,4,0,0,41,0.0,0.0,1.0,41,1300,1000,300,0.7692307692307693,16,10,6,367.6489396613164,0.7966971544715448,0.20972170726333839,0.21150298315877236,130636.47050766973,1405.671972648313,132042.14248031803,3083,2,711.0731707317074,36,5,15,35.029512741426174,0.6267361111111112,44.42567567567567,1022.2972972972965,28.397147147147123,0
3141,4,2,0,43,0.046511627906976744,0.0,1.0,43,1050,600,450,0.5714285714285714,15,6,9,355.2815593478306,0.8064322628276116,0.21721589696840415,0.2077963851990479,131273.37643363263,727.8019760391353,132001.17840967176,3084,0,678.953488372093,38,5,17,34.701226716708376,0.6293859649122808,43.80341880341879,1024.7863247863231,26.96806117858745,0
3142,4,0,0,43,0.0,0.0,1.0,43,1450,1300,150,0.896551724137931,16,13,3,360.63983995221577,0.805047988187523,0.21820522119328412,0.21187008920031453,131443.5782911289,880.7810360803205,132324.35932720924,3085,1,679.953488372093,36,7,17,34.39193022915294,0.634837962962963,43.637387387387385,1025.45045045045,28.484734734734722,0
3143,4,1,1,43,0.022727272727272728,0.022727272727272728,0.9772727272727273,44,950,600,350,0.631578947368421,13,6,7,351.19347651398937,0.8086900986610289,0.20946969696969697,0.20752341794008455,131665.51246537393,448.013811942131,132113.52627731606,3086,0,665.4772727272727,37,7,14,34.41016737891738,0.6351351351351351,43.421052631578945,1026.315789473684,27.738264580369837,0
3144,4,0,0,43,0.0,0.0,1.0,43,950,700,250,0.7368421052631579,12,7,5,358.3820619125181,0.8036175710594315,0.21322041079911092,0.21134103340355676,131587.96623904307,831.7533327246158,132419.7195717677,3087,3,681.953488372093,36,7,15,34.304000658544616,0.6362847222222222,43.49662162162162,1026.0135135135133,28.50037537537537,0
3145,4,0,0,43,0.0,0.0,1.0,43,1250,700,550,0.56,18,7,11,360.24392159699164,0.8025101513473606,0.21275802873376182,0.21302863866515714,131693.6476247499,888.367213950444,132582.01483870033,3088,4,682.953488372093,37,6,15,34.14955222020439,0.6354166666666667,43.39364035087719,1026.425438596491,27.74122807017543,0
3146,4,0,1,42,0.0,0.023255813953488372,0.9767441860465116,43,550,400,150,0.7272727272727273,7,4,3,358.40798007973916,0.8024178663713547,0.21358982129638426,0.212099589728604,131721.78578985826,842.0278354878276,132563.81362534608,3089,5,683.953488372093,37,6,15,34.16826888841417,0.6356981981981983,43.36622807017543,1026.535087719297,27.744191559981,0
3147,4,1,1,42,0.023255813953488372,0.023255813953488372,0.9767441860465116,43,1050,500,550,0.47619047619047616,16,5,11,356.1486015618113,0.804032853451458,0.21542049404996666,0.21146735681369289,131848.8056674152,791.5535512089763,132640.3592186242,3090,0,684.8139534883721,38,5,15,34.098139671971985,0.6351425438596492,43.242521367521356,1027.0299145299127,27.027103013945073,0
3148,4,0,0,42,0.0,0.0,1.0,42,1150,800,350,0.6956521739130435,15,8,7,384.50147052039534,0.7972077042198994,0.22884787602694412,0.21670290250988167,129837.58680555546,1585.6900385345807,131423.27684409005,3091,7,702.1190476190476,39,3,17,35.41155628236576,0.6132478632478633,45.20833333333333,1019.1666666666658,26.132478632478612,3
3149,4,0,0,42,0.0,0.0,1.0,42,1200,900,300,0.75,15,9,6,383.9767693699195,0.797135114208285,0.22966741094231136,0.21714318864021614,129970.32470703124,1581.117078993055,131551.44178602428,3092,8,703.1190476190476,39,3,17,35.289717199577765,0.6145833333333334,45.078125,1019.6874999999999,26.145833333333332,0
3150,4,0,0,42,0.0,0.0,1.0,42,950,400,550,0.42105263157894735,15,4,11,381.2376074352412,0.7972077042198994,0.2302916265546453,0.21632914989691468,130103.13042534702,1520.04123263887,131623.1716579859,3093,9,704.1190476190476,39,3,17,35.224372064529305,0.6159188034188036,44.94791666666666,1020.2083333333317,26.15918803418799,0
3151,4,1,1,42,0.023255813953488372,0.023255813953488372,0.9767441860465116,43,1250,900,350,0.72,16,9,7,369.78928635837775,0.8047249907715024,0.22092904640012945,0.21112663798317832,130342.35161675327,1039.938693576371,131382.29031032964,3094,0,688.7209302325581,39,4,17,35.27332194226258,0.6183226495726497,44.71354166666666,1021.1458333333317,26.18322649572645,0
3152,4,0,0,42,0.0,0.0,1.0,42,1150,600,550,0.5217391304347826,17,6,11,375.9059500999274,0.7967479674796748,0.22970833096281185,0.21403624505689695,130236.65229030303,1391.346503404021,131627.99879370705,3095,11,706.1190476190476,40,2,17,35.22459511482808,0.6156250000000001,44.81707317073169,1020.7317073170703,25.51829268292676,0
3153,4,3,2,43,0.06666666666666667,0.044444444444444446,0.9555555555555556,45,650,500,150,0.7692307692307693,8,5,3,360.36500471346966,0.8152356902356903,0.2295700141137944,0.20843770575490772,130845.55820302629,430.4372036375935,131275.9954066639,3096,0,659.9777777777778,41,4,16,35.003858398784686,0.6201727642276424,44.221230158730144,1023.115079365077,24.954026325977487,0
3154,4,0,0,43,0.0,0.0,1.0,43,600,300,300,0.5,9,3,6,375.440296530127,0.8048172757475083,0.2489781895295522,0.21612589504065685,130661.65500217024,1211.1300998263982,131872.78510199665,3097,1,691.6744186046511,39,4,16,34.804826795720835,0.6215277777777778,44.40104166666667,1022.3958333333342,26.2152777777778,0
3155,4,1,1,43,0.022727272727272728,0.022727272727272728,0.9772727272727273,44,1100,800,300,0.7272727272727273,14,8,6,367.59009572619607,0.8124119097956307,0.2447023095042551,0.21341412301152596,130989.80150910513,830.1107351774828,131819.9122442826,3098,0,676.9318181818181,40,4,17,34.672929282901485,0.6231770833333332,44.080284552845534,1023.6788617886187,25.59197154471547,0
3156,4,0,0,43,0.0,0.0,1.0,43,1400,1200,200,0.8571428571428571,16,12,4,374.6804709634812,0.806155407899594,0.24814824224478982,0.21694408637902785,130885.78976014617,1208.0698699517582,132093.85963009793,3099,1,693.2790697674419,40,3,17,34.59690634621115,0.6221354166666666,44.181910569105696,1023.272357723578,25.58180894308945,0
3157,4,1,0,44,0.022727272727272728,0.0,1.0,44,1050,600,450,0.5714285714285714,15,6,9,368.02119262149563,0.8138433756166314,0.24696294796517448,0.21484199300181944,131201.04762101604,856.9532037351983,132058.00082475125,3100,0,678.5,41,3,18,34.4480286304509,0.6237296747967479,43.87400793650794,1024.5039682539687,24.98790166473094,0
3158,4,0,0,44,0.0,0.0,1.0,44,850,600,250,0.7058823529411765,11,6,5,366.54509771215953,0.8137773079633545,0.24498274769382422,0.214122045767601,131226.45817586302,820.0829868984745,132046.5411627615,3101,1,679.5,41,3,18,34.460124580428605,0.6239837398373983,43.849206349206355,1024.6031746031754,24.990321331784767,0
3159,4,0,0,44,0.0,0.0,1.0,44,1400,1200,200,0.8571428571428571,16,12,4,366.3842391027889,0.8130725863284003,0.24651466744118467,0.21416993806976284,131251.87119118494,817.7233914399187,132069.59458262485,3102,2,680.5,41,3,18,34.4385347081034,0.6242378048780487,43.824404761904766,1024.7023809523819,24.99274099883858,0
3160,4,0,0,44,0.0,0.0,1.0,44,1100,1000,100,0.9090909090909091,12,10,2,367.1582901138639,0.8110905567300917,0.2444573404708894,0.21520365263546254,131355.50356353636,845.7188499098356,132201.2224134462,3103,3,681.5,38,6,18,34.313878756296674,0.6302083333333334,43.723290598290596,1025.1068376068372,26.976495726495717,0
3161,4,0,1,43,0.0,0.022727272727272728,0.9772727272727273,44,1750,1200,550,0.6857142857142857,23,12,11,360.0842025522272,0.8096590909090909,0.23840560133279243,0.2122037375811287,131562.6045694528,674.7231104170842,132237.32767986986,3104,4,682.5,40,4,16,34.28595014033349,0.62890625,43.521341463414636,1025.914634146342,25.64786585365855,0
3162,4,0,0,43,0.0,0.0,1.0,43,900,500,400,0.5555555555555556,13,5,8,360.1895839110248,0.8097083794758213,0.2314721914668092,0.2125960210369983,131621.90890842007,881.7681206597181,132503.6770290798,3105,5,682.5348837209302,39,4,16,34.223365648157554,0.6311431623931625,43.463541666666664,1026.1458333333328,26.31143162393161,0
3163,4,0,0,43,0.0,0.0,1.0,43,1050,700,350,0.6666666666666666,14,7,7,359.748652092932,0.8101236618678479,0.23355284365645845,0.21273193127275253,131692.96136558938,875.2730682794713,132568.23443386884,3106,6,683.5348837209302,40,3,16,34.162953795379536,0.6302083333333333,43.394308943089435,1026.422764227643,25.660569105691074,0
3164,4,0,0,43,0.0,0.0,1.0,43,1100,600,500,0.5454545454545454,16,6,10,363.21837215994015,0.8095238095238095,0.231329061481522,0.21537314743568298,131797.29327781094,974.23966389055,132771.5329417015,3107,7,684.5348837209302,40,3,16,33.96860154394299,0.6312499999999999,43.29268292682927,1026.8292682926838,25.670731707317096,0
3165,4,0,0,43,0.0,0.0,1.0,43,1050,900,150,0.8571428571428571,12,9,3,358.56770468224227,0.8083702473237356,0.22179496614659966,0.21378753713129928,132006.0810364202,866.6234962654594,132872.70453268566,3108,8,685.5348837209302,40,3,17,33.877447587025316,0.6333333333333333,43.08943089430895,1027.642276422765,25.691056910569124,0
3166,4,0,1,42,0.0,0.023255813953488372,0.9767441860465116,43,850,400,450,0.47058823529411764,13,4,9,353.4224428030652,0.8089239571797711,0.22108655870966532,0.21130150303757742,132110.53688280794,738.1657330292905,132848.70261583722,3109,9,686.5348837209302,40,3,17,33.90441709503098,0.634375,42.987804878048784,1028.0487804878055,25.701219512195138,0
3167,4,0,0,42,0.0,0.0,1.0,42,900,700,200,0.7777777777777778,11,7,4,358.9599379253957,0.8019260549748355,0.22485968138142032,0.2142684638541973,132049.81689453128,1080.1188151041665,133129.93570963544,3110,12,703.6666666666666,39,3,17,33.82328722002636,0.6354166666666666,43.046875,1027.8125000000002,26.35416666666667,0
3168,4,0,0,42,0.0,0.0,1.0,42,800,600,200,0.75,10,6,4,361.32334328027264,0.8030632984901278,0.2302552226564385,0.21613705443492676,132130.12695312503,1148.3398437500016,133278.46679687503,3111,13,704.6666666666666,39,3,17,33.681610942249236,0.6362179487179487,42.96875,1028.1250000000002,26.362179487179493,0
3169,4,1,1,42,0.023255813953488372,0.023255813953488372,0.9767441860465116,43,1050,500,550,0.47619047619047616,16,5,11,344.62215082941805,0.8105389442598745,0.164307142653362,0.2043626710878199,131800.32680014716,484.2624203773763,132284.58922052453,3112,0,689.2558139534884,42,1,13,34.44292409801516,0.6282242063492064,43.28972868217054,1026.8410852713173,24.448597268364697,3
3170,4,0,0,42,0.0,0.0,1.0,42,650,300,350,0.46153846153846156,10,3,7,348.7423235032571,0.8039101819589625,0.1623560505946764,0.20640090364209526,131725.71228441806,787.6661934378988,132513.37847785596,3113,15,706.6666666666666,42,0,13,34.41236391668241,0.6274801587301586,43.3624031007752,1026.5503875968996,24.441675895164273,0
3171,4,0,0,42,0.0,0.0,1.0,42,1300,1200,100,0.9230769230769231,14,12,2,351.9042304356852,0.8041521486643438,0.1665453499761862,0.20881752710847631,131825.20300012006,877.9693227570378,132703.1723228771,3114,16,707.6666666666666,42,0,13,34.23090834748696,0.6284722222222223,43.26550387596899,1026.9379844961231,24.450904392764837,0
3172,4,0,0,42,0.0,0.0,1.0,42,750,400,350,0.5333333333333333,11,4,7,352.95993744516807,0.8034504452187379,0.17003947669797004,0.2101310621409946,131949.61921045897,914.5858684874606,132864.20507894643,3115,17,708.6666666666666,42,0,14,34.07840548272503,0.6297123015873016,43.144379844961236,1027.422480620154,24.46244001476557,0
3173,4,1,2,41,0.023255813953488372,0.046511627906976744,0.9534883720930233,43,1200,800,400,0.6666666666666666,16,8,8,341.98250629983505,0.8102159468438538,0.1656430682256198,0.20496302529890753,132203.15728305772,442.2334136822626,132645.39069673998,3116,0,693.1627906976744,43,0,14,34.105279312461626,0.6308139534883721,42.897727272727266,1028.4090909090899,23.916490486257903,0
3174,4,0,0,41,0.0,0.0,1.0,41,1050,900,150,0.8571428571428571,12,9,3,352.0086334966083,0.796900406504065,0.17366569495005635,0.2097874238065515,131989.9189421137,1092.3182004282985,133082.237142542,3117,21,727.5365853658536,41,0,14,34.06223852738622,0.6316056910569107,43.10515873015872,1027.5793650793637,25.062911343399115,0
3175,4,0,0,41,0.0,0.0,1.0,41,1300,1200,100,0.9230769230769231,14,12,2,349.83266751384315,0.7963414634146342,0.17613502649885615,0.20933405116128567,132142.87682665652,1045.5790186444842,133188.455845301,3118,22,728.5365853658536,41,0,14,33.96412260388524,0.633130081300813,42.9563492063492,1028.1746031746027,25.077429345722017,0
3176,4,0,0,41,0.0,0.0,1.0,41,1500,1200,300,0.8,18,12,6,347.04552576836466,0.796290650406504,0.17148905143824877,0.20850881241123612,132295.92328829653,982.5416509195995,133278.46493921612,3119,23,729.5365853658536,41,0,16,33.88179042108648,0.6346544715447155,42.80753968253967,1028.769841269839,25.09194734804485,0
3177,4,0,0,41,0.0,0.0,1.0,41,950,700,250,0.7368421052631579,12,7,5,351.95695075694783,0.7955284552845528,0.17718435186665782,0.21174579427210313,132346.95845930948,1116.0863882589883,133463.04484756847,3120,24,730.5365853658536,41,0,16,33.70412328062733,0.6351626016260163,42.7579365079365,1028.9682539682526,25.0967866821525,0
3178,4,0,0,41,0.0,0.0,1.0,41,1350,1000,350,0.7407407407407407,17,10,7,349.3901892839002,0.7951219512195122,0.17643866256599172,0.21148802069715267,132576.73852237655,1064.2023533950592,133640.9408757716,3121,25,731.5365853658536,41,0,16,33.53913800854124,0.6374491869918699,42.53472222222222,1029.861111111111,25.118563685636857,0
3179,4,0,0,41,0.0,0.0,1.0,41,900,600,300,0.6666666666666666,12,6,6,347.62945719502153,0.7954268292682927,0.17283625840880967,0.21085188571922292,132653.3761652806,1022.8442302846797,133676.2203955653,3122,26,732.5365853658536,41,0,15,33.50747945557268,0.6382113821138212,42.46031746031745,1030.1587301587278,25.12582268679824,0
3180,4,0,0,41,0.0,0.0,1.0,41,1150,700,450,0.6086956521739131,16,7,9,342.25631286478813,0.7955284552845528,0.17666660094248487,0.20855717192795226,132827.17013888896,897.2265526581117,133724.39669154707,3123,27,733.5365853658536,39,2,14,33.47143627054703,0.6431623931623931,42.29166666666667,1030.833333333334,26.431623931623946,1
3181,4,1,1,41,0.023809523809523808,0.023809523809523808,0.9761904761904762,42,1200,1000,200,0.8333333333333334,14,10,4,334.22688297841296,0.8006194347657762,0.17432173815152519,0.20489561086937483,133052.49851278999,493.94437008394107,133546.44288287393,3124,0,717.047619047619,40,2,14,33.45256271342264,0.64375,42.073170731707314,1031.7073170731705,25.792682926829265,0
3182,4,0,0,41,0.0,0.0,1.0,41,1150,800,350,0.6956521739130435,15,8,7,344.13560711576145,0.7949186991869919,0.18084545620249193,0.21060758848332953,132988.28667534728,953.2009548611214,133941.4876302084,3125,29,735.5365853658536,39,2,14,33.26137817275973,0.6447649572649572,42.13541666666667,1031.458333333334,26.44764957264959,0
3183,4,0,0,41,0.0,0.0,1.0,41,1000,900,100,0.9,11,9,2,345.5769421747208,0.7954776422764228,0.18028641980171645,0.2122523723574063,133122.62505425367,1000.8219401041874,134123.44699435786,3126,30,736.5365853658536,39,2,15,33.089503213216254,0.6461004273504274,42.00520833333334,1031.9791666666683,26.461004273504315,0
3184,4,0,0,41,0.0,0.0,1.0,41,900,500,400,0.5555555555555556,13,5,8,350.61711221598614,0.7949186991869919,0.18799018582457072,0.21597055308717444,133230.14458550338,1142.553710937496,134372.69829644088,3127,31,737.5365853658536,39,2,15,32.85165052298792,0.6471688034188035,41.901041666666664,1032.3958333333328,26.47168803418802,0
3185,4,0,0,41,0.0,0.0,1.0,41,1100,800,300,0.7272727272727273,14,8,6,351.9991486371765,0.7949695121951219,0.19569259831363928,0.21760745373355647,133364.6050347224,1188.8454861111309,134553.45052083352,3128,32,738.5365853658536,39,2,15,32.681188651337905,0.6485042735042734,41.77083333333334,1032.916666666668,26.48504273504277,0
3186,4,0,0,41,0.0,0.0,1.0,41,1150,900,250,0.782608695652174,14,9,5,349.9187782656456,0.7949186991869919,0.19807700344919987,0.21710720445112397,133499.13330078137,1142.7707248264041,134641.90402560777,3129,33,739.5365853658536,39,2,16,32.60014531465243,0.6498397435897435,41.64062500000001,1033.437500000001,26.49839743589746,0
3187,4,0,1,40,0.0,0.024390243902439025,0.975609756097561,41,1200,1000,200,0.8333333333333334,14,10,4,353.1752628339749,0.7957317073170732,0.2024205934754557,0.2197657983465333,133606.80474175364,1237.3236762152974,134844.12841796895,3130,34,740.5365853658536,39,2,16,32.40816540722083,0.6509081196581196,41.53645833333334,1033.854166666668,26.509081196581235,0
3188,4,0,0,40,0.0,0.0,1.0,40,800,500,300,0.625,11,5,6,354.2045776204983,0.7954059829059829,0.192241913816265,0.22042686158415215,133610.25646732794,1465.0728915552804,135075.32935888323,3131,35,728.425,38,2,16,32.378104440081295,0.6526864035087718,41.533119658119666,1033.8675213675226,27.207040035987436,0
3189,4,0,0,40,0.0,0.0,1.0,40,1100,700,400,0.6363636363636364,15,7,8,340.2951484914287,0.7956997863247863,0.16441307202747701,0.20780886335081192,132907.7162000872,1045.570203993095,133953.28640408028,3132,36,729.425,39,1,16,33.44119355490453,0.643963675213675,42.213541666666686,1031.1458333333364,26.43963675213683,3
3190,4,0,0,40,0.0,0.0,1.0,40,600,400,200,0.6666666666666666,8,4,4,341.5246837712875,0.794551282051282,0.16809230458493207,0.20900972921528393,132988.28667534748,1083.7565104166922,134072.04318576417,3133,37,730.425,39,1,16,33.328704638793525,0.6447649572649572,42.13541666666668,1031.4583333333353,26.447649572649624,0
3191,4,1,0,41,0.024390243902439025,0.0,1.0,41,1100,900,200,0.8181818181818182,13,9,4,331.04970875090595,0.8008130081300813,0.1610207324273596,0.20438196478291062,133314.74837233144,626.7617241721382,133941.51009650357,3134,0,713.5853658536586,40,1,17,33.272034704454505,0.6463541666666666,41.81910569105692,1032.7235772357735,25.81808943089434,0
3192,4,0,0,41,0.0,0.0,1.0,41,950,700,250,0.7368421052631579,12,7,5,331.2944374981507,0.8,0.16353749724037936,0.20482218143133868,133367.22932778124,636.7642441668437,134003.99357194809,3135,1,714.5853658536586,40,1,17,33.21321986094711,0.646875,41.768292682926834,1032.926829268294,25.823170731707346,0
3193,4,0,0,41,0.0,0.0,1.0,41,1200,1000,200,0.8333333333333334,14,10,4,332.5759124286653,0.7998983739837399,0.1617044143294779,0.20605114574419509,133445.9701256693,676.18305489458,134122.15318056388,3136,2,715.5853658536586,40,1,19,33.101373725451616,0.64765625,41.69207317073171,1033.2317073170736,25.83079268292684,0
3194,4,0,0,41,0.0,0.0,1.0,41,700,300,400,0.42857142857142855,11,3,8,333.66295071656754,0.8000508130081301,0.16374726190563993,0.20702127167348766,133499.13330078125,708.7455290104081,134207.87882979165,3137,3,716.5853658536586,39,2,19,33.0201298592212,0.6498397435897436,41.640625,1033.4375,26.498397435897434,0
3195,4,0,0,41,0.0,0.0,1.0,41,800,400,400,0.5,12,4,8,333.03428103724997,0.7989837398373983,0.1637402469742575,0.20723293036330473,133606.8047417536,699.1292317708393,134305.93397352446,3138,4,717.5853658536586,39,2,20,32.92873635600335,0.6509081196581197,41.536458333333336,1033.8541666666677,26.50908119658122,0
3196,4,0,0,41,0.0,0.0,1.0,41,800,400,400,0.5,12,4,8,334.5455828334037,0.7980182926829268,0.16334020324793852,0.20878083544644027,133714.5195855034,746.7203776041625,134461.23996310757,3139,5,718.5853658536586,39,2,15,32.782023198039425,0.6519764957264957,41.432291666666664,1034.270833333333,26.51976495726495,0
3197,4,0,0,41,0.0,0.0,1.0,41,700,300,400,0.42857142857142855,11,3,8,363.23284132186006,0.7973069105691057,0.18974803916479388,0.21681902270555312,132049.81689453125,1392.966037326388,133442.78293185763,3140,6,719.5853658536586,39,2,17,33.71349363197189,0.6354166666666667,43.046875,1027.8125,26.354166666666668,3
3198,4,0,0,41,0.0,0.0,1.0,41,650,500,150,0.7692307692307693,8,5,3,362.8441490199086,0.7976626016260162,0.18993695459297322,0.2168933317188054,132103.35422092004,1386.5858289930504,133489.9400499131,3141,7,720.5853658536586,39,2,17,33.66950805552742,0.6359508547008548,42.994791666666664,1028.0208333333326,26.359508547008527,0
3199,4,1,1,41,0.023809523809523808,0.023809523809523808,0.9761904761904762,42,1150,800,350,0.6956521739130435,15,8,7,362.77148736934237,0.8051684088269454,0.18905100562548194,0.2180937374184811,132319.57250974947,1200.3536254874678,133519.92613523695,3142,0,704.4047619047619,40,2,17,33.45350981166863,0.6364583333333333,42.78455284552845,1028.8617886178858,25.721544715447145,0
3200,4,0,0,41,0.0,0.0,1.0,41,1050,500,550,0.47619047619047616,16,5,11,368.4437337316198,0.7972052845528456,0.1905002867456056,0.2211973590054244,132267.29811124335,1546.611433339945,133813.9095445833,3143,9,722.5853658536586,40,1,17,33.36029605479813,0.6359375,42.83536585365854,1028.6585365853662,25.716463414634156,0
3201,4,1,1,41,0.023809523809523808,0.023809523809523808,0.9761904761904762,42,800,400,400,0.5,12,4,8,361.8113105979256,0.8021922183507549,0.17948069465520167,0.21874647126975513,132532.04345703125,1190.447565971706,133722.49102300295,3144,0,706.3571428571429,39,3,17,33.26431040296746,0.640224358974359,42.578125,1029.6875,26.40224358974359,0
3202,4,0,0,41,0.0,0.0,1.0,41,1250,900,350,0.72,16,9,7,370.9670747989345,0.7959857723577236,0.1831279937449235,0.22446651814105004,132562.98539201176,1635.3005834976918,134198.28597550944,3145,11,724.5853658536586,38,3,18,32.997458242556284,0.6422697368421053,42.54807692307692,1029.8076923076917,27.100202429149782,0
3203,4,0,0,41,0.0,0.0,1.0,41,1150,800,350,0.6956521739130435,15,8,7,370.70625596091145,0.7954268292682927,0.18266122300302046,0.22480186918082448,132645.51487508227,1634.5044378698317,134280.0193129521,3146,12,725.5853658536586,38,3,14,32.921074465878455,0.6430921052631577,42.46794871794872,1030.1282051282058,27.108636977058048,0
3204,4,0,0,41,0.0,0.0,1.0,41,1150,800,350,0.6956521739130435,15,8,7,366.0317040419786,0.7943089430894309,0.17837641062977738,0.2229465833710237,132810.65088757424,1522.5817718606456,134333.2326594349,3147,13,726.5853658536586,38,3,14,32.87533685737977,0.644736842105263,42.30769230769232,1030.769230769233,27.125506072874554,0
3205,4,0,0,41,0.0,0.0,1.0,41,1050,700,350,0.6666666666666666,14,7,7,363.39038994642675,0.7946138211382113,0.1746328648494122,0.22159425072703562,132854.0161132814,1455.574544270848,134309.59065755224,3148,14,727.5853658536586,39,2,14,32.89980549661513,0.6434294871794872,42.26562500000001,1030.9375000000011,26.4342948717949,0
3206,4,1,1,41,0.023809523809523808,0.023809523809523808,0.9761904761904762,42,1400,900,500,0.6428571428571429,19,9,10,348.869989370099,0.8009581881533101,0.15691500583693174,0.21462583174028466,133183.5911680383,892.7516070130346,134076.34277505134,3149,0,711.2380952380952,40,2,14,32.94341340947132,0.6450520833333333,41.94613821138212,1032.2154471544723,25.805386178861806,0
3207,4,0,0,41,0.0,0.0,1.0,41,1250,1100,150,0.88,14,11,3,354.26361242401975,0.7936483739837399,0.1571771937428581,0.21711799612917676,133042.01388888908,1226.3888888889092,134268.40277777798,3150,16,729.5853658536586,39,2,14,32.94628432956382,0.6452991452991452,42.08333333333334,1031.6666666666683,26.452991452991494,0
3208,4,0,0,41,0.0,0.0,1.0,41,900,600,300,0.6666666666666666,12,6,6,356.01009648130724,0.7932418699186992,0.15727238931821996,0.21866038597894083,133122.62505425367,1278.599717881965,134401.22477213564,3151,17,730.5853658536586,39,2,14,32.820333266040855,0.6461004273504273,42.00520833333334,1031.9791666666683,26.461004273504315,0
3209,4,0,0,41,0.0,0.0,1.0,41,900,500,400,0.5555555555555556,13,5,8,357.77029168959916,0.792479674796748,0.15953602410468926,0.21990000310549376,133149.50086805597,1327.3871527778174,134476.88802083378,3152,18,731.5853658536586,39,2,14,32.74794778630063,0.6463675213675213,41.979166666666686,1032.0833333333367,26.463675213675298,0
3210,4,0,0,41,0.0,0.0,1.0,41,700,600,100,0.8571428571428571,8,6,2,357.0275771550408,0.7920731707317074,0.1591395732322607,0.2197604527705876,133203.26063368088,1311.4474826389235,134514.70811631982,3153,19,732.5853658536586,39,2,14,32.71316851664986,0.6469017094017092,41.92708333333335,1032.2916666666692,26.46901709401716,0
3211,4,0,0,41,0.0,0.0,1.0,41,1500,1100,400,0.7333333333333333,19,11,8,358.50803872333944,0.791260162601626,0.15499955725656478,0.2216312788017854,133364.60503472242,1362.4565972222422,134727.06163194467,3154,20,733.5853658536586,39,2,15,32.513110125050424,0.6485042735042734,41.77083333333334,1032.9166666666683,26.48504273504278,0
3212,4,0,0,41,0.0,0.0,1.0,41,1000,600,400,0.6,14,6,8,363.84511454896625,0.7909552845528455,0.15523723313321214,0.22575200725029843,133499.82336410627,1514.695107613783,135014.51847172005,3155,21,734.5853658536586,38,3,16,32.23965333057652,0.6515899122807017,41.63995726495727,1033.4401709401714,27.195793972109772,0
3213,4,0,0,41,0.0,0.0,1.0,41,650,300,350,0.46153846153846156,10,3,7,365.052100234361,0.7898373983739837,0.16102854982038206,0.22683873280458847,133555.03420857986,1550.9091469427985,135105.94335552267,3156,22,735.5853658536586,38,3,17,32.1531007751938,0.6521381578947368,41.58653846153846,1033.653846153846,27.20141700404858,0
3214,4,0,0,41,0.0,0.0,1.0,41,1000,700,300,0.7,13,7,6,363.37062871388594,0.7876524390243902,0.1618373311832293,0.22663838182670187,133693.1112572137,1516.02997844984,135209.14123566353,3157,23,736.5853658536586,38,3,18,32.058152548209364,0.6535087719298246,41.45299145299145,1034.1880341880333,27.215474583895613,0
3215,4,0,0,41,0.0,0.0,1.0,41,1100,900,200,0.8181818181818182,13,9,4,361.335187748919,0.7872967479674797,0.15640376102294962,0.22638374052626337,133858.89788333708,1473.5859997078014,135332.4838830449,3158,24,737.5853658536586,38,3,15,31.944731227200766,0.6551535087719298,41.292735042735046,1034.8290598290605,27.23234367971212,0
3216,4,0,0,41,0.0,0.0,1.0,41,850,700,150,0.8235294117647058,10,7,3,360.3735047094451,0.7872459349593496,0.15393949769390347,0.22612037005343932,133914.18292059316,1451.824685879171,135366.00760647233,3159,25,738.5853658536586,38,3,16,31.914266790531258,0.6557017543859649,41.23931623931624,1035.0427350427349,27.237966711650916,0
3217,4,0,0,41,0.0,0.0,1.0,41,900,300,600,0.3333333333333333,15,3,12,357.575275404943,0.7839430894308943,0.15120089944840864,0.22588973586981967,134163.10683988972,1394.681975491273,135557.788815381,3160,26,739.5853658536586,38,3,17,31.7376937884569,0.6581688596491228,40.998931623931625,1036.0042735042737,27.263270355375624,0
3218,4,1,0,42,0.023809523809523808,0.0,1.0,42,1050,700,350,0.6666666666666666,14,7,7,350.70871030456567,0.7902390631049168,0.14790025681860608,0.22341693080630598,134469.73876953137,1031.9417317708476,135501.6805013022,3161,0,722.952380952381,39,3,18,31.609357738274582,0.6594551282051282,40.70312500000001,1037.187500000001,26.594551282051306,0
3219,4,0,1,41,0.0,0.023809523809523808,0.9761904761904762,42,1200,800,400,0.6666666666666666,16,8,8,350.15564265092473,0.7904810298102981,0.1408491107286287,0.22356091030789832,134550.78125000015,1022.7430555555696,135573.5243055557,3162,1,723.952380952381,39,3,18,31.542838018741637,0.6602564102564102,40.62500000000001,1037.5000000000011,26.60256410256413,0
3220,4,0,0,41,0.0,0.0,1.0,41,1050,500,550,0.47619047619047616,16,5,11,351.4554832509126,0.7876016260162602,0.13927563681342003,0.224917251451649,134636.1154994807,1263.720207179137,135899.83570665983,3163,2,733.1463414634146,37,4,18,31.423996302165865,0.6646959459459458,40.54276315789474,1037.8289473684217,28.049431009957345,0
3221,4,0,0,41,0.0,0.0,1.0,41,1200,800,400,0.6666666666666666,16,8,8,352.07475994513027,0.7870426829268292,0.13891900030111382,0.226333774250441,134800.2958579882,1291.9563609467493,136092.25221893497,3164,3,734.1463414634146,38,3,13,31.24421296296297,0.6644736842105262,40.38461538461539,1038.4615384615388,27.327935222672075,0
3222,4,0,0,41,0.0,0.0,1.0,41,1150,700,450,0.6086956521739131,16,7,9,354.45680459835864,0.7865345528455284,0.1349941306899698,0.22856352572376895,134911.26543209865,1364.0432098765298,136275.30864197516,3165,4,735.1463414634146,38,3,14,31.07174688057041,0.6655701754385965,40.27777777777777,1038.888888888888,27.339181286549685,0
3223,4,0,0,41,0.0,0.0,1.0,41,900,600,300,0.6666666666666666,12,6,6,356.2322864810752,0.7871443089430894,0.1413917007474792,0.23023730568780193,134994.52257515158,1417.881487873478,136412.40406302505,3166,5,736.1463414634146,38,3,14,30.94265104006031,0.6663925438596492,40.197649572649574,1039.2094017094018,27.347615834457944,0
3224,4,0,0,41,0.0,0.0,1.0,41,950,600,350,0.631578947368421,13,6,7,358.12232119485213,0.7872967479674797,0.13718102028383838,0.23181450850996133,135050.04160502966,1472.8868754109226,136522.92848044058,3167,6,737.1463414634146,38,3,14,30.83821564395108,0.6669407894736842,40.144230769230774,1039.4230769230776,27.35323886639678,0
3225,4,0,1,40,0.0,0.024390243902439025,0.975609756097561,41,1000,700,300,0.7,13,7,6,355.0528062591863,0.7861788617886178,0.13326049422006592,0.23053562130224559,135161.11390760835,1397.8665580027816,136558.98046561112,3168,7,738.1463414634146,38,3,14,30.807347854378566,0.6680372807017543,40.037393162393165,1039.850427350428,27.36448493027442,0
3226,4,0,0,40,0.0,0.0,1.0,40,800,400,400,0.5,12,4,8,362.60898550608226,0.7784455128205128,0.13832665330661342,0.23498945943835728,135091.6883680555,1797.092013888884,136888.78038194438,3169,35,757.425,37,3,16,30.680110220440874,0.6692004504504505,40.104166666666664,1039.583333333333,28.096846846846837,0
3227,4,0,0,40,0.0,0.0,1.0,40,700,600,100,0.8571428571428571,8,6,2,362.7175951006375,0.777724358974359,0.1446404091532214,0.2354312768199414,135148.689079813,1804.1614968067086,136952.8505766197,3170,36,758.425,37,3,16,30.620474357622406,0.6697635135135136,40.04934210526316,1039.8026315789473,28.102773826458034,0
3228,4,0,0,40,0.0,0.0,1.0,40,900,700,200,0.7777777777777778,11,7,4,365.4034278499301,0.7756944444444445,0.14959949409780826,0.23811454144506422,135291.24345952593,1887.1768236380378,137178.42028316396,3171,37,759.425,37,3,16,30.408586284429457,0.6711711711711712,39.91228070175438,1040.350877192982,28.117591275485996,0
3229,4,0,0,40,0.0,0.0,1.0,40,1200,900,300,0.75,15,9,6,361.8146556401037,0.7746794871794872,0.14439528023598847,0.23652511786059655,135405.34106648187,1798.3273699599758,137203.66843644183,3172,38,760.425,37,3,16,30.388309453574934,0.6722972972972973,39.80263157894736,1040.7894736842095,28.129445234708363,0
3230,4,0,1,39,0.0,0.025,0.975,40,850,400,450,0.47058823529411764,13,4,9,361.4123878267736,0.7733974358974359,0.14469665051611624,0.2366378765536128,135462.4079043551,1791.558460295468,137253.96636465055,3173,39,761.425,37,3,16,30.341970367249495,0.6728603603603605,39.747807017543856,1041.0087719298238,28.13537221431956,0
3231,4,0,0,39,0.0,0.0,1.0,39,1150,1000,150,0.8695652173913043,13,10,3,365.4849774799533,0.7730544309491678,0.13747718054145253,0.23888346264990976,135399.17239874994,2097.2726949922753,137496.44509374222,3174,40,753.4871794871794,36,3,16,30.29895224698839,0.6741898148148149,39.80855855855855,1040.7657657657646,28.910160160160128,0
3232,4,0,0,39,0.0,0.0,1.0,39,750,500,250,0.6666666666666666,10,5,5,365.7108152607313,0.7732231219073324,0.1412184411210704,0.2392261192820197,135428.47482195028,2105.531587330569,137534.00640928085,3175,41,754.4871794871794,36,3,16,30.263893396804782,0.6744791666666667,39.7804054054054,1040.878378378378,28.913288288288282,0
3233,4,0,0,39,0.0,0.0,1.0,39,800,300,500,0.375,13,3,10,364.6459906817822,0.7736729644624382,0.13941683586858833,0.23872432987694028,135457.78041555075,2078.827307036773,137536.60772258753,3176,42,755.4871794871794,36,3,16,30.262422472234224,0.6747685185185186,39.752252252252255,1040.9909909909916,28.916416416416432,0
3234,4,0,0,39,0.0,0.0,1.0,39,850,600,250,0.7058823529411765,11,6,5,364.4270256023948,0.774179037336932,0.13888866389656163,0.23918199461962267,135548.03070415882,2079.4731311557243,137627.50383531454,3177,43,756.4871794871794,37,2,16,30.178279983152574,0.673704954954955,39.66557017543859,1041.3377192982443,28.144262683736333,0
3235,4,0,0,39,0.0,0.0,1.0,39,750,500,250,0.6666666666666666,10,5,5,366.5541374072032,0.7726045883940621,0.13522585222941919,0.24135176691487814,135663.00834195683,2145.594451763239,137808.60279372006,3178,44,757.4871794871794,36,3,17,30.00846755305731,0.6767939814814815,39.55518018018018,1041.7792792792793,28.938313313313316,0
3236,4,0,0,39,0.0,0.0,1.0,39,700,400,300,0.5714285714285714,10,4,6,365.4198743955338,0.7719298245614036,0.13752812974602868,0.24080232748628771,135692.3392987583,2116.9355165976885,137809.274815356,3179,45,758.4871794871794,36,3,17,30.008826920305513,0.6770833333333334,39.52702702702703,1041.8918918918926,28.94144144144146,0
3237,4,0,0,39,0.0,0.0,1.0,39,950,600,350,0.631578947368421,13,6,7,364.41548970313465,0.7704116059379218,0.13734858997903188,0.24112896270063733,135839.0416387671,2100.3701759191613,137939.4118146863,3180,46,759.4871794871794,36,3,18,29.88909293867704,0.6785300925925927,39.38626126126126,1042.4549549549547,28.957082082082074,0
3238,4,0,0,39,0.0,0.0,1.0,39,1300,800,500,0.6153846153846154,18,8,10,364.09236696154164,0.7693994601889339,0.13650849024998646,0.24171035200221064,135956.46057797672,2100.1419071098207,138056.60248508654,3181,47,760.4871794871794,36,3,16,29.78080120937264,0.6796875,39.27364864864865,1042.905405405406,28.969594594594614,0
3239,4,0,0,39,0.0,0.0,1.0,39,800,400,400,0.5,12,4,8,360.6156847333709,0.7699055330634278,0.13517461446828682,0.23992291080792222,136033.7375442443,2011.1798822714572,138044.91742651575,3182,48,761.4871794871794,37,2,16,29.794688529185052,0.678490990990991,39.19956140350877,1043.2017543859643,28.194642010431465,0
3240,4,0,0,39,0.0,0.0,1.0,39,1000,500,500,0.5,15,5,10,360.6156847333709,0.7699055330634278,0.13517461446828682,0.23992291080792222,136033.7375442443,2011.1798822714572,138044.91742651575,3183,49,762.4871794871794,37,2,16,29.794688529185052,0.678490990990991,39.19956140350877,1043.2017543859643,28.194642010431465,0
3241,4,0,0,39,0.0,0.0,1.0,39,1200,800,400,0.6666666666666666,16,8,8,357.7481906745214,0.7693994601889339,0.13283333602728487,0.23878311913324626,136148.14774738363,1941.3507040627715,138089.4984514464,3184,50,763.4871794871794,37,2,16,29.7559010996708,0.6796171171171171,39.089912280701746,1043.6403508771916,28.206495969653826,0
3242,4,0,0,39,0.0,0.0,1.0,39,850,600,250,0.7058823529411765,11,6,5,346.35694914286,0.7688371569950517,0.12148870067422135,0.21869967360163445,134145.81298828125,1492.4669053819455,135638.2798936632,3185,51,764.4871794871794,39,0,17,32.04552119993295,0.65625,41.015625,1035.9375,26.5625,6
3243,4,0,0,39,0.0,0.0,1.0,39,850,700,150,0.8235294117647058,10,7,3,351.92409455586426,0.7685560053981106,0.12660707473735222,0.22270616365405455,134226.7578125,1647.5260416666674,135874.28385416666,3186,52,765.4871794871794,39,0,17,31.820466425412146,0.6570512820512822,40.9375,1036.25,26.57051282051282,0
3244,4,0,0,39,0.0,0.0,1.0,39,1000,500,500,0.5,15,5,10,353.9433008343584,0.7670377867746289,0.12676230521889664,0.22464564603976642,134334.7222222223,1709.3750000000055,136044.0972222223,3187,53,766.4871794871794,39,0,18,31.660302786709536,0.6581196581196581,40.833333333333336,1036.6666666666672,26.581196581196593,0
3245,4,0,0,39,0.0,0.0,1.0,39,850,400,450,0.47058823529411764,13,4,9,350.66143179447147,0.7659694107062528,0.12114843774144668,0.2232215610579131,134442.73003472234,1628.7760416666756,136071.50607638902,3188,54,767.4871794871794,39,0,18,31.637538502745418,0.6591880341880341,40.72916666666667,1037.0833333333344,26.59188034188037,0
3246,4,1,0,40,0.025,0.0,1.0,40,650,500,150,0.7692307692307693,8,5,3,331.67267978072357,0.7749732905982906,0.08980786778870531,0.19742230782602763,131942.7747938369,794.0728081597313,132736.84760199662,3189,0,749.275,39,1,16,34.63206343573625,0.6343482905982906,43.15104166666667,1027.3958333333342,26.343482905982928,6
3247,4,0,0,40,0.0,0.0,1.0,40,750,500,250,0.6666666666666666,10,5,5,333.00802598896547,0.7757211538461538,0.09433603649265088,0.1984969290864741,131996.29041883684,791.1648220486156,132787.45524088547,3190,1,750.275,39,1,16,34.54394745734077,0.6348824786324787,43.098958333333336,1027.604166666667,26.348824786324794,0
3248,4,0,0,40,0.0,0.0,1.0,40,850,500,350,0.5882352941176471,12,5,7,345.0985632685465,0.7760683760683761,0.10592491610738275,0.19403655066797526,129745.05077069183,956.1868255590763,130701.23759625091,3191,2,751.275,38,2,14,36.509455397091756,0.6140350877192982,45.2991452991453,1018.803418803419,26.8106162843005,5
3249,4,1,1,40,0.024390243902439025,0.024390243902439025,0.975609756097561,41,850,500,350,0.5882352941176471,12,5,7,337.37079277701986,0.7851117886178862,0.10010214504596471,0.1909167665483831,129996.88042534732,571.4301215277833,130568.3105468751,3192,0,733.9268292682926,39,2,14,36.450885257065025,0.6148504273504274,45.052083333333336,1019.7916666666674,26.148504273504294,0
3250,4,1,0,41,0.024390243902439025,0.0,1.0,41,800,500,300,0.625,11,5,6,339.7595623045564,0.7836382113821139,0.10882337558186106,0.19266157461774905,130076.56385633702,638.9512803819641,130715.51513671898,3193,0,734.9024390243902,39,2,15,36.30920470404031,0.6156517094017093,44.97395833333334,1020.1041666666683,26.156517094017136,0
3251,4,1,0,42,0.023809523809523808,0.0,1.0,42,800,500,300,0.625,11,5,6,338.4972007373102,0.79227158343012,0.12577223184584474,0.19412033314898436,130514.55886667053,436.1613293874083,130950.72019605794,3194,0,718.3809523809524,37,5,14,35.897874414279066,0.6235923423423423,44.54495614035088,1021.8201754385966,27.61676149834045,0
3252,4,0,0,42,0.0,0.0,1.0,42,850,500,350,0.5882352941176471,12,5,7,338.8722057324335,0.7921747967479674,0.1301336970793039,0.19461662536241603,130570.58572108719,449.34847741611816,131019.93419850331,3195,1,719.3809523809524,37,5,14,35.83161230912276,0.6241554054054055,44.49013157894736,1022.0394736842101,27.622688477951623,0
3253,4,2,3,41,0.045454545454545456,0.06818181818181818,0.9318181818181819,44,1150,1000,150,0.8695652173913043,13,10,3,322.2404445396052,0.7953884778012685,0.13035750469125795,0.1871243189197627,130997.85175933785,-357.43880306754033,130640.4129562703,3196,0,687.6363636363636,41,3,14,35.82539894046578,0.6216971544715447,44.072420634920626,1023.7103174603163,24.9685443283004,0
3254,4,0,0,41,0.0,0.0,1.0,41,1250,1000,250,0.8,15,10,5,343.62446833648403,0.7845528455284553,0.13719512195121952,0.19758406929347827,130617.28395061726,776.6589506172818,131393.94290123455,3197,3,738.8780487804878,38,3,14,35.66293025362321,0.6228070175438596,44.44444444444444,1022.2222222222221,26.900584795321635,0
3255,4,0,0,41,0.0,0.0,1.0,41,1250,900,350,0.72,16,9,7,343.74338915136383,0.7819613821138212,0.1403805076747302,0.19856235773331737,130794.81336805565,791.9704861111171,131586.78385416677,3198,4,739.8780487804878,39,2,14,35.48031228784791,0.6228632478632479,44.270833333333336,1022.9166666666674,26.2286324786325,0
3256,4,0,0,41,0.0,0.0,1.0,41,750,200,550,0.26666666666666666,13,2,11,355.01784591736794,0.7822154471544716,0.11655936805347245,0.19646799116997782,129119.93805473363,978.8271490795416,130098.76520381318,3199,5,740.8780487804878,38,3,16,36.89293598233995,0.6077302631578948,45.91346153846153,1016.3461538461531,26.74595141700403,4
3257,4,1,0,42,0.023809523809523808,0.0,1.0,42,900,600,300,0.6666666666666666,12,6,6,346.5761942420419,0.7902632597754549,0.12130962130962142,0.1932280973376864,129413.28125000001,570.3125000000005,129983.59375000001,3200,0,724.2142857142857,39,3,17,36.80896805896806,0.608974358974359,45.625,1017.5000000000001,26.08974358974359,0
3258,4,0,0,42,0.0,0.0,1.0,42,850,600,250,0.7058823529411765,11,6,5,347.5263610364795,0.7907229965156795,0.11747834944027735,0.19414980409876748,129492.78564453126,600.431315104167,130093.21695963544,3201,1,725.2142857142857,39,3,14,36.703958141438946,0.6097756410256411,45.546875,1017.8125000000001,26.097756410256412,0
3259,4,0,0,42,0.0,0.0,1.0,42,1300,1100,200,0.8461538461538461,15,11,4,348.11619443344887,0.790819783197832,0.12408579516939278,0.19474181844293634,129545.8021375869,619.3983289930661,130165.20046657996,3202,2,726.2142857142857,39,3,14,36.635053207817464,0.610309829059829,45.49479166666667,1018.0208333333342,26.10309829059831,0
3260,4,2,0,44,0.045454545454545456,0.0,1.0,44,1250,1000,250,0.8,15,10,5,335.61815238656897,0.8058712121212122,0.13361142796509018,0.19010965425268944,130034.82187145685,-71.59066751701431,129963.23120393984,3203,0,694.1590909090909,41,3,16,36.457117498297826,0.6120426829268293,45.01488095238095,1019.9404761904757,24.876596980255506,0
3261,4,0,0,44,0.0,0.0,1.0,44,850,500,350,0.5882352941176471,12,5,7,331.220634752895,0.8063777307963355,0.10874146792483597,0.18672353827637903,129847.9443969363,-198.13698862824506,129649.80740830806,3204,1,695.1590909090909,40,4,16,36.75860836906305,0.6117187500000001,45.198170731707314,1019.2073170731703,25.480182926829258,3
3262,4,0,1,43,0.0,0.022727272727272728,0.9772727272727273,44,950,700,250,0.7368421052631579,12,7,5,339.53678319206153,0.8035368217054264,0.11763600126828844,0.19217437221276576,130003.35784131469,28.18438512129265,130031.54222643598,3205,2,696.1590909090909,40,4,16,36.38909649559873,0.61328125,45.045731707317074,1019.8170731707318,25.495426829268293,0
3263,4,1,0,44,0.022727272727272728,0.0,1.0,44,1100,700,400,0.6363636363636364,15,7,8,333.6650206916576,0.807104474982382,0.14040897312772938,0.18872575071139186,129977.44914568045,-125.6979559124876,129851.75118976797,3206,0,697.0909090909091,40,4,16,36.565053817022125,0.6130208333333333,45.07113821138211,1019.7154471544713,25.492886178861784,2
3264,4,1,1,44,0.022222222222222223,0.022222222222222223,0.9777777777777777,45,800,400,400,0.5,12,4,8,329.02957101207835,0.814520202020202,0.14476190476190554,0.18747033697199825,130262.58680555562,-427.9513888888787,129834.63541666674,3207,0,682.5777777777778,41,4,16,36.39455782312926,0.6143292682926829,44.79166666666667,1020.8333333333339,24.89837398373985,0
3265,4,2,0,46,0.043478260869565216,0.0,1.0,46,900,600,300,0.6666666666666666,12,6,6,325.7528765985031,0.818035426731079,0.15331500667799092,0.18734981050339305,130625.9411250744,-689.6447840240558,129936.29634105034,3208,0,668.695652173913,40,6,15,36.1109039997349,0.61953125,44.4359756097561,1022.256097560976,25.5564024390244,0
3266,4,1,1,46,0.02127659574468085,0.02127659574468085,0.9787234042553191,47,1250,900,350,0.72,16,9,7,314.2886601959936,0.8215772432932469,0.150138249418033,0.1825067352032896,130997.85175933797,-1165.7721364008617,129832.0796229371,3209,0,655.4468085106383,41,6,17,36.02890703233516,0.6216971544715446,44.07242063492063,1023.7103174603172,24.96854432830042,0
3267,4,0,0,46,0.0,0.0,1.0,46,950,800,150,0.8421052631578947,11,8,3,322.4550581125329,0.8200281803542674,0.15497436871084136,0.18758990563174832,131067.83743142303,-747.3025728732974,130320.53485854973,3210,1,667.3260869565217,40,6,17,35.74934663226147,0.6239583333333334,44.0040650406504,1023.9837398373978,25.599593495934947,0
3268,4,0,0,46,0.0,0.0,1.0,46,1400,900,500,0.6428571428571429,19,9,10,324.59555528992087,0.8193438003220612,0.16462523127881568,0.18947584208903823,131197.94894118904,-682.7457821072145,130515.20315908182,3211,2,668.3260869565217,40,6,17,35.563394835168474,0.6252604166666667,43.8770325203252,1024.4918699186987,25.61229674796747,0
3269,4,1,0,47,0.02127659574468085,0.0,1.0,47,1450,1000,450,0.6896551724137931,19,10,9,322.8771645844056,0.8235044711686709,0.18483862609046153,0.19088497970230017,131684.26890432072,-896.431327160521,130787.8375771602,3212,0,655.0851063829788,41,6,14,35.11783942264319,0.6285569105691058,43.402777777777764,1026.3888888888869,25.033875338753337,0
3270,4,0,0,47,0.0,0.0,1.0,47,1200,900,300,0.75,15,9,6,320.3272786296541,0.822232500770891,0.17478422271874283,0.19001190034931478,131811.58002842314,-955.4310555240893,130856.14897289904,3213,1,656.0851063829788,41,6,14,35.05528853894952,0.6298272357723579,43.27876984126983,1026.8849206349184,25.045973674022402,0
3271,4,0,1,46,0.0,0.02127659574468085,0.9787234042553191,47,950,600,350,0.631578947368421,13,6,7,323.17403114254245,0.8210761640456367,0.17423140455117014,0.19234426819035427,131938.95266439885,-872.1513605442462,131066.8013038546,3214,2,657.0851063829788,41,6,16,34.854190807261496,0.6310975609756099,43.15476190476189,1027.3809523809502,25.058072009291468,0
3272,4,0,0,46,0.0,0.0,1.0,46,1000,600,400,0.6,14,6,8,328.6403352873585,0.8158816425120773,0.17435195703810802,0.19486983261405316,131797.29327781062,-537.218669442813,131260.0746083678,3215,3,672.2391304347826,40,6,16,34.85624505146476,0.6312500000000001,43.29268292682926,1026.8292682926813,25.67073170731703,0
3273,4,0,0,46,0.0,0.0,1.0,46,1150,600,550,0.5217391304347826,17,6,11,329.6968913024654,0.8158615136876006,0.17245057724402546,0.19603389278148925,131901.6665014209,-502.4861193734099,131399.1803820475,3216,4,673.2391304347826,40,6,16,34.72414589104339,0.6322916666666668,43.191056910569095,1027.235772357722,25.68089430894305,0
3274,4,0,0,46,0.0,0.0,1.0,46,1150,900,250,0.782608695652174,14,9,5,327.77099915397656,0.8160225442834139,0.16221033484840053,0.19529125353246013,131979.97352972726,-548.1584415692109,131431.81508815804,3217,5,674.2391304347826,40,6,17,34.694886756997334,0.6330729166666669,43.114837398373965,1027.5406504065008,25.688516260162523,0
3275,4,0,0,46,0.0,0.0,1.0,46,1200,900,300,0.75,15,9,6,331.22550872577847,0.8161030595813205,0.1633110533215847,0.19789403548501147,132084.41904826797,-450.054221197724,131634.36482707024,3218,6,675.2391304347826,40,6,18,34.50115340253748,0.6341145833333335,43.01321138211381,1027.9471544715427,25.69867886178857,0
3276,4,0,0,46,0.0,0.0,1.0,46,950,700,250,0.7368421052631579,12,7,5,329.76800861685,0.8161231884057971,0.1603701411453231,0.19715917110922263,132110.5368828075,-486.8342669707532,131623.70261583675,3219,7,676.2391304347826,40,6,18,34.51236490048766,0.6343750000000001,42.98780487804876,1028.048780487802,25.701219512195053,0
3277,4,0,0,46,0.0,0.0,1.0,46,950,800,150,0.8421052631578947,11,8,3,329.93782121252246,0.8169887278582931,0.14990790188569214,0.19365402350595468,131408.21533203125,-468.3669934010227,130939.84833863023,3220,8,677.2391304347826,39,7,17,35.21464069220089,0.6290064102564104,43.671875,1025.3125,26.290064102564102,4
3278,4,0,0,46,0.0,0.0,1.0,46,1700,1300,400,0.7647058823529411,21,13,8,321.39641621226747,0.8190217391304349,0.08530734632683612,0.18371882870101558,130389.2089966772,-802.5916613028508,129586.61733537435,3221,9,678.2391304347826,41,5,16,36.46136878743726,0.6155995934959351,44.66765873015872,1021.3293650793638,24.910472319008875,8
3279,4,0,0,46,0.0,0.0,1.0,46,1050,600,450,0.5714285714285714,15,6,9,324.7104983852529,0.8195249597423511,0.08784736588784625,0.18597712527093055,130465.21183704953,-727.3152084908176,129737.89662855871,3222,10,679.2391304347826,41,5,17,36.29992878876156,0.6163617886178863,44.59325396825396,1021.6269841269833,24.917731320170326,0
3280,4,0,0,46,0.0,0.0,1.0,46,1100,800,300,0.7272727272727273,14,8,6,325.28785695973966,0.8197262479871176,0.08595408634872914,0.18667354955667276,130541.23682169619,-707.3041658793235,129833.93265581687,3223,11,680.2391304347826,41,5,15,36.20835760282172,0.6171239837398375,44.5188492063492,1021.9246031746026,24.92499032133177,0
3281,4,0,0,46,0.0,0.0,1.0,46,1450,1200,250,0.8275862068965517,17,12,5,325.5001917498823,0.8212157809983898,0.08910195557243239,0.18728528620784649,130642.63791454061,-695.159261621336,129947.47865291928,3224,12,681.2391304347826,41,5,15,36.10049733139253,0.618140243902439,44.41964285714285,1022.3214285714268,24.934668989546996,0
3282,4,0,2,44,0.0,0.043478260869565216,0.9565217391304348,46,1250,900,350,0.72,16,9,7,331.57198670193424,0.8196859903381642,0.08233108720365068,0.1914701253624515,130782.42368247085,-527.2423907818188,130255.18129168903,3225,13,682.2391304347826,42,4,15,35.80408456486042,0.6180555555555556,44.2829457364341,1022.8682170542623,24.354005167958626,0
3283,4,0,0,44,0.0,0.0,1.0,44,1200,800,400,0.6666666666666666,16,8,8,344.69213408461377,0.8082936927413672,0.09880116404124739,0.19824231999754915,130625.94112507453,205.14688264262372,130831.08800771716,3226,14,713.0454545454545,40,4,16,35.62688471352354,0.6195312499999999,44.435975609756106,1022.256097560977,25.556402439024424,0
3284,4,0,0,44,0.0,0.0,1.0,44,1850,1500,350,0.8108108108108109,22,15,7,344.4797095086606,0.8087121212121212,0.09856613828297878,0.19892072726360702,130781.81932257593,210.3366258510241,130992.15594842695,3227,15,714.0454545454545,40,4,16,35.474623282000344,0.62109375,44.28353658536586,1022.8658536585373,25.57164634146343,0
3285,4,0,0,44,0.0,0.0,1.0,44,1050,700,350,0.6666666666666666,14,7,7,345.7697654982485,0.8082936927413672,0.0965088194071031,0.19999571461488722,130845.5582030267,248.4875952696027,131094.0457982963,3228,16,715.0454545454545,41,3,16,35.37717363198552,0.6201727642276422,44.221230158730165,1023.1150793650803,24.95402632597757,0
3286,4,1,1,44,0.022222222222222223,0.022222222222222223,0.9777777777777777,45,1150,900,250,0.782608695652174,14,9,5,336.3279515755635,0.8145622895622896,0.09029049395275246,0.19562744165608245,131061.33355034745,-184.08203124997598,130877.25151909748,3229,0,700.1333333333333,43,2,16,35.40077144794847,0.6194282945736433,44.01041666666668,1023.9583333333352,23.812984496124074,0
3287,4,1,0,45,0.022222222222222223,0.0,1.0,45,1100,600,500,0.5454545454545454,16,6,10,340.4963579667374,0.8138468013468014,0.10695553492210874,0.19280472004741142,130021.02434142581,-145.66295052798637,129875.36139089783,3230,0,701.1111111111111,43,2,15,36.34671928195607,0.6090116279069766,45.0284090909091,1019.8863636363652,23.718287526427098,3
3288,4,1,0,46,0.021739130434782608,0.0,1.0,46,1050,700,350,0.6666666666666666,14,7,7,336.46341699771693,0.8180756843800322,0.12134615551073691,0.19183379609302328,130288.5239027697,-431.63885881008645,129856.88504395961,3231,0,686.8478260869565,40,6,16,36.17857853872187,0.6161458333333333,44.76626016260163,1020.9349593495949,25.523373983739873,0
3289,4,1,1,46,0.02127659574468085,0.02127659574468085,0.9787234042553191,47,850,600,250,0.7058823529411765,11,6,5,335.09569943289216,0.8220012334258402,0.13101295097132315,0.1926800271739131,130617.28395061738,-646.1419753086291,129971.14197530875,3232,0,673.2127659574468,41,6,15,35.880887681159436,0.6178861788617885,44.44444444444445,1022.222222222223,24.93224932249324,0
3290,4,0,0,46,0.0,0.0,1.0,46,1400,1200,200,0.8571428571428571,16,12,4,337.15859232989635,0.8154790660225443,0.15389515605092874,0.19412047220960404,130667.99433893933,-388.832593222467,130279.16174571686,3233,1,688.2826086956521,41,5,15,35.77689371886927,0.6183943089430894,44.39484126984127,1022.4206349206353,24.93708865660086,0
3291,4,1,0,47,0.02127659574468085,0.0,1.0,47,800,400,400,0.5,12,4,8,330.6607585703892,0.8190333024976872,0.15978195618979352,0.1916816098803761,130931.13864100723,-741.242075295946,130189.89656571129,3234,0,674.6170212765958,42,5,16,35.67723126933032,0.6195436507936507,44.13759689922481,1023.4496124031014,24.367847914359555,0
3292,4,0,0,47,0.0,0.0,1.0,47,1200,1000,200,0.8333333333333334,14,10,4,331.36049359974055,0.8193416589577551,0.16752884136706947,0.19273808592221628,131061.33355034748,-714.2903645833073,130347.04318576417,3235,1,675.6170212765958,43,4,17,35.527933197694146,0.6194282945736432,44.01041666666668,1023.9583333333354,23.81298449612408,0
3293,4,1,1,47,0.020833333333333332,0.020833333333333332,0.9791666666666666,48,1150,800,350,0.6956521739130435,15,8,7,330.8216008989356,0.8256131796690307,0.17581300813008127,0.19376693766937678,131328.12500000017,-910.7638888888725,130417.3611111113,3236,0,662.5208333333334,45,3,18,35.27269647696477,0.6194444444444444,43.75000000000001,1025.0000000000014,22.777777777777807,0
3294,4,0,0,47,0.0,0.0,1.0,47,1250,700,550,0.56,18,7,11,334.23158709074727,0.825200431699044,0.1783057837841342,0.19617421059834383,131408.21533203128,-615.8447265624986,130792.37060546878,3237,1,674.3829787234042,39,8,18,35.10457939652542,0.6290064102564104,43.671875,1025.3125000000002,26.29006410256411,0
3295,4,0,1,46,0.0,0.02127659574468085,0.9787234042553191,47,1050,700,350,0.6666666666666666,14,7,7,335.9364273104274,0.8253160653715694,0.1757864624945451,0.19770299480140816,131510.479924731,-564.1678440412181,130946.31208068976,3238,2,675.3829787234042,40,7,18,34.95780904257075,0.6283854166666666,43.57215447154473,1025.7113821138237,25.64278455284559,0
3296,4,0,0,46,0.0,0.0,1.0,46,1000,800,200,0.8,12,8,4,340.9225324745097,0.8240338164251207,0.16758987258896796,0.20077433155179134,131536.5409561109,-231.24586886111226,131305.29508724977,3239,3,690.2391304347826,40,6,18,34.80367875305462,0.6286458333333333,43.54674796747968,1025.8130081300824,25.64532520325206,0
3297,4,0,1,45,0.0,0.021739130434782608,0.9782608695652174,46,1100,800,300,0.7272727272727273,14,8,6,336.9145456103916,0.823731884057971,0.15698835719963267,0.19468017832561052,130807.2036404813,-385.8300845802589,130421.37355590104,3240,4,691.2391304347826,42,4,16,35.642425247071465,0.6183035714285714,44.258720930232556,1022.9651162790694,24.356312292358798,2
3298,4,0,0,45,0.0,0.0,1.0,45,950,600,350,0.631578947368421,13,6,7,336.4818859976535,0.8199915824915825,0.16551709277395288,0.19462353843487404,130845.55820302674,-194.56796028595306,130650.99024274078,3241,5,705.2444444444444,41,4,16,35.61473787129511,0.6201727642276422,44.221230158730165,1023.1150793650806,24.954026325977576,0
3299,4,0,0,45,0.0,0.0,1.0,45,550,200,350,0.36363636363636365,9,2,7,336.89330576671324,0.8183080808080808,0.1701191014623853,0.1955042254724944,130972.46334876557,-175.25077160492492,130797.21257716064,3242,6,706.2444444444444,41,4,16,35.4760289461782,0.6214430894308942,44.09722222222223,1023.6111111111122,24.96612466124664,0
3300,4,0,0,45,0.0,0.0,1.0,45,1200,1000,200,0.8333333333333334,14,10,4,342.2831375408852,0.8181818181818182,0.17342976451848968,0.19942049164628145,131124.83071932514,-23.63630637436222,131101.19441295078,3243,7,707.2444444444444,41,4,16,35.18419863102157,0.6229674796747966,43.94841269841272,1024.2063492063521,24.980642663569565,0
3301,4,0,1,44,0.0,0.022222222222222223,0.9777777777777777,45,600,400,200,0.6666666666666666,8,4,4,339.0930837994792,0.8180976430976431,0.16828470608486112,0.19808559782132493,131226.45817586317,-100.40312421262007,131126.05505165056,3244,8,708.2444444444444,41,4,16,35.1633100955332,0.6239837398373982,43.84920634920636,1024.6031746031765,24.99032133178479,0
3302,4,1,0,45,0.022222222222222223,0.0,1.0,45,1250,1000,250,0.8,15,10,5,342.71182744791395,0.818476430976431,0.18436295562162774,0.20127836664432236,131432.31232236128,8.72095593919505,131441.03327830049,3245,0,708.4444444444445,40,5,18,34.862900561612165,0.6276041666666665,43.64837398373985,1025.4065040650428,25.63516260162607,0
3303,4,0,0,45,0.0,0.0,1.0,45,1050,700,350,0.6666666666666666,14,7,7,342.20705135688934,0.8187710437710438,0.18726730297125527,0.2013933393204135,131510.479924731,0.7627115143368428,131511.24263624533,3246,1,709.4444444444445,40,5,19,34.797012781135436,0.6283854166666666,43.57215447154473,1025.7113821138237,25.64278455284559,0
3304,4,1,1,45,0.021739130434782608,0.021739130434782608,0.9782608695652174,46,1700,1500,200,0.8823529411764706,19,15,4,337.7790626210615,0.8227254428341385,0.1859198649153826,0.20036395857825837,131811.5800284235,-295.36161107961493,131516.21841734386,3247,0,695.0,41,5,17,34.60726419347566,0.6298272357723577,43.27876984126984,1026.8849206349212,25.045973674022466,0
3305,4,1,1,45,0.021739130434782608,0.021739130434782608,0.9782608695652174,46,1100,500,600,0.45454545454545453,17,5,12,339.6646476450095,0.8253824476650564,0.18316083387567406,0.20202340185893597,131913.47321625415,-238.73132007432133,131674.74189617982,3248,0,695.9782608695652,41,5,17,34.456281184612884,0.6308434959349594,43.179563492063494,1027.2817460317465,25.055652342237718,0
3306,4,0,0,45,0.0,0.0,1.0,45,1200,800,400,0.6666666666666666,16,8,8,325.17797286204006,0.8203703703703704,0.15722117431637894,0.18879064672272822,130989.8015091053,-420.1134632981874,130569.68804580711,3249,4,712.4444444444445,40,5,18,35.758339124391945,0.6231770833333332,44.08028455284554,1023.67886178862,25.5919715447155,5
3307,4,0,1,44,0.0,0.022222222222222223,0.9777777777777777,45,900,500,400,0.5555555555555556,13,5,8,325.6193018443026,0.8196969696969697,0.15119378242803938,0.18946124203139197,131074.03175390538,-463.953058075067,130610.0786958303,3250,5,713.4444444444445,41,4,18,35.66209713879741,0.6224593495934958,43.99801587301588,1024.0079365079375,24.97580332946189,0
3308,4,0,1,43,0.0,0.022727272727272728,0.9772727272727273,44,1250,700,550,0.56,18,7,11,332.89872211420663,0.8118833685694151,0.16492778334100122,0.1937966737576468,131093.854569453,-71.80466736067115,131022.04990209232,3251,6,730.3409090909091,40,4,18,35.45574079587178,0.6242187499999998,43.97865853658538,1024.0853658536607,25.60213414634152,0
3309,4,0,1,42,0.0,0.023255813953488372,0.9767441860465116,43,800,500,300,0.625,11,5,6,336.7295888392289,0.8054632705795496,0.16819236857235453,0.19572531807810678,131034.669325087,224.65006510418675,131259.3193901912,3252,7,747.8604651162791,39,4,19,35.41740851900839,0.6252670940170939,44.03645833333334,1023.8541666666682,26.25267094017098,0
3310,4,0,0,42,0.0,0.0,1.0,42,1050,700,350,0.6666666666666666,14,7,7,339.5357372092085,0.8062572590011614,0.16687539135879792,0.19717766266294753,130999.80481591052,495.82306048651674,131495.62787639705,3253,8,754.6428571428571,38,4,19,35.380792110206635,0.6266447368421053,44.07051282051282,1023.7179487179483,26.939946018893377,0
3311,4,0,0,42,0.0,0.0,1.0,42,700,400,300,0.5714285714285714,10,4,6,339.0506680583388,0.8062088656600852,0.16341720327530007,0.19717606812324748,131054.49631090659,486.8229052523925,131541.31921615897,3254,9,755.6428571428571,38,4,19,35.337976488592105,0.6271929824561404,44.01709401709402,1023.9316239316241,26.945569050832216,0
3312,4,0,0,42,0.0,0.0,1.0,42,1750,1500,250,0.8571428571428571,20,15,5,344.3572813071842,0.8041521486643438,0.17107556191072026,0.2012632958572338,131246.0064308023,639.103591387274,131885.1100221896,3255,10,756.6428571428571,38,4,20,35.00873214471902,0.629111842105263,43.83012820512822,1024.679487179489,26.965249662618128,0
3313,4,0,0,42,0.0,0.0,1.0,42,500,200,300,0.4,8,2,6,344.1964548727566,0.8035714285714286,0.17109116697405824,0.20118006693899654,131248.0590820315,635.0233289930867,131883.0824110246,3256,11,757.6428571428571,39,3,20,35.01077987868933,0.627403846153846,43.828125000000014,1024.687500000002,26.274038461538513,0
3314,4,0,0,42,0.0,0.0,1.0,42,1100,700,400,0.6363636363636364,15,7,8,343.6606940602319,0.8034262485481998,0.17110962689781672,0.2011467917227024,131301.43364800367,624.6283637153035,131926.06201171898,3257,12,758.6428571428571,39,3,20,34.970631331097344,0.6279380341880341,43.77604166666668,1024.895833333335,26.279380341880387,0
3315,4,2,1,43,0.045454545454545456,0.022727272727272728,0.9772727272727273,44,950,600,350,0.631578947368421,13,6,7,327.5015413063109,0.8165301268498943,0.17248465300176896,0.19417750237476594,131793.94866544317,-167.4475974236695,131626.5010680195,3258,0,725.1136363636364,38,6,19,34.888842645579714,0.634594298245614,43.29594017094018,1026.8162393162402,27.02147998200632,0
3316,4,0,0,43,0.0,0.0,1.0,43,1000,500,500,0.5,15,5,10,330.96066147973175,0.8075858250276855,0.17426884862377712,0.19672110204048443,131889.2700195313,130.03200954861236,132019.30202907993,3259,1,742.9767441860465,39,4,20,34.704158638407186,0.6338141025641025,43.203125,1027.1875000000005,26.338141025641036,0
3317,4,0,0,43,0.0,0.0,1.0,43,650,300,350,0.46153846153846156,10,3,7,331.01477671864893,0.807078257659653,0.17411090073542446,0.19703070264188483,131942.77479383672,135.00162760416356,132077.77642144088,3260,2,743.9767441860465,39,4,20,34.64896160735409,0.6343482905982907,43.151041666666664,1027.3958333333328,26.343482905982892,0
3318,4,0,0,43,0.0,0.0,1.0,43,1550,1200,350,0.7741935483870968,19,12,7,334.51149643655566,0.8063399778516057,0.1722562622860364,0.19985728212969633,132084.41904826812,236.75133435784835,132321.17038262598,3261,3,744.9767441860465,40,3,20,34.41670785961444,0.6341145833333334,43.013211382113816,1027.9471544715439,25.698678861788597,0
3319,4,0,0,43,0.0,0.0,1.0,43,1200,700,500,0.5833333333333334,17,7,10,340.87960121061707,0.8045404208194905,0.17802805769610774,0.20464907019299305,132267.29811124314,417.44476667326455,132684.7428779164,3262,4,745.9767441860465,40,3,20,34.06914806033065,0.6359375000000002,42.83536585365853,1028.6585365853646,25.716463414634113,0
3320,4,0,0,43,0.0,0.0,1.0,43,950,600,350,0.631578947368421,13,6,7,342.0806766214823,0.8032484311554079,0.18322191884003414,0.20608274908660018,132398.00347222213,458.3533693568552,132856.356841579,3263,5,746.9767441860465,37,6,20,33.90688259109313,0.642454954954955,42.70833333333333,1029.1666666666658,27.815315315315292,0
3321,4,1,0,44,0.022727272727272728,0.0,1.0,44,1200,1000,200,0.8333333333333334,14,10,4,332.837050870756,0.8082056025369979,0.17914895822535537,0.2025791185962259,132783.1210849038,39.02848546276857,132822.14957036657,3264,0,730.9772727272727,38,6,18,33.758335924812556,0.6444627192982457,42.3344017094017,1030.6623931623922,27.122694556905056,0
3322,4,0,0,44,0.0,0.0,1.0,44,800,500,300,0.625,11,5,6,332.837050870756,0.8081395348837209,0.17914895822535537,0.2025791185962259,132783.1210849038,39.02848546276857,132822.14957036657,3265,1,731.9772727272727,38,6,18,33.758335924812556,0.6444627192982457,42.3344017094017,1030.6623931623922,27.122694556905056,0
3323,4,0,0,44,0.0,0.0,1.0,44,1400,1100,300,0.7857142857142857,17,11,6,333.53563777449415,0.8074127906976745,0.1809068301918786,0.2036023048805591,132893.25741699527,64.92747370149624,132958.18489069678,3266,2,732.9772727272727,38,6,19,33.629934721790484,0.6455592105263158,42.227564102564095,1031.0897435897425,27.1339406207827,0
3324,4,0,0,44,0.0,0.0,1.0,44,1050,1000,50,0.9523809523809523,11,10,1,333.7693137210995,0.8068402043692742,0.18009274516265728,0.20434639974490887,133003.4394061836,78.49333862953938,133081.93274481315,3267,3,733.9772727272727,38,6,20,33.51350768168481,0.646655701754386,42.12072649572649,1031.5170940170926,27.14518668466033,0
3325,4,0,0,44,0.0,0.0,1.0,44,1200,1000,200,0.8333333333333334,14,10,4,334.51740696930904,0.8062015503875969,0.1842346751498838,0.20541027551917052,133113.66705246898,105.76774691355871,133219.43479938255,3268,4,734.9772727272727,38,6,21,33.38380439659038,0.6477521929824562,42.01388888888888,1031.9444444444432,27.15643274853798,0
3326,4,0,0,44,0.0,0.0,1.0,44,1000,700,300,0.7,13,7,6,335.06907302468215,0.8053867159971811,0.18155943621685688,0.20620620277480742,133196.36774965285,125.9966944261621,133322.36444407902,3269,5,735.9772727272727,38,6,21,33.28675912509487,0.6485745614035088,41.933760683760674,1032.2649572649561,27.164867296446214,0
3327,4,0,0,44,0.0,0.0,1.0,44,1550,1200,350,0.7741935483870968,19,12,7,334.099700900228,0.8053646934460889,0.1779401518207484,0.20654193479592667,133364.60503472234,111.41493055556052,133476.0199652779,3270,6,736.9772727272727,39,5,22,33.14340459862847,0.6485042735042735,41.770833333333336,1032.9166666666674,26.485042735042754,0
3328,4,0,0,44,0.0,0.0,1.0,44,1050,700,350,0.6666666666666666,14,7,7,338.04527331898646,0.8044177237491191,0.18164234697415482,0.20975263510806896,133501.315399014,226.02793883412406,133727.34333784814,3271,7,737.9772727272727,36,8,22,32.904725582071116,0.6553819444444444,41.63851351351352,1033.4459459459472,28.706831831831867,0
3329,4,0,0,44,0.0,0.0,1.0,44,800,700,100,0.875,9,7,2,338.32807829110294,0.8049903100775194,0.17997907808598246,0.21056735644929425,133613.88991083784,241.066121306547,133854.9560321444,3272,8,738.9772727272727,37,7,22,32.784826068512025,0.6545608108108107,41.52960526315789,1033.8815789473676,27.942745376955884,0
3330,4,0,0,44,0.0,0.0,1.0,44,1300,1000,300,0.7692307692307693,16,10,6,339.54515867329803,0.803162438336857,0.18290226839092671,0.21213702165058884,133755.63274276702,283.2155086180361,134038.84825138506,3273,9,739.9772727272727,37,7,17,32.61165288672179,0.6559684684684685,41.39254385964912,1034.4298245614034,27.957562825983874,0
3331,4,0,0,44,0.0,0.0,1.0,44,1050,700,350,0.6666666666666666,14,7,7,339.00154405659157,0.8034927766032417,0.18084763069927856,0.2122865010791011,133840.71451071487,274.4417753539619,134115.15628606884,3274,10,740.9772727272727,37,7,18,32.540686482286034,0.656813063063063,41.31030701754386,1034.758771929825,27.966453295400672,0
3332,4,0,0,44,0.0,0.0,1.0,44,800,600,200,0.75,10,6,4,337.35612872405454,0.8030743481324877,0.17820559721968166,0.21223543794412048,134010.95920138893,241.88368055556006,134252.8428819445,3275,11,741.9772727272727,37,7,18,32.41322937625754,0.6585022522522522,41.145833333333336,1035.416666666667,27.984234234234243,0
3333,4,0,0,44,0.0,0.0,1.0,44,1350,1000,350,0.7407407407407407,17,10,7,336.78182508685825,0.8033826638477801,0.1786800662277157,0.21203783707468585,134039.34383656504,228.4029701446525,134267.74680670968,3276,12,742.9772727272727,37,7,18,32.39975998870535,0.6587837837837838,41.118421052631575,1035.526315789473,27.987197724039813,0
3334,4,0,0,44,0.0,0.0,1.0,44,1250,1000,250,0.8,15,10,5,334.7531872062375,0.8034487315010571,0.17300772568525757,0.2115774492248652,134181.31209843402,183.52437769312473,134364.83647612715,3277,13,743.9772727272727,37,7,18,32.310628108794575,0.6601914414414415,40.9813596491228,1036.074561403508,28.002015173067782,0
3335,4,0,0,44,0.0,0.0,1.0,44,1150,900,250,0.782608695652174,14,9,5,332.83359877489477,0.8033826638477801,0.17282247052714594,0.21118180153139968,134323.35550361648,141.46516235764776,134464.8206659741,3278,14,744.9772727272727,37,7,19,32.21872575981947,0.6615990990990992,40.844298245614034,1036.6228070175437,28.016832622095773,0
3336,4,0,1,43,0.0,0.022727272727272728,0.9772727272727273,44,1100,800,300,0.7272727272727273,14,8,6,345.76797300068057,0.8029201902748415,0.17354654570704597,0.20183479651533626,131197.94894118892,272.8097734483262,131470.75871463725,3279,15,745.9772727272727,40,4,16,35.02112058988857,0.6252604166666668,43.877032520325194,1024.4918699186978,25.612296747967445,6
3337,4,2,1,44,0.044444444444444446,0.022222222222222223,0.9777777777777777,45,900,500,400,0.5555555555555556,13,5,8,339.54492187500074,0.8067340067340067,0.18133333333333423,0.19973230698529393,131492.43918474644,-70.28835483778653,131422.15082990867,3280,0,729.8888888888889,38,7,17,34.88346354166667,0.6315789473684212,43.58974358974357,1025.6410256410222,26.99055330634269,0
3338,4,1,1,44,0.022222222222222223,0.022222222222222223,0.9777777777777777,45,1500,1100,400,0.7333333333333333,19,11,8,338.15081454029735,0.8089225589225589,0.18417259529180452,0.19962744767421947,131629.4461451711,-97.87911370445411,131531.56703146663,3281,0,730.8666666666667,38,7,14,34.78114697206316,0.6329495614035088,43.45619658119657,1026.175213675212,27.00461088618979,0
3339,4,0,1,43,0.0,0.022727272727272728,0.9772727272727273,44,1000,700,300,0.7,13,7,6,348.8461997532047,0.802127378435518,0.18567569668467532,0.20552928494275668,131553.00188519518,378.35295475528267,131931.35483995045,3282,2,748.4772727272727,37,7,17,34.5838677497506,0.6340090090090091,43.53070175438595,1025.877192982454,27.72641062114741,0
3340,4,1,1,43,0.022727272727272728,0.022727272727272728,0.9772727272727273,44,950,800,150,0.8421052631578947,11,8,3,340.2194619192018,0.8058712121212122,0.1652683016780383,0.2020821623206824,131862.5217013888,177.84955467066396,132040.37125605944,3283,0,741.8181818181819,37,7,16,34.49332319134551,0.6371058558558559,43.229166666666664,1027.0833333333326,27.759009009008988,1
3341,4,0,0,43,0.0,0.0,1.0,43,750,300,450,0.4,12,3,9,346.2163538567257,0.8007105943152455,0.17048633019181936,0.20488479802823426,131721.7857898584,520.8472799322867,132242.6330697907,3284,4,760.0697674418604,37,6,16,34.4811471907712,0.6356981981981982,43.36622807017544,1026.5350877192982,27.744191559981033,0
3342,4,1,1,43,0.022727272727272728,0.022727272727272728,0.9772727272727273,44,900,700,200,0.7777777777777778,11,7,4,341.22848007143546,0.8086020084566596,0.17153158549509206,0.20339691576463523,131996.2904188369,208.17871093750642,132204.4691297744,3285,0,743.7727272727273,39,5,16,34.3327631356648,0.6348824786324787,43.098958333333336,1027.6041666666674,26.348824786324805,0
3343,4,0,0,43,0.0,0.0,1.0,43,850,700,150,0.8235294117647058,10,7,3,345.7147128607065,0.7996031746031745,0.16888519134775404,0.205717368741866,131931.11257213823,522.1053400540648,132453.21791219228,3286,6,762.0697674418604,38,5,16,34.283139212423755,0.6359649122807017,43.162393162393165,1027.3504273504275,27.035537561853356,0
3344,4,0,0,43,0.0,0.0,1.0,43,700,400,300,0.5714285714285714,10,4,6,348.25920986422443,0.7990956072351421,0.16715750990149258,0.20753141762540958,131985.99810979617,593.0678829717283,132579.0659927679,3287,7,763.0697674418604,38,5,16,34.162507797878966,0.6365131578947368,43.10897435897436,1027.5641025641025,27.04116059379217,0
3345,4,0,0,43,0.0,0.0,1.0,43,550,400,150,0.7272727272727273,7,4,3,347.30583411880957,0.7984957548911037,0.1693011941410243,0.2071656202790918,132023.0523003473,570.4752604166772,132593.527560764,3288,8,764.0697674418604,39,4,16,34.149689168187045,0.6351495726495726,43.07291666666667,1027.7083333333342,26.35149572649575,0
3346,4,0,0,43,0.0,0.0,1.0,43,1200,900,300,0.75,15,9,6,346.94037500930364,0.7979881875230712,0.17013414277768812,0.2072401707380031,132076.584201389,564.539930555562,132641.12413194455,3289,9,765.0697674418604,39,4,17,34.105188488042145,0.6356837606837606,43.020833333333336,1027.9166666666674,26.356837606837626,0
3347,4,0,0,43,0.0,0.0,1.0,43,1200,900,300,0.75,15,9,6,347.7510513831503,0.7986341823551125,0.16784139308733215,0.2083130084499064,132183.68055555547,593.4027777777746,132777.08333333326,3290,10,766.0697674418604,39,4,17,33.97656672069151,0.6367521367521367,42.916666666666664,1028.3333333333328,26.367521367521356,0
3348,4,1,0,44,0.022727272727272728,0.0,1.0,44,1200,900,300,0.75,15,9,6,339.8785298669277,0.8010262508809021,0.13653061592894788,0.1971921977430704,130963.7946989228,146.8008460572637,131110.59554498005,3291,0,749.6363636363636,40,4,16,35.4083929044215,0.6229166666666666,44.10569105691058,1023.5772357723594,25.589430894308983,5
3349,4,0,1,43,0.0,0.022727272727272728,0.9772727272727273,44,1150,800,350,0.6956521739130435,15,8,7,339.01242971046065,0.8007399577167019,0.13397271644592035,0.1972222425959934,131067.83743142331,86.72520490451132,131154.5626363278,3292,1,750.6363636363636,40,4,16,35.32548464999339,0.6239583333333333,44.00406504065042,1023.9837398374,25.599593495935,0
3350,4,0,0,43,0.0,0.0,1.0,43,1150,900,250,0.782608695652174,14,9,5,352.7659978089785,0.799234034699151,0.12772987738902142,0.20544440188316343,131109.19922017684,650.6898893274202,131759.88910950426,3293,2,767.6976744186046,38,5,18,34.931584254816045,0.6277412280701754,43.96367521367522,1024.1452991452998,26.951192082771048,1
3351,4,0,0,43,0.0,0.0,1.0,43,1300,1100,200,0.8461538461538461,15,11,4,351.61191761056267,0.7990494647471391,0.1187865266629482,0.20535677770312416,131218.63928154006,627.6074768062115,131846.24675834627,3294,3,768.6976744186046,38,5,18,34.85053875564825,0.6288377192982455,43.856837606837615,1024.5726495726508,26.962438146648704,0
3352,4,1,0,44,0.022727272727272728,0.0,1.0,44,1200,800,400,0.6666666666666666,16,8,8,345.81640624999994,0.8054087385482734,0.12711647727272712,0.2034214154411766,131492.43918474705,294.49421068012543,131786.9333954272,3295,0,752.2045454545455,38,6,19,34.72265625000001,0.631578947368421,43.5897435897436,1025.641025641027,26.990553306342814,0
3353,4,0,0,44,0.0,0.0,1.0,44,1300,700,600,0.5384615384615384,19,7,12,341.6370294311143,0.8035368217054264,0.1252662520235155,0.20139597259834213,131574.63480029601,190.1534763313802,131764.7882766274,3296,1,753.2045454545455,38,6,13,34.746954076850976,0.6324013157894736,43.509615384615394,1025.9615384615397,26.998987854251045,0
3354,4,0,0,44,0.0,0.0,1.0,44,950,600,350,0.631578947368421,13,6,7,341.0111029138953,0.8032725510923185,0.1254471637045027,0.20146080286536794,131656.85609796207,179.289940828423,131836.1460387905,3297,2,754.2045454545455,38,6,13,34.68014782427649,0.6332236842105262,43.42948717948719,1026.2820512820529,27.007422402159285,0
3355,4,1,0,45,0.022222222222222223,0.0,1.0,45,1850,1600,250,0.8648648648648649,21,16,5,334.3481754659563,0.8099747474747475,0.12924977197551635,0.19921004137514972,131979.97352972798,-174.54733045802703,131805.42619926995,3298,0,738.4222222222222,40,5,14,34.52592885636106,0.6330729166666664,43.114837398374,1027.5406504065065,25.688516260162665,0
3356,4,0,0,45,0.0,0.0,1.0,45,850,500,350,0.5882352941176471,12,5,7,332.8026642165123,0.8101851851851852,0.13027895887581398,0.19856243912811794,132032.1911250748,-211.86700624624098,131820.32411882858,3299,1,739.4222222222222,40,5,14,34.51312666864432,0.6335937499999998,43.06402439024392,1027.7439024390278,25.693597560975697,0
3357,4,0,0,45,0.0,0.0,1.0,45,1700,1300,400,0.7647058823529411,21,13,8,313.9665542996893,0.8099747474747475,0.12050587172538396,0.18389469608981787,131328.12499999988,-752.4600931985086,130575.66490680138,3300,2,740.4222222222222,38,7,18,35.704607046070464,0.6299342105263158,43.74999999999999,1024.999999999999,26.97368421052629,7
3358,4,1,1,45,0.021739130434782608,0.021739130434782608,0.9782608695652174,46,900,700,200,0.7777777777777778,11,7,4,308.511327195602,0.8161433172302738,0.12008733624454115,0.1815846406990493,131515.04041883687,-1085.2240668402724,130429.8163519966,3301,0,725.304347826087,39,7,18,35.65648166954401,0.6300747863247864,43.567708333333336,1025.7291666666672,26.300747863247878,0
3359,4,1,1,45,0.021739130434782608,0.021739130434782608,0.9782608695652174,46,1100,600,500,0.5454545454545454,16,6,10,311.3860741884861,0.8127214170692432,0.1264382781708322,0.18379054624510358,131621.90890842024,-1002.9541015624907,130618.95480685776,3302,0,726.2826086956521,39,7,15,35.475353602003175,0.6311431623931624,43.46354166666667,1026.1458333333342,26.311431623931647,0
3360,4,0,0,45,0.0,0.0,1.0,45,950,500,450,0.5263157894736842,14,5,9,323.8225468061879,0.8088804713804715,0.1056634416834874,0.18751948931739232,130890.45606874143,-518.3811156254458,130372.07495311598,3303,5,743.4222222222222,38,7,17,35.89323623581821,0.625548245614035,44.17735042735043,1023.2905982905992,26.92869995501577,2
3361,4,1,1,45,0.021739130434782608,0.021739130434782608,0.9782608695652174,46,1400,1200,200,0.8571428571428571,16,12,4,318.98325709591745,0.8174114331723028,0.10448750817759067,0.18631349862205746,131221.37586805577,-828.5156249999754,130392.8602430558,3304,0,728.2391304347826,39,7,18,35.6835434458452,0.6271367521367521,43.85416666666668,1024.583333333335,26.271367521367566,0
3362,4,0,1,44,0.0,0.022222222222222223,0.9777777777777777,45,450,300,150,0.6666666666666666,6,3,3,326.5440670452904,0.8098484848484849,0.10300817249174088,0.19003794065750498,131081.84633875734,-439.2001561472761,130642.64618261007,3305,7,745.4222222222222,38,7,18,35.63054251434532,0.6274671052631579,43.99038461538461,1024.0384615384612,26.94838056680161,0
3363,4,0,0,44,0.0,0.0,1.0,44,1100,800,300,0.7272727272727273,14,8,6,331.1456464624053,0.8087341437632136,0.10483641671089572,0.1936798195650847,131273.37643363274,-105.87857951640726,131167.49785411634,3306,8,752.3636363636364,38,6,19,35.31958055323883,0.6293859649122808,43.8034188034188,1024.786324786324,26.968061178587476,0
3364,4,0,1,43,0.0,0.022727272727272728,0.9772727272727273,44,1000,600,400,0.6,14,6,8,327.6724537161532,0.8104298801973221,0.07230394427256082,0.18849809265945675,130635.03146701417,-238.88832530906467,130396.1431417051,3307,9,753.3636363636364,39,5,17,36.052662862577286,0.6212606837606836,44.42708333333335,1022.2916666666689,26.212606837606895,6
3365,4,0,0,43,0.0,0.0,1.0,43,1100,900,200,0.8181818181818182,13,9,4,358.021225860615,0.8029715762273901,0.06695678337381783,0.1973163938699631,128957.11343277433,637.5443016518607,129594.65773442619,3308,13,771.6744186046511,38,5,20,36.982618070895136,0.6060855263157896,46.07371794871794,1015.705128205127,26.729082321187555,7
3366,4,1,0,44,0.022727272727272728,0.0,1.0,44,1050,800,250,0.7619047619047619,13,8,5,325.3242714211869,0.8151867512332629,0.08962915380337866,0.1762699852351824,128279.78326576077,-452.80117703996655,127826.9820887208,3309,0,755.1136363636364,38,6,20,38.502337762778595,0.5992324561403508,46.74145299145299,1013.0341880341875,26.658794421952305,3
3367,4,1,1,44,0.022222222222222223,0.022222222222222223,0.9777777777777777,45,1100,600,500,0.5454545454545454,16,6,10,315.4933808738607,0.8212121212121213,0.0846622351382349,0.1721327746167444,128556.44710696343,-888.2583738184939,127668.18873314494,3310,0,739.3111111111111,40,5,16,38.4697447974079,0.5986979166666667,46.46849593495935,1014.1260162601625,25.353150406504064,0
3368,4,2,1,45,0.043478260869565216,0.021739130434782608,0.9782608695652174,46,1200,700,500,0.5833333333333334,17,7,10,310.96549895262814,0.8224436392914654,0.09690666485471833,0.17134901928293894,128949.36244173588,-1180.2394337364676,127769.12300799941,3311,0,724.195652173913,41,5,17,38.18535521260662,0.6011178861788619,46.0813492063492,1015.6746031746027,24.77255129694153,0
3369,4,1,0,46,0.021739130434782608,0.0,1.0,46,1500,1200,300,0.8,18,12,6,314.2101611740485,0.8257447665056361,0.10103691362782996,0.17413517173148127,129176.76150959972,-1082.2697892254132,128094.49172037431,3312,0,725.1739130434783,42,4,19,37.872144377720595,0.6019345238095237,45.85755813953488,1016.56976744186,24.204042081949048,0
3370,4,0,0,46,0.0,0.0,1.0,46,1000,700,300,0.7,13,7,6,316.90475899654973,0.8253421900161031,0.10494552969366588,0.17597407607078025,129254.34570312487,-1007.7295030440773,128246.6162000808,3313,1,726.1739130434783,39,7,20,37.72493682988458,0.6073717948717949,45.78124999999999,1016.874999999999,26.073717948717924,0
3371,4,0,0,46,0.0,0.0,1.0,46,1050,600,450,0.5714285714285714,15,6,9,317.99883225271685,0.8248389694041868,0.10351245925582897,0.17681894066717102,129307.31336805537,-976.0850694444639,128331.2282986109,3314,2,727.1739130434783,39,7,20,37.64338385907415,0.607905982905983,45.72916666666666,1017.0833333333319,26.07905982905979,0
3372,4,0,0,46,0.0,0.0,1.0,46,1600,1400,200,0.875,18,14,4,315.13362550636407,0.8242552334943639,0.09807795862356472,0.1756747137288259,129408.11107806179,-1043.8305572080353,128364.28052085376,3315,3,728.1739130434783,40,6,21,37.61402983086962,0.6072916666666668,45.630081300812996,1017.4796747967463,25.436991869918657,0
3373,4,0,0,46,0.0,0.0,1.0,46,950,600,350,0.631578947368421,13,6,7,316.28806848339775,0.8240942028985507,0.09624600638977587,0.17678243827732762,129511.5341397316,-1007.4094041245381,128504.12473560705,3316,4,729.1739130434783,40,6,16,37.4798239483493,0.6083333333333334,45.52845528455284,1017.8861788617883,25.447154471544707,0
3374,4,0,1,45,0.0,0.021739130434782608,0.9782608695652174,46,900,400,500,0.4444444444444444,14,4,10,316.3021262863497,0.8230877616747182,0.09690618762475034,0.17725656070409518,129614.99851278991,-1000.500074360508,128614.49843842941,3317,5,730.1739130434783,40,6,16,37.374625748503,0.609375,45.42682926829268,1018.2926829268285,25.457317073170714,0
3375,4,2,2,45,0.0425531914893617,0.0425531914893617,0.9574468085106383,47,1200,900,300,0.75,15,9,6,311.51160607271964,0.8293246993524513,0.11633192979841267,0.17611200699754745,129958.94451530614,-1303.2560941043048,128655.68842120183,3318,0,714.468085106383,41,6,17,37.14852111305703,0.6112804878048781,45.089285714285715,1019.6428571428573,24.86933797909408,0
3376,4,1,0,46,0.021739130434782608,0.0,1.0,46,1400,1000,400,0.7142857142857143,18,10,8,316.7608290031513,0.8185789049919485,0.11899210865015042,0.1790457125289364,129951.54303200827,-967.2882997884601,128984.25473221981,3319,0,730.8478260869565,40,6,18,37.022201734276884,0.6127604166666666,45.096544715447166,1019.6138211382131,25.49034552845533,0
3377,4,0,1,45,0.0,0.021739130434782608,0.9782608695652174,46,950,700,250,0.7368421052631579,12,7,5,318.1698137237157,0.8189412238325282,0.12136002252984146,0.18008088441723016,130003.35784131485,-927.3711704342466,129075.98667088061,3320,1,731.8478260869565,40,6,19,36.93385650224216,0.61328125,45.04573170731708,1019.817073170733,25.495426829268325,0
3378,4,0,0,45,0.0,0.0,1.0,45,950,600,350,0.631578947368421,13,6,7,324.8959390556279,0.8082491582491583,0.11999379762537665,0.18352230070980072,129925.63950029753,-557.5374694295651,129368.10203086797,3321,2,748.8666666666667,40,5,19,36.841066919191924,0.6125,45.1219512195122,1019.5121951219519,25.4878048780488,0
3379,4,2,0,47,0.0425531914893617,0.0,1.0,47,1300,700,600,0.5384615384615384,19,7,12,320.0603542772332,0.8212303422756706,0.15873546557762075,0.18358282157772887,130522.07396597623,-1044.139050003273,129477.93491597296,3322,0,717.9574468085107,40,7,17,36.36126305320738,0.6184895833333333,44.537601626016276,1021.8495934959374,25.546239837398435,0
3380,4,0,0,47,0.0,0.0,1.0,47,1550,1000,550,0.6451612903225806,21,10,11,319.76234047010155,0.8209605303731112,0.16098303794255742,0.18402798313096275,130651.91436975378,-1044.4876148456242,129607.42675490816,3323,1,718.9574468085107,40,7,19,36.2377816434725,0.6197916666666665,44.410569105691074,1022.3577235772384,25.55894308943096,0
3381,4,0,1,46,0.0,0.02127659574468085,0.9787234042553191,47,850,600,250,0.7058823529411765,11,6,5,319.97244661195344,0.8208063521430773,0.16208605351283678,0.1846446503843295,130755.83316808812,-1032.3472304844618,129723.48593760366,3324,2,719.9574468085107,40,7,19,36.12753378378379,0.6208333333333331,44.30894308943091,1022.7642276422791,25.56910569105698,0
3382,4,0,0,46,0.0,0.0,1.0,46,1050,800,250,0.7619047619047619,13,8,5,314.890788744758,0.8183977455716587,0.17215519639831012,0.18225497166742094,130870.93431122476,-957.9896541949847,129912.94465702977,3325,3,734.8913043478261,41,5,19,36.14140973434168,0.6204268292682925,44.196428571428584,1023.2142857142878,24.95644599303141,0
3383,4,1,1,46,0.02127659574468085,0.02127659574468085,0.9787234042553191,47,1000,600,400,0.6,14,6,8,311.04838484478404,0.8202667283379587,0.186175129708956,0.18149522261331613,131182.5687629135,-1239.1747733011657,129943.39398961232,3326,0,720.2340425531914,43,4,21,35.925848893818944,0.6206395348837208,43.89204545454547,1024.4318181818205,23.823995771670244,0
3384,4,0,0,46,0.0,0.0,1.0,46,1250,800,450,0.64,17,8,9,309.4672706745702,0.8209541062801933,0.17005931656465423,0.1811419657955139,131303.2957473262,-1073.185486899792,130230.1102604264,3327,1,725.0869565217391,42,4,22,35.84487567363148,0.6232638888888887,43.774224806201566,1024.9031007751962,24.402454780361815,0
3385,4,0,0,46,0.0,0.0,1.0,46,1500,1000,500,0.6666666666666666,20,10,10,307.68995652358564,0.8189009661835749,0.17161442012862138,0.18081813988540715,131455.2638908576,-1110.5047663601472,130344.75912449746,3328,2,726.0869565217391,41,5,22,35.737621327915896,0.6262703252032519,43.62599206349208,1025.4960317460343,25.01209833526913,0
3386,4,0,1,45,0.0,0.021739130434782608,0.9782608695652174,46,1150,900,250,0.782608695652174,14,9,5,308.1512298722314,0.8198872785829308,0.17090714940344576,0.1816932736224986,131582.46429358821,-1090.5403596623396,130491.92393392588,3329,3,727.0869565217391,41,5,17,35.59796622187843,0.6275406504065039,43.50198412698415,1025.9920634920668,25.024196670538213,0
3387,4,0,0,45,0.0,0.0,1.0,45,950,500,450,0.5263157894736842,14,5,9,314.7295365946735,0.8170454545454546,0.18656275829495783,0.18669142884191803,131811.5800284236,-703.0004999684877,131108.57952845513,3330,4,739.0666666666667,41,4,19,35.19899446108268,0.6298272357723576,43.27876984126985,1026.8849206349223,25.045973674022495,0
3388,4,0,1,44,0.0,0.022222222222222223,0.9777777777777777,45,1100,800,300,0.7272727272727273,14,8,6,314.575300471628,0.8162037037037038,0.18256680935062786,0.18735229367364292,131964.43457301895,-697.4496685248173,131266.98490449414,3331,5,740.0666666666667,41,4,21,35.04946332593094,0.6313516260162602,43.129960317460316,1027.480158730158,25.06049167634532,0
3389,4,0,0,44,0.0,0.0,1.0,44,950,700,250,0.7368421052631579,12,7,5,316.91865823920773,0.8136892177589853,0.19854838564659527,0.1888252535920231,131979.97352972775,-434.6167749024989,131545.35675482525,3332,6,756.9772727272727,40,4,21,34.973667293047164,0.6330729166666667,43.114837398373986,1027.5406504065047,25.68851626016262,0
3390,4,0,0,44,0.0,0.0,1.0,44,1250,700,550,0.56,18,7,11,316.89950698090826,0.8118173009161381,0.19393909432469858,0.189204345549286,132058.3037956904,-430.15772688214435,131628.14606880824,3333,7,757.9772727272727,40,4,21,34.89552435567862,0.6338541666666667,43.03861788617886,1027.8455284552845,25.696138211382113,0
3391,4,0,0,44,0.0,0.0,1.0,44,1000,800,200,0.8,12,8,4,322.2810991608818,0.8118173009161381,0.1816051419661311,0.18156375631378202,129822.05119307281,-431.72497769185895,129390.32621538095,3334,8,758.9772727272727,40,4,18,37.01261467889909,0.6114583333333334,45.22357723577235,1019.1056910569098,25.477642276422745,8
3392,4,0,0,44,0.0,0.0,1.0,44,800,500,300,0.625,11,5,6,323.44066931364125,0.8103638125440451,0.17950989008997587,0.182821421702747,129951.54303200789,-393.67718867739364,129557.8658433305,3335,9,759.9772727272727,40,4,19,36.85193029668759,0.6127604166666668,45.096544715447145,1019.61382113821,25.49034552845525,0
3393,4,0,0,44,0.0,0.0,1.0,44,950,400,550,0.42105263157894735,15,4,11,325.5630196034822,0.8110244890768147,0.1603929318763071,0.18237126169765272,129598.8294813369,-361.1109448973149,129237.71853643958,3336,10,760.9772727272727,39,5,17,37.155264279624866,0.610844017094017,45.442708333333336,1018.2291666666674,26.10844017094019,2
3394,4,0,0,44,0.0,0.0,1.0,44,1150,900,250,0.782608695652174,14,9,5,326.2529345095795,0.8110244890768147,0.15782660431908813,0.1832525816524515,129704.91672092021,-336.67805989582223,129368.23866102438,3337,11,761.9772727272727,39,5,17,37.03013685789278,0.6119123931623931,45.33854166666667,1018.6458333333339,26.119123931623946,0
3395,4,0,0,44,0.0,0.0,1.0,44,1000,600,400,0.6,14,6,8,326.335853620542,0.8102977448907682,0.1531814465175052,0.18392108247830558,129837.58680555563,-325.86805555555054,129511.71875000009,3338,12,762.9772727272727,39,5,19,36.89356772962659,0.6132478632478633,45.208333333333336,1019.1666666666673,26.132478632478648,0
3396,4,0,0,44,0.0,0.0,1.0,44,700,600,100,0.8571428571428571,8,6,2,324.85614968109707,0.8106721282593375,0.15184419566126284,0.18321137894118367,129864.12896050354,-362.56781684026714,129501.56114366328,3339,13,763.9772727272727,39,5,19,36.904381706693904,0.6135149572649572,45.18229166666667,1019.2708333333339,26.13514957264959,0
3397,4,1,0,45,0.022222222222222223,0.0,1.0,45,1100,1000,100,0.9090909090909091,12,10,2,322.1899265893015,0.8191919191919192,0.16961568679525008,0.1830848360431907,130158.86423631781,-612.825017350773,129546.03921896704,3340,0,747.9777777777778,40,5,20,36.674011552634205,0.61484375,44.893292682926834,1020.4268292682938,25.510670731707343,0
3398,4,0,0,45,0.0,0.0,1.0,45,750,500,250,0.6666666666666666,10,5,5,322.1899265893015,0.8191919191919192,0.16961568679525008,0.1830848360431907,130158.86423631781,-612.825017350773,129546.03921896704,3341,1,748.9777777777778,40,5,20,36.674011552634205,0.61484375,44.893292682926834,1020.4268292682938,25.510670731707343,0
3399,4,0,1,44,0.0,0.022222222222222223,0.9777777777777777,45,700,400,300,0.5714285714285714,10,4,6,321.66295702641605,0.8191498316498317,0.17074951868817623,0.1829071016115102,130184.79100568444,-624.8750330491127,129559.91597263532,3342,2,749.9777777777778,40,5,20,36.66123116245103,0.6151041666666668,44.86788617886179,1020.5284552845528,25.51321138211382,0
3400,4,2,1,45,0.043478260869565216,0.021739130434782608,0.9782608695652174,46,750,500,250,0.6666666666666666,10,5,5,316.78246682267303,0.82920692431562,0.19161904432552035,0.18206846007442554,130599.97046235719,-925.6206003370871,129674.3498620201,3343,0,733.9565217391304,40,6,17,36.36636673957712,0.6192708333333332,44.461382113821145,1022.1544715447164,25.553861788617912,0
3401,4,0,0,45,0.0,0.0,1.0,45,1000,700,300,0.7,13,7,6,322.2191216908045,0.8223905723905724,0.19749663007895224,0.18472515281502666,130501.95448133702,-589.954969618032,129911.99951171898,3344,1,751.2666666666667,39,6,17,36.32643915451796,0.6199252136752136,44.55729166666668,1021.7708333333351,26.199252136752182,0
3402,4,0,0,45,0.0,0.0,1.0,45,1250,900,350,0.72,16,9,7,322.02429629668984,0.8215909090909091,0.19567511265086113,0.1852489123010387,130635.0314670142,-586.4691840277434,130048.56228298646,3345,2,752.2666666666667,39,6,17,36.19701446912575,0.6212606837606836,44.42708333333335,1022.2916666666691,26.212606837606902,0
3403,4,0,0,45,0.0,0.0,1.0,45,1000,600,400,0.6,14,6,8,321.5547491944685,0.8222643097643098,0.19900389386941852,0.1852336512965325,130688.28125000047,-595.3124999999555,130092.96875000051,3346,3,753.2666666666667,39,6,17,36.155256723716356,0.6217948717948716,44.37500000000002,1022.5000000000038,26.217948717948815,0
3404,4,0,0,45,0.0,0.0,1.0,45,1500,1200,300,0.8,18,12,6,323.46025620602614,0.8227693602693603,0.2046715757801978,0.18723335867482624,130874.74093967036,-533.4445529513674,130341.296386719,3347,4,754.2666666666667,39,6,17,35.918359123146345,0.6236645299145298,44.19270833333334,1023.2291666666684,26.236645299145344,0
3405,4,0,0,45,0.0,0.0,1.0,45,800,400,400,0.5,12,4,8,323.46025620602614,0.8227693602693603,0.2046715757801978,0.18723335867482624,130874.74093967036,-533.4445529513674,130341.296386719,3348,5,755.2666666666667,39,6,17,35.918359123146345,0.6236645299145298,44.19270833333334,1023.2291666666684,26.236645299145344,0
3406,4,0,1,44,0.0,0.022222222222222223,0.9777777777777777,45,1250,800,450,0.64,17,8,9,321.85081134314584,0.822516835016835,0.1963027034361109,0.18681795174655036,130981.3490125869,-568.7093098958221,130412.63970269107,3349,6,756.2666666666667,39,6,17,35.852010617007565,0.624732905982906,44.08854166666667,1023.6458333333342,26.24732905982908,0
3407,4,0,0,44,0.0,0.0,1.0,44,1200,900,300,0.75,15,9,6,333.35715935687193,0.8240177942212826,0.20021351300056955,0.19331486601929965,130945.12473518871,-69.70103732925367,130875.42369785946,3350,7,765.5227272727273,38,6,18,35.59411969380655,0.6260964912280702,44.12393162393162,1023.5042735042725,26.93432298695454,0
3408,4,0,0,44,0.0,0.0,1.0,44,1350,1100,250,0.8148148148148148,16,11,5,333.75176978325084,0.8235332980972516,0.18948247078464187,0.1940944758254048,131054.49631090638,-52.065983636509884,131002.43032726987,3351,8,766.5227272727273,38,6,19,35.47361922648861,0.6271929824561404,44.01709401709401,1023.9316239316224,26.94556905083217,0
3409,4,0,1,43,0.0,0.022727272727272728,0.9772727272727273,44,1150,800,350,0.6956521739130435,15,8,7,339.9626567000994,0.8231368921775899,0.1909631357378545,0.19827019175429134,131163.91354372108,118.16650230110207,131282.0800460222,3352,9,767.5227272727273,38,6,19,35.20416145181476,0.6282894736842106,43.9102564102564,1024.3589743589732,26.956815114709823,0
3410,4,1,1,43,0.022727272727272728,0.022727272727272728,0.9772727272727273,44,1250,1000,250,0.8,15,10,5,340.739460582343,0.8287966878083157,0.19444812979160964,0.19943341338416176,131300.7492900319,147.86929742856879,131448.61858746049,3353,0,746.5909090909091,38,6,21,35.04617081899998,0.6296600877192984,43.77670940170939,1024.8931623931605,26.970872694556856,0
3411,4,0,0,43,0.0,0.0,1.0,43,1000,800,200,0.8,12,8,4,351.757795246759,0.8243355481727574,0.20260875190978456,0.20572768175070086,131271.93583602604,635.1853454908751,131907.1211815169,3354,11,764.953488372093,37,6,21,34.79295955488979,0.6311936936936939,43.804824561403485,1024.7807017543826,27.69677572309142,0
3412,4,0,0,43,0.0,0.0,1.0,43,1550,1300,250,0.8387096774193549,18,13,5,352.5192084387168,0.8246124031007751,0.20778807446435543,0.20723520782698396,131468.650510253,669.0449224761287,132137.69543272915,3355,12,765.953488372093,37,6,21,34.57480220250187,0.6331644144144144,43.61293859649122,1025.548245614034,27.717520151730646,0
3413,4,0,0,43,0.0,0.0,1.0,43,1500,1100,400,0.7333333333333333,19,11,8,351.11246611656094,0.8259505352528608,0.20249805727715553,0.20226056146714586,130688.28125000012,612.9680526700674,131301.24930267018,3356,13,766.953488372093,39,4,15,35.39968758489542,0.6217948717948718,44.37500000000001,1022.5000000000009,26.21794871794874,4
3414,4,0,0,43,0.0,0.0,1.0,43,1350,1000,350,0.7407407407407407,17,10,7,350.99513177845034,0.8242894056847545,0.20064705948663586,0.20328550164484654,130896.3128798974,588.7937177185768,131485.106597616,3357,14,767.953488372093,41,2,15,35.19217563418969,0.620680894308943,44.17162698412699,1023.3134920634927,24.958865660085188,0
3415,4,0,0,43,0.0,0.0,1.0,43,1250,900,350,0.72,16,9,7,358.9305029745814,0.8232281284606866,0.21192536506219617,0.20856772470144558,131023.24263038526,805.6476757369396,131828.8903061222,3358,15,768.953488372093,41,2,16,34.860707364341074,0.6219512195121952,44.04761904761904,1023.8095238095219,24.970963995354193,0
3416,4,0,0,43,0.0,0.0,1.0,43,1150,900,250,0.782608695652174,14,9,5,357.05142200517093,0.8226744186046512,0.20692156089869895,0.20816239029945732,131150.23389274688,765.4755015432011,131915.70939429008,3359,16,769.953488372093,41,2,16,34.78036723163841,0.6232215447154472,43.92361111111111,1024.3055555555552,24.983062330623298,0
3417,4,1,1,43,0.022727272727272728,0.022727272727272728,0.9772727272727273,44,1500,1200,300,0.8,18,12,6,349.8781056292288,0.8282901691331924,0.20555631153834963,0.20568258466060177,131468.650510253,400.2032943897073,131868.8538046427,3360,0,753.4318181818181,37,7,16,34.64251666132076,0.6331644144144144,43.61293859649122,1025.548245614034,27.717520151730646,0
3418,4,0,0,43,0.0,0.0,1.0,43,1000,600,400,0.6,14,6,8,357.24896290762007,0.8203672942045035,0.21732946067996894,0.20986132544673738,131440.53939673727,791.3992767005013,132231.93867343778,3361,18,771.953488372093,37,6,17,34.481928999144564,0.632882882882883,43.64035087719297,1025.4385964912267,27.714556661925045,0
3419,4,0,0,43,0.0,0.0,1.0,43,1700,1200,500,0.7058823529411765,22,12,10,333.50647826410386,0.8204134366925064,0.1967037555108424,0.19795547075290798,131835.7760959202,193.61707899306106,132029.39317491328,3362,19,772.953488372093,39,4,16,34.692603205193215,0.6332799145299146,43.255208333333336,1026.9791666666672,26.33279914529916,2
3420,4,0,0,43,0.0,0.0,1.0,43,1150,700,450,0.6086956521739131,16,7,9,334.98093496875885,0.8189830195644149,0.19785711759921787,0.19967292588923266,131996.29041883655,243.24815538192104,132239.53857421846,3363,20,773.953488372093,39,4,18,34.49326322013854,0.6348824786324787,43.09895833333332,1027.6041666666647,26.348824786324737,0
3421,4,0,0,43,0.0,0.0,1.0,43,1100,800,300,0.7272727272727273,14,8,6,339.51698037687174,0.8176910299003322,0.20428072870887726,0.2029493082579857,132103.35422091998,370.26638454859176,132473.62060546858,3364,21,774.953488372093,39,4,18,34.269028439220456,0.6359508547008549,42.99479166666666,1028.020833333332,26.35950854700851,0
3422,4,1,0,44,0.022727272727272728,0.0,1.0,44,950,600,350,0.631578947368421,13,6,7,333.13518533496926,0.8219256518675123,0.20775823386879666,0.2011120040192632,132476.457672351,26.513855839765824,132502.97152819077,3365,0,758.3181818181819,40,4,19,34.05828397499177,0.6380208333333335,42.632113821138205,1029.4715447154463,25.736788617886155,0
3423,4,0,0,44,0.0,0.0,1.0,44,1050,700,350,0.6666666666666666,14,7,7,349.00283675980614,0.8220798097251586,0.10349624739600705,0.19912955886050554,130317.12420784935,382.9786134743075,130700.10282132366,3366,1,759.3181818181819,38,6,20,35.82954030204736,0.6197916666666666,44.738247863247864,1021.0470085470084,26.869658119658116,8
3424,4,1,2,43,0.022222222222222223,0.044444444444444446,0.9555555555555556,45,1400,1000,400,0.7142857142857143,18,10,8,342.2987376891774,0.8279040404040404,0.09988736500364381,0.1972628807920105,130703.86860499703,-52.04615308348187,130651.82245191354,3367,0,743.4222222222222,40,5,17,35.60922281852515,0.6203125,44.359756097560975,1022.5609756097562,25.564024390243905,0
3425,4,0,1,42,0.0,0.023255813953488372,0.9767441860465116,43,800,400,400,0.5,12,4,8,356.6951345076228,0.818844592100406,0.11363188868712926,0.20495509620627214,130589.9824334321,716.1622698882469,131306.14470332034,3368,25,778.953488372093,38,5,18,35.35656423121145,0.622532894736842,44.471153846153854,1022.1153846153859,26.89777327935226,0
3426,4,0,1,41,0.0,0.023809523809523808,0.9761904761904762,42,650,400,250,0.6153846153846154,9,4,5,359.481535217793,0.8185975609756098,0.10353732738670018,0.2064527042369099,130570.58572108725,987.5429218605757,131558.12864294782,3369,26,773.547619047619,37,5,18,35.30502360261775,0.6241554054054053,44.49013157894737,1022.0394736842105,27.622688477951634,0
3427,4,0,0,41,0.0,0.0,1.0,41,600,400,200,0.6666666666666666,8,4,4,361.4655227168414,0.8127032520325204,0.11610895527201204,0.2076367774796236,130578.91506371234,1239.955157860562,131818.8702215729,3370,27,792.2682926829268,36,5,19,35.24588658733656,0.6261574074074074,44.48198198198198,1022.0720720720719,28.390890890890887,0
3428,4,0,0,41,0.0,0.0,1.0,41,1100,700,400,0.6363636363636364,15,7,8,364.5598743925891,0.8121951219512195,0.11440665447288789,0.21019480757835568,130722.82745160704,1331.2595112003924,132054.08696280743,3371,28,793.2682926829268,36,5,19,35.020922805858376,0.6276041666666666,44.34121621621622,1022.6351351351353,28.406531531531538,0
3429,4,0,0,41,0.0,0.0,1.0,41,1250,900,350,0.72,16,9,7,364.7638005394584,0.8115853658536586,0.12283706372172665,0.21109833705105208,130866.81909950486,1347.095659849031,132213.9147593539,3372,29,794.2682926829268,36,5,19,34.86980886345293,0.6290509259259259,44.20045045045045,1023.1981981981978,28.42217217217216,0
3430,4,0,0,41,0.0,0.0,1.0,41,1350,900,450,0.6666666666666666,18,9,9,365.36667073774294,0.8109756097560976,0.12178489800736125,0.21239857866672368,131039.7137001866,1375.5087858128327,132415.22248599943,3373,30,795.2682926829268,36,5,19,34.679296817715205,0.6307870370370371,44.03153153153153,1023.8738738738733,28.440940940940926,0
3431,4,0,0,41,0.0,0.0,1.0,41,1350,1000,350,0.7407407407407407,17,10,7,366.38704788468874,0.8116869918699187,0.11214632537663172,0.2137923652730605,131183.87972009167,1412.814884140894,132596.69460423256,3374,31,796.2682926829268,36,5,20,34.50725513905683,0.6322337962962963,43.890765765765764,1024.4369369369367,28.456581581581574,0
3432,4,0,0,41,0.0,0.0,1.0,41,800,500,300,0.625,11,5,6,368.8467895510574,0.8116361788617886,0.11007910276926713,0.2155515053387969,131241.5683208545,1481.6062261585766,132723.1745470131,3375,32,797.2682926829268,36,5,20,34.3858757372605,0.6328125,43.83445945945945,1024.6621621621612,28.46283783783781,0
3433,4,0,0,41,0.0,0.0,1.0,41,750,400,350,0.5333333333333333,11,4,7,368.0782514189108,0.8120934959349594,0.10716161886893572,0.21526427300206213,131270.4173768363,1463.5571382192961,132733.9745150556,3376,33,798.2682926829268,36,5,20,34.37637362637362,0.6331018518518519,43.806306306306304,1024.7747747747746,28.465965965965964,0
3434,4,1,0,42,0.023809523809523808,0.0,1.0,42,1200,800,400,0.6666666666666666,16,8,8,365.422281763727,0.8160569105691057,0.11546782892261409,0.21565594763154675,131616.85333982637,1219.1588548007555,132836.0121946271,3377,0,780.2380952380952,36,6,16,34.094234708808905,0.6365740740740741,43.46846846846847,1026.1261261261266,28.503503503503516,0
3435,4,1,0,43,0.023255813953488372,0.0,1.0,43,1400,1200,200,0.8571428571428571,16,12,4,358.015603547695,0.823781838316722,0.11254702279923334,0.213442890359351,132003.33275623273,851.8505694059768,132855.1833256387,3378,0,763.0697674418604,37,6,17,33.894401764120076,0.6385135135135135,43.0921052631579,1027.6315789473688,27.773826458036993,0
3436,4,0,0,43,0.0,0.0,1.0,43,950,800,150,0.8421052631578947,11,8,3,356.47635911111087,0.8229974160206718,0.11995286821705409,0.21299973656256643,132087.8554579295,817.2395592874853,132905.09501721698,3379,1,764.0697674418604,37,6,18,33.84877777777778,0.6393581081081081,43.00986842105264,1027.9605263157905,27.782716927453798,0
3437,4,0,0,43,0.0,0.0,1.0,43,1400,1100,300,0.7857142857142857,17,11,6,355.18756980633884,0.8223052787006275,0.12151150391564625,0.21270428030931335,132172.40521121887,789.1990804863076,132961.60429170518,3380,2,765.0697674418604,37,6,18,33.79674059856403,0.6402027027027026,42.92763157894737,1028.2894736842109,27.791607396870564,0
3438,4,0,0,43,0.0,0.0,1.0,43,1050,800,250,0.7619047619047619,13,8,5,358.1346142992094,0.8222129937246216,0.12994560439029557,0.21497007895715647,132260.59701219967,873.4195795894643,133134.01659178914,3381,3,766.0697674418604,38,5,19,33.63215794211329,0.6392543859649122,42.84188034188035,1028.6324786324794,27.069275753486302,0
3439,4,0,0,43,0.0,0.0,1.0,43,1100,800,300,0.7272727272727273,14,8,6,355.54002775594176,0.8213362864525655,0.12511772803013832,0.21372349983081892,132315.55103550298,808.6949375410952,133124.24597304408,3382,4,767.0697674418604,38,5,19,33.643561786085144,0.6398026315789473,42.78846153846154,1028.846153846154,27.074898785425106,0
3440,4,0,0,43,0.0,0.0,1.0,43,1250,1000,250,0.8,15,10,5,353.55439361405666,0.8204134366925064,0.12296393936540806,0.21299496395773684,132398.00347222242,761.9791666666863,133159.9826388891,3383,5,768.0697674418604,38,5,19,33.61167341430499,0.6406249999999998,42.70833333333334,1029.1666666666683,27.08333333333338,0
3441,4,0,0,43,0.0,0.0,1.0,43,1350,1000,350,0.7407407407407407,17,10,7,355.4752580464793,0.8207364341085271,0.12598261386432807,0.21479489530607748,132510.87474030486,820.8674784549225,133331.74221875978,3384,6,769.0697674418604,37,6,19,33.44870429534966,0.643581081081081,42.59868421052632,1029.605263157896,27.827169274537727,0
3442,4,0,0,43,0.0,0.0,1.0,43,1350,1000,350,0.7407407407407407,17,10,7,356.7729485948869,0.8209210040605389,0.119217297671943,0.21639004855061075,132652.0314543898,865.3312798168615,133517.36273420666,3385,7,770.0697674418604,37,6,15,33.27335018626928,0.6449887387387387,42.46162280701754,1030.1535087719296,27.841986723565665,0
3443,4,0,0,43,0.0,0.0,1.0,43,1550,1300,250,0.8387096774193549,18,13,5,354.2516976007244,0.8203211517165006,0.1071944581890154,0.21567137030095895,132793.26331178815,808.447791628184,133601.71110341634,3386,8,771.0697674418604,37,6,15,33.196365248226954,0.6463963963963963,42.32456140350877,1030.7017543859643,27.856804172593627,0
3444,4,0,0,43,0.0,0.0,1.0,43,900,600,300,0.6666666666666666,12,6,6,351.6556525158128,0.8201365817644887,0.11321968001305849,0.21457612593161518,132878.03849501783,745.4626663973647,133623.5011614152,3387,9,772.0697674418604,37,6,16,33.178130206671625,0.6472409909909909,42.242324561403514,1031.0307017543869,27.865694642010457,0
3445,4,1,0,44,0.022727272727272728,0.0,1.0,44,1000,800,200,0.8,12,8,4,349.4121961721585,0.8243261099365751,0.1359784283513097,0.21538393584940507,133257.03125,512.326388888891,133769.3576388889,3388,0,755.5,39,5,17,32.855797686306175,0.6474358974358975,41.875,1032.5,26.474358974358974,0
3446,4,0,2,42,0.0,0.045454545454545456,0.9545454545454546,44,1000,500,500,0.5,15,5,10,348.2385160306595,0.8231148696264976,0.12854805744713982,0.2157512704877025,133445.31385633702,494.15961371529806,133939.47347005233,3389,1,756.5,39,5,19,32.69745354034345,0.6493055555555556,41.69270833333334,1033.2291666666683,26.4930555555556,0
3447,4,0,0,42,0.0,0.0,1.0,42,1200,900,300,0.75,15,9,6,363.6837063375241,0.8109030197444832,0.1298322662053124,0.2236504320131648,133168.79799702315,1286.2644048140849,134455.06240183723,3390,2,792.9761904761905,38,4,19,32.575992823379224,0.6483004385964912,41.960470085470085,1032.1581196581196,27.162055780476834,0
3448,4,0,0,42,0.0,0.0,1.0,42,1150,700,450,0.6086956521739131,16,7,9,362.27310610132633,0.8098625629113434,0.12686589222902112,0.2236099516970255,133306.67529585792,1258.6846646942724,134565.3599605522,3391,3,793.9761904761905,38,4,19,32.47400682805711,0.649671052631579,41.82692307692307,1032.6923076923072,27.17611336032387,0
3449,4,1,0,43,0.023255813953488372,0.0,1.0,43,1200,700,500,0.5833333333333334,17,7,10,354.96420831866374,0.8172757475083056,0.13886131593874107,0.22146679953794876,133705.05640775897,892.4100846008184,134597.4664923598,3392,0,776.4883720930233,36,7,17,32.26353803716609,0.6574074074074074,41.441441441441434,1034.234234234233,28.728728728728697,0
3450,4,0,0,43,0.0,0.0,1.0,43,1550,1100,450,0.7096774193548387,20,11,9,356.8737463191923,0.8173218899963086,0.13643140838545875,0.22318577994788402,133792.42153893746,949.4005407434313,134741.8220796809,3393,1,777.4883720930233,36,7,17,32.12669170204275,0.658275462962963,41.356981981981974,1034.572072072071,28.738113113113084,0
3451,4,0,1,42,0.0,0.023255813953488372,0.9767441860465116,43,1150,1100,50,0.9565217391304348,12,11,1,359.397887274383,0.8163067552602435,0.1318833135549693,0.22547617624155988,133908.95276611065,1025.3189422530581,134934.27170836373,3394,2,778.4883720930233,36,7,17,31.944746672469446,0.6594328703703705,41.244369369369366,1035.022522522522,28.75062562562561,0
3452,4,0,0,42,0.0,0.0,1.0,42,1350,900,450,0.6666666666666666,18,9,9,362.91422407617694,0.8171457607433217,0.1338877662055027,0.22750216366030457,133879.8152037171,1317.3778508237808,135197.19305454087,3395,3,790.3333333333334,36,6,18,31.882934348929975,0.6591435185185186,41.272522522522515,1034.909909909909,28.74749749749747,0
3453,4,0,0,42,0.0,0.0,1.0,42,650,500,150,0.7692307692307693,8,5,3,363.00319989153184,0.817387727448703,0.13129429317418895,0.2279184025548469,133938.09349890432,1323.991305494688,135262.084804399,3396,4,791.3333333333334,36,6,18,31.822282056861045,0.6597222222222222,41.21621621621622,1035.1351351351352,28.753753753753756,0
3454,4,0,0,42,0.0,0.0,1.0,42,950,500,450,0.5263157894736842,14,5,9,358.15303783187244,0.8167344173441734,0.1323289163187511,0.22549315261894656,134039.34383656495,1201.319636811305,135240.66347337625,3397,5,792.3333333333334,37,5,19,31.846498658760392,0.6587837837837839,41.11842105263157,1035.5263157894724,27.987197724039795,0
3455,4,0,0,42,0.0,0.0,1.0,42,1250,1000,250,0.8,15,10,5,327.15822376131587,0.8176538908246225,0.026028462555408582,0.2042792851969874,133734.17494775174,352.3947410997445,134086.56968885148,3398,6,793.3333333333334,36,6,15,32.953411359099974,0.6576967592592593,41.413288288288285,1034.3468468468463,28.731856856856844,7
3456,4,0,0,42,0.0,0.0,1.0,42,1300,1000,300,0.7692307692307693,16,10,6,331.0784524845241,0.8161778939217964,0.027354134601931035,0.2073810429366252,133850.6808117239,463.0152534291075,134313.696065153,3399,7,794.3333333333334,36,6,15,32.735698480066745,0.6588541666666666,41.30067567567568,1034.7972972972973,28.74436936936937,0
3457,4,0,0,42,0.0,0.0,1.0,42,1100,600,500,0.5454545454545454,16,6,10,332.90396642936855,0.8164198606271778,0.02657042366604001,0.2091856571008329,133967.23740209814,519.6449405486687,134486.8823426468,3400,8,795.3333333333334,36,6,15,32.57211102650568,0.6600115740740741,41.18806306306307,1035.2477477477485,28.756881881881903,0
3458,4,0,1,41,0.0,0.023809523809523808,0.9761904761904762,42,1850,1600,250,0.8648648648648649,21,16,5,332.63866828647446,0.8155245838172668,0.03446115288220586,0.20951679407961785,134054.6881340801,518.3545876958161,134573.0427217759,3401,9,796.3333333333334,36,6,16,32.49170835145716,0.6608796296296295,41.10360360360361,1035.5855855855862,28.766266266266282,0
3459,4,0,0,41,0.0,0.0,1.0,41,1150,700,450,0.6086956521739131,16,7,9,341.8094077543733,0.8133638211382114,0.027187515335918233,0.21503705778977675,134010.95920138902,961.2413194444629,134972.2005208335,3402,10,814.7317073170732,35,6,16,32.29795439302482,0.6624999999999999,41.14583333333334,1035.4166666666679,29.583333333333368,0
3460,4,0,1,40,0.0,0.024390243902439025,0.975609756097561,41,600,300,300,0.5,9,3,6,336.8825257787471,0.8136178861788618,-0.010267329453734098,0.20326357545501864,132455.9583865963,882.8397020331394,133338.79808862944,3403,11,815.7317073170732,36,5,18,33.98242351310944,0.6449652777777777,42.65202702702704,1029.3918918918937,28.59421921921927,7
3461,4,1,1,40,0.024390243902439025,0.024390243902439025,0.975609756097561,41,1550,1100,450,0.7096774193548387,20,11,9,336.2695347116045,0.8149390243902439,-0.005129736474452251,0.20399162490329975,132658.90045450866,721.829346238149,133380.7298007468,3404,0,814.0731707317074,36,5,17,33.794499708497305,0.6469907407407407,42.454954954954964,1030.1801801801812,28.616116116116146,0
3462,4,0,0,40,0.0,0.0,1.0,40,1150,800,350,0.6956521739130435,15,8,7,344.01572508206056,0.8096955128205128,-0.006894807821982596,0.20823482461089626,132576.73852237655,1121.6965663580233,133698.43508873458,3405,13,835.425,35,5,20,33.67751180040459,0.6482142857142856,42.53472222222222,1029.861111111111,29.424603174603174,0
3463,4,0,0,40,0.0,0.0,1.0,40,950,800,150,0.8421052631578947,11,8,3,344.24370088718103,0.8086271367521367,0.004892159065378543,0.20903529504076984,132695.96220207476,1135.9498242455409,133831.9120263203,3406,14,836.425,35,5,17,33.55191717217104,0.6494047619047618,42.41898148148148,1030.3240740740741,29.43783068783069,0
3464,4,0,0,40,0.0,0.0,1.0,40,1100,600,500,0.5454545454545454,16,6,10,338.1995701515462,0.806917735042735,0.009168851026649216,0.20643701762050398,132891.02447041657,988.737470578709,133879.7619409953,3407,15,837.425,36,4,18,33.5119502694044,0.6493055555555556,42.22972972972974,1031.0810810810826,28.641141141141183,0
3465,4,0,0,40,0.0,0.0,1.0,40,1400,1000,400,0.7142857142857143,18,10,8,338.5650604408991,0.8056623931623932,0.021000654735923163,0.20794974623863288,133123.3513919326,1014.1831020209515,134137.53449395357,3408,16,838.425,36,4,20,33.269678451913265,0.6516203703703705,42.00450450450451,1031.981981981983,28.666166166166192,0
3466,4,0,0,40,0.0,0.0,1.0,40,900,700,200,0.7777777777777778,11,7,4,337.96955393220225,0.8049946581196581,0.023391318573454445,0.20839561802315829,133268.6587558844,1008.1498305738318,134276.8085864582,3409,17,839.425,36,4,20,33.13951903151926,0.6530671296296295,41.863738738738746,1032.545045045046,28.681806806806833,0
3467,4,0,0,40,0.0,0.0,1.0,40,900,600,300,0.6666666666666666,12,6,6,351.90548350091933,0.8048611111111111,0.06356090589270025,0.205187966533613,131155.04017531045,1230.8355652950263,132385.87574060546,3410,18,840.425,36,4,19,34.90728525359132,0.6319444444444444,43.91891891891892,1024.3243243243244,28.453453453453456,4
3468,4,0,0,40,0.0,0.0,1.0,40,1150,800,350,0.6956521739130435,15,8,7,356.762599834362,0.8045405982905983,0.062351524879614706,0.20850196969681764,131243.8457626386,1364.5791253077969,132608.4248879464,3411,19,841.425,37,3,19,34.69312912430891,0.6309121621621621,43.83223684210527,1024.6710526315796,27.693812233285936,0
3469,4,0,0,40,0.0,0.0,1.0,40,900,800,100,0.8888888888888888,10,8,2,361.95204040033263,0.8047008547008547,0.06326361399379499,0.21184506710218606,131300.0289151471,1504.8626740920429,132804.89158923912,3412,20,842.425,37,3,19,34.503383438536446,0.6314752252252251,43.77741228070176,1024.890350877194,27.699739212897132,0
3470,4,2,1,41,0.047619047619047616,0.023809523809523808,0.9761904761904762,42,750,300,450,0.4,12,3,9,350.72225573214484,0.816661827332559,0.07700196183342256,0.20809520506773937,131821.3757396451,846.5410563571327,132667.91679600222,3413,0,803.2619047619048,38,4,16,34.26511131918434,0.6348684210526315,43.269230769230774,1026.9230769230778,27.02429149797573,0
3471,4,0,0,41,0.0,0.0,1.0,41,1500,900,600,0.6,21,9,12,362.601779888006,0.8088922764227642,0.07787067728689445,0.2153767198611892,131862.521701389,1362.7170138888987,133225.2387152779,3414,1,823.8536585365854,37,4,16,33.91861054766734,0.6371058558558558,43.22916666666667,1027.0833333333342,27.75900900900903,0
3472,4,0,0,41,0.0,0.0,1.0,41,700,300,400,0.42857142857142855,11,3,8,366.45439645363325,0.8088414634146341,0.07924616706145704,0.2181497900108351,131946.99931709756,1470.5115997229937,133417.51091682055,3415,2,824.8536585365854,37,4,16,33.7344361437211,0.6379504504504505,43.146929824561404,1027.4122807017545,27.767899478425797,0
3473,4,0,0,41,0.0,0.0,1.0,41,1100,800,300,0.7272727272727273,14,8,6,370.8397513432157,0.8074186991869918,0.13373884350090437,0.21362458915404944,130688.28124999988,1519.1760926438765,132207.45734264376,3416,3,825.8536585365854,34,7,16,34.895408856289045,0.6314338235294118,44.37499999999999,1022.4999999999991,30.073529411764678,3
3474,4,0,0,41,0.0,0.0,1.0,41,1300,900,400,0.6923076923076923,17,9,8,371.12007997312105,0.8071646341463414,0.13441955193482658,0.21437642266682633,130794.81336805549,1508.1163194444343,132302.9296874999,3417,4,826.8536585365854,35,6,16,34.78021045485403,0.6303571428571428,44.27083333333333,1022.9166666666661,29.22619047619046,0
3475,4,2,0,43,0.046511627906976744,0.0,1.0,43,1350,900,450,0.6666666666666666,18,9,9,357.92187190164594,0.81593761535622,0.1535261864246551,0.20963995354239257,131328.12499999997,803.2118055555546,132131.33680555553,3418,0,789.3488372093024,35,8,18,34.57825203252033,0.6357142857142857,43.75,1024.9999999999998,29.285714285714278,0
3476,4,0,0,43,0.0,0.0,1.0,43,750,600,150,0.8,9,6,3,359.1728830501528,0.814830195644149,0.15461519477859964,0.21069890053365906,131387.4488275891,838.1617584019132,132225.61058599103,3419,1,790.3488372093024,35,8,18,34.486245954692556,0.6363095238095238,43.692129629629626,1025.231481481481,29.29232804232803,0
3477,4,0,0,43,0.0,0.0,1.0,43,1300,1000,300,0.7692307692307693,16,10,6,354.42399987828026,0.8134459210040605,0.152037021438435,0.2090069296369586,131587.96623904307,727.5866660579482,132315.552905101,3420,2,791.3488372093024,36,7,15,34.40552628690594,0.6362847222222222,43.49662162162162,1026.0135135135133,28.50037537537537,0
3478,4,0,0,43,0.0,0.0,1.0,43,1400,1200,200,0.8571428571428571,16,12,4,354.4147525150064,0.8119232188999631,0.15745773177988376,0.20947704633085404,131674.6370525931,733.4867806996167,132408.12383329272,3421,3,792.3488372093024,36,7,15,34.31831065759638,0.6371527777777778,43.41216216216216,1026.3513513513512,28.509759759759756,0
3479,4,0,0,43,0.0,0.0,1.0,43,950,500,450,0.5263157894736842,14,5,9,355.4918577125524,0.812015503875969,0.1612777302937909,0.2102730878033691,131703.53366457685,763.9067699456293,132467.4404345225,3422,4,793.3488372093024,36,7,15,34.261519473395495,0.6374421296296295,43.38400900900901,1026.4639639639647,28.51288788788791,0
3480,4,0,2,41,0.0,0.046511627906976744,0.9534883720930233,43,850,500,350,0.5882352941176471,12,5,7,355.9003827802966,0.8116925064599483,0.16283151525046669,0.21067453827436283,131732.43344696067,776.7246976706616,132509.15814463134,3423,5,794.3488372093024,36,7,15,34.22188094193359,0.6377314814814814,43.355855855855864,1026.576576576578,28.516016016016053,0
3481,4,1,1,41,0.023809523809523808,0.023809523809523808,0.9761904761904762,42,1050,800,250,0.7619047619047619,13,8,5,352.78961471056846,0.8084349593495935,0.15403474691773877,0.20930959639204136,131819.15181651257,900.8855561642897,132720.03737267686,3424,0,789.5238095238095,36,6,15,34.214277881346646,0.638599537037037,43.271396396396405,1026.9144144144154,28.52540040040043,0
3482,4,0,0,41,0.0,0.0,1.0,41,800,500,300,0.625,11,5,6,359.029452069076,0.8066056910569106,0.16017705272510296,0.2122045671956914,131674.63705259323,1255.0145584774098,132929.65161107064,3425,7,809.780487804878,36,5,15,34.19990307951139,0.6371527777777777,43.41216216216217,1026.3513513513522,28.50975975975978,0
3483,4,1,0,42,0.023809523809523808,0.0,1.0,42,650,400,250,0.6153846153846154,9,4,5,352.23852548015884,0.812862950058072,0.16428800146379396,0.2095316028713404,131918.83710612892,893.3793330640335,132812.21643919297,3426,0,791.4761904761905,37,5,16,34.12795300103178,0.6376689189189189,43.174342105263165,1027.3026315789484,27.764935988620227,0
3484,4,0,0,42,0.0,0.0,1.0,42,1050,800,250,0.7619047619047619,13,8,5,356.4154214700767,0.8112417731320171,0.17478522402239483,0.2126468329369208,132031.503984399,1011.6128279855272,133043.1168123845,3427,1,792.4761904761905,37,5,16,33.907122408336,0.638795045045045,43.06469298245614,1027.7412280701749,27.776789947842566,0
3485,4,1,0,43,0.023255813953488372,0.0,1.0,43,1000,800,200,0.8,12,8,4,348.924793934126,0.8146456256921373,0.18598059779141551,0.21005655327697934,132371.20361328125,637.5189887152783,133008.72260199653,3428,0,775.0232558139535,39,4,17,33.75773948105409,0.6386217948717949,42.734375,1029.0625,26.38621794871795,0
3486,4,0,1,42,0.0,0.023255813953488372,0.9767441860465116,43,800,700,100,0.875,9,7,2,348.7021209331407,0.8139073458840901,0.18252928340190233,0.2105443224077983,132482.65241468555,639.4018021170227,133122.0542168026,3429,1,776.0232558139535,37,6,17,33.651413888593034,0.6432995495495495,42.62609649122808,1029.4956140350896,27.82420578473215,0
3487,4,0,0,42,0.0,0.0,1.0,42,1250,900,350,0.72,16,9,7,357.83140155737794,0.8140969802555168,0.18616516373991465,0.21541450373754145,132370.51647308053,1073.265486887276,133443.7819599678,3430,2,784.0238095238095,38,4,17,33.529294712070865,0.6403508771929824,42.73504273504273,1029.0598290598286,27.080521817363913,0
3488,4,0,0,42,0.0,0.0,1.0,42,1450,700,750,0.4827586206896552,22,7,15,358.5092111179793,0.8145083236546651,0.18195102130120167,0.21631238936167993,132455.95838659615,1097.3419369480193,133553.30032354416,3431,3,785.0238095238095,36,6,17,33.425865149691866,0.6449652777777778,42.65202702702703,1029.3918918918926,28.594219219219237,0
3489,4,1,1,42,0.023255813953488372,0.023255813953488372,0.9767441860465116,43,1050,600,450,0.5714285714285714,15,6,9,350.05433049580495,0.8192598744924326,0.17494073454520276,0.212794993402301,132736.76155163127,693.0156394275162,133429.7771910588,3432,0,767.7441860465116,37,6,16,33.361264808115195,0.6458333333333333,42.37938596491228,1030.482456140351,27.850877192982455,0
3490,4,0,0,42,0.0,0.0,1.0,42,850,600,250,0.7058823529411765,11,6,5,360.35354892651316,0.8126451800232288,0.1790163934426232,0.21893990522427592,132716.9124360848,1165.0020797824936,133881.91451586728,3433,5,787.0238095238095,36,6,17,33.11589253187614,0.6475694444444444,42.39864864864865,1030.4054054054059,28.622372372372386,0
3491,4,0,0,42,0.0,0.0,1.0,42,1050,800,250,0.7619047619047619,13,8,5,360.36773081832087,0.8123790166473094,0.16924137213596557,0.21979790643848943,132861.9978720274,1175.8353370262134,134037.8332090536,3434,6,788.0238095238095,36,6,17,32.969688694702356,0.6490162037037037,42.25788288288288,1030.9684684684682,28.63801301301301,0
3492,4,0,0,42,0.0,0.0,1.0,42,1250,1100,150,0.88,14,11,3,358.12348097443174,0.8113627564847077,0.1711319016230779,0.21901882067916134,132962.84072983972,1123.4230724838148,134086.26380232355,3435,7,789.0238095238095,37,5,17,32.92623502728754,0.6480855855855856,42.16008771929823,1031.3596491228052,27.874585111427166,0
3493,4,0,0,42,0.0,0.0,1.0,42,950,600,350,0.631578947368421,13,6,7,356.6744205230808,0.8100803329461866,0.17384824053970616,0.2186286399154181,133047.67001625497,1090.940120998763,134138.61013725374,3436,8,790.0238095238095,37,5,17,32.87842756934849,0.6489301801801801,42.07785087719298,1031.6885964912278,27.883475580843996,0
3494,4,0,1,41,0.0,0.023809523809523808,0.9761904761904762,42,850,500,350,0.5882352941176471,12,5,7,355.4131596273664,0.8091608594657375,0.16975355498203526,0.21802071917167645,133075.95245652506,1059.3889465989498,134135.341403124,3437,9,791.0238095238095,37,5,17,32.88257173219979,0.6492117117117117,42.050438596491226,1031.7982456140348,27.88643907064959,0
3495,4,0,0,41,0.0,0.0,1.0,41,1200,1000,200,0.8333333333333334,14,10,4,359.8112054283421,0.8011686991869919,0.16529568046171628,0.2206553054976217,133065.2506391526,1375.6736466195846,134440.92428577217,3438,10,811.0487804878048,36,5,19,32.77986975187368,0.6510416666666667,42.06081081081081,1031.7567567567562,28.659909909909896,0
3496,4,0,0,41,0.0,0.0,1.0,41,900,300,600,0.3333333333333333,15,3,12,358.30532608100526,0.8007113821138211,0.16102296945299543,0.22058998819238249,133210.5262991031,1346.0082126044929,134556.5345117076,3439,11,812.0487804878048,36,5,19,32.67290280353442,0.6524884259259259,41.92004504504504,1032.3198198198195,28.67555055055054,0
3497,4,0,0,41,0.0,0.0,1.0,41,1100,600,500,0.5454545454545454,16,6,10,357.09945070038975,0.7990853658536585,0.16590153469691726,0.22036352374983656,133297.72973987486,1320.109213943655,134617.83895381851,3440,12,813.0487804878048,36,5,19,32.616548527808064,0.6533564814814816,41.83558558558558,1032.6576576576565,28.6849349349349,0
3498,4,0,0,41,0.0,0.0,1.0,41,650,500,150,0.7692307692307693,8,5,3,372.2549006290951,0.7980691056910569,0.18032169591377278,0.2232307293135607,132224.214818704,1644.3365240240453,133868.55134272805,3441,13,814.0487804878048,36,5,16,33.3057319610205,0.6426504629629628,42.87725225225226,1028.4909909909923,28.56919419419423,2
3499,4,0,0,41,0.0,0.0,1.0,41,1450,1000,450,0.6896551724137931,19,10,9,370.08541138387193,0.8,0.1735075790655598,0.22262060900168318,132341.5858725763,1595.5380501692994,133937.1239227456,3442,14,815.0487804878048,37,4,17,33.243197641375396,0.6418918918918918,42.76315789473685,1028.9473684210539,27.80938833570416,0
3500,4,1,0,42,0.023809523809523808,0.0,1.0,42,1100,800,300,0.7272727272727273,14,8,6,362.8875110851574,0.8077090592334495,0.17582458730515338,0.22035638633561203,132695.96220207488,1230.7775597026184,133926.73976177748,3443,0,796.6190476190476,35,7,17,33.07168801018497,0.6494047619047618,42.41898148148149,1030.324074074075,29.437830687830715,0
3501,4,0,0,42,0.0,0.0,1.0,42,1200,1000,200,0.8333333333333334,14,10,4,358.6983572622738,0.807079945799458,0.17248469292264912,0.21833280050721474,132785.41512613607,1125.9820548268283,133911.3971809629,3444,1,797.6190476190476,35,7,17,33.08967340445443,0.6502976190476188,42.33217592592593,1030.671296296297,29.447751322751344,0
3502,4,0,0,42,0.0,0.0,1.0,42,1150,600,550,0.5217391304347826,17,6,11,359.78743587303666,0.8054587688734031,0.17474271569499278,0.2197847598591995,132920.05423920564,1164.5930981657662,134084.6473373714,3445,2,798.6190476190476,36,6,17,32.92631320301411,0.6495949074074073,42.20157657657659,1031.1936936936954,28.644269269269316,0
3503,4,0,0,42,0.0,0.0,1.0,42,1000,800,200,0.8,12,8,4,360.4815411605422,0.8054345722028649,0.16977022249948037,0.2207226548817227,133007.1625679736,1189.3253895787998,134196.4879575524,3446,3,799.6190476190476,36,6,17,32.8209152110626,0.6504629629629628,42.11711711711713,1031.5315315315333,28.653653653653706,0
3504,4,1,0,43,0.023255813953488372,0.0,1.0,43,850,600,250,0.7058823529411765,11,6,5,375.0906206067883,0.8088316722037652,0.19090796506164187,0.21705395006351771,130863.1260158707,1328.0575533120455,132191.18356918276,3447,0,782.0,38,5,15,34.60939403431834,0.6252741228070173,44.204059829059844,1023.183760683763,26.925888439046396,7
3505,4,0,0,43,0.0,0.0,1.0,43,1000,600,400,0.6,14,6,8,373.9929556396639,0.8068936877076411,0.19021129734531272,0.21718790914783412,130999.80481591079,1198.6008382643238,132198.40565417512,3448,1,783.0,38,5,17,34.49893028595284,0.6266447368421051,44.07051282051283,1023.7179487179503,26.93994601889343,0
3506,4,0,0,43,0.0,0.0,1.0,43,1450,900,550,0.6206896551724138,20,9,11,378.34762163593075,0.8048634182355112,0.1885059813138512,0.22065675159643008,131163.91354372146,1325.1109467455906,132489.02449046704,3449,2,784.0,38,5,18,34.221161869002934,0.6282894736842104,43.91025641025642,1024.3589743589762,26.9568151147099,0
3507,4,0,1,42,0.0,0.023255813953488372,0.9767441860465116,43,900,700,200,0.7777777777777778,11,7,4,379.70353126819117,0.8048634182355112,0.19128022176573345,0.221605426739543,131191.27498584657,1362.7580767404727,132554.03306258706,3450,3,785.0,38,5,18,34.15871484687313,0.628563596491228,43.88354700854702,1024.465811965814,26.959626630679317,0
3508,4,0,0,42,0.0,0.0,1.0,42,1550,1100,450,0.7096774193548387,20,11,9,385.1455366795143,0.798054587688734,0.1177466111713934,0.21961013439237204,130292.12648158862,1647.4065524465605,131939.53303403518,3451,4,804.5238095238095,35,7,16,34.93238200506369,0.6252976190476189,44.76273148148148,1020.9490740740738,29.169973544973537,7
3509,4,0,0,42,0.0,0.0,1.0,42,950,700,250,0.7368421052631579,12,7,5,389.0258110461907,0.7953687572590011,0.12464795571525711,0.22266808095289747,130439.87509645063,1748.8956404321025,132188.77073688273,3452,5,805.5238095238095,35,7,18,34.68303874915024,0.6267857142857143,44.61805555555556,1021.5277777777778,29.186507936507937,0
3510,4,1,1,42,0.023255813953488372,0.023255813953488372,0.9767441860465116,43,1150,1000,150,0.8695652173913043,13,10,3,385.08121640241393,0.7988187523071244,0.1280760168015571,0.2218615130034214,130694.03863322802,1465.5638746855188,132159.60250791354,3453,0,787.7674418604652,36,7,16,34.52551395007343,0.6273148148148147,44.36936936936938,1022.5225225225241,28.40340340340345,0
3511,4,0,0,42,0.0,0.0,1.0,42,950,500,450,0.5263157894736842,14,5,9,393.324562676895,0.7934088269454123,0.13348269893395015,0.22598888828885227,130587.70743580672,1872.670583633395,132460.3780194401,3454,7,807.5238095238095,35,7,16,34.42289000868153,0.6282738095238095,44.473379629629626,1022.1064814814812,29.20304232804232,0
3512,4,0,1,41,0.0,0.023809523809523808,0.9761904761904762,42,550,300,250,0.5454545454545454,8,3,5,394.0620487084958,0.792634533488192,0.1300266796022318,0.22710621006781198,130706.0335889273,1901.2574749228193,132607.2910638501,3455,8,808.5238095238095,35,7,17,34.28374363327673,0.6294642857142858,44.35763888888888,1022.5694444444431,29.216269841269803,0
3513,4,0,0,41,0.0,0.0,1.0,41,800,500,300,0.625,11,5,6,395.01246469029115,0.7901930894308943,0.11981521037206289,0.22817778842697958,130794.81336805537,2133.11631944442,132927.9296874998,3456,9,811.9268292682926,35,6,17,34.169212491513896,0.6303571428571428,44.27083333333332,1022.9166666666652,29.226190476190432,0
3514,4,0,0,41,0.0,0.0,1.0,41,1300,900,400,0.6923076923076923,17,9,8,392.6770489479333,0.7911077235772358,0.1230433199854386,0.22787636620049348,130972.4633487653,2085.9760802468973,133058.4394290122,3457,10,812.9268292682926,35,6,18,34.04850746268655,0.6321428571428572,44.097222222222214,1023.6111111111102,29.24603174603172,0
3515,4,0,0,41,0.0,0.0,1.0,41,1000,700,300,0.7,13,7,6,393.4717911614079,0.7895833333333333,0.12832170551992528,0.22890844510752933,131068.54056336742,2114.354684075968,133182.8952474434,3458,11,813.9268292682926,36,5,18,33.930633454305514,0.6310763888888888,44.00337837837838,1023.9864864864866,28.444069069069073,0
3516,4,1,0,42,0.023809523809523808,0.0,1.0,42,1000,600,400,0.6,14,6,8,389.0371107616089,0.7955381339527681,0.143463754928723,0.2285530277803362,131443.57829112894,1827.5427877201473,133271.1210788491,3459,0,795.5238095238095,36,6,19,33.663930375576534,0.634837962962963,43.637387387387385,1025.4504504504503,28.48473473473473,0
3517,4,2,0,44,0.045454545454545456,0.0,1.0,44,900,600,300,0.6666666666666666,12,6,6,379.7770876363866,0.8059152572233967,0.1742849448649264,0.2268054227280988,132068.3478180472,1231.306500657447,133299.65431870462,3460,0,760.3181818181819,38,6,17,33.26967051242073,0.6373355263157896,43.028846153846146,1027.884615384614,27.049595141700372,0
3518,4,1,2,43,0.022222222222222223,0.044444444444444446,0.9555555555555556,45,1450,1100,350,0.7586206896551724,18,11,7,372.8859259647043,0.813510101010101,0.17268246573492707,0.22368624744687068,132237.2450086806,861.8815104166722,133099.12651909728,3461,0,744.4,39,6,17,33.27636553912633,0.6372863247863249,42.864583333333336,1028.541666666667,26.372863247863254,0
3519,4,0,0,43,0.0,0.0,1.0,43,800,500,300,0.625,11,5,6,377.07053466014503,0.8029715762273901,0.18026215644820254,0.22584342850677636,132178.18737900865,1368.0999570823246,133546.287336091,3462,2,776.7209302325581,38,5,17,33.228354978354965,0.6384320175438596,42.922008547008545,1028.3119658119656,27.060841205578043,0
3520,4,0,0,43,0.0,0.0,1.0,43,1150,700,450,0.6086956521739131,16,7,9,378.8235940989914,0.8028331487633813,0.18795933794955633,0.2275541102669488,132288.07259706702,1422.768623529849,133710.84122059686,3463,3,777.7209302325581,38,5,17,33.07240281095303,0.6395285087719298,42.815170940170944,1028.7393162393166,27.0720872694557,0
3521,4,0,0,43,0.0,0.0,1.0,43,1600,1100,500,0.6875,21,11,10,375.35615370909966,0.8012643041712809,0.18488818531290452,0.2267904234040497,132507.98000447432,1347.537142048347,133855.51714652267,3464,4,778.7209302325581,38,5,17,32.93988447303794,0.6417214912280702,42.60149572649572,1029.5940170940164,27.094579397210957,0
3522,4,2,2,43,0.044444444444444446,0.044444444444444446,0.9555555555555556,45,750,400,350,0.5333333333333333,11,4,7,361.5254920041739,0.8082491582491583,0.19077832512315274,0.2213198880483935,133000.07952442332,616.583837332277,133616.6633617556,3465,0,745.0666666666667,40,5,15,32.80110837438424,0.6432291666666667,42.1239837398374,1031.5040650406506,25.787601626016265,0
3523,4,0,0,43,0.0,0.0,1.0,43,750,400,350,0.5333333333333333,11,4,7,376.162564045444,0.8074473975636766,0.193928612750202,0.22911719810040698,132810.6508875741,1391.6789940828526,134202.32988165694,3466,1,774.8372093023256,38,5,15,32.614272388059696,0.644736842105263,42.307692307692314,1030.7692307692319,27.125506072874522,0
3524,4,0,0,43,0.0,0.0,1.0,43,1150,1000,150,0.8695652173913043,13,10,3,345.9064797568864,0.8074473975636766,0.09332258807276061,0.20454657175319402,131692.96136558938,510.6897349461382,132203.65110053553,3467,2,775.8372093023256,40,3,15,34.51815181518152,0.6302083333333333,43.394308943089435,1026.422764227643,25.660569105691074,5
3525,4,0,0,43,0.0,0.0,1.0,43,800,500,300,0.625,11,5,6,344.20481079134186,0.8078165374677002,0.09549571118774547,0.2038192847956703,131745.12215777647,469.4609689999355,132214.58312677642,3468,3,776.8372093023256,40,3,15,34.509255592951895,0.6307291666666668,43.34349593495935,1026.6260162601627,25.665650406504067,0
3526,4,0,0,43,0.0,0.0,1.0,43,1150,700,450,0.6086956521739131,16,7,9,348.61283115750325,0.8081856773717239,0.10377848011698654,0.20706762139837237,131862.52170138885,593.793402777773,132456.31510416663,3469,4,777.8372093023256,41,2,15,34.277805949966194,0.6303353658536586,43.229166666666664,1027.083333333333,25.050813008130074,0
3527,4,0,1,42,0.0,0.023255813953488372,0.9767441860465116,43,950,500,450,0.5263157894736842,14,5,9,347.56123804831896,0.8078626799557032,0.10125206337798831,0.20672008156176586,131913.47321625412,569.6020132590116,132483.07522951314,3470,5,778.8372093023256,41,2,15,34.25348060518268,0.6308434959349594,43.179563492063494,1027.2817460317463,25.055652342237714,0
3528,4,0,1,41,0.0,0.023809523809523808,0.9761904761904762,42,800,600,200,0.75,10,6,4,354.70499922561726,0.8035714285714286,0.1046460135300662,0.21090341953956093,131901.66650142102,957.2361028488265,132858.90260426985,3471,6,782.1666666666666,40,2,15,34.0819153146023,0.6322916666666667,43.1910569105691,1027.235772357723,25.680894308943074,0
3529,4,0,0,41,0.0,0.0,1.0,41,1000,600,400,0.6,14,6,8,361.3674608823737,0.7990853658536585,0.10992925345074966,0.21464356411447005,131862.52170138882,1330.16493055555,133192.68663194438,3472,7,801.9756097560976,39,2,15,33.95030425963489,0.6335470085470085,43.229166666666664,1027.0833333333328,26.33547008547007,0
3530,4,0,0,41,0.0,0.0,1.0,41,1350,1200,150,0.8888888888888888,15,12,3,359.42786903050535,0.7974085365853658,0.09936033693535107,0.214699407481418,132076.58420138885,1294.4010416666567,133370.9852430555,3473,8,802.9756097560976,39,2,15,33.7842859073098,0.6356837606837608,43.02083333333333,1027.9166666666663,26.356837606837598,0
3531,4,0,0,41,0.0,0.0,1.0,41,1350,900,450,0.6666666666666666,18,9,9,362.7111366228458,0.7969512195121952,0.0979660799241171,0.217582610146657,132237.24500868033,1392.7842881944198,133630.02929687474,3474,9,803.9756097560976,39,2,16,33.53799540881776,0.637286324786325,42.86458333333332,1028.541666666665,26.372863247863204,0
3532,4,0,0,41,0.0,0.0,1.0,41,1000,600,400,0.6,14,6,8,360.908593202256,0.7950711382113821,0.09860644384221628,0.21712415366445859,132345.7135819451,1352.9410610416905,133698.6546429868,3475,10,804.9756097560976,40,1,17,33.47510288065843,0.6367187500000002,42.759146341463406,1028.963414634145,25.724085365853625,0
3533,4,1,1,41,0.023809523809523808,0.023809523809523808,0.9761904761904762,42,1150,500,650,0.43478260869565216,18,5,13,354.9601008148319,0.7999419279907085,0.08912441724941744,0.21599699751711077,132774.93709926165,1026.012650923295,133800.94975018495,3476,0,786.7857142857143,36,6,14,33.19652352855479,0.6481481481481481,42.342342342342356,1030.6306306306324,28.628628628628675,0
3534,4,0,0,41,0.0,0.0,1.0,41,950,600,350,0.631578947368421,13,6,7,361.3485596319596,0.79375,0.08765235569705676,0.21903613485444262,132629.89921932085,1385.1246094067271,134015.02382872757,3477,12,806.9756097560976,36,5,15,33.17777231150469,0.6467013888888888,42.48310810810812,1030.067567567569,28.61298798798803,0
3535,4,0,0,41,0.0,0.0,1.0,41,700,400,300,0.5714285714285714,10,4,6,357.71542204865426,0.7921747967479674,0.0862157105452317,0.2176160033550357,132765.01092884352,1298.4183835410913,134063.4293123846,3478,13,807.9756097560976,37,4,15,33.13550643685499,0.6461148648648647,42.35197368421053,1030.5921052631581,27.853840682788057,0
3536,4,0,0,41,0.0,0.0,1.0,41,850,600,250,0.7058823529411765,11,6,5,359.16828515394667,0.7926321138211382,0.09069238411197222,0.21916024563936168,132878.03849501783,1345.1154441751419,134223.15393919297,3479,14,808.9756097560976,37,4,16,32.98448633414868,0.6472409909909909,42.242324561403514,1031.0307017543869,27.865694642010457,0
3537,4,0,0,41,0.0,0.0,1.0,41,1300,900,400,0.6923076923076923,17,9,8,356.7260145011595,0.7910569105691057,0.08932648978519597,0.21856258858015218,133030.99203740238,1291.123118927613,134322.11515633,3480,15,809.9756097560976,38,3,16,32.89383975421154,0.6469298245614035,42.0940170940171,1031.6239316239323,27.147998200629797,0
3538,4,0,0,41,0.0,0.0,1.0,41,500,300,200,0.6,7,3,4,354.4194838344381,0.7902439024390244,0.08941037416431685,0.21736996825883043,133068.88156467024,1232.4408637152878,134301.32242838552,3481,16,810.9756097560976,39,2,16,32.915299512030955,0.6455662393162394,42.05729166666667,1031.7708333333342,26.455662393162413,0
3539,4,0,0,41,0.0,0.0,1.0,41,1150,900,250,0.782608695652174,14,9,5,351.44559147217564,0.7907520325203252,0.08847648989258605,0.21585688001951944,133122.62505425367,1157.0719401041863,134279.69699435786,3482,17,811.9756097560976,39,2,16,32.93809511793009,0.6461004273504274,42.00520833333334,1031.9791666666683,26.461004273504315,0
3540,4,0,0,41,0.0,0.0,1.0,41,1150,900,250,0.782608695652174,14,9,5,349.2074482654686,0.789989837398374,0.08963599222268703,0.2149469448640247,133203.26063368074,1103.1141493055757,134306.3747829863,3483,18,812.9756097560976,39,2,16,32.91498486377397,0.6469017094017093,41.92708333333334,1032.2916666666683,26.469017094017136,0
3541,4,0,0,41,0.0,0.0,1.0,41,1050,700,350,0.6666666666666666,14,7,7,353.08403731855793,0.7892784552845529,0.08764544217620096,0.2178047331635887,133283.92062717033,1212.084960937521,134496.00558810786,3484,19,813.9756097560976,39,2,16,32.73405713036753,0.6477029914529915,41.84895833333334,1032.6041666666683,26.477029914529957,0
3542,4,0,0,41,0.0,0.0,1.0,41,1400,1000,400,0.7142857142857143,18,10,8,353.6275207127296,0.7879573170731707,0.08660144047830398,0.21893893882859997,133419.72061107808,1236.1770027761283,134655.8976138542,3485,20,814.9756097560976,40,1,16,32.58389894419306,0.6473958333333333,41.71747967479675,1033.1300813008133,25.828252032520332,0
3543,4,0,0,41,0.0,0.0,1.0,41,950,900,50,0.9473684210526315,10,9,1,352.7912089537535,0.7885162601626017,0.08349617870209536,0.21889348070619982,133499.82336410612,1219.5334716414643,134719.35683574757,3486,21,815.9756097560976,38,3,16,32.52524208277337,0.6515899122807018,41.63995726495726,1033.4401709401702,27.195793972109744,0
3544,4,0,0,41,0.0,0.0,1.0,41,800,600,200,0.75,10,6,4,353.4806510493439,0.7877540650406504,0.08005080670769482,0.2201406525647071,133637.87187705442,1247.6803911899913,134885.5522682444,3487,22,816.9756097560976,38,3,17,32.36916201694564,0.6529605263157896,41.50641025641025,1033.974358974358,27.20985155195679,0
3545,4,0,0,41,0.0,0.0,1.0,41,900,700,200,0.7777777777777778,11,7,4,357.75096031326177,0.7869918699186992,0.07798529178350377,0.2233002609150669,133720.7352276463,1367.7442882971732,135088.47951594347,3488,23,817.9756097560976,38,3,16,32.17578246048963,0.6537828947368421,41.42628205128205,1034.2948717948718,27.218286099865047,0
3546,4,0,0,41,0.0,0.0,1.0,41,850,700,150,0.8235294117647058,10,7,3,358.1729399896793,0.785619918699187,0.08093137835230424,0.22389855248031415,133775.99172921694,1382.9880515377374,135158.9797807547,3489,24,818.9756097560976,38,3,16,32.109539054700676,0.6543311403508771,41.37286324786325,1034.5085470085476,27.223909131803882,0
3547,4,0,0,41,0.0,0.0,1.0,41,1100,800,300,0.7272727272727273,14,8,6,354.01362082174313,0.7837906504065041,0.07268719763780118,0.22222573279252472,133930.07948133702,1282.6144748264094,135212.69395616342,3490,25,819.9756097560976,39,2,16,32.06293398409983,0.6541132478632479,41.22395833333334,1035.1041666666683,26.541132478632523,0
3548,4,0,0,41,0.0,0.0,1.0,41,1400,1000,400,0.7142857142857143,18,10,8,352.3353400078536,0.7829776422764227,0.07056976002355575,0.22165906833405502,134010.95920138908,1243.3593750000196,135254.3185763891,3491,26,820.9756097560976,39,2,16,32.02548625083836,0.6549145299145298,41.14583333333334,1035.4166666666683,26.54914529914534,0
3549,4,0,0,41,0.0,0.0,1.0,41,850,300,550,0.35294117647058826,14,3,11,351.3869139425347,0.7833841463414634,0.07095343680709498,0.22171265686831024,134118.83680555568,1225.5208333333426,135344.35763888902,3492,27,821.9756097560976,39,2,17,31.942209707696424,0.655982905982906,41.04166666666667,1035.8333333333344,26.559829059829088,0
3550,4,1,0,42,0.023809523809523808,0.0,1.0,42,650,300,350,0.46153846153846156,10,3,7,348.2003542758075,0.7851577622919086,0.06800821259420009,0.2216709055137003,134445.36491382442,962.7847387467775,135408.1496525712,3493,0,803.3809523809524,40,2,18,31.69871794871795,0.6575520833333334,40.72662601626016,1037.0934959349593,25.927337398373982,0
3551,4,0,0,42,0.0,0.0,1.0,42,1000,700,300,0.7,13,7,6,362.6573408030379,0.7851577622919086,0.03564084642578602,0.2211221996258215,132849.77709487552,1251.4747954068014,134101.25189028232,3494,1,804.3809523809524,37,5,16,32.92295965397433,0.6469594594594594,42.269736842105274,1030.9210526315803,27.862731152204873,5
3552,4,0,0,42,0.0,0.0,1.0,42,1250,800,450,0.64,17,8,9,361.98937598078146,0.7856416957026713,0.04223854629808632,0.21400811907983752,131684.26890432058,1189.2552943640364,132873.5241986846,3495,2,805.3809523809524,38,4,19,34.11423094271538,0.6334978070175441,43.40277777777776,1026.3888888888857,27.010233918128574,5
3553,4,0,0,42,0.0,0.0,1.0,42,1100,800,300,0.7272727272727273,14,8,6,360.10451772146973,0.7838269454123112,0.04268174859164375,0.2135079901185092,131793.94866544264,1091.9192645554383,132885.8679299981,3496,3,806.3809523809524,38,4,19,34.0519110047515,0.6345942982456143,43.29594017094015,1026.8162393162359,27.021479982006205,0
3554,4,0,0,42,0.0,0.0,1.0,42,750,400,350,0.5333333333333333,11,4,7,365.0366229137534,0.7834397986837012,0.04454533295685881,0.21674472242556533,131848.80566741506,1225.928551208961,133074.734218624,3497,4,807.3809523809524,38,4,19,33.86993307673636,0.6351425438596493,43.24252136752135,1027.0299145299116,27.02710301394504,0
3555,4,0,0,42,0.0,0.0,1.0,42,550,300,250,0.5454545454545454,8,3,5,365.0366229137534,0.7834397986837012,0.04454533295685881,0.21674472242556533,131848.80566741506,1225.928551208961,133074.734218624,3498,5,808.3809523809524,38,4,19,33.86993307673636,0.6351425438596493,43.24252136752135,1027.0299145299116,27.02710301394504,0
3556,4,1,0,43,0.023255813953488372,0.0,1.0,43,750,600,150,0.8,9,6,3,358.14965606062736,0.7914820967146549,0.012613643347815673,0.2094813505543673,131274.74500868074,804.3423822846097,132079.08739096535,3499,0,790.5581395348837,39,4,18,34.62636375957174,0.6276709401709402,43.80208333333334,1024.7916666666683,26.276709401709443,4
3557,4,2,2,43,0.044444444444444446,0.044444444444444446,0.9555555555555556,45,1050,900,150,0.8571428571428571,12,9,3,344.79567519377304,0.8049242424242424,0.02044666389235661,0.2045787672816386,131821.37573964495,90.32060270791729,131911.69634235287,3500,0,756.3777777777777,38,7,16,34.417264877236775,0.6348684210526316,43.26923076923077,1026.9230769230767,27.024291497975703,0
3558,4,1,1,43,0.022727272727272728,0.022727272727272728,0.9772727272727273,44,1450,1200,250,0.8275862068965517,17,12,5,343.1859833670387,0.7990662438336857,0.028566359119943208,0.2042753985485277,131942.77479383687,256.1821831597325,132198.9569769966,3501,0,772.6818181818181,39,5,16,34.33634543242422,0.6343482905982906,43.15104166666667,1027.395833333334,26.34348290598292,0
3559,4,1,0,44,0.022727272727272728,0.0,1.0,44,1300,900,400,0.6923076923076923,17,9,8,341.21095458623705,0.79853770260747,0.03665339930162048,0.2036738347793346,132049.81689453128,211.36881510416725,132261.18570963544,3502,0,773.6590909090909,39,5,18,34.279352893483335,0.6354166666666666,43.046875,1027.8125000000002,26.35416666666667,0
3560,4,0,1,43,0.0,0.022727272727272728,0.9772727272727273,44,800,500,300,0.625,11,5,6,340.74645491935576,0.7989781536293165,0.036813530912406245,0.2039726050035759,132156.9023980037,206.39919704863166,132363.30159505233,3503,1,774.6590909090909,39,5,19,34.18357224867455,0.6364850427350428,42.94270833333334,1028.2291666666686,26.364850427350476,0
3561,4,0,1,42,0.0,0.023255813953488372,0.9767441860465116,43,1200,700,500,0.5833333333333334,17,7,10,340.67064799439214,0.799141749723145,0.018795993409322698,0.20419026510548052,132205.65440317037,407.7171908101322,132613.3715939805,3504,2,743.3720930232558,38,5,19,34.136496641041624,0.6387061403508772,42.89529914529914,1028.4188034188028,27.06365272154744,0
3562,4,0,0,42,0.0,0.0,1.0,42,900,500,400,0.5555555555555556,13,5,8,339.0695439099344,0.7994096012388695,0.014920832776862403,0.20337834886111777,132233.1242809008,567.2450279421462,132800.36930884296,3505,3,742.0714285714286,38,4,19,34.1500467435338,0.6389802631578947,42.868589743589745,1028.5256410256416,27.066464237516882,0
3563,4,0,0,42,0.0,0.0,1.0,42,1200,1000,200,0.8333333333333334,14,10,4,339.4294338507562,0.7981997677119629,0.013091775970878627,0.20374230605455632,132260.59701219967,578.627912922798,132839.22492512246,3506,4,743.0714285714286,38,4,19,34.1131768453123,0.6392543859649122,42.84188034188035,1028.6324786324794,27.069275753486302,0
3564,4,0,0,42,0.0,0.0,1.0,42,850,600,250,0.7058823529411765,11,6,5,339.797530863346,0.7968931475029036,0.01040677899066611,0.20455811357973414,132370.51647308053,595.8349313317216,132966.35140441224,3507,5,744.0714285714286,38,4,20,33.993243009413064,0.6403508771929824,42.73504273504273,1029.0598290598286,27.080521817363913,0
3565,4,0,0,42,0.0,0.0,1.0,42,1200,800,400,0.6666666666666666,16,8,8,338.87379013208164,0.796239837398374,0.005272126957077461,0.2046100331543479,132482.6524146851,578.9825636716492,133061.63497835674,3508,6,745.0714285714286,37,5,20,33.90436947491746,0.6432995495495497,42.62609649122806,1029.4956140350862,27.824205784732058,0
3566,4,1,1,42,0.023255813953488372,0.023255813953488372,0.9767441860465116,43,1500,1300,200,0.8666666666666667,17,13,4,333.86223656980854,0.8004337393872277,-0.003122944242433201,0.20380167268407431,132893.257416995,273.6080292570239,133166.86544625202,3509,0,728.7209302325581,38,5,14,33.621515905087534,0.6455592105263159,42.22756410256408,1031.0897435897405,27.133940620782642,0
3567,4,0,1,41,0.0,0.023809523809523808,0.9761904761904762,42,1250,1100,150,0.88,14,11,3,332.3009565961885,0.7942073170731707,0.03277007058169046,0.19366378546429563,131136.55495516487,315.36053126599575,131451.91548643087,3510,8,747.0714285714286,38,4,20,35.42796669100519,0.6280153508771928,43.93696581196582,1024.2521367521379,26.95400359874047,7
3568,4,0,0,41,0.0,0.0,1.0,41,1100,700,400,0.6363636363636364,15,7,8,339.8960141590205,0.7854674796747968,0.007113821138211129,0.19394066690249961,130318.55955678645,658.9517928593111,130977.51134964576,3511,11,766.0975609756098,37,4,18,36.06054911225658,0.6216216216216217,44.73684210526314,1021.0526315789454,27.596017069701226,2
3569,4,0,0,41,0.0,0.0,1.0,41,1200,900,300,0.75,15,9,6,337.96346780915616,0.7844512195121951,0.005957522550112504,0.1936742677149886,130486.54994806081,619.937384579853,131106.48733264065,3512,12,767.0975609756098,37,4,18,35.939847606782564,0.6233108108108109,44.57236842105262,1021.7105263157885,27.613798008534822,0
3570,4,1,0,42,0.023809523809523808,0.0,1.0,42,750,400,350,0.5333333333333333,11,4,7,333.81739122241703,0.792997483546264,0.025211839121613844,0.1930335349242672,130835.79881656796,335.05300788953804,131170.8518244575,3513,0,749.8095238095239,38,4,17,35.69274749373434,0.625,44.230769230769226,1023.0769230769223,26.923076923076902,0
3571,4,0,0,42,0.0,0.0,1.0,42,700,500,200,0.7142857142857143,9,5,4,333.30077371487846,0.7927797135114208,0.02343163432230999,0.19287139032431355,130863.12601587031,323.35623036743533,131186.48224623775,3514,1,750.8095238095239,38,4,17,35.6783613518499,0.6252741228070176,44.20405982905982,1023.1837606837598,26.92588843904631,0
3572,4,0,0,42,0.0,0.0,1.0,42,800,500,300,0.625,11,5,6,332.80618002868346,0.7931184668989547,0.020966595593461035,0.19313240526073996,130972.46334876544,317.6890432098747,131290.1523919753,3515,2,751.8095238095239,38,4,18,35.580619629127085,0.6263706140350876,44.09722222222222,1023.6111111111112,26.93713450292398,0
3573,4,1,0,43,0.023255813953488372,0.0,1.0,43,1600,900,700,0.5625,23,9,14,329.499636459779,0.7990494647471391,0.033087540177727526,0.19299264421215645,131328.12500000015,54.513888888903466,131382.63888888905,3516,0,735.3023255813954,39,4,19,35.30657181571816,0.6282051282051282,43.75000000000001,1025.0000000000011,26.28205128205131,0
3574,4,0,0,43,0.0,0.0,1.0,43,1050,700,350,0.6666666666666666,14,7,7,332.2728680052907,0.7988648947951273,0.026281171694365613,0.19557028877753105,131515.0404188367,139.7759331597132,131654.81635199641,3517,1,736.3023255813954,39,4,19,35.04715903320807,0.6300747863247864,43.56770833333333,1025.7291666666658,26.300747863247842,0
3575,4,0,1,42,0.0,0.023255813953488372,0.9767441860465116,43,1050,800,250,0.7619047619047619,13,8,5,332.2336022028889,0.7979420450350683,0.02374458981787808,0.19582099031096656,131568.46923828113,142.29329427081956,131710.76253255195,3518,2,737.3023255813954,39,4,15,34.99435221849934,0.6306089743589745,43.51562499999999,1025.937499999999,26.30608974358972,0
3576,4,1,0,43,0.023255813953488372,0.0,1.0,43,750,400,350,0.5333333333333333,11,4,7,329.60679729234744,0.805140273163529,0.030299812396021197,0.1950915908297946,131728.82080078113,83.74294704859676,131812.56374782973,3519,0,736.1860465116279,39,4,16,34.900325553864356,0.6322115384615385,43.35937499999999,1026.562499999999,26.322115384615362,0
3577,4,0,0,43,0.0,0.0,1.0,43,1350,1000,350,0.7407407407407407,17,10,7,330.6514280012947,0.8052787006275378,0.026497190335319498,0.1961228506159302,131809.03320312488,116.56901041665247,131925.60221354154,3520,1,737.1860465116279,39,4,17,34.79280787177927,0.6330128205128207,43.28124999999999,1026.874999999999,26.330128205128183,0
3578,4,0,0,43,0.0,0.0,1.0,43,1150,700,450,0.6086956521739131,16,7,9,329.8403796771848,0.8034330011074197,0.028976621563624683,0.1961933549081057,131916.02105034702,102.24609374997573,132018.267144097,3521,2,738.1860465116279,39,4,18,34.70602649901981,0.6340811965811968,43.17708333333332,1027.291666666665,26.34081196581192,0
3579,4,0,0,43,0.0,0.0,1.0,43,950,600,350,0.631578947368421,13,6,7,333.16951919557505,0.8039405684754521,0.025231120267397378,0.19873340244156829,132023.05230034702,197.21137152775856,132220.26367187477,3522,3,739.1860465116279,39,4,18,34.51288938441787,0.6351495726495728,43.07291666666666,1027.7083333333317,26.351495726495685,0
3580,4,0,0,43,0.0,0.0,1.0,43,1150,1000,150,0.8695652173913043,13,10,3,332.4166546051044,0.8043558508674787,0.03223298225772231,0.19884559884559858,132130.12695312477,184.4509548610813,132314.57790798586,3523,4,740.1860465116279,39,4,19,34.42460317460317,0.6362179487179489,42.968749999999986,1028.1249999999982,26.36217948717944,0
3581,4,0,0,43,0.0,0.0,1.0,43,950,700,250,0.7368421052631579,12,7,5,319.68068371519115,0.8036637135474345,-0.03906569809830851,0.18818235710297646,131519.83486969446,-184.34816932164432,131335.48670037283,3524,5,741.1860465116279,38,5,15,35.36523973197238,0.6318530701754387,43.56303418803418,1025.7478632478617,26.99336482231215,6
3582,4,0,1,42,0.0,0.023255813953488372,0.9767441860465116,43,1200,900,300,0.75,15,9,6,317.0295550001289,0.8036637135474345,-0.036264903789399505,0.18699048603300997,131595.18771701382,-256.0872395833442,131339.10047743047,3525,6,742.1860465116279,39,4,12,35.35744500846024,0.6308760683760685,43.48958333333333,1026.041666666666,26.308760683760667,0
3583,4,0,0,42,0.0,0.0,1.0,42,800,600,200,0.75,10,6,4,322.65329012386985,0.7954171506000774,-0.028390471232740966,0.19047847889611372,131629.44614517127,94.13477518445015,131723.58092035571,3526,10,760.7142857142857,38,4,12,35.17872635779975,0.6329495614035088,43.45619658119658,1026.1752136752134,27.004610886189827,0
3584,4,0,0,42,0.0,0.0,1.0,42,1500,1200,300,0.8,18,12,6,323.3941343607632,0.7952477739063105,-0.03149337138101138,0.19188051972071948,131821.37573964504,126.0519395134859,131947.4276791585,3527,11,761.7142857142857,38,4,12,34.96670828131502,0.6348684210526315,43.269230769230774,1026.9230769230774,27.02429149797572,0
3585,4,0,1,41,0.0,0.023809523809523808,0.9761904761904762,42,1000,800,200,0.8,12,8,4,321.082574563506,0.7947154471544715,-0.029812673977433812,0.19078417007747508,131876.23844875448,68.63243297538114,131944.87088172985,3528,12,762.7142857142857,38,4,12,34.970919145690324,0.6354166666666666,43.215811965811966,1027.1367521367522,27.02991452991453,0
3586,4,1,0,42,0.023809523809523808,0.0,1.0,42,1000,700,300,0.7,13,7,6,322.2805492975778,0.7952961672473867,-0.022205388705700768,0.1920504537264004,131985.99810979617,107.30399408283674,132093.30210387902,3529,0,763.3333333333334,38,4,13,34.82987627365356,0.6365131578947368,43.10897435897436,1027.5641025641025,27.04116059379217,0
3587,4,0,0,42,0.0,0.0,1.0,42,1300,1100,200,0.8461538461538461,15,11,4,322.2653050132287,0.7962156407278358,-0.024418311134868143,0.19245900059169943,132068.34781804754,112.20927843526823,132180.5570964828,3530,1,764.3333333333334,38,4,13,34.747557426462954,0.6373355263157894,43.02884615384617,1027.884615384617,27.04959514170045,0
3588,4,0,0,42,0.0,0.0,1.0,42,1000,700,300,0.7,13,7,6,328.1953453078222,0.7966995741385985,-0.015305769097582855,0.19671285142796383,132205.6544031705,277.85607969903447,132483.51048286955,3531,2,765.3333333333334,38,4,15,34.457242537571865,0.6387061403508771,42.89529914529915,1028.418803418804,27.06365272154747,0
3589,4,0,0,42,0.0,0.0,1.0,42,850,600,250,0.7058823529411765,11,6,5,325.69836520077627,0.797522260936895,-0.013144557999713369,0.19592760494994857,132343.03232750748,220.7818549565341,132563.814182464,3532,3,766.3333333333334,38,4,15,34.383544457134946,0.6400767543859649,42.761752136752136,1028.9529914529915,27.07771030139451,0
3590,4,0,0,42,0.0,0.0,1.0,42,1000,600,400,0.6,14,6,8,326.26715818172494,0.7980787843592722,-0.017538397675384454,0.19698686317287603,132480.4815910585,244.80604865219348,132725.28763971067,3533,4,767.3333333333334,38,4,15,34.23100871731006,0.6414473684210527,42.628205128205124,1029.4871794871792,27.09176788124156,0
3591,4,0,0,42,0.0,0.0,1.0,42,1500,1300,200,0.8666666666666667,17,13,4,329.1507402469516,0.7969173441734417,-0.01964619077251295,0.19960197719881195,132645.5148750824,332.07388231428985,132977.58875739668,3534,5,768.3333333333334,38,4,14,33.991262186268415,0.6430921052631577,42.46794871794873,1030.1282051282067,27.10863697705807,0
3592,4,0,0,42,0.0,0.0,1.0,42,1300,1000,300,0.7692307692307693,16,10,6,328.511618119768,0.7960946573751452,-0.01723320743538448,0.19965309116352659,132728.07004026975,320.5426117685978,133048.61265203834,3535,6,769.3333333333334,38,4,14,33.92496111975118,0.6439144736842104,42.387820512820525,1030.4487179487196,27.117071524966306,0
3593,4,0,0,42,0.0,0.0,1.0,42,850,700,150,0.8235294117647058,10,7,3,328.3905231726011,0.7962156407278358,-0.021306635861891632,0.1997260395033364,132755.59413580262,319.13580246915626,133074.72993827178,3536,7,770.3333333333334,38,4,14,33.90049415992814,0.644188596491228,42.36111111111112,1030.5555555555568,27.119883040935704,0
3594,4,0,0,42,0.0,0.0,1.0,42,1200,1000,200,0.8333333333333334,14,10,4,325.82043466416843,0.7958284939992257,-0.023039689756876536,0.19868421699761404,132854.01611328137,257.31065538195804,133111.32676866333,3537,8,771.3333333333334,39,3,14,33.86811239096022,0.6434294871794872,42.26562500000001,1030.937500000001,26.434294871794894,0
3595,4,1,1,42,0.023255813953488372,0.023255813953488372,0.9767441860465116,43,950,500,450,0.5263157894736842,14,5,9,320.6124985834651,0.7994186046511628,-0.02225265790546538,0.19682583498285997,133104.92782900395,-64.97930299424685,133039.9485260097,3538,0,754.3720930232558,40,3,14,33.7512720766857,0.6442708333333333,42.02235772357724,1031.9105691056914,25.797764227642283,0
3596,4,0,0,42,0.0,0.0,1.0,42,600,300,300,0.5,9,3,6,326.97801763363753,0.7932878435927216,-0.02515618912952511,0.19996351776347418,132961.42713758687,295.09277343750455,133256.51991102437,3539,10,773.3333333333334,39,3,14,33.73070481096185,0.6444978632478633,42.161458333333336,1031.3541666666672,26.444978632478644,0
3597,4,0,0,42,0.0,0.0,1.0,42,950,700,250,0.7368421052631579,12,7,5,326.51187454056395,0.793166860240031,-0.024963691798674748,0.19982203842402133,132988.2866753473,284.45095486112007,133272.73763020843,3540,11,774.3333333333334,39,3,14,33.71583181848784,0.6447649572649572,42.13541666666667,1031.4583333333342,26.447649572649595,0
3598,4,0,0,42,0.0,0.0,1.0,42,1100,600,500,0.5454545454545454,16,6,10,327.3189221381946,0.7921022067363531,-0.02169461708171716,0.2010383485197207,133122.62505425356,314.7108289930607,133437.33588324662,3541,12,775.3333333333334,39,3,15,33.56055062077319,0.6461004273504274,42.005208333333336,1031.9791666666672,26.461004273504287,0
3599,4,0,1,41,0.0,0.023809523809523808,0.9761904761904762,42,950,700,250,0.7368421052631579,12,7,5,331.286319560199,0.7911585365853658,-0.01977319686704182,0.20391598924481824,133203.26063368065,425.6835937500054,133628.94422743065,3542,13,776.3333333333334,39,3,16,33.37748065926672,0.6469017094017094,41.927083333333336,1032.2916666666674,26.469017094017115,0
3600,4,0,0,41,0.0,0.0,1.0,41,500,200,300,0.4,8,2,6,334.75103241996584,0.7834349593495935,-0.020521342094762973,0.20540187237052288,133086.10586054498,710.1422675140604,133796.24812805903,3543,27,795.9512195121952,38,3,16,33.40538068613239,0.6474780701754386,42.04059829059829,1031.837606837607,27.153621232568604,0
3601,4,0,0,41,0.0,0.0,1.0,41,900,700,200,0.7777777777777778,11,7,4,334.9272790401603,0.7838414634146341,-0.020905923344947785,0.20581409131857192,133141.23109796192,718.5260519395172,133859.75714990144,3544,28,796.9512195121952,38,3,16,33.34562629399587,0.6480263157894737,41.98717948717949,1032.0512820512824,27.159244264507432,0
3602,4,0,0,41,0.0,0.0,1.0,41,600,500,100,0.8333333333333334,7,5,2,334.74321745886556,0.7840447154471545,-0.015580271720746497,0.2060056666934753,133196.3677496531,717.3161388706362,133913.68388852372,3545,29,797.9512195121952,38,3,16,33.29516835713793,0.6485745614035088,41.93376068376069,1032.264957264958,27.16486729644626,0
3603,4,0,0,41,0.0,0.0,1.0,41,1050,600,450,0.5714285714285714,15,6,9,321.70279951992325,0.7832825203252033,-0.042329686263195776,0.1953322523051911,132692.9809570314,337.54069010418164,133030.52164713558,3546,30,798.9512195121952,39,2,13,34.13551460924073,0.641826923076923,42.42187500000001,1030.3125000000011,26.41826923076926,3
3604,4,1,0,42,0.023809523809523808,0.0,1.0,42,1250,900,350,0.72,16,9,7,312.01207049934783,0.7899487030584591,-0.031166570480788525,0.1908746536165089,132973.87390318277,-102.10925622974418,132871.76464695303,3547,0,780.9047619047619,40,2,14,34.104139980950514,0.6429687499999999,42.149390243902445,1031.4024390243912,25.78506097560978,0
3605,4,0,0,42,0.0,0.0,1.0,42,1350,1100,250,0.8148148148148148,16,11,5,308.2487764929935,0.7891502129307008,-0.035274324571654025,0.18830826821640012,132921.47040658665,-205.42387550400838,132716.04653108265,3548,1,781.9047619047619,40,2,14,34.25355605926217,0.6424479166666668,42.200203252032516,1031.1991869918695,25.77997967479674,1
3606,4,0,1,41,0.0,0.023809523809523808,0.9761904761904762,42,650,500,150,0.7692307692307693,8,5,3,311.59601058021315,0.7885936895083236,-0.028247712878254783,0.19075389067485893,133000.07952442317,-111.54116266773664,132888.53836175543,3549,2,782.9047619047619,40,2,15,34.088669950738904,0.6432291666666667,42.12398373983739,1031.5040650406495,25.787601626016237,0
3607,4,0,0,41,0.0,0.0,1.0,41,850,500,350,0.5882352941176471,12,5,7,316.9378636218835,0.7852134146341463,-0.019296930557958003,0.19429669030732852,133052.49851278996,233.8749256394943,133286.37343842944,3550,3,800.9512195121952,40,1,17,33.89849290780141,0.64375,42.073170731707314,1031.7073170731703,25.792682926829258,0
3608,4,0,0,41,0.0,0.0,1.0,41,1450,1000,450,0.6896551724137931,19,10,9,317.1031779397629,0.7834857723577235,-0.007131229020500562,0.19522024736437005,133209.81744497298,248.2512889153013,133458.0687338883,3551,4,801.9512195121952,40,1,17,33.73695609371922,0.6453125000000002,41.92073170731706,1032.3170731707296,25.80792682926824,0
3609,4,0,0,41,0.0,0.0,1.0,41,950,600,350,0.631578947368421,13,6,7,318.80708516903144,0.7820630081300813,-0.00031678758192654755,0.19696269948771195,133340.98755907503,302.0103154537402,133642.99787452878,3552,5,802.9512195121952,40,1,19,33.56189937354456,0.6466145833333334,41.79369918699186,1032.8252032520304,25.82063008130076,0
3610,4,1,1,41,0.023809523809523808,0.023809523809523808,0.9761904761904762,42,1300,1100,200,0.8461538461538461,15,11,4,314.9367802856509,0.7836333720480062,0.008798377370902388,0.1963457534508145,133677.32741244612,19.98141849329386,133697.3088309394,3553,0,784.8095238095239,41,1,20,33.326138398567416,0.6483739837398375,41.468253968253954,1034.1269841269816,25.22260936895077,0
3611,4,0,0,41,0.0,0.0,1.0,41,1050,600,450,0.5714285714285714,15,6,9,332.2175798112156,0.779369918699187,0.038790113321859776,0.20495827738079972,133288.51176754947,659.0016682307341,133947.51343578022,3554,1,803.6585365853658,40,1,16,33.268133057769916,0.6460937499999999,41.84451219512197,1032.6219512195153,25.81554878048788,3
3612,4,0,0,41,0.0,0.0,1.0,41,1000,600,400,0.6,14,6,8,333.03139613010944,0.7790142276422765,0.04728324115508764,0.20604163978469703,133393.47367844908,684.8429547558101,134078.3166332049,3555,2,804.6585365853658,40,1,17,33.142113461223154,0.6471354166666664,41.74288617886181,1033.028455284556,25.8257113821139,0
3613,4,0,0,41,0.0,0.0,1.0,41,1250,900,350,0.72,16,9,7,335.587929240374,0.7779471544715447,0.05153422501966953,0.20806451612903246,133472.22222222263,758.3333333333728,134230.555555556,3556,3,805.6585365853658,40,1,17,32.997311827957,0.6479166666666665,41.666666666666686,1033.3333333333364,25.83333333333341,0
3614,4,0,1,40,0.0,0.024390243902439025,0.975609756097561,41,850,600,250,0.7058823529411765,11,6,5,335.7330494668315,0.7782520325203252,0.04879487732930454,0.20844964060303314,133524.73416121386,765.7332358384872,134290.46739705233,3557,4,806.6585365853658,40,1,17,32.94104392002624,0.6484374999999998,41.6158536585366,1033.536585365856,25.838414634146396,0
3615,4,0,0,40,0.0,0.0,1.0,40,700,500,200,0.7142857142857143,9,5,4,344.0426638917787,0.7711805555555555,0.057661290322580605,0.21330645161290335,133472.22222222263,1184.0277777778167,134656.25000000044,3558,5,826.8,39,1,17,32.778897849462375,0.6495726495726494,41.666666666666686,1033.3333333333364,26.495726495726576,0
3616,4,0,0,40,0.0,0.0,1.0,40,650,400,250,0.6153846153846154,9,4,5,345.38255477993386,0.7697916666666667,0.05767486393872212,0.21444841730453754,133526.04709201417,1223.5134548611445,134749.56054687532,3559,6,827.8,39,1,17,32.69040180071224,0.6501068376068375,41.61458333333335,1033.541666666669,26.501068376068435,0
3617,4,0,0,40,0.0,0.0,1.0,40,1000,800,200,0.8,12,8,4,344.0793355709378,0.7700854700854701,0.05084382871536497,0.21410579345088168,133606.80474175367,1194.2681206597413,134801.07286241342,3560,7,828.8,39,1,17,32.643261964735515,0.6509081196581196,41.53645833333334,1033.8541666666683,26.50908119658124,0
3618,4,0,0,40,0.0,0.0,1.0,40,1050,700,350,0.6666666666666666,14,7,7,344.93255421986345,0.7691773504273505,0.045435089132843,0.21526306290691574,133714.51958550373,1224.4981553819684,134939.0177408857,3561,8,829.8,39,1,15,32.513449659247314,0.6519764957264957,41.43229166666668,1034.2708333333353,26.519764957265007,0
3619,4,0,0,40,0.0,0.0,1.0,40,1100,700,400,0.6363636363636364,15,7,8,344.5014638431127,0.7692841880341881,0.045684448917966414,0.21593829926065158,133876.17323133693,1224.1075303819548,135100.2807617189,3562,9,830.8,39,1,15,32.36296342895487,0.6535790598290598,41.27604166666667,1034.8958333333344,26.535790598290625,0
3620,4,0,0,40,0.0,0.0,1.0,40,1100,900,200,0.8181818181818182,13,9,4,343.7724481694794,0.7678418803418804,0.049353686751835824,0.21643077310023995,134037.92453341998,1215.709092881925,135253.63362630192,3563,10,831.8,39,1,15,32.22020336652918,0.655181623931624,41.11979166666666,1035.520833333332,26.551816239316203,0
3621,4,0,0,40,0.0,0.0,1.0,40,1400,1300,100,0.9285714285714286,15,13,2,346.6804983972937,0.7675213675213676,0.05280291603821019,0.21890397184514826,134145.81298828125,1301.1474609375,135446.96044921875,3564,11,832.8,39,1,16,32.037141779788826,0.65625,41.015625,1035.9375,26.5625,0
3622,4,0,0,40,0.0,0.0,1.0,40,1200,800,400,0.6666666666666666,16,8,8,347.9407085679651,0.7662660256410256,0.04620603015075364,0.22051019428351945,134280.73459201402,1344.3467881944541,135625.0813802085,3565,12,833.8,39,1,16,31.869765494137347,0.65758547008547,40.88541666666667,1036.4583333333344,26.575854700854727,0
3623,4,1,1,40,0.024390243902439025,0.024390243902439025,0.975609756097561,41,1100,700,400,0.6363636363636364,15,7,8,337.80503584604645,0.7734756097560975,0.03779031555506296,0.2158439604463969,134579.22299409437,893.1216516139601,135472.34464570833,3566,0,814.439024390244,37,4,16,31.834843601394915,0.6641328828828829,40.59758771929825,1037.6096491228072,28.043504030346142,0
3624,4,0,0,40,0.0,0.0,1.0,40,1150,900,250,0.782608695652174,14,9,5,345.61614256164887,0.7657852564102564,0.026797369213776623,0.22049911363045888,134523.76437717024,1298.7169053819541,135822.4812825522,3567,14,835.8,39,1,17,31.687523011011805,0.6599893162393162,40.65104166666667,1037.3958333333342,26.599893162393183,0
3625,4,0,1,39,0.0,0.025,0.975,40,1100,900,200,0.8181818181818182,13,9,4,347.74353859551303,0.7663194444444444,0.021277403950510365,0.22219895732448408,134579.99173159664,1359.8726478009073,135939.86437939756,3568,15,836.8,36,4,18,31.576269806815716,0.6660879629629628,40.59684684684686,1037.6126126126142,28.822572572572614,0
3626,4,0,0,39,0.0,0.0,1.0,39,1100,700,400,0.6363636363636364,15,7,8,351.73353931517136,0.7629892037786775,0.01937016925307322,0.22512452869658428,134640.85708429807,1671.54103973768,136312.39812403574,3569,16,856.1538461538462,35,4,19,31.41205252592841,0.6687499999999998,40.53819444444446,1037.847222222224,29.65277777777783,0
3627,4,0,0,39,0.0,0.0,1.0,39,1000,700,300,0.7,13,7,6,352.34997711212895,0.763382816014395,0.02350332087291518,0.22645300821275247,134791.0504543897,1698.7247085048164,136489.77516289454,3570,17,857.1538461538462,35,4,14,31.24628473770248,0.6702380952380952,40.393518518518526,1038.425925925927,29.6693121693122,0
3628,4,0,0,39,0.0,0.0,1.0,39,900,700,200,0.7777777777777778,11,7,4,354.66825986762956,0.7624831309041835,0.02721519891436297,0.22851023921837596,134881.20666420195,1767.616571287735,136648.8232354897,3571,18,858.1538461538462,35,4,14,31.096216341689868,0.6711309523809523,40.30671296296297,1038.7731481481492,29.679232804232832,0
3629,4,0,0,39,0.0,0.0,1.0,39,1100,800,300,0.7272727272727273,14,8,6,354.98674970850254,0.7619770580296896,0.023930100570403123,0.22909533085069936,134941.32754897556,1780.476653592254,136721.80420256782,3572,19,859.1538461538462,35,4,14,31.028020682484858,0.6717261904761904,40.248842592592595,1039.0046296296302,29.685846560846578,0
3630,4,0,0,39,0.0,0.0,1.0,39,1000,400,600,0.4,16,4,12,353.854000586343,0.761808367071525,0.022712090848363342,0.2293157744059548,135091.6883680555,1760.5468749999943,136852.2352430555,3573,20,860.1538461538462,35,4,16,30.90764863059451,0.6732142857142858,40.104166666666664,1039.583333333333,29.702380952380945,0
3631,4,0,0,39,0.0,0.0,1.0,39,800,600,200,0.75,10,6,4,350.4889621854196,0.7621457489878543,0.01751419488290118,0.22778082799312813,135194.14420755216,1676.8110593701872,136870.95526692236,3574,21,861.1538461538462,36,3,16,30.893114961198343,0.6721643518518519,40.005630630630634,1039.9774774774778,28.888263263263273,0
3632,4,0,0,39,0.0,0.0,1.0,39,1150,800,350,0.6956521739130435,15,8,7,349.356807458221,0.7615272154745839,0.013632288986764829,0.22778458321146836,135311.28415155032,1654.3836488515703,136965.6678004019,3575,22,862.1538461538462,36,3,16,30.806003535736192,0.6733217592592593,39.893018018018026,1040.427927927929,28.900775775775806,0
3633,4,0,0,39,0.0,0.0,1.0,39,750,600,150,0.8,9,6,3,351.06003702132085,0.7606837606837608,0.012673469500996237,0.229455223631616,135399.17239875026,1706.647694992305,137105.82009374257,3576,23,863.1538461538462,36,3,16,30.674276852052234,0.6741898148148149,39.808558558558566,1040.765765765767,28.910160160160192,0
3634,4,0,0,39,0.0,0.0,1.0,39,700,500,200,0.7142857142857143,9,5,4,350.7588771619054,0.759727845254161,0.016641011773516068,0.22982039825384967,135487.0891795513,1704.6598541108829,137191.74903366217,3577,24,864.1538461538462,36,3,17,30.594690823868763,0.6750578703703705,39.72409909909911,1041.1036036036046,28.91954454454457,0
3635,4,0,0,39,0.0,0.0,1.0,39,850,700,150,0.8235294117647058,10,7,3,349.21445679185143,0.7600652271704904,0.01565077025651851,0.229563192046076,135605.1275993575,1671.0541945598675,137276.18179391738,3578,25,865.1538461538462,37,2,17,30.51757641155209,0.6742680180180181,39.61074561403509,1041.5570175438597,28.15018966334756,0
3636,4,0,0,39,0.0,0.0,1.0,39,850,300,550,0.35294117647058826,14,3,11,350.70623773707814,0.7597840755735493,0.014677353198754073,0.23110641820110062,135692.33929875845,1717.632966774681,137409.97226553314,3579,26,866.1538461538462,36,3,17,30.39207738867271,0.6770833333333333,39.52702702702704,1041.8918918918937,28.94144144144149,0
3637,4,0,0,39,0.0,0.0,1.0,39,950,600,350,0.631578947368421,13,6,7,353.80519630613725,0.7589968511021142,0.01612677043892896,0.23426043220604154,135862.21241151143,1813.751346568196,137675.96375807963,3580,27,867.1538461538462,37,2,19,30.142599214696403,0.6768018018018017,39.36403508771931,1042.5438596491242,28.17686107159795,0
3638,4,0,1,38,0.0,0.02564102564102564,0.9743589743589743,39,850,600,250,0.7058823529411765,11,6,5,352.81208225112533,0.759165542060279,0.016824395373291168,0.23397788718327775,135919.3754328256,1790.799572945532,137710.17500577113,3581,28,868.1538461538462,37,2,17,30.111724500525753,0.6773648648648647,39.309210526315795,1042.7631578947376,28.182788051209123,0
3639,4,0,1,37,0.0,0.02631578947368421,0.9736842105263158,38,1250,800,450,0.64,17,8,9,361.6326687571442,0.7553639165481271,0.022052051710611975,0.23948463858037494,135868.39161796935,2226.889812109415,138095.28143007876,3582,35,891.2631578947369,36,2,17,29.932445812630526,0.6788194444444444,39.35810810810811,1042.567567567568,28.96021021021022,0
3640,4,0,0,37,0.0,0.0,1.0,37,1050,600,450,0.5714285714285714,15,6,9,365.5996327716591,0.7461836836836837,0.030675435648793048,0.2421559920593461,135874.914266118,2535.1637517146823,138410.07801783268,3583,36,913.027027027027,35,2,18,29.82256512729427,0.680952380952381,39.351851851851855,1042.5925925925928,29.788359788359795,0
3641,4,0,0,37,0.0,0.0,1.0,37,650,500,150,0.7692307692307693,8,5,3,365.94731960172516,0.7454329329329329,0.02969673335933054,0.24279715387419304,135935.2561835561,2549.028527949228,138484.28471150534,3584,37,914.027027027027,35,2,18,29.753514613392525,0.6815476190476191,39.293981481481474,1042.824074074073,29.794973544973516,0
3642,4,0,0,37,0.0,0.0,1.0,37,1250,900,350,0.72,16,9,7,365.86076050010337,0.7447447447447447,0.03464943626843264,0.24368799036904829,136073.93024358831,2556.8223206314606,138630.7525642198,3585,38,915.027027027027,36,1,18,29.61796186364455,0.6808449074074074,39.161036036036045,1043.3558558558568,28.982107107107133,0
3643,4,0,1,36,0.0,0.02702702702702703,0.972972972972973,37,900,600,300,0.6666666666666666,12,6,6,364.93491466461563,0.7436811811811812,0.037497849559560814,0.24387755760824262,136191.45063560203,2540.203083150745,138731.6537187528,3586,39,916.027027027027,36,1,18,29.525389290466432,0.6820023148148147,39.048423423423436,1043.806306306308,28.994619619619666,0
3644,4,0,0,36,0.0,0.0,1.0,36,550,400,150,0.7272727272727273,7,4,3,345.9510145297293,0.7405423280423281,0.003571773337194495,0.2199942639357561,134404.77639801972,2099.4937505072753,136504.270148527,3587,40,933.9722222222222,36,0,18,31.797531132348677,0.6643518518518519,40.76576576576577,1036.9369369369376,28.803803803803824,7
3645,4,0,0,36,0.0,0.0,1.0,36,1350,1100,250,0.8148148148148148,16,11,5,346.64743838564164,0.7405423280423281,0.005487991433379191,0.2215087296898278,134581.66099773243,2130.6361277162414,136712.29712544868,3588,41,934.9722222222222,34,2,19,31.6030384733058,0.670343137254902,40.595238095238095,1037.6190476190475,30.51820728291316,0
3646,4,0,0,36,0.0,0.0,1.0,36,700,500,200,0.7142857142857143,9,5,4,345.7392575541963,0.7379960317460318,0.0035896749863035815,0.2218684374635869,134736.11288265305,2116.7127267573655,136852.8256094104,3589,42,935.9722222222222,34,2,20,31.47264266330314,0.671875,40.44642857142857,1038.2142857142856,30.53571428571428,0
3647,4,0,0,36,0.0,0.0,1.0,36,650,400,250,0.6153846153846154,9,4,5,346.6626006435027,0.7378637566137567,-0.0006018571592343314,0.22283993112846537,134797.9184382087,2145.8793934240457,136943.79783163275,3590,43,936.9722222222222,34,2,15,31.38708968627001,0.6724877450980391,40.386904761904766,1038.4523809523816,30.542717086834756,0
3648,4,0,0,36,0.0,0.0,1.0,36,1050,900,150,0.8571428571428571,12,9,3,344.37113306073024,0.7378968253968254,0.0001021355617452091,0.22187587359799418,134881.20666420207,2089.838793509972,136971.04545771203,3591,44,937.9722222222222,35,1,15,31.36362581244196,0.6711309523809522,40.306712962962976,1038.77314814815,29.67923280423286,0
3649,4,0,0,36,0.0,0.0,1.0,36,950,600,350,0.631578947368421,13,6,7,346.30241984984843,0.7363095238095239,0.005244885076677752,0.22349078526183286,134941.32754897577,2146.1016535922845,137087.42920256805,3592,45,938.9722222222222,35,1,15,31.25359715569418,0.6717261904761903,40.24884259259261,1039.0046296296318,29.685846560846624,0
3650,4,0,0,36,0.0,0.0,1.0,36,900,600,300,0.6666666666666666,12,6,6,344.90795070829654,0.7346560846560847,0.008842742085142685,0.22333224984219266,135061.6095062801,2116.764590835054,137178.37409711516,3593,46,939.9722222222222,35,1,16,31.170085922131893,0.6729166666666666,40.133101851851855,1039.4675925925933,29.699074074074094,0
3651,4,0,0,36,0.0,0.0,1.0,36,700,500,200,0.7142857142857143,9,5,4,345.93772035194996,0.7341931216931218,0.005091819699499345,0.22474695714839274,135181.94504726084,2152.906780478403,137334.85182773924,3594,47,940.9722222222222,35,1,16,31.023580968280466,0.6741071428571428,40.017361111111114,1039.9305555555559,29.712301587301596,0
3652,4,0,0,36,0.0,0.0,1.0,36,850,500,350,0.5882352941176471,12,5,7,345.73330149306923,0.7340277777777778,0.0025769373377828586,0.2255545994501228,135332.4398255315,2157.7862439986247,137490.22606953012,3595,48,941.9722222222222,35,1,17,30.879217649239894,0.6755952380952381,39.87268518518518,1040.509259259259,29.728835978835967,0
3653,4,0,0,36,0.0,0.0,1.0,36,1100,800,300,0.7272727272727273,14,8,6,346.40364839785497,0.7305224867724868,-0.0004816955684008306,0.22713172164629064,135513.14407578894,2188.449502743503,137701.59357853243,3596,49,942.9722222222222,35,1,17,30.682155031866017,0.6773809523809522,39.69907407407408,1041.203703703705,29.748677248677286,0
3654,4,0,0,36,0.0,0.0,1.0,36,550,400,150,0.7272727272727273,7,4,3,346.8567548524843,0.7296957671957672,-0.003251083694564727,0.22762000170735253,135543.27317226087,2202.819974922847,137746.0931471837,3597,50,943.9722222222222,35,1,17,30.64042180726909,0.6776785714285714,39.67013888888889,1041.319444444445,29.751984126984144,0
3655,4,0,0,36,0.0,0.0,1.0,36,800,400,400,0.5,12,4,8,345.81449771783235,0.7279761904761906,-0.0005648775789897087,0.22731809093957459,135603.54141214432,2178.734112440002,137782.27552458431,3598,51,944.9722222222222,35,1,18,30.607683261103094,0.6782738095238094,39.612268518518526,1041.5509259259268,29.758597883597908,0
3656,4,0,0,36,0.0,0.0,1.0,36,1000,500,500,0.5,15,5,10,346.04068085189505,0.7272817460317461,-0.0001665556295800119,0.2288136836822441,135814.58574459873,2199.4743441358005,138014.06008873455,3599,52,945.9722222222222,35,1,19,30.392238507661556,0.6803571428571429,39.40972222222222,1042.3611111111109,29.781746031746025,0
3657,4,0,0,36,0.0,0.0,1.0,36,1050,800,250,0.7619047619047619,13,8,5,346.1142887790288,0.7274140211640212,7.400828892834e-05,0.22924981715599213,135874.91426611802,2205.649862825796,138080.5641289438,3600,53,946.9722222222222,35,1,15,30.33044701006513,0.680952380952381,39.351851851851855,1042.592592592593,29.788359788359802,0
3658,4,0,0,36,0.0,0.0,1.0,36,900,500,400,0.5555555555555556,13,5,8,344.54057431080395,0.7268849206349207,0.0010822510822507958,0.22840073833451308,135905.0835503472,2164.9631076388846,138070.04665798607,3601,54,947.9722222222222,35,1,15,30.341533466533456,0.68125,39.322916666666664,1042.7083333333333,29.791666666666664,0
3659,4,0,0,36,0.0,0.0,1.0,36,1050,800,250,0.7619047619047619,13,8,5,344.5209037796344,0.7255952380952382,-0.0005362029435693749,0.22935830329908596,136055.98020619,2174.8258530521257,138230.8060592421,3602,55,948.9722222222222,35,1,17,30.192385918201314,0.6827380952380953,39.17824074074074,1043.2870370370372,29.808201058201064,0
3660,4,0,0,36,0.0,0.0,1.0,36,1200,900,300,0.75,15,9,6,343.31767183399074,0.7247685185185185,0.007826070887386072,0.2295316591750008,136206.96058652684,2152.451319230099,138359.41190575695,3603,56,949.9722222222222,35,1,18,30.074125919355435,0.6842261904761905,39.03356481481481,1043.86574074074,29.824735449735428,0
3661,4,0,0,36,0.0,0.0,1.0,36,650,500,150,0.7692307692307693,8,5,3,343.31767183399074,0.7247685185185185,0.007826070887386072,0.2295316591750008,136206.96058652684,2152.451319230099,138359.41190575695,3604,57,950.9722222222222,35,1,18,30.074125919355435,0.6842261904761905,39.03356481481481,1043.86574074074,29.824735449735428,0
3662,4,0,0,36,0.0,0.0,1.0,36,950,600,350,0.631578947368421,13,6,7,343.7638084568762,0.7220899470899471,0.004654589892890693,0.2306849174840138,136338.4224596218,2173.6430687444213,138512.06552836622,3605,58,951.9722222222222,36,0,18,29.932247861404647,0.6834490740740741,38.90765765765766,1044.3693693693695,29.010260260260264,0
3663,4,0,0,36,0.0,0.0,1.0,36,550,400,150,0.7272727272727273,7,4,3,343.7638084568762,0.7220899470899471,0.004654589892890693,0.2306849174840138,136338.4224596218,2173.6430687444213,138512.06552836622,3606,59,952.9722222222222,36,0,18,29.932247861404647,0.6834490740740741,38.90765765765766,1044.3693693693695,29.010260260260264,0
3664,4,0,0,36,0.0,0.0,1.0,36,900,700,200,0.7777777777777778,11,7,4,344.91980026631876,0.722420634920635,0.005761583057831254,0.23184609183118657,136397.23338203077,2209.22129900171,138606.45468103248,3607,60,953.9722222222222,36,0,18,29.84381737818025,0.6840277777777778,38.851351351351354,1044.5945945945953,29.016516516516536,0
3665,4,0,0,36,0.0,0.0,1.0,36,600,400,200,0.6666666666666666,8,4,4,347.22166327810066,0.7208002645502646,0.00764270575133863,0.23397747375145217,136485.47354364506,2278.1426274247283,138763.6161710698,3608,61,954.9722222222222,36,0,19,29.696312461831372,0.6848958333333333,38.766891891891895,1044.9324324324327,29.025900900900908,0
3666,4,0,0,36,0.0,0.0,1.0,36,1050,600,450,0.5714285714285714,15,6,9,346.58091105104296,0.7207010582010582,0.00221456103809059,0.23413129667946006,136573.74223886052,2266.7704021589216,138840.51264101945,3609,62,955.9722222222222,36,0,19,29.625664368311426,0.6857638888888888,38.682432432432435,1045.2702702702707,29.035285285285298,0
3667,4,0,0,36,0.0,0.0,1.0,36,1100,900,200,0.8181818181818182,13,9,4,344.30150319333956,0.719973544973545,0.0030098388850952063,0.23377380270917175,136752.0479024944,2216.945651525776,138968.99355402018,3610,63,956.9722222222222,34,2,19,29.508830336140832,0.6917892156862745,38.511904761904766,1045.9523809523814,30.763305322128865,0
3668,4,0,0,36,0.0,0.0,1.0,36,800,400,400,0.5,12,4,8,343.9987474126281,0.7195767195767196,-0.0007080362109945781,0.23398304893670097,136814.31405895695,2212.7905328798265,139027.10459183677,3611,64,957.9722222222222,34,2,20,29.455175618267347,0.6924019607843137,38.452380952380956,1046.1904761904766,30.77030812324931,0
3669,4,0,0,36,0.0,0.0,1.0,36,1050,800,250,0.7619047619047619,13,8,5,344.2931451993875,0.7194444444444444,0.0019908987485779406,0.2345997477753966,136876.5943877551,2225.1346371882005,139101.72902494328,3612,65,958.9722222222222,34,2,20,29.385902540766022,0.6930147058823529,38.39285714285714,1046.428571428571,30.77731092436974,0
3670,4,0,0,36,0.0,0.0,1.0,36,850,500,350,0.5882352941176471,12,5,7,345.0861140307534,0.7194444444444444,-0.0038915422131251542,0.23597879368479346,137001.19756235823,2255.442176870737,139256.63973922897,3613,66,959.9722222222222,34,2,17,29.242002122659382,0.6942401960784315,38.27380952380952,1046.9047619047615,30.791316526610633,0
3671,4,0,0,36,0.0,0.0,1.0,36,800,500,300,0.625,11,5,6,346.4527322596685,0.7200066137566138,-0.007360463794475081,0.23754829974187844,137094.6871456915,2299.365787981846,139394.05293367335,3614,67,960.9722222222222,34,2,18,29.113855102118144,0.6951593137254902,38.1845238095238,1047.261904761904,30.80182072829129,0
3672,4,0,0,36,0.0,0.0,1.0,36,700,400,300,0.5714285714285714,10,4,6,345.9449675294882,0.7194113756613757,-0.0057677008750991465,0.23762449408992695,137157.03124999985,2289.7569444444293,139446.7881944443,3615,68,961.9722222222222,34,2,18,29.06556616282153,0.6957720588235294,38.12499999999999,1047.4999999999989,30.808823529411733,0
3673,4,0,0,36,0.0,0.0,1.0,36,950,700,250,0.7368421052631579,12,7,5,345.71674896050547,0.7184854497354498,-0.005722203284980409,0.2378931280376393,137219.38952664385,2287.8082482993022,139507.19777494314,3616,69,962.9722222222222,34,2,18,29.00996098928152,0.6963848039215688,38.06547619047618,1047.7380952380943,30.815826330532186,0
3674,4,0,0,36,0.0,0.0,1.0,36,800,600,200,0.75,10,6,4,344.3568152182284,0.7186507936507937,-0.005212277247715669,0.23759540761608772,137312.95351473909,2256.9302721088247,139569.8837868479,3617,70,963.9722222222222,34,2,18,28.953222020293804,0.6973039215686274,37.97619047619047,1048.095238095237,30.82633053221285,0
3675,4,0,0,36,0.0,0.0,1.0,36,1050,800,250,0.7619047619047619,13,8,5,343.34459164179873,0.7181547619047619,-0.005104043973301664,0.23699151081616818,137326.8175582989,2230.0840192043725,139556.90157750327,3618,71,964.9722222222222,35,1,18,28.966063015312134,0.6952380952380952,37.962962962962955,1048.148148148147,29.94708994708991,0
3676,4,0,0,36,0.0,0.0,1.0,36,650,300,350,0.46153846153846156,10,3,7,345.99088399719955,0.7174272486772487,-0.007501042663330182,0.23923552879745283,137387.48097779482,2306.963198731128,139694.44417652595,3619,72,965.9722222222222,35,1,18,28.836847722087295,0.6958333333333333,37.90509259259259,1048.3796296296289,29.95370370370368,0
3677,4,0,0,36,0.0,0.0,1.0,36,650,400,250,0.6153846153846154,9,4,5,346.8258475204697,0.7171296296296297,-0.01035495701021727,0.24002256323055252,137417.81771101235,2332.010218407044,139749.8279294194,3620,73,966.9722222222222,35,1,18,28.785025021157583,0.6961309523809525,37.8761574074074,1048.495370370369,29.957010582010543,0
3678,4,0,0,36,0.0,0.0,1.0,36,650,400,250,0.6153846153846154,9,4,5,347.520486202719,0.7163359788359789,-0.01010128879569372,0.24092449315094402,137478.50122438703,2355.3191175840207,139833.82034197106,3621,74,967.9722222222222,35,1,18,28.706935400801974,0.6967261904761904,37.81828703703704,1048.7268518518522,29.96362433862435,0
3679,4,0,0,36,0.0,0.0,1.0,36,750,500,250,0.6666666666666666,10,5,5,350.9062091096778,0.7166335978835979,0.006984337408552976,0.24136800948790296,137205.53090706447,2429.2545438957445,139634.78545096022,3622,75,968.9722222222222,35,1,19,28.887722786861076,0.694047619047619,38.0787037037037,1047.6851851851852,29.933862433862434,2
3680,4,0,1,35,0.0,0.027777777777777776,0.9722222222222222,36,900,400,500,0.4444444444444444,14,4,10,350.297793704504,0.7153769841269841,0.010797016097369827,0.24179091614237685,137326.8175582989,2421.056241426595,139747.8737997255,3623,76,969.9722222222222,35,1,19,28.783863368669014,0.6952380952380952,37.962962962962955,1048.148148148147,29.94708994708991,0
3681,4,0,0,35,0.0,0.0,1.0,35,650,500,150,0.7692307692307693,8,5,3,356.68419067703127,0.7158963585434173,0.012461867982086039,0.2461009102445595,137312.95351473909,2795.4719387754917,140108.4254535146,3624,77,982.7428571428571,34,1,20,28.630215432379217,0.6973039215686274,37.97619047619047,1048.095238095237,30.82633053221285,0
3682,4,0,0,35,0.0,0.0,1.0,35,1050,900,150,0.8571428571428571,12,9,3,356.67435882529855,0.7155462184873949,0.012037247331364576,0.24653645241880534,137375.3472222222,2799.6527777777724,140174.99999999997,3625,78,983.7428571428571,34,1,20,28.56882617912029,0.6979166666666667,37.916666666666664,1048.3333333333333,30.833333333333332,0
3683,4,0,0,35,0.0,0.0,1.0,35,750,500,250,0.6666666666666666,10,5,5,357.89057466542306,0.7150560224089635,0.01910600752562641,0.24782234132492456,137437.7551020406,2837.5354308389815,140275.2905328796,3626,79,984.7428571428571,34,1,20,28.475297078413583,0.698529411764706,37.85714285714285,1048.5714285714268,30.840336134453732,0
3684,4,0,0,35,0.0,0.0,1.0,35,900,600,300,0.6666666666666666,12,6,6,357.89057466542306,0.7150560224089635,0.01910600752562641,0.24782234132492456,137437.7551020406,2837.5354308389815,140275.2905328796,3627,80,985.7428571428571,34,1,20,28.475297078413583,0.698529411764706,37.85714285714285,1048.5714285714268,30.840336134453732,0
3685,4,0,0,35,0.0,0.0,1.0,35,550,400,150,0.7272727272727273,7,4,3,357.4902629737902,0.7140756302521007,0.018907086103453707,0.24799127691331424,137500.17715419497,2830.9948979591745,140331.17205215414,3628,81,986.7428571428571,34,1,20,28.424139235717,0.6991421568627452,37.797619047619044,1048.8095238095234,30.847338935574218,0
3686,4,0,0,35,0.0,0.0,1.0,35,850,400,450,0.47058823529411764,13,4,9,357.4902629737902,0.7140756302521007,0.018907086103453707,0.24799127691331424,137500.17715419497,2830.9948979591745,140331.17205215414,3629,82,987.7428571428571,34,1,20,28.424139235717,0.6991421568627452,37.797619047619044,1048.8095238095234,30.847338935574218,0
3687,4,0,0,35,0.0,0.0,1.0,35,700,400,300,0.5714285714285714,10,4,6,357.9074871343604,0.7141456582633052,0.02039658219433549,0.2485045602159847,137531.39349489775,2844.7030895691364,140376.0965844669,3630,83,988.7428571428571,34,1,20,28.3823724132713,0.6994485294117647,37.76785714285713,1048.9285714285697,30.850840336134404,0
3688,4,0,0,35,0.0,0.0,1.0,35,800,700,100,0.875,9,7,2,356.0689544006774,0.7144957983193276,0.019672024889811013,0.24834682768958627,137687.52834467107,2805.250850340123,140492.7791950112,3631,84,989.7428571428571,34,1,20,28.276476482153658,0.7009803921568628,37.61904761904761,1049.5238095238085,30.868347338935543,0
3689,4,0,0,35,0.0,0.0,1.0,35,250,100,150,0.4,4,1,3,357.72747973549036,0.7145658263305321,0.020834008359524203,0.24995569859806271,137750.0070861677,2855.3925736961314,140605.39965986382,3632,85,990.7428571428571,34,1,20,28.171306796703703,0.701593137254902,37.5595238095238,1049.761904761904,30.875350140055996,0
3690,4,0,0,35,0.0,0.0,1.0,35,850,500,350,0.5882352941176471,12,5,7,358.0697599315027,0.7142857142857142,0.024589765603485914,0.2504216663628804,137781.25177154184,2867.059948979576,140648.31172052142,3633,86,991.7428571428571,34,1,20,28.131496390369268,0.7018995098039216,37.5297619047619,1049.8809523809516,30.878851540616225,0
3691,4,0,0,35,0.0,0.0,1.0,35,750,600,150,0.8,9,6,3,358.0046342720855,0.7142156862745097,0.024492495708459128,0.250382423861379,137782.1197300454,2865.327476637514,140647.44720668293,3634,87,992.7428571428571,35,0,20,28.132349428581925,0.6997023809523809,37.52893518518518,1049.884259259259,29.996693121693113,0
3692,4,0,0,35,0.0,0.0,1.0,35,750,400,350,0.5333333333333333,11,4,7,360.2693018052638,0.7137254901960783,0.025676725812718626,0.25310639483516284,137937.52834467107,2938.9347548754395,140876.4630995465,3635,88,993.7428571428571,34,1,20,27.91959428830463,0.7034313725490197,37.38095238095237,1050.4761904761892,30.896358543417332,0
3693,4,0,0,35,0.0,0.0,1.0,35,1000,800,200,0.8,12,8,4,361.67026528640076,0.7131652661064425,0.02459706129846584,0.25501797938884546,138062.6133786848,2986.6284013605377,141049.24178004533,3636,89,994.7428571428571,34,1,18,27.759449101344206,0.7046568627450981,37.26190476190476,1050.9523809523807,30.910364145658257,0
3694,4,0,0,35,0.0,0.0,1.0,35,900,600,300,0.6666666666666666,12,6,6,359.9914121535819,0.7123949579831932,0.02364509711956808,0.2549963226585874,138219.04939058935,2951.5341553287744,141170.58354591814,3637,90,995.7428571428571,34,1,18,27.649392429903024,0.7061887254901962,37.11309523809523,1051.5476190476174,30.927871148459335,0
3695,4,0,0,35,0.0,0.0,1.0,35,1200,800,400,0.6666666666666666,16,8,8,358.58298330447576,0.7104341736694677,0.026701447271241463,0.25527626477846416,138390.36143529223,2924.8857328103404,141315.24716810256,3638,91,996.7428571428571,35,0,19,27.517714406189267,0.705654761904762,36.950231481481474,1052.199074074073,30.062830687830658,0
3696,4,0,0,35,0.0,0.0,1.0,35,1050,700,350,0.6666666666666666,14,7,7,360.7736202328111,0.7093837535014005,0.026014012378648088,0.25752553394012434,138481.71323088132,2992.1098036694048,141473.82303455073,3639,92,997.7428571428571,35,0,19,27.37015248148962,0.7065476190476191,36.863425925925924,1052.546296296296,30.072751322751316,0
3697,4,0,0,35,0.0,0.0,1.0,35,1050,900,150,0.8571428571428571,12,9,3,360.9172878226953,0.7093837535014005,0.028084090947283924,0.23765746427426265,135665.59624002778,2818.237263549502,138483.83350357728,3640,93,998.7428571428571,33,2,21,30.152702623220797,0.6833964646464648,39.55269607843137,1041.7892156862738,31.569370172311327,7
3698,4,0,1,34,0.0,0.02857142857142857,0.9714285714285714,35,1150,800,350,0.6956521739130435,15,8,7,358.13439819723556,0.7095238095238094,0.02582329710499698,0.2364335235157311,135757.71683673444,2723.901643990902,138481.61848072533,3641,94,999.7428571428571,34,1,21,30.1336055898256,0.6819852941176472,39.4642857142857,1042.1428571428553,30.651260504201627,0
3699,4,0,0,34,0.0,0.0,1.0,34,500,400,100,0.8,6,4,2,367.9083751008748,0.7023915626856804,0.03472289456577382,0.24334592835210267,135825.23098087273,3194.248005574778,139019.4789864475,3642,95,1021.3823529411765,33,1,21,29.811799514068504,0.6849747474747475,39.39950980392157,1042.4019607843136,31.58793820558526,0
3700,4,0,0,34,0.0,0.0,1.0,34,1300,700,600,0.5384615384615384,19,7,12,365.04326499372826,0.7023915626856804,0.03231654715048271,0.23565810775630633,134952.49433106583,3052.699829931978,138005.1941609978,3643,96,1022.3823529411765,34,0,17,30.755661854567673,0.6740196078431373,40.23809523809524,1039.0476190476195,30.560224089635867,1
3701,4,0,0,34,0.0,0.0,1.0,34,500,300,200,0.6,7,3,4,366.5637948076184,0.7028000594177065,0.03573281758573521,0.23684199591974114,134983.42013888893,3096.0069444444503,138079.42708333337,3644,97,1023.3823529411765,34,0,17,30.68531141406041,0.6743259803921569,40.208333333333336,1039.166666666667,30.563725490196088,0
3702,4,0,0,34,0.0,0.0,1.0,34,800,400,400,0.5,12,4,8,365.07488138485934,0.7024286987522282,0.03407398923376448,0.23628382426769495,135045.28238378678,3060.3280895691505,138105.61047335592,3645,98,1024.3823529411766,34,0,17,30.662295269728546,0.6749387254901962,40.14880952380952,1039.4047619047612,30.570728291316506,0
3703,4,0,0,34,0.0,0.0,1.0,34,750,500,250,0.6666666666666666,10,5,5,364.9593987101849,0.7023172905525847,0.033952197461669,0.2364113849805143,135076.2188208616,3059.4671201813944,138135.685941043,3646,99,1025.3823529411766,34,0,18,30.634448007329368,0.6752450980392157,40.11904761904761,1039.5238095238087,30.574229691876727,0
3704,4,0,0,34,0.0,0.0,1.0,34,900,800,100,0.8888888888888888,10,8,2,365.47701274691315,0.7016859774212716,0.03524494648426213,0.23694957329760882,135107.15880102027,3075.712159863934,138182.8709608842,3647,100,1026.3823529411766,34,0,18,30.590146570479792,0.6755514705882353,40.08928571428571,1039.6428571428562,30.57773109243695,0
3705,4,0,0,34,0.0,0.0,1.0,34,700,500,200,0.7142857142857143,9,5,4,367.4464918026127,0.7018345216874629,0.03358698946092464,0.2386353238584253,135169.04939058947,3133.4785997732297,138302.5279903627,3648,101,1027.3823529411766,34,0,18,30.477246708643378,0.6761642156862746,40.0297619047619,1039.8809523809516,30.5847338935574,0
3706,4,0,0,34,0.0,0.0,1.0,34,1000,700,300,0.7,13,7,6,366.3155397735802,0.7011289364230541,0.02898092173468192,0.23851454445167972,135261.91184807243,3109.708049886606,138371.61989795903,3649,102,1028.3823529411766,34,0,18,30.41409170672159,0.6770833333333334,39.94047619047618,1040.2380952380943,30.595238095238066,0
3707,4,0,0,34,0.0,0.0,1.0,34,950,600,350,0.631578947368421,13,6,7,366.27540623371385,0.7001262626262627,0.03096594922997231,0.23951726826487355,135416.7534722222,3119.9652777777733,138536.71874999997,3650,103,1029.3823529411766,34,0,20,30.26087536696023,0.6786151960784315,39.791666666666664,1040.8333333333333,30.612745098039213,0
3708,4,0,0,34,0.0,0.0,1.0,34,650,400,250,0.6153846153846154,9,4,5,365.9457156775398,0.6990864527629234,0.03307016187062484,0.24012957051998807,135540.6905470522,3120.1070011337965,138660.79754818598,3651,104,1030.3823529411766,34,0,20,30.146050074311198,0.6798406862745099,39.67261904761905,1041.309523809524,30.62675070028012,0
3709,4,0,1,33,0.0,0.029411764705882353,0.9705882352941176,34,750,500,250,0.6666666666666666,10,5,5,366.08000000000015,0.6988265002970886,0.03223529411764714,0.24084210526315783,135633.68055555547,3130.587443310648,138764.26799886613,3652,105,1031.3823529411766,33,1,20,30.049999999999997,0.6830808080808082,39.58333333333333,1041.666666666666,31.565656565656546,0
3710,4,0,0,33,0.0,0.0,1.0,33,750,400,350,0.5333333333333333,11,4,7,369.48118554207326,0.6932607323232324,0.04499730060268203,0.24330321324083387,135666.5634405929,3425.2485396898396,139091.81198028274,3653,106,1054.1818181818182,32,1,21,29.92869551165515,0.6858723958333333,39.55176767676768,1041.79292929293,32.55602904040406,0
3711,4,0,0,33,0.0,0.0,1.0,33,1050,700,350,0.6666666666666666,14,7,7,367.3745819361031,0.6947601010101011,0.04117336980524544,0.24342857812401597,135889.11115916955,3384.4410803537057,139273.55223952327,3654,107,1055.1818181818182,33,0,18,29.7621846105626,0.6856060606060606,39.338235294117645,1042.6470588235293,31.595365418894826,0
3712,4,0,0,33,0.0,0.0,1.0,33,950,800,150,0.8421052631578947,11,8,3,364.10847968405585,0.694128787878788,0.038495636662714716,0.2419146971577673,135984.95958585633,3302.655378940784,139287.6149647971,3655,108,1056.1818181818182,33,0,19,29.752061058238354,0.6865530303030303,39.24632352941176,1043.0147058823525,31.606506238859165,0
3713,4,0,0,33,0.0,0.0,1.0,33,650,400,250,0.6153846153846154,9,4,5,363.77088685677495,0.6956281565656566,0.033153614833004275,0.24256140184694105,136112.81005202315,3302.775525038434,139415.58557706157,3656,109,1057.1818181818182,33,0,19,29.63385691916227,0.6878156565656566,39.123774509803916,1043.5049019607834,31.621360665478285,0
3714,4,0,0,33,0.0,0.0,1.0,33,1050,700,350,0.6666666666666666,14,7,7,365.93479707252146,0.6951546717171718,0.039436278957237114,0.24444444444444435,136176.75781250003,3366.362847222222,139543.12065972225,3657,110,1058.1818181818182,33,0,19,29.513888888888886,0.6884469696969697,39.0625,1043.7500000000002,31.628787878787886,0
3715,4,0,0,33,0.0,0.0,1.0,33,750,600,150,0.8,9,6,3,366.04555655272696,0.6946022727272728,0.0372544415747047,0.24473909346280473,136208.7373245868,3371.7206122645284,139580.45793685134,3658,111,1059.1818181818182,33,0,19,29.479240040698134,0.6887626262626263,39.031862745098046,1043.8725490196089,31.632501485442692,0
3716,4,0,0,33,0.0,0.0,1.0,33,950,800,150,0.8421052631578947,11,8,3,365.1807769629959,0.6919981060606061,0.035056655964786465,0.24526680552053687,136368.69120350343,3359.8449214244465,139728.53612492786,3659,112,1060.1818181818182,33,0,20,29.34302768978059,0.6903409090909092,38.87867647058823,1044.4852941176468,31.65106951871657,0
3717,4,0,0,33,0.0,0.0,1.0,33,750,700,50,0.9333333333333333,8,7,1,364.5972913094249,0.6919191919191919,0.0377117017192099,0.24509679109791319,136400.69324298354,3346.26465782392,139746.95790080747,3660,113,1061.1818181818182,33,0,20,29.32650946347568,0.6906565656565655,38.84803921568628,1044.6078431372555,31.654783125371377,0
3718,4,0,0,33,0.0,0.0,1.0,33,1250,900,350,0.72,16,9,7,365.01648905884383,0.6912878787878789,0.037698433851828916,0.24604708317824214,136496.72188881683,3364.7108383794734,139861.4327271963,3661,114,1062.1818181818182,33,0,20,29.220295336382474,0.6916035353535352,38.756127450980394,1044.9754901960787,31.665923945335717,0
3719,4,0,0,33,0.0,0.0,1.0,33,750,500,250,0.6666666666666666,10,5,5,363.75965662876615,0.6915246212121212,0.04783118405627196,0.24586924493212184,136592.7843257402,3337.388864859684,139930.1731905999,3662,115,1063.1818181818182,33,0,21,29.157874169597502,0.692550505050505,38.66421568627452,1045.343137254903,31.67706476530009,0
3720,4,0,0,33,0.0,0.0,1.0,33,650,400,250,0.6153846153846154,9,4,5,362.4179770477402,0.6909722222222223,0.04588247410232649,0.2456324541817606,136688.88055375332,3307.701515042288,139996.5820687956,3663,116,1064.1818181818182,33,0,22,29.097694245868986,0.6934974747474747,38.572303921568626,1045.710784313725,31.688205585264395,0
3721,4,0,0,33,0.0,0.0,1.0,33,1300,1000,300,0.7692307692307693,16,10,6,365.0443921325372,0.690814393939394,0.04561960237256035,0.2483174482578065,136817.06142168882,3388.860204008081,140205.9216256969,3664,117,1065.1818181818182,33,0,22,28.902009878567814,0.694760101010101,38.44975490196079,1046.2009803921571,31.70306001188355,0
3722,4,0,0,33,0.0,0.0,1.0,33,450,400,50,0.8888888888888888,5,4,1,365.50538403728956,0.6896306818181819,0.04247179607292062,0.2490862309891792,136881.1743830498,3406.161242070363,140287.33562512018,3665,118,1066.1818181818182,33,0,22,28.82643849787251,0.6953914141414141,38.388480392156865,1046.4460784313726,31.71048722519311,0
3723,4,0,1,32,0.0,0.030303030303030304,0.9696969696969697,33,950,800,150,0.8421052631578947,11,8,3,366.17127993098484,0.6867897727272728,0.03714107365792718,0.25068649164505896,137041.52249134952,3436.1339388696642,140477.65643021918,3666,119,1067.1818181818182,33,0,20,28.650222378277128,0.6969696969696969,38.23529411764706,1047.0588235294122,31.729055258467035,0
3724,4,0,0,32,0.0,0.0,1.0,32,950,700,250,0.7368421052631579,12,7,5,370.0723170136613,0.6846438172043011,0.01940123010130268,0.2531880901548911,137018.1932966024,3741.328053259872,140759.52134986228,3667,120,1026.5625,32,0,20,28.571213217559094,0.69921875,38.25757575757576,1046.969696969697,32.71780303030303,0
3725,4,0,0,32,0.0,0.0,1.0,32,950,700,250,0.7368421052631579,12,7,5,371.8452954710157,0.6853998655913979,0.016412466843501283,0.2548830479864963,137084.29783950627,3794.8302469135924,140879.12808641986,3668,121,1027.5625,32,0,20,28.45932802829355,0.6998697916666666,38.19444444444445,1047.222222222223,32.72569444444447,0
3726,4,0,0,32,0.0,0.0,1.0,32,700,500,200,0.7142857142857143,9,5,4,371.99469437932464,0.6851478494623656,0.015662668756026843,0.2554692040207679,137150.4183246607,3803.845589735735,140954.26391439646,3669,122,1028.5625,32,0,20,28.38993691738991,0.7005208333333334,38.13131313131313,1047.4747474747471,32.73358585858585,0
3727,4,0,0,32,0.0,0.0,1.0,32,750,400,350,0.5333333333333333,11,4,7,379.8622663116121,0.6846858198924731,0.04180575604474912,0.2651381208940746,137713.0861168502,4062.400998622573,141775.4871154728,3670,123,1029.5625,32,0,19,27.626909659569343,0.7060546875,37.59469696969696,1049.621212121211,32.80066287878785,3
3728,4,0,0,32,0.0,0.0,1.0,32,950,800,150,0.8421052631578947,11,8,3,376.5307621068834,0.6827536962365592,0.03533801250450863,0.26382530315441843,137845.6459321751,3980.6252231914864,141826.2711553666,3671,124,1030.5625,32,0,20,27.583313294056346,0.7073567708333334,37.46843434343433,1050.1262626262612,32.81644570707066,0
3729,4,0,0,32,0.0,0.0,1.0,32,600,400,200,0.6666666666666666,8,4,4,374.02160782539505,0.6834257392473119,0.03359403173458375,0.2625726375948911,137911.94975321385,3916.409837006414,141828.35959022027,3672,125,1031.5625,32,0,20,27.583693953600203,0.7080078125,37.405303030303024,1050.3787878787869,32.82433712121209,0
3730,4,0,0,32,0.0,0.0,1.0,32,700,600,100,0.8571428571428571,8,6,2,373.85441706730785,0.683551747311828,0.03197866586538445,0.26270850929054035,137945.10764207717,3914.277560963144,141859.38520304032,3673,126,1032.5625,32,0,20,27.55533854166667,0.7083333333333334,37.37373737373736,1050.5050505050492,32.82828282828279,0
3731,4,0,0,32,0.0,0.0,1.0,32,900,800,100,0.8888888888888888,10,8,2,374.7487354250955,0.6832157258064516,0.030979632299928284,0.26384593707340454,138011.43537649207,3943.9221763085275,141955.3575528006,3674,127,1033.5625,32,0,20,27.466354241768823,0.708984375,37.310606060606055,1050.7575757575748,32.836174242424214,0
3732,4,0,0,32,0.0,0.0,1.0,32,650,400,250,0.6153846153846154,9,4,5,375.60289532926583,0.6823756720430109,0.032954408938010715,0.26495919497633963,138077.7790531578,3972.482718600141,142050.26177175794,3675,128,1034.5625,32,0,17,27.378413823482298,0.7096354166666667,37.24747474747475,1051.010101010101,32.844065656565654,0
3733,4,0,0,32,0.0,0.0,1.0,32,900,700,200,0.7777777777777778,11,7,4,372.018368237073,0.6819556451612904,0.029973877011770345,0.2629392982972722,138144.13867207416,3878.4314100601796,142022.57008213433,3676,129,1035.5625,32,0,17,27.407118264072388,0.7102864583333335,37.184343434343425,1051.2626262626252,32.85195707070704,0
3734,4,0,0,32,0.0,0.0,1.0,32,900,800,100,0.8888888888888888,10,8,2,374.6786992666664,0.6811995967741936,0.029966678674351765,0.2653336911133329,138210.5142332414,3956.907139577586,142167.421372819,3677,130,1036.5625,32,0,17,27.27170389048992,0.7109375,37.12121212121212,1051.5151515151508,32.85984848484846,0
3735,4,0,0,32,0.0,0.0,1.0,32,450,200,250,0.4444444444444444,7,2,5,374.78616896938837,0.6817876344086022,0.029959483793517316,0.2659257911000855,138276.90573665945,3964.8543515967644,142241.7600882562,3678,131,1037.5625,32,0,17,27.203381352541005,0.7115885416666667,37.0580808080808,1051.7676767676762,32.86773989898988,0
3736,4,0,0,32,0.0,0.0,1.0,32,400,200,200,0.5,6,2,4,374.78616896938837,0.6817876344086022,0.029959483793517316,0.2659257911000855,138276.90573665945,3964.8543515967644,142241.7600882562,3679,132,1038.5625,32,0,17,27.203381352541005,0.7115885416666667,37.0580808080808,1051.7676767676762,32.86773989898988,0
3737,4,0,0,32,0.0,0.0,1.0,32,900,700,200,0.7777777777777778,11,7,4,374.19753728379214,0.6819976478494624,0.032307796182931225,0.2657663838969542,138310.1074667125,3951.0603191000864,142261.1677858126,3680,133,1039.5625,32,0,17,27.1861121113912,0.7119140625,37.02651515151515,1051.8939393939388,32.87168560606059,0
3738,4,0,0,32,0.0,0.0,1.0,32,650,600,50,0.9230769230769231,7,6,1,377.39183889047007,0.6804435483870969,0.02870770338372952,0.2688191098558268,138409.73657024774,4046.941000918255,142456.677571166,3681,134,1040.5625,32,0,18,27.003839692824577,0.712890625,36.93181818181817,1052.272727272726,32.883522727272684,0
3739,4,0,0,32,0.0,0.0,1.0,32,750,400,350,0.5333333333333333,11,4,7,378.92661521841524,0.680653561827957,0.035748020870816744,0.2707036153449807,138509.40154384743,4096.979740587677,142606.3812844351,3682,135,1041.5625,32,0,18,26.865179321098722,0.7138671875,36.837121212121204,1052.651515151514,32.895359848484816,0
3740,4,0,0,32,0.0,0.0,1.0,32,700,500,200,0.7142857142857143,9,5,4,376.66316392801076,0.6793934811827957,0.03524478354718785,0.2696132295275263,138575.86478739412,4039.2847349760173,142615.14952237013,3683,136,1042.5625,32,0,18,26.859235719710586,0.7145182291666667,36.773989898989896,1052.9040404040402,32.903251262626256,0
3741,4,0,0,32,0.0,0.0,1.0,32,600,200,400,0.3333333333333333,10,2,8,376.66316392801076,0.6793934811827957,0.03524478354718785,0.2696132295275263,138575.86478739412,4039.2847349760173,142615.14952237013,3684,137,1043.5625,32,0,18,26.859235719710586,0.7145182291666667,36.773989898989896,1052.9040404040402,32.903251262626256,0
3742,4,0,0,32,0.0,0.0,1.0,32,900,700,200,0.7777777777777778,11,7,4,379.05857937876146,0.6778813844086022,0.03671996762978047,0.27185963977628963,138642.34397319143,4110.713989643903,142753.05796283533,3685,138,1044.5625,32,0,19,26.73065779482875,0.7151692708333334,36.71085858585858,1053.1565656565651,32.91114267676766,0
3743,4,0,1,31,0.0,0.03125,0.96875,32,600,500,100,0.8333333333333334,7,5,2,379.05857937876146,0.6778813844086022,0.03671996762978047,0.27185963977628963,138642.34397319143,4110.713989643903,142753.05796283533,3686,139,1045.5625,32,0,19,26.73065779482875,0.7151692708333334,36.71085858585858,1053.1565656565651,32.91114267676766,0
3744,4,0,0,31,0.0,0.0,1.0,31,350,200,150,0.5714285714285714,5,2,3,399.21263948265823,0.6768817204301075,0.013986183787196182,0.2555922850856443,134652.11868286147,4550.9655422634705,139203.08422512494,3687,140,1064.7096774193549,31,0,17,30.168867352486085,0.6784274193548386,40.52734375000001,1037.8906250000011,33.48034274193552,6
3745,4,0,0,31,0.0,0.0,1.0,31,600,400,200,0.6666666666666666,8,4,4,396.88996763937246,0.6766129032258065,0.014757639748537388,0.2548148632815105,134753.49426269546,4496.4619954427235,139249.95625813818,3688,141,1065.7096774193549,31,0,18,30.127602207173307,0.6794354838709677,40.42968750000001,1038.2812500000011,33.49294354838713,0
3746,4,0,0,31,0.0,0.0,1.0,31,900,500,400,0.5555555555555556,13,5,8,395.076905742302,0.6767025089605735,0.01475393923706636,0.2541236613065003,134821.09917534736,4452.940538194466,139274.03971354183,3689,142,1066.7096774193549,31,0,16,30.106987629555327,0.6801075268817204,40.36458333333334,1038.5416666666679,33.50134408602155,0
3747,4,0,0,31,0.0,0.0,1.0,31,950,800,150,0.8421052631578947,11,8,3,397.4071087066268,0.6776881720430108,0.014232688279866679,0.25609966989187977,134888.72104220928,4521.147325303832,139409.86836751312,3690,143,1067.7096774193549,31,0,16,29.978795855268658,0.680779569892473,40.29947916666667,1038.802083333334,33.50974462365593,0
3748,4,0,0,31,0.0,0.0,1.0,31,750,500,250,0.6666666666666666,10,5,5,396.85085466293873,0.6768817204301075,0.004670850970661222,0.25058296823002707,134145.81298828125,4447.176106770835,138592.9890950521,3691,144,1068.7096774193549,31,0,18,30.737807943690292,0.6733870967741936,41.015625,1035.9375,33.417338709677416,1
3749,4,0,0,31,0.0,0.0,1.0,31,900,500,400,0.5555555555555556,13,5,8,396.85085466293873,0.6768817204301075,0.004670850970661222,0.25058296823002707,134145.81298828125,4447.176106770835,138592.9890950521,3692,145,1069.7096774193549,31,0,18,30.737807943690292,0.6733870967741936,41.015625,1035.9375,33.417338709677416,0
3750,4,0,0,31,0.0,0.0,1.0,31,1000,800,200,0.8,12,8,4,398.3973553716503,0.6771505376344086,0.007783773265171323,0.25179092586912,134179.53703138558,4491.3545396592845,138670.89157104486,3693,146,1070.7096774193549,31,0,18,30.663907042017513,0.67372311827957,40.983072916666664,1036.067708333333,33.42153897849462,0
3751,4,0,0,31,0.0,0.0,1.0,31,500,300,200,0.6,7,3,4,401.6767253352188,0.6755376344086022,0.016858485978278548,0.25456582274429473,134280.73459201385,4587.489149305551,138868.2237413194,3694,147,1071.7096774193549,31,0,18,30.477386934673365,0.674731182795699,40.885416666666664,1036.458333333333,33.434139784946225,0
3752,4,0,0,31,0.0,0.0,1.0,31,850,600,250,0.7058823529411765,11,6,5,400.46980252405916,0.6750896057347671,0.020225101490142672,0.25426958275092176,134348.2208251953,4560.481092664932,138908.70191786025,3695,148,1072.7096774193549,31,0,18,30.440948672862774,0.6754032258064516,40.8203125,1036.71875,33.44254032258065,0
3753,4,0,0,31,0.0,0.0,1.0,31,650,500,150,0.7692307692307693,8,5,3,402.13021837915323,0.6731182795698925,0.015549958290476562,0.2562695455686668,134483.24415418843,4615.955268012164,139099.1994222006,3696,149,1073.7096774193549,31,0,18,30.26246966273328,0.676747311827957,40.69010416666667,1037.239583333334,33.459341397849485,0
3754,4,0,0,31,0.0,0.0,1.0,31,1050,700,350,0.6666666666666666,14,7,7,401.68637409104724,0.6720430107526881,0.011138543732545747,0.2569374319025399,134618.33530002175,4614.870198567714,139233.20549858946,3697,150,1074.7096774193549,31,0,18,30.138540359682132,0.6780913978494623,40.559895833333336,1037.760416666667,33.47614247311829,0
3755,4,0,0,31,0.0,0.0,1.0,31,550,400,150,0.7272727272727273,7,4,3,402.4285924863159,0.6738351254480287,0.014496915764991458,0.2586114444059928,134787.29459974507,4648.452250162772,139435.74684990785,3698,151,1075.7096774193549,31,0,17,29.949973876698017,0.679771505376344,40.39713541666667,1038.411458333334,33.49714381720432,0
3756,4,0,0,31,0.0,0.0,1.0,31,650,600,50,0.9230769230769231,7,6,1,403.1672228523244,0.6742831541218638,0.014752089677176894,0.2595694057056491,134854.90798950195,4673.815748426649,139528.7237379286,3699,152,1076.7096774193549,31,0,17,29.863069867535824,0.6804435483870968,40.33203125,1038.671875,33.50554435483871,0
3757,4,0,0,31,0.0,0.0,1.0,31,950,700,250,0.7368421052631579,12,7,5,403.1672228523244,0.6742831541218638,0.014752089677176894,0.2595694057056491,134854.90798950195,4673.815748426649,139528.7237379286,3700,153,1077.7096774193549,31,0,17,29.863069867535824,0.6804435483870968,40.33203125,1038.671875,33.50554435483871,0
3758,4,0,0,31,0.0,0.0,1.0,31,650,600,50,0.9230769230769231,7,6,1,401.3014993624412,0.6744623655913978,0.01655752283935641,0.2590927156077897,134956.35986328125,4631.63791232639,139587.99777560763,3701,154,1078.7096774193549,31,0,17,29.809941520467834,0.6814516129032258,40.234375,1039.0625,33.51814516129032,0
3759,4,0,0,31,0.0,0.0,1.0,31,750,500,250,0.6666666666666666,10,5,5,401.84535107898364,0.6732974910394265,0.018615549316258084,0.26066085526934896,135125.5310906305,4659.91329616971,139785.44438680023,3702,155,1079.7096774193549,31,0,17,29.62651325401794,0.6831317204301075,40.071614583333336,1039.7135416666672,33.53914650537636,0
3760,4,0,0,31,0.0,0.0,1.0,31,800,300,500,0.375,13,3,10,400.61703317465174,0.6698924731182796,0.018347808882374528,0.26084184825039075,135260.9443664551,4637.567647298178,139898.5120137533,3703,156,1080.7096774193549,31,0,17,29.523016022030284,0.684475806451613,39.94140625,1040.2343750000002,33.55594758064517,0
3761,4,0,0,31,0.0,0.0,1.0,31,700,400,300,0.5714285714285714,10,4,6,402.34711553939553,0.6693548387096774,0.02376867524352,0.26246169798165797,135328.67643568254,4689.820522732209,140018.49695841476,3704,157,1081.7096774193549,31,0,18,29.410300129312144,0.6851478494623655,39.876302083333336,1040.494791666667,33.56434811827958,0
3762,4,0,0,31,0.0,0.0,1.0,31,850,600,250,0.7058823529411765,11,6,5,402.23406589772964,0.6686379928315412,0.026090606735768018,0.26263518420381166,135362.548828125,4689.485677083334,140052.03450520834,3705,158,1082.7096774193549,31,0,18,29.37937937937938,0.6854838709677419,39.84375,1040.625,33.568548387096776,0
3763,4,0,0,31,0.0,0.0,1.0,31,650,500,150,0.7692307692307693,8,5,3,401.3361534786315,0.668189964157706,0.022210206041628044,0.2625434706144174,135430.3063286676,4670.615641276046,140100.92196994362,3706,159,1083.7096774193549,31,0,18,29.335022099908276,0.6861559139784946,39.778645833333336,1040.885416666667,33.57694892473119,0
3764,4,0,0,31,0.0,0.0,1.0,31,800,600,200,0.75,10,6,4,405.822260766492,0.668010752688172,0.02065032387129051,0.2664832874885388,135565.8721923828,4803.12974717882,140369.00193956163,3707,160,1084.7096774193549,31,0,18,29.082791531216138,0.6875,39.6484375,1041.40625,33.59375,0
3765,4,0,0,31,0.0,0.0,1.0,31,950,500,450,0.5263157894736842,14,5,9,402.8713835585427,0.667921146953405,0.02166929336982526,0.26580211728104025,135735.4248894586,4736.783684624571,140472.20857408317,3708,161,1085.7096774193549,31,0,18,28.99030051230789,0.6891801075268817,39.485677083333336,1042.057291666667,33.61475134408603,0
3766,4,0,0,31,0.0,0.0,1.0,31,750,600,150,0.8,9,6,3,401.2248929994424,0.6653225806451613,0.026299568522703654,0.26572437702618157,135871.14334106445,4702.976989746095,140574.12033081055,3709,162,1086.7096774193549,31,0,16,28.8977613338329,0.690524193548387,39.35546875,1042.578125,33.63155241935484,0
3767,4,0,0,31,0.0,0.0,1.0,31,700,300,400,0.42857142857142855,11,3,8,399.98962076884135,0.6650537634408602,0.025522864232541576,0.26515868237722545,135905.08355034734,4672.1245659722335,140577.20811631955,3710,163,1087.7096774193549,31,0,16,28.896103896103888,0.6908602150537634,39.32291666666667,1042.7083333333342,33.63575268817207,0
3768,4,0,0,31,0.0,0.0,1.0,31,700,400,300,0.5714285714285714,10,4,6,401.95884981476013,0.6670250896057348,0.03015585357013406,0.2669726689068184,135972.97668457043,4731.108262803836,140704.08494737427,3711,164,1088.7096774193549,31,0,16,28.777049521431543,0.691532258064516,39.25781250000001,1042.968750000001,33.644153225806484,0
3769,4,0,0,31,0.0,0.0,1.0,31,950,700,250,0.7368421052631579,12,7,5,404.83182132167633,0.6659498207885305,0.0329786677294559,0.26965231789281746,136074.84817504894,4817.4857245551375,140892.33389960407,3712,165,1089.7096774193549,31,0,16,28.600529348142608,0.692540322580645,39.16015625000001,1043.359375000001,33.65675403225809,0
3770,4,0,0,31,0.0,0.0,1.0,31,500,400,100,0.8,6,4,2,404.83182132167633,0.6659498207885305,0.0329786677294559,0.26965231789281746,136074.84817504894,4817.4857245551375,140892.33389960407,3713,166,1090.7096774193549,31,0,16,28.600529348142608,0.692540322580645,39.16015625000001,1043.359375000001,33.65675403225809,0
3771,4,0,1,30,0.0,0.03225806451612903,0.967741935483871,31,650,400,250,0.6153846153846154,9,4,5,404.7804938416701,0.6665770609318996,0.034515927796671786,0.2701345260733544,136142.78369479714,4821.588643391935,140964.37233818907,3714,167,1091.7096774193549,31,0,16,28.534128716988988,0.6932123655913978,39.095052083333336,1043.619791666667,33.665154569892486,0
3772,4,0,0,30,0.0,0.0,1.0,30,950,600,350,0.631578947368421,13,6,7,413.92141323644563,0.6615421455938697,0.06029885353600428,0.27581733312914397,136089.0913147474,5266.037800612792,141355.1291153602,3715,216,1123.5333333333333,30,0,17,28.34922066211516,0.695486111111111,39.14650537634409,1043.413978494624,34.7804659498208,0
3773,4,0,0,30,0.0,0.0,1.0,30,650,600,50,0.9230769230769231,7,6,1,413.92141323644563,0.6615421455938697,0.06029885353600428,0.27581733312914397,136089.0913147474,5266.037800612792,141355.1291153602,3716,217,1124.5333333333333,30,0,17,28.34922066211516,0.695486111111111,39.14650537634409,1043.413978494624,34.7804659498208,0
3774,4,0,0,30,0.0,0.0,1.0,30,150,0,150,0.0,3,0,3,413.92141323644563,0.6615421455938697,0.06029885353600428,0.27581733312914397,136089.0913147474,5266.037800612792,141355.1291153602,3717,218,1125.5333333333333,30,0,17,28.34922066211516,0.695486111111111,39.14650537634409,1043.413978494624,34.7804659498208,0
3775,4,0,0,30,0.0,0.0,1.0,30,1200,1000,200,0.8333333333333334,14,10,4,420.2487529753398,0.6602490421455939,0.06280367413511878,0.28086504437233134,136194.29449936422,5447.096485142809,141641.39098450702,3718,219,1126.5333333333333,30,0,17,28.079126963687862,0.6965277777777776,39.04569892473119,1043.8172043010763,34.79390681003588,0
3776,4,0,0,30,0.0,0.0,1.0,30,300,100,200,0.3333333333333333,5,1,4,418.82984050286944,0.6592432950191571,0.06133213166816853,0.28019391655347,136229.37126040587,5411.385167360397,141640.75642776626,3719,220,1127.5333333333333,30,0,17,28.081144586069268,0.6968749999999999,39.01209677419355,1043.951612903226,34.7983870967742,0
3777,4,0,0,30,0.0,0.0,1.0,30,500,300,200,0.6,7,3,4,419.94918814519065,0.6591954022988505,0.061457260556127435,0.28122114599240033,136264.45253786576,5444.829243265129,141709.28178113088,3720,221,1128.5333333333333,30,0,17,28.016917696532783,0.6972222222222222,38.97849462365592,1044.0860215053772,34.80286738351257,0
3778,4,0,0,30,0.0,0.0,1.0,30,650,500,150,0.7692307692307693,8,5,3,419.73910205762706,0.6583812260536399,0.0631621841890786,0.2819181125401746,136369.7234687537,5447.941055324324,141817.66452407805,3721,222,1129.5333333333333,30,0,17,27.917363702655162,0.6982638888888889,38.877688172043015,1044.4892473118286,34.81630824372762,0
3779,4,0,0,30,0.0,0.0,1.0,30,950,800,150,0.8421052631578947,11,8,3,414.2217437954655,0.6583812260536399,0.0850917132821647,0.2565771591100519,133437.50225820908,5054.5429746213495,138492.04523283042,3722,223,1130.5333333333333,30,0,19,31.00093230996054,0.6690972222222221,41.700268817204304,1033.198924731183,34.4399641577061,5
3780,4,0,0,30,0.0,0.0,1.0,30,700,600,100,0.8571428571428571,8,6,2,414.2217437954655,0.6583812260536399,0.0850917132821647,0.2565771591100519,133437.50225820908,5054.5429746213495,138492.04523283042,3723,224,1131.5333333333333,30,0,19,31.00093230996054,0.6690972222222221,41.700268817204304,1033.198924731183,34.4399641577061,0
3781,4,0,0,30,0.0,0.0,1.0,30,350,200,150,0.5714285714285714,5,2,3,412.33090530697166,0.6579501915708812,0.08575268817204251,0.25564516129032255,133472.2222222223,5006.944444444454,138479.16666666677,3724,225,1132.5333333333333,30,0,19,31.01478494623655,0.6694444444444445,41.66666666666667,1033.3333333333342,34.44444444444447,0
3782,4,0,0,30,0.0,0.0,1.0,30,500,300,200,0.6,7,3,4,412.33090530697166,0.6579501915708812,0.08575268817204251,0.25564516129032255,133472.2222222223,5006.944444444454,138479.16666666677,3725,226,1133.5333333333333,30,0,19,31.01478494623655,0.6694444444444445,41.66666666666667,1033.3333333333342,34.44444444444447,0
3783,4,0,0,30,0.0,0.0,1.0,30,1150,900,250,0.782608695652174,14,9,5,411.79814246747253,0.6565613026819923,0.09391496554414247,0.25603391380091617,133576.40921277032,5001.303438258766,138577.71265102908,3726,227,1134.5333333333333,30,0,19,30.923590343691764,0.6704861111111111,41.56586021505377,1033.7365591397854,34.45788530465951,0
3784,4,0,0,30,0.0,0.0,1.0,30,700,500,200,0.7142857142857143,9,5,4,410.05241689858224,0.659051724137931,0.10806893850372079,0.24748553672389634,132467.1769315818,4863.69721210546,137330.87414368728,3727,228,1135.5333333333333,30,0,22,32.08806632719676,0.6593749999999999,42.64112903225807,1029.4354838709687,34.31451612903229,6
3785,4,0,0,30,0.0,0.0,1.0,30,900,600,300,0.6666666666666666,12,6,6,409.7940463398076,0.6585727969348659,0.10965931340556034,0.2477847031577956,132536.36845661368,4862.522943403885,137398.89140001757,3728,229,1136.5333333333333,30,0,22,32.02475742940435,0.6600694444444444,42.57392473118281,1029.7043010752702,34.323476702509005,0
3786,4,0,0,30,0.0,0.0,1.0,30,800,600,200,0.75,10,6,4,407.7780185318891,0.6546455938697319,0.1111908177905303,0.24793291578778726,132744.05142574303,4826.0212524569515,137570.0726782,3729,230,1137.5333333333333,30,0,17,31.866821007782264,0.6621527777777776,42.372311827957,1030.5107526881734,34.35035842293912,0
3787,4,0,0,30,0.0,0.0,1.0,30,700,500,200,0.7142857142857143,9,5,4,408.65422177038386,0.6563697318007663,0.11008388751249609,0.24892527615226964,132813.31521346405,4854.9443938605755,137668.25960732464,3730,231,1138.5333333333333,30,0,18,31.774296953101242,0.6628472222222221,42.30510752688173,1030.7795698924738,34.359318996415794,0
3788,4,0,0,30,0.0,0.0,1.0,30,950,800,150,0.8421052631578947,11,8,3,402.9806211130679,0.6582375478927204,0.1047606637129701,0.24660871502565268,132986.5537200833,4718.2008035611125,137704.7545236444,3731,232,1139.5333333333333,30,0,18,31.745721483798114,0.6645833333333333,42.13709677419355,1031.451612903226,34.381720430107535,0
3789,4,0,0,30,0.0,0.0,1.0,30,800,700,100,0.875,9,7,2,403.2360074547566,0.6575191570881226,0.10943076722678113,0.24745346356755954,133090.55102107205,4733.380484738154,137823.9315058102,3732,233,1140.5333333333333,30,0,18,31.634264686726592,0.6656249999999999,42.03629032258066,1031.8548387096794,34.39516129032265,0
3790,4,0,0,30,0.0,0.0,1.0,30,950,700,250,0.7368421052631579,12,7,5,401.4380560980899,0.6591954022988505,0.10225694444444389,0.24703880375267107,133194.58896982335,4693.875375766018,137888.46434558937,3733,234,1141.5333333333333,30,0,19,31.575792100694446,0.6666666666666665,41.93548387096776,1032.258064516131,34.4086021505377,0
3791,4,1,0,31,0.03225806451612903,0.0,1.0,31,750,300,450,0.4,12,3,9,392.81997918834537,0.6706989247311828,0.09469302809573343,0.24354838709677423,133472.22222222228,4286.11111111112,137758.3333333334,3734,0,1105.6774193548388,31,0,20,31.51881720430107,0.6666666666666666,41.66666666666667,1033.333333333334,33.33333333333335,0
3792,4,0,0,31,0.0,0.0,1.0,31,550,300,250,0.5454545454545454,8,3,5,394.2599882859171,0.671236559139785,0.0949412104191476,0.2446631373749277,133505.86149427635,4327.203877766946,137833.0653720433,3735,1,1106.6774193548388,31,0,20,31.447781487547783,0.6670026881720429,41.63411458333334,1033.4635416666677,33.33753360215057,0
3793,4,0,0,31,0.0,0.0,1.0,31,500,300,200,0.6,7,3,4,395.36376684992746,0.6701612903225806,0.09310868911483383,0.24557101574763107,133539.5050048829,4359.336344401056,137898.84134928396,3736,2,1107.6774193548388,31,0,20,31.38542454018646,0.6673387096774193,41.60156250000001,1033.5937500000007,33.341733870967765,0
3794,4,0,0,31,0.0,0.0,1.0,31,700,300,400,0.42857142857142855,11,3,8,399.2584398212853,0.6688172043010753,0.09697324217718561,0.24866755063692786,133640.4609680177,4471.416388617634,138111.87735663532,3737,3,1108.6774193548388,31,0,21,31.18323154094783,0.6683467741935483,41.50390625000001,1033.984375000001,33.35433467741938,0
3795,4,0,0,31,0.0,0.0,1.0,31,350,200,150,0.5714285714285714,5,2,3,399.2584398212853,0.6688172043010753,0.09697324217718561,0.24866755063692786,133640.4609680177,4471.416388617634,138111.87735663532,3738,4,1109.6774193548388,31,0,21,31.18323154094783,0.6683467741935483,41.50390625000001,1033.984375000001,33.35433467741938,0
3796,4,0,0,31,0.0,0.0,1.0,31,800,500,300,0.625,11,5,6,396.6170822770295,0.6661290322580645,0.08860918816866015,0.24792468282383998,133775.12825859943,4411.500210232242,138186.62846883168,3739,5,1110.6774193548388,31,0,16,31.116136983427733,0.6696908602150536,41.373697916666686,1034.5052083333353,33.37113575268823,0
3797,4,0,0,31,0.0,0.0,1.0,31,550,300,250,0.5454545454545454,8,3,5,396.6612287103567,0.6660394265232975,0.08807840016888191,0.2481787498687005,133808.80567762596,4415.353054470505,138224.15873209646,3740,6,1111.6774193548388,31,0,16,31.081151942277046,0.67002688172043,41.34114583333334,1034.6354166666677,33.37533602150541,0
3798,4,0,0,31,0.0,0.0,1.0,31,450,400,50,0.8888888888888888,5,4,1,394.44866721763924,0.6665770609318996,0.09039401269542391,0.24724589960929028,133876.17323133696,4361.455620659745,138237.6288519967,3741,7,1112.6774193548388,31,0,16,31.070709612481124,0.6706989247311826,41.27604166666668,1034.8958333333346,33.38373655913983,0
3799,4,0,0,31,0.0,0.0,1.0,31,750,300,450,0.4,12,3,9,396.4090028084329,0.6653225806451613,0.09270846013390122,0.24892982403847125,133943.55773925805,4419.286431206626,138362.84417046467,3742,8,1113.6774193548388,31,0,16,30.95230607966457,0.6713709677419354,41.210937500000014,1035.1562500000018,33.39213709677425,0
3800,4,0,1,30,0.0,0.03225806451612903,0.967741935483871,31,950,700,250,0.7368421052631579,12,7,5,396.5876566054894,0.6655017921146953,0.09524543297986643,0.250186741339942,134112.09318372942,4437.44015163846,138549.5333353679,3743,9,1114.6774193548388,31,0,16,30.77846742090928,0.6730510752688172,41.048177083333336,1035.807291666667,33.41313844086022,0
3801,4,0,0,30,0.0,0.0,1.0,30,750,500,250,0.6666666666666666,10,5,5,406.75989259778953,0.6568486590038315,0.10637846726383637,0.25577726144332846,133993.56365258992,4900.641512024513,138894.20516461442,3744,245,1152.5333333333333,30,0,16,30.63416850577697,0.6746527777777778,41.16263440860215,1035.3494623655918,34.51164874551973,0
3802,4,0,0,30,0.0,0.0,1.0,30,900,600,300,0.6666666666666666,12,6,6,407.0425807388573,0.6545977011494253,0.10191193009775956,0.25668331646265397,134097.95388195151,4916.71544398195,139014.66932593347,3745,246,1153.5333333333333,30,0,16,30.521941776970333,0.6756944444444444,41.06182795698924,1035.7526881720419,34.52508960573473,0
3803,4,0,0,30,0.0,0.0,1.0,30,600,500,100,0.8333333333333334,7,5,2,408.8408992722953,0.6555076628352491,0.10578694693136104,0.25806198285762316,134132.75965790838,4967.791616082774,139100.55127399115,3746,247,1154.5333333333333,30,0,16,30.440400501708403,0.6760416666666667,41.02822580645161,1035.887096774193,34.5295698924731,0
3804,4,0,0,30,0.0,0.0,1.0,30,600,500,100,0.8333333333333334,7,5,2,406.9043699623757,0.655411877394636,0.10763609633761395,0.25732779229203867,134202.38475907609,4921.507363568027,139123.89212264412,3747,248,1155.5333333333333,30,0,17,30.420612271371127,0.6767361111111112,40.96102150537634,1036.1559139784938,34.53853046594979,0
3805,4,0,0,30,0.0,0.0,1.0,30,500,200,300,0.4,8,2,6,392.95180092447094,0.655411877394636,0.08011068985052527,0.23500299650283646,132121.49029150762,4383.475510174585,136504.9658016822,3748,249,1156.5333333333333,30,0,19,32.87739138013686,0.6559027777777777,42.97715053763441,1028.091397849462,34.26971326164873,7
3806,4,0,0,30,0.0,0.0,1.0,30,500,300,200,0.6,7,3,4,392.95180092447094,0.655411877394636,0.08011068985052527,0.23500299650283646,132121.49029150762,4383.475510174585,136504.9658016822,3749,250,1157.5333333333333,30,0,19,32.87739138013686,0.6559027777777777,42.97715053763441,1028.091397849462,34.26971326164873,0
3807,4,0,0,30,0.0,0.0,1.0,30,900,600,300,0.6666666666666666,12,6,6,393.8302302184785,0.6544540229885057,0.07277755999825808,0.2363908040676091,132259.71075052026,4417.574466701354,136677.28521722162,3750,251,1158.5333333333333,30,0,19,32.71511172089378,0.6572916666666666,42.84274193548387,1028.6290322580644,34.287634408602145,0
3808,4,0,0,30,0.0,0.0,1.0,30,650,300,350,0.46153846153846156,10,3,7,395.67910899541437,0.6542624521072797,0.0765382103200527,0.23793586640690448,132328.84807853494,4471.952140420839,136800.8002189558,3751,252,1159.5333333333333,30,0,19,32.59770302634443,0.6579861111111112,42.77553763440859,1028.8978494623643,34.29659498207881,0
3809,4,0,0,30,0.0,0.0,1.0,30,750,600,150,0.8,9,6,3,396.82669770033925,0.65522030651341,0.08002699055330598,0.23906388861459474,132398.00347222228,4507.812500000005,136905.81597222228,3752,253,1160.5333333333333,30,0,20,32.498313090418364,0.6586805555555555,42.708333333333336,1029.166666666667,34.305555555555564,0
3810,4,0,0,30,0.0,0.0,1.0,30,1350,1100,250,0.8148148148148148,16,11,5,402.618840106265,0.6548371647509579,0.08913393362042688,0.2438947171331468,132605.57804731754,4677.900805006348,137283.4788523239,3753,254,1161.5333333333333,30,0,20,32.1395558745487,0.6607638888888889,42.50672043010752,1029.9731182795692,34.33243727598564,0
3811,4,0,0,30,0.0,0.0,1.0,30,750,400,350,0.5333333333333333,11,4,7,402.580975121715,0.6546934865900383,0.09732150621793179,0.2445472072332066,132709.42630650935,4685.258050063579,137394.68435657292,3754,255,1162.5333333333333,30,0,18,32.035666144882164,0.6618055555555555,42.40591397849462,1030.376344086021,34.345878136200696,0
3812,4,0,0,30,0.0,0.0,1.0,30,750,600,150,0.8,9,6,3,401.8926323951175,0.6556992337164751,0.09340028694404579,0.2443545450097832,132744.05142574292,4669.771252456939,137413.82267819985,3755,256,1163.5333333333333,30,0,18,32.0184448502239,0.6621527777777778,42.37231182795699,1030.5107526881725,34.35035842293908,0
3813,4,1,1,30,0.03225806451612903,0.03225806451612903,0.967741935483871,31,600,400,200,0.6666666666666666,8,4,4,393.34215493258205,0.671415770609319,0.08730281535291695,0.24080807970447565,133001.71746148012,4263.036431206604,137264.7538926867,3756,0,1126.967741935484,31,0,18,31.97898258015651,0.6619623655913978,42.122395833333336,1031.5104166666672,33.27452956989249,0
3814,4,0,0,30,0.0,0.0,1.0,30,750,500,250,0.6666666666666666,10,5,5,403.03150322375575,0.6544061302681993,0.08972620599739245,0.24572747454103377,132847.9538819516,4708.382110648621,137556.33599260022,3757,258,1165.5333333333333,30,0,18,31.88423511516733,0.6631944444444444,42.27150537634408,1030.913978494623,34.3637992831541,0
3815,4,0,0,30,0.0,0.0,1.0,30,650,600,50,0.9230769230769231,7,6,1,401.3487727583414,0.6547892720306514,0.08240813135261948,0.24561008629565478,132986.5537200832,4674.798025783321,137661.35174586653,3758,259,1166.5333333333333,30,0,18,31.787800799235516,0.6645833333333333,42.137096774193544,1031.4516129032254,34.381720430107514,0
3816,4,0,0,30,0.0,0.0,1.0,30,700,600,100,0.8571428571428571,8,6,2,402.9098928099171,0.6538793103448276,0.08143371976900693,0.24725333709845979,133090.55102107173,4724.699929182557,137815.2509502543,3759,260,1167.5333333333333,30,0,18,31.642677261082888,0.665625,42.03629032258064,1031.8548387096769,34.39516129032256,0
3817,4,0,0,30,0.0,0.0,1.0,30,1050,900,150,0.8571428571428571,12,9,3,407.1159581801755,0.6535919540229885,0.08166037408323557,0.2507664534708845,133229.2773189098,4847.952978668062,138077.23029757786,3760,261,1168.5333333333333,30,0,19,31.394295447641365,0.6670138888888888,41.90188172043011,1032.3924731182801,34.413082437276,0
3818,4,0,0,30,0.0,0.0,1.0,30,800,500,300,0.625,11,5,6,411.7310781193509,0.6545498084291188,0.08316974218034301,0.2444473323939363,131845.26616155042,4856.958716325581,136702.224877876,3761,262,1169.5333333333333,30,0,18,32.67460629062514,0.653125,43.24596774193548,1027.0161290322576,34.23387096774192,6
3819,4,0,0,30,0.0,0.0,1.0,30,500,200,300,0.4,8,2,6,411.7310781193509,0.6545498084291188,0.08316974218034301,0.2444473323939363,131845.26616155042,4856.958716325581,136702.224877876,3762,263,1170.5333333333333,30,0,18,32.67460629062514,0.653125,43.24596774193548,1027.0161290322576,34.23387096774192,0
3820,4,0,0,30,0.0,0.0,1.0,30,1050,900,150,0.8571428571428571,12,9,3,414.2579414083337,0.6534003831417625,0.08015260518857614,0.24684348885944743,131983.34209518437,4935.029519308588,136918.37161449296,3763,264,1171.5333333333333,30,0,18,32.46975147155003,0.654513888888889,43.111559139784944,1027.55376344086,34.251792114695334,0
3821,4,1,1,30,0.03225806451612903,0.03225806451612903,0.967741935483871,31,1050,800,250,0.7619047619047619,13,8,5,403.99423169363894,0.6691756272401433,0.07526337280522655,0.24251933361548225,132264.0313042534,4486.781141493051,136750.81244574647,3764,0,1134.7096774193549,31,0,18,32.44936708860759,0.6545698924731183,42.838541666666664,1028.645833333333,33.18212365591397,0
3822,4,0,0,30,0.0,0.0,1.0,30,1050,800,250,0.7619047619047619,13,8,5,415.9040753854078,0.6556034482758621,0.08981396767307115,0.2491841880010771,132190.5914881778,4995.721145508144,137186.31263368594,3765,266,1173.5333333333333,30,0,18,32.21746612643227,0.6565972222222223,42.909946236559136,1028.360215053763,34.27867383512544,0
3823,4,0,0,30,0.0,0.0,1.0,30,800,600,200,0.75,10,6,4,414.20118343195264,0.6559865900383142,0.08191632928475023,0.2495309568480301,132398.00347222228,4968.044535495439,137366.0480077177,3766,267,1174.5333333333333,29,1,18,32.05128205128206,0.6616379310344828,42.708333333333336,1029.166666666667,35.488505747126446,0
3824,4,0,0,30,0.0,0.0,1.0,30,700,400,300,0.5714285714285714,10,4,6,415.1127865752915,0.6562739463601532,0.08778557294477407,0.25055504675049356,132469.4830246913,4997.955246913574,137467.43827160486,3767,268,1175.5333333333333,29,1,19,31.955500089944238,0.6623563218390804,42.638888888888886,1029.4444444444441,35.49808429118773,0
3825,4,0,0,30,0.0,0.0,1.0,30,900,600,300,0.6666666666666666,12,6,6,412.1040344533029,0.6554597701149425,0.08631340816148958,0.24941083033026898,132570.9709937565,4926.606399583766,137497.57739334027,3768,269,1176.5333333333333,30,0,19,31.930305403288955,0.6604166666666667,42.54032258064516,1029.8387096774193,34.32795698924731,0
3826,4,0,0,30,0.0,0.0,1.0,30,550,200,350,0.36363636363636365,9,2,7,421.3064396980035,0.6554597701149425,0.1018380189234458,0.24291928860582632,130723.78713348777,5018.007766834012,135741.79490032178,3769,270,1177.5333333333333,29,1,18,33.56916904341528,0.6447557471264367,44.340277777777786,1022.6388888888898,35.26340996168586,3
3827,4,2,0,32,0.0625,0.0,1.0,32,400,300,100,0.75,5,3,2,384.54647227803116,0.6859459005376345,0.09407580364900081,0.21411823960912915,129361.8974626314,3549.1322632894635,132911.02972592087,3770,0,1104.875,32,0,20,35.895546315833016,0.6227213541666666,45.67550505050505,1017.2979797979801,31.79056186868688,8
3828,4,0,0,32,0.0,0.0,1.0,32,1100,800,300,0.7272727272727273,14,8,6,382.95973326509784,0.6844338037634409,0.09635578235513109,0.21358287130681122,129426.12879106721,3512.999151872258,132939.12794293946,3771,1,1105.875,32,0,17,35.87035198742607,0.6233723958333334,45.61237373737374,1017.5505050505049,31.798453282828277,0
3829,4,1,0,33,0.030303030303030304,0.0,1.0,33,900,800,100,0.8888888888888888,10,8,2,373.74383680228834,0.6994949494949495,0.08948379500526737,0.210069811719907,129731.44531250012,3097.265625000015,132828.71093750015,3772,0,1073.3333333333333,33,0,18,35.793711656441715,0.6240530303030303,45.31250000000001,1018.7500000000009,30.87121212121215,0
3830,4,1,0,34,0.029411764705882353,0.0,1.0,34,600,400,200,0.6666666666666666,8,4,4,364.54985581458925,0.7100415923945336,0.08772712914257452,0.20625720375876982,129989.29280045368,2677.515589569177,132666.80839002287,3773,0,1042.735294117647,34,0,20,35.7656724258697,0.6243872549019607,45.05952380952382,1019.7619047619062,29.992997198879593,0
3831,4,2,2,34,0.05555555555555555,0.05555555555555555,0.9444444444444444,36,450,300,150,0.6666666666666666,6,3,3,347.52367516531825,0.7336640211640212,0.07243243583449788,0.19906498901260644,130469.43486636235,1868.5304900959945,132337.96535645836,3774,0,985.75,35,1,20,35.712987613760816,0.6270833333333332,44.589120370370374,1021.6435185185189,29.189814814814827,0
3832,4,0,1,33,0.0,0.029411764705882353,0.9705882352941176,34,900,700,200,0.7777777777777778,11,7,4,356.4576678522774,0.7088161021984551,0.04112794204305126,0.18962653992016143,127542.56129535152,2292.7047902494314,129835.26608560096,3775,2,1044.735294117647,34,0,18,38.468621096051834,0.5995710784313726,47.470238095238095,1010.119047619048,29.709383753501413,8
3833,4,1,0,34,0.029411764705882353,0.0,1.0,34,750,500,250,0.6666666666666666,10,5,5,356.08093337426396,0.7125668449197862,0.06495934846743023,0.19070311778568705,127813.27239229021,2302.373866213146,130115.64625850336,3776,0,1045.6470588235295,34,0,19,38.20073973785417,0.602328431372549,47.20238095238095,1011.1904761904759,29.74089635854341,0
3834,4,0,0,34,0.0,0.0,1.0,34,750,600,150,0.8,9,6,3,356.15159321679255,0.7138294711824124,0.06349008529965672,0.1910267636344613,127873.46938775503,2308.4679705215335,130181.93735827657,3777,1,1046.6470588235295,34,0,19,38.137309714375384,0.6029411764705883,47.14285714285714,1011.4285714285709,29.74789915966385,0
3835,4,2,2,34,0.05555555555555555,0.05555555555555555,0.9444444444444444,36,1000,600,400,0.6,14,6,8,340.7994868571429,0.7430555555555556,0.05763056925847598,0.18528523825681442,128415.88010204078,1553.3871882086107,129969.2672902494,3778,0,989.4444444444445,34,2,15,37.97152728838774,0.6084558823529411,46.607142857142854,1013.5714285714283,29.81092436974789,0
3836,4,2,1,35,0.05555555555555555,0.027777777777777776,0.9722222222222222,36,900,600,300,0.6666666666666666,12,6,6,344.34337598873674,0.7451719576719578,0.06920649821377367,0.18835008024236294,128657.3200113379,1660.4591836734717,130317.77919501138,3779,0,990.3888888888889,34,2,16,37.635433779238035,0.610906862745098,46.36904761904762,1014.5238095238097,29.838935574229698,0
3837,4,2,3,34,0.05405405405405406,0.08108108108108109,0.9189189189189189,37,550,200,350,0.36363636363636365,9,2,7,338.0054717221758,0.7567567567567568,0.06019221821296861,0.1856384466171072,128819.24518014828,1308.321946802125,130127.56712695041,3780,0,964.5675675675676,35,2,16,37.631232660662036,0.6104166666666666,46.20949074074074,1015.1620370370367,29.00462962962962,0
3838,4,3,2,35,0.08108108108108109,0.05405405405405406,0.9459459459459459,37,750,500,250,0.6666666666666666,10,5,5,337.7875497168943,0.7561311311311312,0.0728972307919673,0.18648422084370442,129024.94454089507,1316.6039737654282,130341.5485146605,3781,0,965.2162162162163,35,2,17,37.42737525632261,0.6125,46.00694444444444,1015.9722222222223,29.02777777777778,0
3839,4,1,0,36,0.027777777777777776,0.0,1.0,36,750,600,150,0.8,9,6,3,345.42629315305027,0.7446097883597884,0.08337890803026182,0.19053151644957853,128989.67013888898,1711.2847222222315,130700.95486111121,3782,0,993.0,34,2,18,37.26927809680064,0.6142769607843137,46.04166666666667,1015.833333333334,29.87745098039218,0
3840,4,2,1,37,0.05263157894736842,0.02631578947368421,0.9736842105263158,38,650,400,250,0.6153846153846154,9,4,5,333.8721445464188,0.7651730678046468,0.09862163703884774,0.18704287056931332,129602.41280131479,1054.1271000730383,130656.53990138782,3783,0,941.6842105263158,36,2,16,36.94011280690115,0.6163194444444444,45.439189189189186,1018.2432432432429,28.284534534534526,0
3841,4,1,1,37,0.02631578947368421,0.02631578947368421,0.9736842105263158,38,1450,900,550,0.6206896551724138,20,9,11,333.1237675635092,0.7674845898530109,0.09612463995810416,0.1870331767605177,129688.4273420379,1040.4595051132133,130728.88684715112,3784,0,942.6578947368421,36,2,16,36.871890547263696,0.6171875,45.354729729729726,1018.5810810810805,28.2939189189189,0
3842,4,0,1,36,0.0,0.02702702702702703,0.972972972972973,37,1050,900,150,0.8571428571428571,12,9,3,336.6859504132234,0.7561311311311312,0.10277641277641325,0.18895640074211492,129672.4965706445,1331.7815500685638,131004.27812071306,3785,2,969.1351351351351,35,2,16,36.797348484848506,0.6190476190476191,45.37037037037036,1018.5185185185167,29.100529100529048,0
3843,4,2,3,35,0.05263157894736842,0.07894736842105263,0.9210526315789473,38,1500,900,600,0.6,21,9,12,327.70279602807113,0.7629800853485064,0.08747797568166371,0.18479987581620386,129860.54202428772,911.1325430159795,130771.6745673037,3786,0,944.5,36,2,17,36.835478584318494,0.6189236111111112,45.18581081081081,1019.2567567567561,28.31268768768767,0
3844,4,1,0,36,0.027777777777777776,0.0,1.0,36,800,700,100,0.875,9,7,2,341.6081907924162,0.7565476190476191,0.11808880584426551,0.19282735252178373,129898.25857426293,1674.861819727879,131573.1203939908,3787,0,982.6111111111111,34,2,18,36.44288411382304,0.623468137254902,45.14880952380952,1019.404761904761,29.982492997198854,0
3845,4,1,0,37,0.02702702702702703,0.0,1.0,37,900,500,400,0.5555555555555556,13,5,8,334.17833567264154,0.767454954954955,0.1227353643179514,0.19054861661075428,130292.12648158854,1308.161195773303,131600.28767736183,3788,0,957.027027027027,35,2,20,36.23325492196651,0.625297619047619,44.762731481481474,1020.9490740740731,29.169973544973516,0
3846,4,0,0,37,0.0,0.0,1.0,37,950,600,350,0.631578947368421,13,6,7,335.6843887680667,0.7662037037037037,0.13137738304877167,0.19199058528050467,130410.31867551853,1355.3416227280359,131765.66029824657,3789,1,958.027027027027,35,2,21,36.07518885741265,0.6264880952380952,44.64699074074073,1021.4120370370358,29.183201058201025,0
3847,4,3,3,37,0.075,0.075,0.925,40,550,200,350,0.36363636363636365,9,2,7,317.93971693173864,0.7905715811965812,0.12518846194115807,0.18064498729417214,130153.5462437905,276.196330082533,130429.74257387302,3790,0,887.1,38,2,14,36.78781453948976,0.6181469298245614,44.898504273504265,1020.4059829059818,26.852789023841627,1
3848,4,0,0,37,0.0,0.0,1.0,37,1150,800,350,0.6956521739130435,15,8,7,344.05545299550414,0.7660785785785785,0.1402113396204978,0.1932375265994528,129701.96926708223,1524.9339581189665,131226.90322520118,3791,3,960.027027027027,35,2,14,36.57976839753058,0.6193452380952382,45.34143518518517,1018.6342592592572,29.10383597883592,0
3849,4,1,1,37,0.02631578947368421,0.02631578947368421,0.9736842105263158,38,1250,800,450,0.64,17,8,9,334.6818656432219,0.7742709815078236,0.133717686442254,0.18942993595406346,130004.05811216608,1102.0001420339077,131106.05825419998,3792,0,935.7368421052631,36,2,16,36.51216504711425,0.6203703703703705,45.045045045045036,1019.8198198198187,28.328328328328297,0
3850,4,2,0,39,0.05128205128205128,0.0,1.0,39,850,600,250,0.7058823529411765,11,6,5,328.4967507194494,0.7802519118308592,0.13915480703841054,0.18757144325261974,130346.55044100086,763.6836574715019,131110.23409847237,3793,0,912.6923076923077,37,2,19,36.323217545366674,0.6219031531531533,44.70942982456139,1021.1622807017526,27.598980559506828,0
3851,4,1,1,39,0.025,0.025,0.975,40,1050,500,550,0.47619047619047616,16,5,11,321.02876890359175,0.7854967948717949,0.13254076086956523,0.18459154211956522,130617.28395061725,386.3811728395037,131003.66512345675,3794,0,890.85,38,2,12,36.240375905797116,0.6228070175438596,44.44444444444444,1022.222222222222,26.90058479532163,0
3852,4,0,0,39,0.0,0.0,1.0,39,800,400,400,0.5,12,4,8,327.6521666700989,0.7813765182186235,0.13107247621091855,0.18776524532792008,130486.54994806091,750.840162357646,131237.39011041855,3795,2,914.6923076923077,37,2,21,36.20322672962725,0.6233108108108107,44.57236842105263,1021.7105263157893,27.613798008534843,0
3853,4,1,3,37,0.025,0.075,0.925,40,1250,900,350,0.72,16,9,7,323.68247562070883,0.7860576923076923,0.13699749399603256,0.1873055630827508,130863.12601587026,471.62011925632396,131334.7461351266,3796,0,892.8,38,2,13,35.92439351223419,0.6252741228070176,44.20405982905982,1023.1837606837595,26.925888439046304,0
3854,4,0,0,37,0.0,0.0,1.0,37,600,200,400,0.3333333333333333,10,2,8,345.8917367864285,0.7654529529529529,0.15093969763054083,0.19767802366602613,130380.76560356648,1619.5258916323687,132000.29149519885,3797,9,966.027027027027,35,2,19,35.84447718343911,0.6261904761904762,44.675925925925924,1021.296296296296,29.17989417989417,0
3855,4,0,0,37,0.0,0.0,1.0,37,800,500,300,0.625,11,5,6,345.0032662167262,0.7652027027027027,0.1505612127708449,0.19732040339355847,130410.31867551863,1598.397178283607,132008.71585380225,3798,10,967.027027027027,35,2,19,35.83722851746933,0.6264880952380951,44.64699074074074,1021.4120370370366,29.183201058201046,0
3856,4,1,1,37,0.02631578947368421,0.02631578947368421,0.9736842105263158,38,1050,800,250,0.7619047619047619,13,8,5,336.0860547114597,0.7760194404931247,0.14663559096021594,0.1933453234899007,130636.47050766986,1181.0191948705499,131817.48970254042,3799,0,942.5526315789474,36,2,14,35.83617904090477,0.6267361111111112,44.42567567567568,1022.2972972972975,28.39714714714715,0
3857,4,0,0,37,0.0,0.0,1.0,37,1050,900,150,0.8571428571428571,12,9,3,346.34612167367567,0.762575075075075,0.15367661239220887,0.19869330138121374,130528.56445312487,1641.6124131944302,132170.1768663193,3800,12,969.027027027027,35,2,14,35.68318892286782,0.6276785714285715,44.53124999999999,1021.874999999999,29.19642857142854,0
3858,4,1,2,36,0.02631578947368421,0.05263157894736842,0.9473684210526316,38,1050,800,250,0.7619047619047619,13,8,5,337.59758709852764,0.7702999051683262,0.14246544405904182,0.19581521819645947,130953.25213304527,1241.9003885642474,132195.15252160953,3801,0,944.5,36,2,16,35.47740858913705,0.6299189814814814,44.115990990990994,1023.5360360360366,28.431556556556572,0
3859,4,0,0,36,0.0,0.0,1.0,36,800,600,200,0.75,10,6,4,354.68196185438086,0.7526455026455027,0.15129927271786103,0.20383529615004775,130597.00255102031,2064.0802154194894,132661.0827664398,3802,14,997.5833333333334,34,2,16,35.40089486761394,0.630514705882353,44.46428571428571,1022.1428571428564,30.063025210084014,0
3860,4,0,0,36,0.0,0.0,1.0,36,1200,1000,200,0.8333333333333334,14,10,4,356.89116582941955,0.7528769841269842,0.15138549307253446,0.20558941806229913,130688.28124999977,2128.298611111082,132816.57986111086,3803,15,998.5833333333334,34,2,16,35.251969573485454,0.6314338235294119,44.374999999999986,1022.4999999999982,30.073529411764653,0
3861,4,0,0,36,0.0,0.0,1.0,36,800,600,200,0.75,10,6,4,358.42408079172594,0.7519510582010582,0.1580821014239715,0.2067979367415521,130749.15143140563,2172.7288832199242,132921.88031462554,3804,16,999.5833333333334,34,2,16,35.151127148566346,0.6320465686274511,44.315476190476176,1022.738095238093,30.08053221288509,0
3862,4,0,1,35,0.0,0.027777777777777776,0.9722222222222222,36,850,400,450,0.47058823529411764,13,4,9,358.3837485503191,0.7505621693121693,0.15811841509921765,0.2074281696154876,130870.93431122438,2180.4032029478276,133051.33751417222,3805,17,1000.5833333333334,34,2,16,35.02884428931548,0.6332720588235294,44.19642857142856,1023.2142857142848,30.09453781512602,0
3863,4,0,0,35,0.0,0.0,1.0,35,850,600,250,0.7058823529411765,11,6,5,363.40483074153485,0.7490196078431373,0.1595577538551063,0.20991973164011024,130794.8133680556,2506.293402777783,133301.1067708334,3806,18,1016.3714285714286,33,2,16,34.977511880515955,0.6347853535353535,44.270833333333336,1022.9166666666671,30.99747474747476,0
3864,4,1,0,36,0.027777777777777776,0.0,1.0,36,1200,1000,200,0.8333333333333334,14,10,4,352.80421872747377,0.7577711640211641,0.15990380269868942,0.20582239336609598,131175.63952664414,2055.863803854893,133231.50333049902,3807,0,989.1111111111111,34,2,18,34.86345148169669,0.6363357843137254,43.89880952380953,1024.404761904763,30.129551820728324,0
3865,4,0,0,36,0.0,0.0,1.0,36,850,700,150,0.8235294117647058,10,7,3,353.6912957965468,0.7582010582010582,0.15958263945367457,0.20666809116910254,131236.6230867348,2083.450255102057,133320.07334183686,3808,1,990.1111111111111,34,2,18,34.779104217497405,0.6369485294117647,43.83928571428572,1024.642857142858,30.136554621848767,0
3866,4,0,0,36,0.0,0.0,1.0,36,650,200,450,0.3076923076923077,11,2,9,355.1330951227841,0.7580357142857144,0.15894033502729132,0.2078455754998183,131298.46810967496,2125.686272933795,133424.15438260874,3809,2,991.1111111111111,35,1,19,34.67967720685111,0.6354166666666667,43.778935185185176,1024.8842592592582,29.282407407407376,0
3867,4,0,0,36,0.0,0.0,1.0,36,700,500,200,0.7142857142857143,9,5,4,358.06062535503577,0.7580357142857144,0.15661731281252012,0.20086614097785774,129655.65653344669,2084.9204408164965,131740.57697426318,3810,3,992.1111111111111,34,2,16,36.270212351451384,0.6210171568627452,45.38690476190476,1018.4523809523807,29.95448179271708,2
3868,4,0,0,36,0.0,0.0,1.0,36,800,400,400,0.5,12,4,8,359.6725150668183,0.7566798941798942,0.16978193146417486,0.20255241637973423,129807.25623582746,2137.620464852584,131944.87670068003,3811,4,993.1111111111111,34,2,16,36.075009735202485,0.6225490196078433,45.23809523809523,1019.0476190476174,29.97198879551816,0
3869,4,0,0,36,0.0,0.0,1.0,36,750,600,150,0.8,9,6,3,360.5666534512604,0.7558531746031747,0.1726855637321707,0.20321337196815248,129837.58680555537,2163.020833333309,132000.60763888867,3812,5,994.1111111111111,34,2,16,36.02139547560641,0.6228553921568629,45.20833333333332,1019.1666666666652,29.975490196078386,0
3870,4,0,0,36,0.0,0.0,1.0,36,800,500,300,0.625,11,5,6,364.18975536232324,0.7549603174603176,0.17889485702423635,0.2057335794804044,129928.59977324241,2263.732993197252,132192.33276643968,3813,6,995.1111111111111,34,2,16,35.836544449634125,0.6237745098039217,45.119047619047606,1019.5238095238077,29.98599439775905,0
3871,4,1,0,37,0.02702702702702703,0.0,1.0,37,1150,800,350,0.6956521739130435,15,8,7,356.031172140575,0.762575075075075,0.1699840007846365,0.20254728231842467,130203.51750042831,1871.3021905006442,132074.81969092894,3814,0,969.1891891891892,35,2,17,35.76538519694564,0.624404761904762,44.84953703703702,1020.6018518518489,29.160052910052826,0
3872,4,1,1,37,0.02631578947368421,0.02631578947368421,0.9736842105263158,38,900,500,400,0.5555555555555556,13,5,8,351.5818240529989,0.7713371266002845,0.1609920768418731,0.2016595114700953,130521.37230135522,1577.7884303221945,132099.16073167743,3815,0,944.6578947368421,36,2,14,35.55671883035781,0.6255787037037038,44.53828828828828,1021.8468468468453,28.384634634634594,0
3873,4,1,0,38,0.02631578947368421,0.0,1.0,38,1050,700,350,0.6666666666666666,14,7,7,358.5416514262182,0.7712778568041726,0.16750966264255363,0.20490748265446562,130380.7656035665,1762.781943292137,132143.54754685864,3816,0,945.6315789473684,35,3,19,35.52149440918706,0.6261904761904762,44.675925925925924,1021.2962962962961,29.179894179894173,7
3874,4,0,0,38,0.0,0.0,1.0,38,950,800,150,0.8421052631578947,11,8,3,357.3174971310262,0.7708629682313893,0.16462501863724555,0.20436337732866525,130410.31867551863,1719.5777338391629,132129.89640935778,3817,1,946.6315789473684,35,3,19,35.522780925401335,0.6264880952380951,44.64699074074074,1021.4120370370366,29.183201058201046,0
3875,4,2,1,39,0.05,0.025,0.975,40,900,600,300,0.6666666666666666,12,6,6,354.3853759765621,0.7919871794871794,0.2335611979166663,0.1890055338541668,127645.4293628811,1082.6640216369024,128728.093384518,3818,0,900.25,37,3,15,38.41552734375,0.5945945945945945,47.36842105263159,1010.5263157894755,27.311522048364203,7
3876,4,2,1,40,0.04878048780487805,0.024390243902439025,0.975609756097561,41,1000,500,500,0.5,15,5,10,353.345304364881,0.8036077235772358,0.24791856531611556,0.19042055822257575,128063.41428336619,850.1212195923717,128913.53550295856,3819,0,879.1951219512196,38,3,16,38.013906480895095,0.5970394736842106,46.955128205128204,1012.1794871794871,26.636302294197026,0
3877,4,3,2,41,0.06976744186046512,0.046511627906976744,0.9534883720930233,43,1250,1000,250,0.8,15,10,5,335.95398479313576,0.8191675895164267,0.24217295899375002,0.18376837785689062,128658.86843450964,44.74327014392938,128703.61170465357,3820,0,839.2325581395348,38,5,15,37.846637180567264,0.6030701754385963,46.36752136752138,1014.5299145299159,26.698155645524103,0
3878,4,1,1,41,0.023809523809523808,0.023809523809523808,0.9761904761904762,42,1000,700,300,0.7,13,7,6,346.16368805127627,0.8098141695702671,0.2537212031375453,0.18928525070037894,128644.60699445991,506.41832102186083,129151.02531548178,3821,0,860.1904761904761,37,5,15,37.60223014843637,0.6047297297297296,46.381578947368425,1014.473684210527,27.418207681365594,0
3879,4,1,0,42,0.023809523809523808,0.0,1.0,42,950,800,150,0.8421052631578947,11,8,3,344.24846876180777,0.8159601238869532,0.25524015221639407,0.18929577320275187,128867.17547706986,472.46556632809757,129339.64104339796,3822,0,861.1666666666666,37,5,18,37.42395608351332,0.6069819819819819,46.16228070175438,1015.3508771929824,27.441915599810333,0
3880,4,2,0,44,0.045454545454545456,0.0,1.0,44,1150,1000,150,0.8695652173913043,13,10,3,330.0211669380436,0.8311751233262862,0.2499020270601262,0.18391990438547162,129396.54659366324,-258.4144881117503,129138.13210555149,3823,0,822.9772727272727,37,7,21,37.247076732406505,0.6123310810810811,45.64144736842104,1017.4342105263142,27.4982219061166,0
3881,4,1,2,43,0.022222222222222223,0.044444444444444446,0.9555555555555556,45,1450,1000,450,0.6896551724137931,19,10,9,322.1283625363204,0.835395622895623,0.24799934729652562,0.18074453678980235,129663.42872242305,-646.3464049601962,129017.08231746286,3824,0,805.6666666666666,38,7,14,37.17721773488583,0.6132127192982457,45.3792735042735,1018.4829059829054,26.80218173639225,0
3882,4,2,2,43,0.044444444444444446,0.044444444444444446,0.9555555555555556,45,1150,600,550,0.5217391304347826,17,6,11,322.36487197631374,0.8340488215488215,0.23699462677072303,0.18131402028754037,129757.97661675357,-634.117296006937,129123.85932074663,3825,0,806.5777777777778,39,6,16,37.075388508332466,0.6124465811965811,45.286458333333336,1018.8541666666674,26.12446581196583,0
3883,4,0,1,42,0.0,0.023255813953488372,0.9767441860465116,43,1200,900,300,0.75,15,9,6,335.1855453184389,0.8202288667404947,0.2440017477865848,0.1872910668767606,129500.26167223683,81.3231654978469,129581.58483773467,3826,2,845.0930232558139,38,5,16,37.01038277177146,0.6115679824561404,45.539529914529915,1017.8418803418803,26.785312640575796,0
3884,4,1,1,42,0.023255813953488372,0.023255813953488372,0.9767441860465116,43,750,400,350,0.5333333333333333,11,4,7,334.32659146195067,0.813861203396087,0.24467781338240413,0.18706976453558016,129554.63927469152,62.712191358046084,129617.35146604957,3827,0,845.9767441860465,38,5,16,36.977035015916336,0.6121162280701753,45.48611111111112,1018.0555555555569,26.790935672514657,0
3885,4,2,1,43,0.045454545454545456,0.022727272727272728,0.9772727272727273,44,1000,600,400,0.6,14,6,8,333.3957379068034,0.8211328400281889,0.2498142437864539,0.18841094010576173,129943.77170138902,-135.46006944443468,129808.31163194458,3828,0,827.7045454545455,39,5,17,36.60604822231302,0.6143162393162394,45.10416666666667,1019.5833333333344,26.14316239316242,0
3886,4,0,1,42,0.0,0.023255813953488372,0.9767441860465116,43,1050,700,350,0.6666666666666666,14,7,7,333.69599301732666,0.8145994832041343,0.24331971078277226,0.18854119960712556,129935.60209155169,71.79795364892055,130007.4000452006,3829,1,847.953488372093,38,5,17,36.6066750497747,0.615953947368421,45.11217948717949,1019.5512820512827,26.830296896086384,0
3887,4,0,0,42,0.0,0.0,1.0,42,1050,700,350,0.6666666666666666,14,7,7,341.5901126018705,0.8061604723190089,0.2506044586509302,0.19268335477833645,129871.11418898108,472.537703908876,130343.65189288996,3830,2,868.9285714285714,37,5,18,36.47088353413653,0.6171171171171171,45.17543859649122,1019.298245614034,27.54860123281173,0
3888,4,0,0,42,0.0,0.0,1.0,42,1350,900,450,0.6666666666666666,18,9,9,342.8012486992721,0.8060878823073945,0.25764464925755326,0.19392041441017183,129982.90339335153,511.6603185595302,130494.56371191106,3831,3,869.9285714285714,37,5,18,36.3266129032258,0.6182432432432434,45.0657894736842,1019.736842105261,27.56045519203408,0
3889,4,0,0,42,0.0,0.0,1.0,42,1500,1200,300,0.8,18,12,6,348.5121227963873,0.8048780487804879,0.2574017786783751,0.1980008433909143,130150.6773718835,671.8177708525574,130822.49514273606,3832,4,870.9285714285714,37,5,19,36.01081739379613,0.6199324324324325,44.90131578947368,1020.394736842104,27.578236130867673,0
3890,4,0,0,42,0.0,0.0,1.0,42,1050,700,350,0.6666666666666666,14,7,7,346.3556851311955,0.8049506387921022,0.2572400388726921,0.19734219269102987,130262.58680555537,623.4374999999798,130886.02430555536,3833,5,871.9285714285714,37,5,19,35.952380952380956,0.6210585585585586,44.79166666666666,1020.8333333333319,27.59009009009005,0
3891,4,2,2,42,0.045454545454545456,0.045454545454545456,0.9545454545454546,44,1250,700,550,0.56,18,7,11,337.7702929720714,0.8160896758280479,0.2518515089798181,0.19511201629327896,130794.81336805565,35.720486111116855,130830.53385416677,3834,0,833.25,39,5,14,35.63306177868296,0.6228632478632479,44.270833333333336,1022.9166666666674,26.2286324786325,0
3892,4,2,2,42,0.045454545454545456,0.045454545454545456,0.9545454545454546,44,950,700,250,0.7368421052631579,12,7,5,327.16487007665097,0.8192389006342495,0.20514627721033385,0.19095943603583762,131194.69536675356,-214.45583767360654,130980.23952907995,3835,0,833.9772727272727,39,5,17,35.50086849686493,0.6268696581196581,43.880208333333336,1024.4791666666672,26.268696581196593,1
3893,4,0,0,42,0.0,0.0,1.0,42,1550,1200,350,0.7741935483870968,19,12,7,339.6317518299628,0.8060878823073945,0.2214226115978304,0.1980772041694451,131163.91354372096,509.48594674552953,131673.3994904665,3836,2,874.6904761904761,38,4,18,35.21263558614933,0.6282894736842106,43.910256410256395,1024.3589743589723,26.956815114709798,0
3894,4,0,0,42,0.0,0.0,1.0,42,600,200,400,0.3333333333333333,10,2,8,341.05030237821717,0.805095818815331,0.21736896197327882,0.19933049665505634,131246.00643080182,552.2980358316595,131798.30446663348,3837,3,875.6904761904761,38,4,18,35.09344698154519,0.6291118421052633,43.83012820512819,1024.6794871794848,26.96524966261802,0
3895,4,0,0,42,0.0,0.0,1.0,42,1150,700,450,0.6086956521739131,16,7,9,340.6676787431705,0.8054829655439412,0.2205201473037608,0.1996803842363572,131356.22409058534,549.7896719985025,131906.01376258384,3838,4,876.6904761904761,37,5,18,34.992044603700926,0.6320382882882885,43.72258771929823,1025.1096491228052,27.70566619250825,0
3896,4,2,2,42,0.045454545454545456,0.045454545454545456,0.9545454545454546,44,750,600,150,0.8,9,6,3,325.810659849874,0.8144600070472164,0.20907384692004793,0.19311579519784752,131782.29302300327,-212.7848307291866,131569.50819227408,3839,0,837.7954545454545,39,5,15,34.943969598593235,0.6327457264957266,43.30729166666666,1026.7708333333317,26.32745726495722,0
3897,4,0,0,42,0.0,0.0,1.0,42,900,600,300,0.6666666666666666,12,6,6,342.76719355738953,0.8041763453348819,0.2138785833880421,0.2020965740464076,131581.125021641,620.3385897583612,132201.46361139935,3840,6,878.6904761904761,37,5,16,34.711423711303496,0.6342905405405406,43.5032894736842,1025.986842105261,27.729374110953003,0
3898,4,0,0,42,0.0,0.0,1.0,42,1150,900,250,0.782608695652174,14,9,5,342.752503147559,0.8043215253581107,0.19956173799863786,0.2034359914119157,131834.36850761742,637.3119613726935,132471.68046899012,3841,7,879.6904761904761,37,5,17,34.4566339241227,0.6368243243243243,43.2565789473684,1026.9736842105237,27.756045519203344,0
3899,4,0,0,42,0.0,0.0,1.0,42,1250,1000,250,0.8,15,10,5,328.0450407774654,0.8037166085946573,0.09859765718883562,0.19389121281749805,131674.6370525931,241.44692228164186,131916.08397487475,3842,8,880.6904761904761,36,6,17,34.99492538951065,0.6371527777777779,43.41216216216216,1026.3513513513512,28.509759759759756,6
3900,4,0,0,42,0.0,0.0,1.0,42,1150,900,250,0.782608695652174,14,9,5,328.6962036723458,0.8027245451025938,0.10525491179143365,0.19486683908221378,131790.24252292822,263.7904796688505,132054.03300259708,3843,9,881.6904761904761,36,6,17,34.86190319514514,0.6383101851851853,43.299549549549546,1026.801801801801,28.52227227227225,0
3901,4,0,0,42,0.0,0.0,1.0,42,900,600,300,0.6666666666666666,12,6,6,326.896659336055,0.8026761517615176,0.10051053966861878,0.1943905688698495,131905.89871966554,223.919527635731,132129.81824730127,3844,10,882.6904761904761,36,6,17,34.79180369801943,0.6394675925925927,43.18693693693693,1027.2522522522518,28.534784784784772,0
3902,4,1,1,42,0.023255813953488372,0.023255813953488372,0.9767441860465116,43,900,600,300,0.6666666666666666,12,6,6,319.06576701455396,0.8105389442598745,0.09725879966472739,0.19107271794779596,132172.40521121875,-165.66203062481978,132006.74318059394,3845,0,863.1395348837209,37,6,17,34.72533233809625,0.6402027027027027,42.92763157894736,1028.2894736842097,27.791607396870532,0
3903,4,0,0,42,0.0,0.0,1.0,42,1350,900,450,0.6666666666666666,18,9,9,355.30425379851675,0.803111691831204,0.141088559186614,0.1980646604402509,129407.39300679421,795.9918085401832,130203.3848153344,3846,12,884.6904761904761,35,7,17,36.59294069692487,0.6163690476190478,45.630787037037024,1017.4768518518501,29.070767195767147,4
3904,4,0,0,42,0.0,0.0,1.0,42,750,700,50,0.9333333333333333,8,7,1,349.95297203898974,0.8029423151374371,0.13397763132247054,0.1956230621063962,129516.42679419275,664.9316968995959,130181.35849109235,3847,13,885.6904761904761,36,6,14,36.6181731017443,0.615451388888889,45.523648648648646,1017.9054054054047,28.275150150150132,0
3905,4,0,0,42,0.0,0.0,1.0,42,1100,800,300,0.7272727272727273,14,8,6,355.54102541701843,0.8026035617499032,0.13224148192625118,0.19903692946100715,129573.74762854082,813.7566197954826,130387.5042483363,3848,14,886.6904761904761,36,6,14,36.41766213177008,0.6160300925925926,45.46734234234235,1018.1306306306316,28.281406406406433,0
3906,4,0,0,42,0.0,0.0,1.0,42,1400,1000,400,0.7142857142857143,18,10,8,356.27763255278796,0.8027003484320557,0.12585936430729694,0.2001793455945663,129717.10519641252,843.0606281957505,130560.16582460827,3849,15,887.6904761904761,36,6,14,36.253132139435486,0.6174768518518519,45.32657657657657,1018.6936936936928,28.297047047047023,0
3907,4,1,1,42,0.023255813953488372,0.023255813953488372,0.9767441860465116,43,950,700,250,0.7368421052631579,12,7,5,349.14556596138283,0.807078257659653,0.12699174793698398,0.19750935300735153,129982.9033933517,476.59087411510075,130459.49426746681,3850,0,868.0232558139535,37,6,14,36.164874551971316,0.6182432432432433,45.065789473684205,1019.7368421052624,27.56045519203412,0
3908,4,1,0,43,0.023255813953488372,0.0,1.0,43,900,600,300,0.6666666666666666,12,6,6,348.4514755410458,0.8088778146917681,0.14504152466995168,0.19825099843129923,130206.62607725458,474.1381963681192,130680.7642736227,3851,0,869.0,37,6,15,35.95562956596477,0.6204954954954955,44.84649122807018,1020.6140350877197,27.58416311047891,0
3909,4,0,0,43,0.0,0.0,1.0,43,1200,900,300,0.75,15,9,6,347.76864056848,0.8097083794758213,0.14458257776090622,0.1984404193854255,130320.07250071032,464.2589134016997,130784.33141411202,3852,1,870.0,36,7,15,35.85805668909231,0.6235532407407407,44.73536036036037,1021.0585585585598,28.36273773773777,0
3910,4,1,1,43,0.022727272727272728,0.022727272727272728,0.9772727272727273,44,1200,800,400,0.6666666666666666,16,8,8,341.05600377354796,0.8182038407329105,0.13579367341122817,0.19638423321978649,130671.89554569352,113.28690006573476,130785.18244575926,3853,0,851.2045454545455,38,6,15,35.67332810867295,0.6233552631578948,44.391025641025635,1022.4358974358967,26.906207827260438,0
3911,4,0,0,43,0.0,0.0,1.0,43,1050,700,350,0.6666666666666666,14,7,7,348.66821224607554,0.8068014027316353,0.14844412518831085,0.20067792660385247,130654.6485457065,511.0245460141693,131165.67309172067,3854,3,872.0,37,6,15,35.49621049621049,0.625,44.40789473684211,1022.3684210526326,27.63157894736845,0
3912,4,0,0,43,0.0,0.0,1.0,43,1300,1000,300,0.7692307692307693,16,10,6,349.30168698487205,0.8083241048357327,0.15270212665182537,0.20177309212890854,130794.81336805566,537.3697916666741,131332.18315972234,3855,4,873.0,37,6,15,35.33817040054309,0.6264076576576576,44.270833333333336,1022.9166666666675,27.64639639639642,0
3913,4,1,1,43,0.022727272727272728,0.022727272727272728,0.9772727272727273,44,2000,1500,500,0.75,25,15,10,345.95827394211636,0.8123017970401691,0.15026450762711097,0.2019107662100398,131191.27498584634,277.3414100737901,131468.61639592014,3856,0,854.1363636363636,38,6,15,35.022986408037006,0.628563596491228,43.88354700854701,1024.4658119658122,26.95962663067927,0
3914,4,0,0,43,0.0,0.0,1.0,43,1450,1000,450,0.6896551724137931,19,10,9,350.5404050735713,0.8064784053156145,0.15362826043126443,0.20456583414131016,131187.6746330601,597.3161213065466,131784.99075436662,3857,6,875.0,37,6,15,34.9092680794891,0.6303490990990992,43.88706140350877,1024.4517543859643,27.68788525367471,0
3915,4,2,1,44,0.044444444444444446,0.022222222222222223,0.9777777777777777,45,1300,1100,200,0.8461538461538461,15,11,4,332.53235404024235,0.8164141414141415,0.14088722360995454,0.1967346587203603,131711.68456424883,-240.24555213556113,131471.43901211326,3858,0,837.0666666666667,38,7,15,34.84249236747154,0.6337719298245613,43.37606837606838,1026.4957264957277,27.013045434098096,0
3916,4,0,0,44,0.0,0.0,1.0,44,850,700,150,0.8235294117647058,10,7,3,339.1628176453665,0.813601127554616,0.1467449902378848,0.20026654954845327,131637.3803117305,129.3009627962382,131766.68127452672,3859,1,857.0909090909091,37,7,15,34.747190761121196,0.6348536036036037,43.4484649122807,1026.206140350877,27.735301090564242,0
3917,4,0,0,44,0.0,0.0,1.0,44,900,700,200,0.7777777777777778,11,7,4,341.93280950809975,0.8133368569415081,0.1490017672991404,0.20234987121459078,131721.78578985823,208.00005771005,131929.78584756827,3860,2,858.0909090909091,37,7,15,34.591077405112884,0.6356981981981983,43.36622807017543,1026.5350877192968,27.744191559980994,0
3918,4,2,2,44,0.043478260869565216,0.043478260869565216,0.9565217391304348,46,1100,800,300,0.7272727272727273,14,8,6,330.67674663570494,0.8253019323671498,0.1459727996617568,0.1980850025963399,132183.68055555568,-457.98611111110176,131725.69444444458,3861,0,821.7391304347826,39,7,15,34.41551863857374,0.6367521367521367,42.91666666666667,1028.3333333333344,26.367521367521395,0
3919,4,0,0,44,0.0,0.0,1.0,44,1350,800,550,0.5925925925925926,19,8,11,346.23472460348006,0.8132707892882312,0.15295784488781994,0.20580754442166221,131890.6779008924,333.0265081563382,132223.70440904872,3862,4,860.0909090909091,37,7,15,34.31050740108169,0.6373873873873874,43.201754385964904,1027.192982456139,27.761972498814565,0
3920,4,0,0,44,0.0,0.0,1.0,44,700,400,300,0.5714285714285714,10,4,6,348.0337005065102,0.8136451726568006,0.15470553992432312,0.2071839754603555,131946.99931709733,384.40048861185244,132331.3998057092,3863,5,861.0909090909091,37,7,15,34.207577374599786,0.6379504504504505,43.14692982456139,1027.4122807017525,27.767899478425743,0
3921,4,0,1,43,0.0,0.022727272727272728,0.9772727272727273,44,1050,500,550,0.47619047619047616,16,5,11,347.60442311111115,0.8114649400986611,0.15428121212121249,0.2076986275759507,132087.85545792934,382.8645592874707,132470.7200172168,3864,6,862.0909090909091,37,7,17,34.076777777777785,0.6393581081081081,43.00986842105263,1027.9605263157891,27.78271692745376,0
3922,4,1,1,43,0.022727272727272728,0.022727272727272728,0.9772727272727273,44,1500,1100,400,0.7333333333333333,19,11,8,346.2977527834479,0.8139755109231854,0.15533049040511715,0.20769008446986836,132228.78674207444,358.106340412427,132586.89308248687,3865,0,862.25,37,7,17,33.9685501066098,0.6407657657657657,42.872807017543856,1028.5087719298242,27.797534376481735,0
3923,4,0,0,43,0.0,0.0,1.0,43,1600,1200,400,0.75,20,12,8,356.6427895713447,0.8056478405315615,0.1650956491176241,0.2135413319066198,132166.31063073222,827.2323421394528,132993.54297287166,3866,8,883.3023255813954,36,7,18,33.76546928047312,0.6420717592592593,42.933558558558566,1028.265765765767,28.56293793793797,0
3924,4,0,1,42,0.0,0.023255813953488372,0.9767441860465116,43,1150,900,250,0.782608695652174,14,9,5,359.36684420641427,0.8049095607235142,0.16337120189835064,0.21566732949943418,132253.17166828993,905.4809877445018,133158.65265603442,3867,9,884.3023255813954,36,7,19,33.60794832493977,0.6429398148148149,42.8490990990991,1028.6036036036037,28.572322322322325,0
3925,4,0,0,42,0.0,0.0,1.0,42,1250,1000,250,0.8,15,10,5,358.00503560348136,0.7989982578397212,0.16558568434301169,0.21519290512924155,132313.3815813518,1073.7713767697603,133387.15295812156,3868,10,904.0952380952381,37,5,20,33.582343067249276,0.6416103603603605,42.79057017543859,1028.8377192982443,27.806424845898494,0
3926,4,1,1,42,0.023255813953488372,0.023255813953488372,0.9767441860465116,43,1100,600,500,0.5454545454545454,16,6,10,352.71561574992444,0.8058324104835732,0.16312633811197164,0.21363821335422556,132600.9011545328,754.1358031287671,133355.03695766156,3869,0,884.046511627907,36,7,20,33.429231357970686,0.6464120370370372,42.511261261261254,1029.954954954954,28.609859859859835,0
3927,4,0,0,42,0.0,0.0,1.0,42,750,400,350,0.5333333333333333,11,4,7,360.8767662129292,0.7947154471544715,0.17675145597807496,0.21809508914607437,132517.1467764058,1164.4718792866702,133681.61865569247,3870,12,906.0952380952381,35,7,21,33.30335731414868,0.6476190476190478,42.59259259259258,1029.629629629628,29.41798941798937,0
3928,4,0,0,42,0.0,0.0,1.0,42,750,400,350,0.5333333333333333,11,4,7,359.9804281661436,0.7943041037553232,0.17724808255324187,0.21772575590715004,132546.94097490126,1142.8609128514886,133689.80188775275,3871,13,907.0952380952381,35,7,21,33.29645292420666,0.6479166666666667,42.5636574074074,1029.745370370369,29.42129629629626,0
3929,4,0,0,42,0.0,0.0,1.0,42,850,700,150,0.8235294117647058,10,7,3,358.40333383974223,0.7939169570267132,0.17407997417836762,0.21725084788814583,132629.89921932056,1106.999609406699,133736.89882872725,3872,14,908.0952380952381,36,6,18,33.25361685069787,0.646701388888889,42.483108108108105,1030.0675675675668,28.612987987987967,0
3930,4,0,0,42,0.0,0.0,1.0,42,1200,900,300,0.75,15,9,6,357.42765008600855,0.7924651567944251,0.17994070375282822,0.21800467265405804,132861.99787202757,1097.7103370262273,133959.7082090538,3873,15,909.0952380952381,36,6,19,33.045466957946466,0.6490162037037037,42.25788288288289,1030.9684684684696,28.638013013013044,0
3931,4,1,0,43,0.023255813953488372,0.0,1.0,43,1200,800,400,0.6666666666666666,16,8,8,353.7565727778716,0.8009413067552602,0.19249773482331634,0.21187971456048607,132178.1873790085,762.4457386747134,132940.63311768323,3874,0,888.9302325581396,38,5,20,33.827705627705626,0.6384320175438598,42.92200854700854,1028.3119658119645,27.06084120557801,5
3932,4,0,0,43,0.0,0.0,1.0,43,1100,700,400,0.6363636363636364,15,7,8,353.34707685957983,0.7993263196751569,0.194674428023774,0.21226616369009782,132290.82031249985,748.914930555541,133039.7352430554,3875,1,889.9302325581396,39,4,20,33.724854867017676,0.637820512820513,42.81249999999999,1028.7499999999989,26.3782051282051,0
3933,4,0,0,43,0.0,0.0,1.0,43,850,600,250,0.7058823529411765,11,6,5,350.93182973003945,0.7988187523071244,0.19037755390264532,0.21141502913004837,132398.00347222234,692.6215277777827,133090.62500000012,3876,2,890.9302325581396,37,6,20,33.679149797570844,0.642454954954955,42.708333333333336,1029.1666666666674,27.815315315315335,0
3934,4,0,0,43,0.0,0.0,1.0,43,1150,800,350,0.6956521739130435,15,8,7,353.943897360373,0.7979420450350683,0.19200598424182713,0.21370927667630493,132482.65241468523,778.2852656586613,133260.9376803439,3877,3,891.9302325581396,37,6,20,33.516504242553346,0.6432995495495495,42.62609649122807,1029.4956140350873,27.82420578473209,0
3935,4,0,0,43,0.0,0.0,1.0,43,800,600,200,0.75,10,6,4,351.96143588076706,0.7966039128829826,0.19156332950358568,0.21299109573403124,132567.32840874116,731.7174515235487,133299.0458602647,3878,4,892.9302325581396,37,6,20,33.48239636570132,0.6441441441441441,42.54385964912281,1029.8245614035088,27.833096254148888,0
3936,4,0,1,42,0.0,0.023255813953488372,0.9767441860465116,43,1100,800,300,0.7272727272727273,14,8,6,354.9774629422119,0.7972499077150239,0.1885908897403148,0.21546306471608687,132680.27181440452,819.7012542320822,133499.9730686366,3879,5,893.9302325581396,37,6,17,33.291205477508164,0.6452702702702702,42.434210526315795,1030.2631578947376,27.844950213371284,0
3937,4,0,0,42,0.0,0.0,1.0,42,1500,1200,300,0.8,18,12,6,357.38850777000414,0.7973044909020519,0.1871754340634011,0.2174171252123151,132765.01092884352,1089.7378279855366,133854.74875682907,3880,6,913.7619047619048,37,5,18,33.143929318721845,0.6461148648648647,42.35197368421053,1030.5921052631581,27.853840682788057,0
3938,4,0,0,42,0.0,0.0,1.0,42,1050,600,450,0.5714285714285714,15,6,9,355.46981567509454,0.796433410762679,0.18423131856443953,0.21673976698944494,132849.7770948754,1044.8171552785561,133894.59425015395,3881,7,914.7619047619048,37,5,19,33.10820392824223,0.6469594594594594,42.26973684210527,1030.9210526315794,27.862731152204848,0
3939,4,0,0,42,0.0,0.0,1.0,42,950,600,350,0.631578947368421,13,6,7,366.10022969049203,0.7961914440572977,0.20077740758369034,0.22166472120453135,132587.2561034218,1315.3188554290325,133902.57495885083,3882,8,915.7619047619048,33,9,24,33.09832619387592,0.6527777777777778,42.52450980392157,1029.9019607843138,31.20915032679739,1
3940,4,0,0,42,0.0,0.0,1.0,42,1050,700,350,0.6666666666666666,14,7,7,365.55241534135905,0.7959494773519163,0.1977923244769606,0.2223277804781052,132755.59413580244,1305.8256172839435,134061.41975308637,3883,9,916.7619047619048,35,7,17,32.943059299191376,0.65,42.36111111111111,1030.5555555555552,29.444444444444436,0
3941,4,0,0,42,0.0,0.0,1.0,42,1250,900,350,0.72,16,9,7,367.16994698488486,0.7960220673635308,0.20474907520260022,0.2240239649137915,132874.89819101518,1357.5338648834093,134232.4320558986,3884,10,917.7619047619048,35,7,18,32.78139500074839,0.6511904761904761,42.245370370370374,1031.0185185185192,29.457671957671977,0
3942,4,0,0,42,0.0,0.0,1.0,42,1100,700,400,0.6363636363636364,15,7,8,371.572511112042,0.7955623306233063,0.20015816021202015,0.2274350425158324,132994.25582990408,1483.4019204389651,134477.65775034306,3885,11,918.7619047619048,35,7,18,32.547875523638545,0.6523809523809523,42.12962962962963,1031.4814814814822,29.470899470899493,0
3943,4,0,0,42,0.0,0.0,1.0,42,450,100,350,0.2222222222222222,8,1,7,371.4314667078513,0.7959494773519163,0.19892197399489286,0.2277125236749512,133053.9547432272,1484.085112311401,134538.0398555386,3886,12,919.7619047619048,35,7,18,32.491492782888336,0.6529761904761904,42.07175925925927,1031.7129629629642,29.477513227513263,0
3944,4,0,0,42,0.0,0.0,1.0,42,900,600,300,0.6666666666666666,12,6,6,362.3738198920706,0.7958042973286876,0.17105907492320682,0.21735655851096353,132233.1242809008,1183.56447238659,133416.6887532874,3887,13,920.7619047619048,38,4,18,33.55082060870467,0.6389802631578947,42.868589743589745,1028.5256410256416,27.066464237516882,3
3945,4,1,1,42,0.023255813953488372,0.023255813953488372,0.9767441860465116,43,1350,900,450,0.6666666666666666,18,9,9,352.3423668476138,0.8017718715393134,0.17870882453421455,0.2135422060752574,132623.79410010797,746.0017596447733,133369.79585975275,3888,0,900.3255813953489,37,6,18,33.41583280107869,0.6447072072072071,42.48903508771931,1030.0438596491247,27.839023233760127,0
3946,4,0,0,42,0.0,0.0,1.0,42,1050,600,450,0.5714285714285714,15,6,9,365.86796155242916,0.7952719705768486,0.13425182807205283,0.2170816571877744,131821.37573964478,1245.843606180124,133067.2193458249,3889,15,922.7619047619048,38,4,15,33.876274448605905,0.6348684210526316,43.26923076923076,1026.9230769230755,27.02429149797567,8
3947,4,0,0,42,0.0,0.0,1.0,42,1250,900,350,0.72,16,9,7,366.7694718453163,0.796433410762679,0.13041260597417037,0.2182459926525098,131931.1125721381,1277.6608956096038,133208.77346774773,3890,16,923.7619047619048,38,4,15,33.74237382140876,0.6359649122807018,43.16239316239316,1027.3504273504266,27.03553756185333,0
3948,4,0,0,42,0.0,0.0,1.0,42,950,600,350,0.631578947368421,13,6,7,370.48940832724617,0.7940863337204801,0.13275418275418294,0.2210985178727114,132040.89506172843,1383.9506172839533,133424.8456790124,3891,17,924.7619047619048,38,4,15,33.53603603603604,0.6370614035087719,43.05555555555556,1027.777777777778,27.046783625731003,0
3949,4,0,0,42,0.0,0.0,1.0,42,1000,600,400,0.6,14,6,8,368.86139315230224,0.7926103368176539,0.12805689548546684,0.22092662782146286,132178.18737900865,1351.0860681934364,133529.27344720208,3892,18,925.7619047619048,38,4,16,33.43939393939393,0.6384320175438596,42.922008547008545,1028.3119658119656,27.060841205578043,0
3950,4,1,1,42,0.023255813953488372,0.023255813953488372,0.9767441860465116,43,1600,1100,500,0.6875,21,11,10,363.3071624217453,0.7966961978589885,0.1269890818821675,0.2190343181536882,132426.2167806441,1022.6438665400635,133448.86064718416,3893,0,905.2093023255813,37,6,17,33.33233461169703,0.6427364864864864,42.68092105263158,1029.2763157894742,27.818278805120926,0
3951,4,0,0,42,0.0,0.0,1.0,42,1100,700,400,0.6363636363636364,15,7,8,369.20935514512115,0.7902148664343787,0.12353088633712273,0.22211023204162658,132344.40646701396,1372.5585937500098,133716.96506076396,3894,20,927.7619047619048,39,3,17,33.262890598636695,0.6383547008547008,42.76041666666667,1028.958333333334,26.383547008547023,0
3952,4,1,0,43,0.023255813953488372,0.0,1.0,43,800,600,200,0.75,10,6,4,364.7911550271564,0.7918973791066815,0.13420852020157015,0.22141974758625102,132680.27181440467,1080.1504729820972,133760.42228738675,3895,0,907.1627906976744,37,6,16,33.038438342557136,0.6452702702702702,42.4342105263158,1030.2631578947387,27.844950213371316,0
3953,4,1,0,44,0.022727272727272728,0.0,1.0,44,1300,900,400,0.6923076923076923,17,9,8,354.44218995928884,0.7951902748414377,0.13703679295021454,0.21716331131008212,133030.99203740235,630.3592300387237,133661.35126744106,3896,0,887.5227272727273,38,6,17,32.95274095553714,0.6469298245614035,42.0940170940171,1031.623931623932,27.147998200629793,0
3954,4,0,0,44,0.0,0.0,1.0,44,750,400,350,0.5333333333333333,11,4,7,354.0538800488224,0.7958069062720226,0.12833212512732017,0.21745888342490313,133122.62505425364,626.5163845486305,133749.14143880227,3897,1,888.5227272727273,39,5,17,32.87080263113625,0.6461004273504274,42.00520833333334,1031.979166666668,26.46100427350431,0
3955,4,0,0,44,0.0,0.0,1.0,44,1300,1100,200,0.8461538461538461,15,11,4,362.22476716418555,0.7964896053558844,0.06077981651376141,0.21185731503895516,131273.37643363266,718.6304265599697,131992.00686019263,3898,2,889.5227272727273,38,6,19,34.523344106199616,0.6293859649122808,43.80341880341879,1024.7863247863233,26.968061178587458,8
3956,4,0,0,44,0.0,0.0,1.0,44,850,500,350,0.5882352941176471,12,5,7,364.3979059866196,0.7981633192389007,0.06408726393896136,0.21359395609763027,131356.983567182,773.2647782684552,132130.24834545047,3899,3,890.5227272727273,36,8,19,34.38312461093412,0.6339699074074074,43.721846846846844,1025.1126126126123,28.475350350350343,0
3957,4,2,1,45,0.043478260869565216,0.021739130434782608,0.9782608695652174,46,1050,700,350,0.6666666666666666,14,7,7,352.1613313830524,0.8114734299516908,0.06911076443057707,0.20940205326209338,131903.67408366204,90.27469592373097,131993.94877958577,3900,0,852.7608695652174,38,8,18,34.14521580863235,0.6356907894736842,43.18910256410256,1027.2435897435896,27.032726045883937,0
3958,4,0,0,45,0.0,0.0,1.0,45,1200,900,300,0.75,15,9,6,359.3228157461271,0.8058501683501684,0.06439793060895194,0.21295562320548936,131778.07113727287,470.17351492765977,132248.24465220052,3901,1,872.7111111111111,37,8,18,34.087996582656984,0.6362612612612613,43.311403508771924,1026.7543859649113,27.750118539592197,0
3959,4,0,0,45,0.0,0.0,1.0,45,1250,900,350,0.72,16,9,7,356.5156713638602,0.8053451178451179,0.06320608152180407,0.2120758936513019,131918.83710612875,406.2265552862408,132325.06366141498,3902,2,873.7111111111111,37,8,18,34.01810492048246,0.637668918918919,43.17434210526316,1027.302631578947,27.76493598862019,0
3960,4,0,0,45,0.0,0.0,1.0,45,1650,1000,650,0.6060606060606061,23,10,13,357.6431427665251,0.8049242424242424,0.06420060958714324,0.2140520899244427,132150.7232084155,452.5599934253772,132603.28320184088,3903,3,874.7111111111111,38,7,18,33.75545511221945,0.6381578947368421,42.94871794871795,1028.2051282051282,27.058029689608635,0
3961,4,0,0,45,0.0,0.0,1.0,45,1200,900,300,0.75,15,9,6,358.1068397826654,0.8039983164983165,0.06145216578373325,0.21479716801169602,132233.12428090078,470.7172501643672,132703.84153106515,3904,4,875.7111111111111,38,7,18,33.66053807001141,0.6389802631578947,42.868589743589745,1028.5256410256413,27.06646423751688,0
3962,4,0,0,45,0.0,0.0,1.0,45,1300,1100,200,0.8461538461538461,15,11,4,359.4763249580265,0.8036616161616162,0.057985462097611906,0.2160897009579148,132315.55103550295,512.8616042077615,132828.4126397107,3905,5,876.7111111111111,38,7,18,33.54231568016614,0.6398026315789473,42.78846153846154,1028.8461538461538,27.074898785425102,0
3963,4,0,0,45,0.0,0.0,1.0,45,800,700,100,0.875,9,7,2,359.70190534227714,0.8023569023569024,0.05601126853923244,0.21686074408785877,132426.2167806443,526.8181807704824,132953.03496141479,3906,6,877.7111111111111,37,8,18,33.42510475480274,0.6427364864864864,42.68092105263159,1029.2763157894756,27.81827880512096,0
3964,4,0,1,44,0.0,0.022222222222222223,0.9777777777777777,45,950,700,250,0.7368421052631579,12,7,5,359.9443575124277,0.8013888888888889,0.05531537287473798,0.21765856158398017,132539.10007165687,541.3402441135893,133080.44031577045,3907,7,878.7111111111111,37,8,19,33.30527011677848,0.6438626126126126,42.57127192982457,1029.7149122807032,27.83013276434333,0
3965,4,1,1,44,0.022222222222222223,0.022222222222222223,0.9777777777777777,45,1100,1000,100,0.9090909090909091,12,10,2,351.65241887577,0.8026936026936027,0.0755942509673857,0.2141882914970603,132810.65088757421,340.6373274162013,133151.2882149904,3908,0,877.6222222222223,38,7,16,33.24587997512438,0.644736842105263,42.30769230769232,1030.7692307692328,27.125506072874547,0
3966,4,0,1,43,0.0,0.022727272727272728,0.9772727272727273,44,900,800,100,0.8888888888888888,10,8,2,356.1802079322292,0.7984496124031009,0.0705709384954667,0.21662763466042165,132755.59413580268,656.9830246913799,133412.57716049405,3909,9,898.5681818181819,38,6,16,33.18452380952381,0.644188596491228,42.36111111111112,1030.5555555555572,27.11988304093572,0
3967,4,0,0,43,0.0,0.0,1.0,43,800,400,400,0.5,12,4,8,364.2676524892784,0.7906976744186046,0.07318661348505473,0.22060387232958034,132595.55975155818,1060.054656240387,133655.61440779857,3910,14,920.2558139534884,37,6,18,33.13715444125057,0.6444256756756757,42.516447368421055,1029.9342105263158,27.836059743954483,0
3968,4,0,0,43,0.0,0.0,1.0,43,1650,1300,350,0.7878787878787878,20,13,7,360.00382199920506,0.789313399778516,0.07756391699265386,0.2190081503540795,132765.01092884352,959.1822724299817,133724.1932012735,3911,15,921.2558139534884,37,6,16,33.07654626378693,0.6461148648648647,42.35197368421053,1030.5921052631581,27.853840682788057,0
3969,4,0,0,43,0.0,0.0,1.0,43,1000,700,300,0.7,13,7,6,360.3704009896012,0.7875599852344038,0.08567202426005327,0.21972778924151962,132849.77709487546,975.0254886118898,133824.80258348736,3912,16,922.2558139534884,37,6,16,32.981901013968645,0.6469594594594594,42.26973684210527,1030.9210526315799,27.862731152204862,0
3970,4,0,0,43,0.0,0.0,1.0,43,1350,1000,350,0.7407407407407407,17,10,7,357.6530797759446,0.7842377260981912,0.07864810288022128,0.2192285229714568,133047.6700162549,916.9817876654298,133964.65180392034,3913,17,923.2558139534884,37,6,16,32.85318577957277,0.6489301801801801,42.07785087719298,1031.6885964912274,27.88347558084398,0
3971,4,0,0,43,0.0,0.0,1.0,43,800,500,300,0.625,11,5,6,359.07640383646617,0.7839608711701734,0.08174741018729681,0.2207698360099706,133160.8178117303,962.981518351774,134123.79933008205,3914,18,924.2558139534884,37,6,16,32.7028887354368,0.6500563063063064,41.96820175438595,1032.1271929824543,27.89532954006633,0
3972,4,1,0,44,0.022727272727272728,0.0,1.0,44,1050,600,450,0.5714285714285714,15,6,9,353.14776274713864,0.7873722692036645,0.07917888563049824,0.2189516129032256,133472.22222222196,627.8107206063075,134100.03294282826,3915,0,904.2272727272727,36,8,17,32.54368279569891,0.6550925925925928,41.66666666666665,1033.3333333333312,28.703703703703646,0
3973,4,0,0,44,0.0,0.0,1.0,44,1050,700,350,0.6666666666666666,14,7,7,356.72818146866626,0.7855223749119098,0.07778272925331753,0.2218675274988043,133588.6139517894,730.9646639882889,134319.5786157777,3916,1,905.2272727272727,36,8,18,32.33455882352941,0.6562500000000002,41.55405405405404,1033.783783783782,28.716216216216164,0
3974,4,0,0,44,0.0,0.0,1.0,44,1550,1200,350,0.7741935483870968,19,12,7,356.14898956614275,0.7864913671599718,0.07302772910417454,0.22203096885172333,133675.94103816632,721.7102660092278,134397.65130417555,3917,2,906.2272727272727,36,8,19,32.262060328868564,0.6571180555555557,41.46959459459458,1034.1216216216199,28.72560060060055,0
3975,4,0,1,43,0.0,0.022727272727272728,0.9772727272727273,44,1000,900,100,0.9,11,9,2,332.98722539124594,0.7863151867512332,0.030748663101603846,0.20148549061809262,132562.98539201167,34.06285928697986,132597.04825129866,3918,3,907.2272727272727,38,6,21,33.975256769374404,0.6422697368421054,42.54807692307691,1029.807692307691,27.100202429149764,4
3976,4,0,0,43,0.0,0.0,1.0,43,1150,700,450,0.6086956521739131,16,7,9,340.27883550404476,0.7806847545219638,0.030509011999484636,0.20530447993007522,132454.43309479824,414.28805016926265,132868.7211449675,3919,23,929.2558139534884,37,6,21,33.896552336315864,0.6430180180180181,42.653508771929815,1029.3859649122794,27.82124229492647,0
3977,4,1,1,43,0.022727272727272728,0.022727272727272728,0.9772727272727273,44,1250,900,350,0.72,16,9,7,318.9917827732723,0.7910280126849895,0.06859095405089444,0.18992973638620642,131953.8686049972,-381.56004197235535,131572.30856302485,3920,0,909.1136363636364,40,4,16,34.94662875041213,0.6328125,43.14024390243903,1027.4390243902453,25.685975609756134,4
3978,4,1,1,43,0.022727272727272728,0.022727272727272728,0.9772727272727273,44,1050,800,250,0.7619047619047619,13,8,5,318.66732776150815,0.788231148696265,0.06746716647339657,0.19012877201487513,132032.19112507446,-385.13089513515826,131647.0602299393,3921,0,910.0909090909091,40,4,16,34.87631431490822,0.63359375,43.06402439024391,1027.743902439025,25.693597560975626,0
3979,4,0,0,43,0.0,0.0,1.0,43,1400,900,500,0.6428571428571429,19,9,10,328.39224439684455,0.7796696197858988,0.05852724962937317,0.19602215822526717,132049.81689453128,72.82714843750065,132122.64404296878,3922,26,932.2558139534884,39,4,17,34.6087336576467,0.6354166666666666,43.046875,1027.8125000000002,26.35416666666667,0
3980,4,1,0,44,0.022727272727272728,0.0,1.0,44,950,500,450,0.5263157894736842,14,5,9,321.4578869301476,0.7845533826638478,0.060810573922799094,0.1933968215336131,132346.95845930962,-291.20527840766283,132055.75318090196,3923,0,912.0454545454545,41,3,19,34.48868749196555,0.6351626016260162,42.757936507936506,1028.9682539682537,25.09678668215253,0
3981,4,0,0,44,0.0,0.0,1.0,44,1200,900,300,0.75,15,9,6,322.1697708171949,0.7846634954193094,0.0635089639693498,0.19450237293746733,132478.4193250869,-263.8719177630489,132214.54740732384,3924,1,913.0454545454545,39,5,19,34.3385316536814,0.639690170940171,42.630208333333336,1029.4791666666674,26.396901709401728,0
3982,4,0,1,43,0.0,0.022727272727272728,0.9772727272727273,44,650,500,150,0.7692307692307693,8,5,3,320.5477047758887,0.7853682170542636,0.06689428426909472,0.19379902518101905,132532.04345703125,-303.43153211805486,132228.6119249132,3925,2,914.0454545454545,39,5,19,34.32652588096443,0.640224358974359,42.578125,1029.6875,26.40224358974359,0
3983,4,0,0,43,0.0,0.0,1.0,43,1100,900,200,0.8181818181818182,13,9,4,327.31586236936647,0.7787467700258398,0.08830167931862665,0.19878048971600562,132700.5487983051,86.99891336107945,132787.54771166618,3926,3,934.7441860465116,38,5,14,33.98334888704549,0.6436403508771931,42.41452991452991,1030.3418803418795,27.114260008996826,0
3984,4,1,0,44,0.022727272727272728,0.0,1.0,44,500,400,100,0.8,6,4,2,321.1022533851719,0.7885614869626498,0.09466215533784439,0.19637019214123472,132961.42713758687,-261.15722656249454,132700.26991102437,3927,0,914.4772727272727,39,5,17,33.882204659462,0.6444978632478633,42.161458333333336,1031.3541666666672,26.444978632478644,0
3985,4,0,0,44,0.0,0.0,1.0,44,800,500,300,0.625,11,5,6,323.5222923334858,0.7881871035940804,0.11782940516273888,0.19463239512041278,132345.71358194537,-236.6422722916122,132109.07130965375,3928,1,915.4772727272727,40,4,19,34.43683127572019,0.63671875,42.75914634146342,1028.963414634147,25.724085365853675,1
3986,4,0,0,44,0.0,0.0,1.0,44,850,500,350,0.5882352941176471,12,5,7,322.5945258348699,0.7880990133897111,0.11980184570081409,0.19421201488596093,132372.47973552853,-259.47253322624476,132113.00720230228,3929,2,916.4772727272727,41,3,19,34.4338466853048,0.6354166666666665,42.733134920634924,1029.067460317461,25.099206349206366,0
3987,4,0,1,43,0.0,0.022727272727272728,0.9772727272727273,44,1250,700,550,0.56,18,7,11,321.5301715811753,0.7856324876673714,0.12825907021658134,0.19439301199265568,132532.04345703128,-277.38494450152655,132254.65851252974,3930,3,917.4772727272727,39,5,19,34.301235036250205,0.640224358974359,42.578125,1029.6875000000002,26.402243589743595,0
3988,4,0,0,43,0.0,0.0,1.0,43,900,500,400,0.5555555555555556,13,5,8,327.35188788071827,0.7844684385382059,0.12849078452185636,0.19822061552576145,132590.49236613335,80.74959821753649,132671.2419643509,3931,4,937.2093023255813,38,5,20,34.09275587828491,0.6425438596491229,42.521367521367516,1029.9145299145293,27.103013945119194,0
3989,4,0,0,43,0.0,0.0,1.0,43,1250,900,350,0.72,16,9,7,326.74263097464626,0.7832687338501292,0.1310730957451307,0.19881867102479397,132773.486328125,76.55164930555588,132850.03797743056,3932,5,938.2093023255813,39,4,16,33.92502189879389,0.6426282051282052,42.34375,1030.625,26.42628205128205,0
3990,4,0,0,43,0.0,0.0,1.0,43,1450,1300,150,0.896551724137931,16,13,3,329.08738729740827,0.7830841638981173,0.13192158300260126,0.20067639384365057,132854.01611328125,144.11621093750023,132998.13232421875,3933,6,939.2093023255813,39,4,17,33.78391179145195,0.6434294871794872,42.265625,1030.9375,26.434294871794872,0
3991,4,2,1,44,0.044444444444444446,0.022222222222222223,0.9777777777777777,45,800,600,200,0.75,10,6,4,315.8602558210056,0.7949915824915825,0.1339995515838701,0.19462153240551805,133241.6671095519,-582.8505881519494,132658.81652139995,3934,0,898.4222222222222,41,4,18,33.737208129143845,0.6440548780487806,41.88988095238094,1032.4404761904743,25.18147502903596,0
3992,4,0,1,43,0.0,0.022727272727272728,0.9772727272727273,44,900,700,200,0.7777777777777778,11,7,4,319.50236620418974,0.7879668780831572,0.13565865449174153,0.1962823066426826,133131.14636005345,-292.8567444973307,132838.2896155561,3935,1,919.8409090909091,40,4,18,33.75369276218612,0.64453125,41.99695121951219,1032.0121951219505,25.800304878048763,0
3993,4,1,1,43,0.022727272727272728,0.022727272727272728,0.9772727272727273,44,900,600,300,0.6666666666666666,12,6,6,318.7215186930375,0.789200140944327,0.14096725125268406,0.19649336346609586,133262.2777447286,-305.2888905413485,132956.98885418725,3936,0,920.6363636363636,40,4,19,33.642757545931744,0.6458333333333334,41.86991869918699,1032.5203252032516,25.81300813008129,0
3994,4,0,0,43,0.0,0.0,1.0,43,1250,900,350,0.72,16,9,7,315.46119621426,0.7863141380583241,0.12456788569990485,0.1951712148215432,133393.47367844882,-183.90704524421847,133209.5666332046,3937,1,880.8372093023256,40,3,20,33.595876373175926,0.6471354166666666,41.742886178861795,1033.028455284554,25.825711382113848,0
3995,4,0,0,43,0.0,0.0,1.0,43,1150,700,450,0.6086956521739131,16,7,9,315.0126244718026,0.7854835732742709,0.11891642134493474,0.19516961322393797,133445.97012566947,-192.5669451054057,133253.40318056406,3938,2,881.8372093023256,40,3,20,33.55504737549589,0.6476562499999999,41.69207317073172,1033.2317073170748,25.83079268292687,0
3996,4,0,0,43,0.0,0.0,1.0,43,1000,600,400,0.6,14,6,8,312.8910711846327,0.7842838685861941,0.11105043720367758,0.19441566057389567,133552.96359592036,-242.49145015623492,133310.47214576413,3939,3,882.8372093023256,39,4,20,33.5030778662367,0.6503739316239315,41.58854166666668,1033.645833333335,26.50373931623936,0
3997,4,0,0,43,0.0,0.0,1.0,43,1100,900,200,0.8181818181818182,13,9,4,312.2323408008705,0.7841454411221853,0.1067621328060202,0.19443025186884852,133633.72938368077,-255.04557291664202,133378.68381076414,3940,4,883.8372093023256,39,4,20,33.43953589898584,0.6511752136752136,41.51041666666668,1033.958333333335,26.511752136752182,0
3998,4,0,0,43,0.0,0.0,1.0,43,1150,900,250,0.782608695652174,14,9,5,310.2369290965862,0.7841915836101883,0.10171841912935897,0.19346936131098694,133687.58680555577,-305.03472222220233,133382.55208333358,3941,5,884.8372093023256,39,4,20,33.43741606231533,0.6517094017094017,41.45833333333334,1034.1666666666683,26.51709401709406,0
3999,4,0,0,43,0.0,0.0,1.0,43,900,500,400,0.5555555555555556,13,5,8,310.4290412424928,0.7838224437061646,0.09987050181133528,0.19401326674507233,133768.3932834203,-294.8811848958141,133473.5120985245,3942,6,885.8372093023256,39,4,16,33.35189893599167,0.6525106837606838,41.38020833333334,1034.479166666668,26.525106837606874,0
4000,4,0,0,43,0.0,0.0,1.0,43,1050,800,250,0.7619047619047619,13,8,5,314.2626080713052,0.7834994462901439,0.08850687506650345,0.18342864987426058,131194.6953667536,-351.80121527777237,130842.89415147585,3943,7,886.8372093023256,39,4,17,35.831320962548695,0.6268696581196581,43.880208333333336,1024.4791666666677,26.268696581196608,7
4001,4,0,0,43,0.0,0.0,1.0,43,750,600,150,0.8,9,6,3,315.01413750783297,0.7841915836101883,0.0917559605436129,0.18399519338046572,131221.37586805547,-332.68229166667084,130888.6935763888,3944,8,887.8372093023256,39,4,17,35.785210790294165,0.6271367521367521,43.854166666666664,1024.5833333333328,26.27136752136751,0
4002,4,0,1,42,0.0,0.023255813953488372,0.9767441860465116,43,700,600,100,0.8571428571428571,8,6,2,315.42618814975225,0.7837301587301587,0.09557177339470568,0.1843640768169409,131248.05908203128,-320.18500434027726,130927.874077691,3945,9,888.8372093023256,39,4,17,35.7477931957575,0.6274038461538463,43.828125,1024.6875000000002,26.274038461538467,0
4003,4,1,1,42,0.023255813953488372,0.023255813953488372,0.9767441860465116,43,950,600,350,0.631578947368421,13,6,7,314.29704540947876,0.7886674049464747,0.09472490073737982,0.1840882694541229,131328.1249999997,-344.7672526041955,130983.35774739551,3946,0,889.3023255813954,38,5,17,35.69613821138211,0.6299342105263159,43.749999999999986,1024.9999999999977,26.973684210526255,0
4004,4,0,0,42,0.0,0.0,1.0,42,1400,1000,400,0.7142857142857143,18,10,8,322.5492939278702,0.7784552845528455,0.0887694110171171,0.1886520016680565,131273.37643363257,68.42697603912046,131341.8034096717,3947,11,911.4761904761905,38,4,18,35.53981616624965,0.6293859649122808,43.803418803418786,1024.7863247863224,26.968061178587433,0
4005,4,0,0,42,0.0,0.0,1.0,42,1350,900,450,0.6666666666666666,18,9,9,318.8599315034369,0.7793021680216802,0.08803844567027852,0.1868978996630486,131356.2240905853,-23.141262510957745,131333.08282807434,3948,12,912.4761904761905,37,5,18,35.550927906728,0.6320382882882885,43.72258771929823,1025.109649122805,27.705666192508243,0
4006,4,0,0,42,0.0,0.0,1.0,42,950,800,150,0.8421052631578947,11,8,3,321.70723956835445,0.7801490514905149,0.09172037427329305,0.18926097603285433,131496.76462950124,60.69223222528478,131557.45686172653,3949,13,913.4761904761905,37,5,18,35.33648706435749,0.633445945945946,43.585526315789465,1025.657894736841,27.72048364153624,0
4007,4,0,0,42,0.0,0.0,1.0,42,1100,700,400,0.6363636363636364,15,7,8,319.8126969846578,0.78034262485482,0.09106455750320674,0.18842365195141414,131553.00188519532,14.464065866408816,131567.46595106172,3950,14,914.4761904761905,37,5,18,35.32848795781675,0.6340090090090091,43.53070175438596,1025.8771929824552,27.726410621147437,0
4008,4,1,1,42,0.023255813953488372,0.023255813953488372,0.9767441860465116,43,750,600,150,0.8,9,6,3,313.6836106580897,0.785345145810262,0.0933764596875839,0.18625327666808,131848.80566741535,-328.2381154576757,131520.56755195768,3951,0,894.1860465116279,38,5,16,35.188460071431045,0.6351425438596492,43.24252136752136,1027.0299145299139,27.0271030139451,0
4009,4,0,0,42,0.0,0.0,1.0,42,1050,900,150,0.8571428571428571,12,9,3,321.31458289038704,0.7793505613627565,0.09292656505088459,0.19028895886165037,131749.9269606993,66.63456544320138,131816.5615261425,3952,16,916.4761904761905,37,5,17,35.09191765459791,0.6359797297297298,43.33881578947368,1026.644736842104,27.747155049786596,0
4010,4,0,0,42,0.0,0.0,1.0,42,1050,700,350,0.6666666666666666,14,7,7,320.69462746589926,0.7790360046457607,0.08914208433747217,0.1903438454274783,131834.36850761744,55.71473915047295,131890.08324676793,3953,17,917.4761904761905,37,5,17,35.022955370488994,0.6368243243243243,43.2565789473684,1026.973684210524,27.75604551920335,0
4011,4,0,0,42,0.0,0.0,1.0,42,950,700,250,0.7368421052631579,12,7,5,320.56637017125377,0.7784310878823074,0.09370298076532046,0.19054985759925774,131890.67790089242,55.943174823005734,131946.62107571543,3954,18,918.4761904761905,37,5,17,34.969666239681175,0.6373873873873874,43.201754385964904,1027.1929824561391,27.761972498814572,0
4012,4,0,0,42,0.0,0.0,1.0,42,1150,900,250,0.782608695652174,14,9,5,323.10291967236236,0.7783826945412311,0.09803039773160371,0.19248553466304552,131975.1645337988,128.31219702215077,132103.47673082093,3955,19,919.4761904761905,37,5,17,34.81963415501726,0.6382319819819819,43.119517543859644,1027.5219298245606,27.77086296823137,0
4013,4,0,0,42,0.0,0.0,1.0,42,1300,1100,200,0.8461538461538461,15,11,4,319.38687106602714,0.7797135114208285,0.09625629072147168,0.19112257115418863,132144.21895438983,41.0257242613138,132185.24467865113,3956,20,920.4761904761905,37,5,17,34.74536543315205,0.6399211711711712,42.95504385964912,1028.1798245614036,27.788643907064962,0
4014,4,0,0,42,0.0,0.0,1.0,42,750,400,350,0.5333333333333333,11,4,7,319.33131445157574,0.779253774680604,0.10074896362035379,0.19139995223604397,132205.65440317037,43.481079699020825,132249.1354828694,3957,21,921.4761904761905,38,4,17,34.685140937738076,0.6387061403508772,42.89529914529914,1028.4188034188028,27.06365272154744,0
4015,4,0,0,42,0.0,0.0,1.0,42,950,500,450,0.5263157894736842,14,5,9,322.0996635154625,0.7799554781262098,0.09688969258589575,0.19335770074256473,132264.03130425338,120.43999565971836,132384.4712999131,3958,22,922.4761904761905,39,3,17,34.55537974683544,0.6375534188034189,42.838541666666664,1028.6458333333328,26.375534188034173,0
4016,4,0,1,41,0.0,0.023809523809523808,0.9761904761904762,42,1150,800,350,0.6956521739130435,15,8,7,326.5162408964185,0.7804636082075106,0.09082516687970466,0.1970009299187389,132454.4330947985,249.84035051651523,132704.27344531502,3959,23,923.4761904761905,37,5,18,34.25072787956257,0.6430180180180181,42.65350877192983,1029.3859649122815,27.821242294926527,0
4017,4,1,1,41,0.023809523809523808,0.023809523809523808,0.9761904761904762,42,1050,800,250,0.7619047619047619,13,8,5,324.66047317685496,0.782520325203252,0.09314180265952898,0.19661739681174714,132595.55975155818,209.70743401816384,132805.26718557635,3960,0,921.4761904761905,37,5,18,34.156974165158445,0.6444256756756757,42.516447368421055,1029.9342105263158,27.836059743954483,0
4018,4,0,0,41,0.0,0.0,1.0,41,650,200,450,0.3076923076923077,11,2,9,332.1112382630514,0.7786077235772357,0.09644553557132962,0.20023065420344927,132426.97934420916,596.0976178881739,133023.07696209734,3961,25,944.9512195121952,36,5,18,34.13429978118163,0.6446759259259258,42.68018018018019,1029.27927927928,28.591091091091112,0
4019,4,0,0,41,0.0,0.0,1.0,41,1350,1000,350,0.7407407407407407,17,10,7,345.9117896987474,0.7790142276422765,0.12096539394713313,0.1964005702510723,130126.29323727067,802.4437961136556,130928.73703338433,3962,26,945.9512195121952,38,3,16,36.10187609075043,0.6178728070175439,44.92521367521367,1020.2991452991444,26.84997750787222,4
4020,4,1,0,42,0.023809523809523808,0.0,1.0,42,1000,700,300,0.7,13,7,6,335.9285551723537,0.7876742160278746,0.1201085873680019,0.19207398250285265,130398.95171305403,361.0176282051016,130759.96934125913,3963,0,924.4047619047619,38,4,18,36.080456764295675,0.6206140350877194,44.658119658119645,1021.3675213675193,26.878092667566296,0
4021,4,2,3,41,0.045454545454545456,0.06818181818181818,0.9318181818181819,44,1100,800,300,0.7272727272727273,14,8,6,322.29600982961847,0.8029642353770261,0.11642307414366271,0.18598549558057778,130755.83316808754,-371.5833415956339,130384.24982649191,3964,0,883.3409090909091,40,4,13,36.06812235029145,0.6208333333333336,44.30894308943088,1022.7642276422746,25.569105691056865,0
4022,4,3,2,42,0.06818181818181818,0.045454545454545456,0.9545454545454546,44,1000,700,300,0.7,13,7,6,320.988130890472,0.8028761451726568,0.1293865983103477,0.18623228423553165,130963.79469892237,-392.4352650538933,130571.35943386848,3965,0,884.25,40,4,15,35.89178746359543,0.6229166666666668,44.10569105691056,1023.577235772356,25.589430894308897,0
4023,4,1,0,43,0.023255813953488372,0.0,1.0,43,1550,1100,450,0.7096774193548387,20,11,9,328.83773679342636,0.7978959025470653,0.1338202736200731,0.19153629313702436,131114.67013888905,23.090277777797525,131137.76041666686,3966,0,905.7906976744187,39,4,17,35.53871711418498,0.626068376068376,43.95833333333334,1024.166666666668,26.260683760683797,0
4024,4,1,1,43,0.022727272727272728,0.022727272727272728,0.9772727272727273,44,1300,1100,200,0.8461538461538461,15,11,4,325.2854148585653,0.8005637773079634,0.13643291274870206,0.19079017002610255,131381.515842014,-252.528211805546,131128.98763020846,3967,0,886.1818181818181,39,5,17,35.36078371604688,0.6287393162393162,43.69791666666667,1025.2083333333342,26.287393162393183,0
4025,4,0,0,43,0.0,0.0,1.0,43,750,600,150,0.8,9,6,3,330.48527726662303,0.797296050203027,0.1353463923850644,0.19317582902489053,131250.0116188281,75.23929621918467,131325.2509150473,3968,2,907.7906976744187,40,3,17,35.3600532249,0.62578125,43.826219512195124,1024.6951219512198,25.617378048780495,0
4026,4,0,0,43,0.0,0.0,1.0,43,1300,900,400,0.6923076923076923,17,9,8,327.82021861617,0.7973421926910299,0.1275240652597498,0.19228379082156274,131382.88498064133,14.039690667700626,131396.92467130904,3969,3,908.7906976744187,38,5,18,35.294436918160336,0.6304824561403508,43.69658119658119,1025.2136752136746,26.979307242465122,0
4027,4,0,0,43,0.0,0.0,1.0,43,1050,700,350,0.6666666666666666,14,7,7,324.15381752090315,0.7983573274270949,0.12859353545040397,0.19108957088110698,131574.6348002958,-69.91596811309276,131504.71883218273,3970,4,909.7906976744187,38,5,15,35.19538165156721,0.6324013157894738,43.50961538461538,1025.9615384615379,26.998987854251,0
4028,4,0,0,43,0.0,0.0,1.0,43,1300,1000,300,0.7692307692307693,16,10,6,323.42649339615224,0.7979420450350683,0.12499606633728821,0.19120974289580514,131684.26890432084,-81.96373456791417,131602.30516975292,3971,5,910.7906976744187,38,5,15,35.103743797925134,0.6334978070175439,43.40277777777777,1026.3888888888878,27.010233918128627,0
4029,4,0,0,43,0.0,0.0,1.0,43,1000,800,200,0.8,12,8,4,321.4314394447821,0.7979420450350683,0.12117180238455849,0.1906540992807861,131809.03320312512,-126.48654513887396,131682.54665798624,3972,6,911.7906976744187,39,4,15,35.02950226550349,0.6330128205128205,43.28125000000001,1026.875000000001,26.33012820512823,0
4030,4,1,1,43,0.022727272727272728,0.022727272727272728,0.9772727272727273,44,700,500,200,0.7142857142857143,9,5,4,313.28420569478635,0.8040213178294574,0.12059341686590996,0.1870458356786939,132058.3037956906,-525.6438379932429,131532.65995769735,3973,0,892.0454545454545,40,4,15,34.988423637202544,0.6338541666666666,43.03861788617887,1027.845528455286,25.696138211382152,0
4031,4,0,1,42,0.0,0.023255813953488372,0.9767441860465116,43,1150,700,450,0.6086956521739131,16,7,9,324.59433307662755,0.7983573274270949,0.1275063394952909,0.19389206288136576,132076.58420138896,-25.73784722221734,132050.84635416674,3974,8,913.7906976744187,39,4,15,34.67943521145791,0.6356837606837606,43.020833333333336,1027.9166666666672,26.35683760683762,0
4032,4,0,0,42,0.0,0.0,1.0,42,1200,1000,200,0.8333333333333334,14,10,4,294.35228889704786,0.7930942702284166,0.0006723188631438948,0.1732301837806361,131510.479924731,-657.9178440412193,130852.56208068976,3975,10,936.3571428571429,40,2,20,36.02414214472074,0.6283854166666666,43.57215447154473,1025.7113821138237,25.64278455284559,6
4033,4,0,0,42,0.0,0.0,1.0,42,900,600,300,0.6666666666666666,12,6,6,296.74300190782895,0.7932394502516453,0.005450600250006099,0.17487569201748615,131562.6045694529,-591.9435562495689,130970.66101320334,3976,11,937.3571428571429,40,2,13,35.910516757470695,0.62890625,43.52134146341464,1025.914634146343,25.647865853658573,0
4034,4,0,0,42,0.0,0.0,1.0,42,1050,900,150,0.8571428571428571,12,9,3,297.7797546624326,0.7932394502516453,0.005779651664568286,0.17572660332124984,131614.739542022,-561.5590298433365,131053.18051217866,3977,12,938.3571428571429,40,2,14,35.83160014525769,0.6294270833333333,43.47052845528456,1026.1178861788624,25.65294715447156,0
4035,4,0,0,42,0.0,0.0,1.0,42,950,600,350,0.631578947368421,13,6,7,310.1255205318839,0.7937475803329462,0.014087005890284665,0.18795607354042018,132623.79410010742,-98.21478526824461,132525.57931483918,3978,13,939.3571428571429,37,5,23,34.502962884110396,0.6447072072072073,42.48903508771928,1030.0438596491203,27.83902323376001,3
4036,4,0,0,42,0.0,0.0,1.0,42,950,600,350,0.631578947368421,13,6,7,311.2408144120446,0.7924651567944251,0.02212277315989719,0.1896289628183817,132821.51870046556,-132.10446964449758,132689.41423082107,3979,14,940.3571428571429,37,5,15,34.2763846044747,0.6466779279279279,42.29714912280702,1030.8114035087722,27.859767662399246,0
4037,4,0,0,42,0.0,0.0,1.0,42,1300,900,400,0.6923076923076923,17,9,8,310.46501097805873,0.7897793263646922,0.02002268055850842,0.18987216471128876,132962.84072984,-143.93803862726693,132818.90269121274,3980,15,941.3571428571429,37,5,17,34.155060599617244,0.6480855855855856,42.16008771929825,1031.3596491228075,27.87458511142723,0
4038,4,0,1,41,0.0,0.023809523809523808,0.9761904761904762,42,1200,1100,100,0.9166666666666666,13,11,2,308.1213487358848,0.789730933023616,0.021613278680228998,0.1890105535596268,133075.95245652506,-199.29160895660573,132876.66084756845,3981,16,942.3571428571429,37,5,17,34.10246191994332,0.6492117117117117,42.050438596491226,1031.7982456140348,27.88643907064959,0
4039,4,0,1,40,0.0,0.024390243902439025,0.975609756097561,41,1250,900,350,0.72,16,9,7,309.22693193718374,0.7807418699186992,0.04762015762878269,0.190700066670102,133274.01369892654,42.382872614646686,133316.3965715412,3982,17,965.2439024390244,37,4,17,33.876123854022865,0.6511824324324325,41.858552631578945,1032.565789473684,27.907183499288756,0
4040,4,0,0,40,0.0,0.0,1.0,40,1050,800,250,0.7619047619047619,13,8,5,315.66211998322444,0.7774038461538462,0.06654944935121554,0.1949452728866097,133326.803894266,417.2443135703322,133744.0482078363,3983,18,989.175,36,4,20,33.65727110820339,0.6536458333333334,41.807432432432435,1032.770270270271,28.688063063063087,0
4041,4,1,0,41,0.024390243902439025,0.0,1.0,41,1100,800,300,0.7272727272727273,14,8,6,306.9319869555101,0.7861788617886178,0.06379544066972365,0.19088092170293858,133585.5503616497,0.33568020929794784,133585.886041859,3984,0,966.0243902439024,37,4,21,33.62457573186256,0.6542792792792793,41.55701754385965,1033.771929824561,27.9397818871503,0
4042,4,0,0,41,0.0,0.0,1.0,41,1450,1200,250,0.8275862068965517,17,12,5,305.30809496487944,0.7847560975609756,0.07339046363436563,0.190893431146033,133783.99032635038,-30.932955332421855,133753.05737101796,3985,1,967.0243902439024,37,4,14,33.46879968203497,0.65625,41.36513157894736,1034.5394736842102,27.960526315789465,0
4043,4,1,1,41,0.023809523809523808,0.023809523809523808,0.9761904761904762,42,900,500,400,0.5555555555555556,13,5,8,298.11572410431125,0.7900454897406117,0.08055735707407186,0.18761932454668742,134024.78723792834,-409.0207009277422,133615.7665370006,3986,0,944.9761904761905,38,4,15,33.41523077452195,0.656798245614035,41.13247863247864,1035.4700854700861,27.249212775528584,0
4044,4,0,0,41,0.0,0.0,1.0,41,1300,900,400,0.6923076923076923,17,9,8,309.09095232687685,0.78119918699187,0.07924116945045778,0.19430338028431182,133982.57757194494,82.56049938439926,134065.13807132933,3987,1,968.9756097560976,37,4,16,33.17314481395187,0.6582207207207208,41.173245614035075,1035.3070175438575,27.98127074442858,0
4045,4,0,0,41,0.0,0.0,1.0,41,900,500,400,0.5555555555555556,13,5,8,307.7100967093489,0.7804878048780488,0.08325995171015776,0.19388404692593716,134067.73147747378,50.798923707289035,134118.53040118105,3988,2,969.9756097560976,37,4,16,33.1241176989589,0.6590653153153154,41.09100877192982,1035.63596491228,27.990161213845408,0
4046,4,0,0,41,0.0,0.0,1.0,41,750,300,450,0.4,12,3,9,309.11983777299844,0.7796239837398374,0.08789988820815497,0.19507382147237895,134124.51577648878,92.10971164202849,134216.6254881308,3989,3,970.9756097560976,37,4,16,33.03109893793444,0.6596283783783785,41.03618421052631,1035.8552631578937,27.996088193456586,0
4047,4,0,0,41,0.0,0.0,1.0,41,1350,1000,350,0.7407407407407407,17,10,7,311.8308679461936,0.7795223577235773,0.08874012557711053,0.19739541412990433,134238.12044330928,171.91792186055014,134410.03836516984,3990,4,971.9756097560976,37,4,16,32.84782474517689,0.6607545045045047,40.92653508771929,1036.2938596491213,28.007942152678954,0
4048,4,1,2,40,0.023809523809523808,0.047619047619047616,0.9523809523809523,42,1300,900,400,0.6923076923076923,17,9,8,306.62964381056827,0.7866821525358111,0.09107449364915898,0.1956224600131811,134523.07167251068,-150.24768975090507,134372.82398275976,3991,0,949.8095238095239,38,4,18,32.699322004806035,0.6617324561403508,40.6517094017094,1037.3931623931617,27.29982006297794,0
4049,4,0,1,39,0.0,0.025,0.975,40,950,400,550,0.42105263157894735,15,4,11,335.2801896267599,0.7708066239316239,0.027086651799936412,0.2067670953317088,133274.0136989264,936.8273170590758,134210.84101598547,3992,6,997.65,37,3,16,33.20358128915789,0.6511824324324325,41.85855263157894,1032.5657894736828,27.907183499288724,7
4050,4,0,0,39,0.0,0.0,1.0,39,1400,1100,300,0.7857142857142857,17,11,6,344.55649858830645,0.7632703553756186,0.032023314091377264,0.21229126203344026,133239.59094229355,1381.7133856829723,134621.3043279765,3993,97,1024.076923076923,36,3,16,32.998609293193724,0.6527777777777779,41.89189189189189,1032.4324324324316,28.678678678678654,0
4051,4,0,0,39,0.0,0.0,1.0,39,750,500,250,0.6666666666666666,10,5,5,345.37757064249865,0.7630454340980657,0.03813438469927033,0.21313003518113793,133297.72973987486,1407.609213943655,134705.33895381851,3994,98,1025.076923076923,36,3,16,32.91916575790622,0.6533564814814816,41.83558558558558,1032.6576576576565,28.6849349349349,0
4052,4,0,0,39,0.0,0.0,1.0,39,1100,600,500,0.5454545454545454,16,6,10,338.25175696887607,0.7626518218623483,0.020298440100420034,0.19634153709112914,130982.06948502551,1066.8450967859635,132048.91458181146,3995,99,1026.076923076923,36,3,18,35.431563989732275,0.6302083333333335,44.08783783783783,1023.6486486486482,28.434684684684672,8
4053,4,0,0,39,0.0,0.0,1.0,39,750,600,150,0.8,9,6,3,339.5590177856888,0.76259559154296,0.019613650017346274,0.19724798918145006,131010.89000740598,1097.1858260287297,132108.0758334347,3996,100,1027.076923076923,36,3,18,35.36900047666191,0.6304976851851851,44.05968468468468,1023.7612612612606,28.437812812812794,0
4054,4,0,0,39,0.0,0.0,1.0,39,550,300,250,0.5454545454545454,8,3,5,339.8628460229296,0.7615834457939722,0.022894175775830305,0.1975724422020765,131039.71370018674,1107.10600803507,132146.8197082218,3997,101,1028.076923076923,36,3,18,35.332114312949116,0.630787037037037,44.031531531531535,1023.8738738738743,28.440940940940955,0
4055,4,1,1,39,0.025,0.025,0.975,40,700,400,300,0.5714285714285714,10,4,6,335.89237672570164,0.7713942307692307,0.030947915550316285,0.19430947099984622,130850.90033712279,790.6810221997915,131641.5813593226,3998,0,1003.35,37,3,20,35.624419497731566,0.6269707207207208,44.216008771929815,1023.1359649122793,27.652323376007548,1
4056,4,0,0,39,0.0,0.0,1.0,39,1550,1300,250,0.8387096774193549,18,13,5,339.8247793818684,0.7612460638776428,0.03181700143391075,0.19637202900158313,130809.21292914519,1090.4423849525065,131899.6553140977,3999,103,1030.076923076923,36,3,20,35.56596763540293,0.6284722222222223,44.25675675675675,1022.9729729729715,28.415915915915875,0
4057,4,0,0,39,0.0,0.0,1.0,39,1200,1000,200,0.8333333333333334,14,10,4,341.8795302005456,0.7618645973909132,0.037092850652172604,0.19785461219122003,130866.81909950472,1148.1373265156808,132014.9564260204,4000,104,1031.076923076923,36,3,20,35.45518746789932,0.629050925925926,44.20045045045044,1023.1981981981967,28.42217217217213,0
4058,4,1,1,39,0.025,0.025,0.975,40,800,400,400,0.5,12,4,8,334.01650516150625,0.7703525641025641,0.0360373621667911,0.19463806454857288,131131.5155264116,760.0181065327346,131891.53363294434,4001,0,1006.275,37,3,20,35.38912232808763,0.6297860360360361,43.94188596491226,1024.232456140348,27.681958274063458,0
4059,4,0,0,39,0.0,0.0,1.0,39,1200,900,300,0.75,15,9,6,338.30373351519734,0.7611898335582546,0.03483599243316582,0.19684850886594524,131075.36844269364,1068.6573032086458,132144.0257459023,4002,106,1033.076923076923,37,2,20,35.336023664203864,0.6292229729729731,43.99671052631577,1024.0131578947346,27.676031294452287,0
4060,4,0,0,39,0.0,0.0,1.0,39,850,600,250,0.7058823529411765,11,6,5,339.64327778943044,0.7609649122807017,0.033532894682664516,0.1979168969326927,131131.5155264117,1107.587550977194,132239.1030773889,4003,107,1034.076923076923,37,2,21,35.24504424936659,0.6297860360360361,43.94188596491227,1024.2324561403489,27.681958274063483,0
4061,4,1,1,39,0.025,0.025,0.975,40,700,300,400,0.42857142857142855,11,3,8,331.6706797449169,0.7731837606837607,0.03174866310160418,0.19454961453042488,131384.32618690358,715.4130357417557,132099.73922264532,4004,0,1009.2,37,3,21,35.19429590017825,0.6323198198198199,43.695175438596486,1025.2192982456133,27.708629682313873,0
4062,4,0,0,39,0.0,0.0,1.0,39,700,400,300,0.5714285714285714,10,4,6,335.1179853261946,0.7609649122807017,0.008547008547008517,0.19628339140534273,131328.12500000015,1035.0021160357194,132363.12711603587,4005,109,1036.076923076923,35,4,19,35.16260162601626,0.6357142857142857,43.75000000000001,1025.0000000000011,29.285714285714317,4
4063,4,0,0,39,0.0,0.0,1.0,39,1300,1000,300,0.7692307692307693,16,10,6,334.40201048122856,0.7602901484480432,0.015024061068525496,0.19662483177665363,131476.45968632132,993.1984900120233,132469.65817633335,4006,110,1037.076923076923,35,4,19,35.03143456344281,0.6372023809523808,43.60532407407408,1025.578703703705,29.302248677248716,0
4064,4,1,1,39,0.025,0.025,0.975,40,900,600,300,0.6666666666666666,12,6,6,324.84379367796544,0.7660523504273504,0.015142622051563137,0.1921447877595495,131703.53366457688,556.6151032789642,132260.14876785586,4007,0,1012.125,36,4,16,35.04799780581458,0.6374421296296295,43.38400900900901,1026.463963963965,28.512887887887914,0
4065,4,3,2,40,0.07142857142857142,0.047619047619047616,0.9523809523809523,42,1050,900,150,0.8571428571428571,12,9,3,311.0651231973097,0.7851335656213705,0.012471655328798903,0.18607350096711817,132130.12695312526,-179.78515624996876,131950.3417968753,4008,0,964.8571428571429,39,3,17,34.97340425531917,0.6362179487179487,42.968750000000014,1028.125000000002,26.36217948717954,0
4066,4,0,1,39,0.0,0.025,0.975,40,1000,500,500,0.5,15,5,10,321.18993400124486,0.7654380341880341,0.025149381135296967,0.19148804462211633,132003.33275623273,479.6283471837558,132482.96110341648,4009,1,1014.1,37,3,17,34.84048228766538,0.6385135135135135,43.0921052631579,1027.6315789473688,27.773826458036993,0
4067,4,0,0,39,0.0,0.0,1.0,39,850,600,250,0.7058823529411765,11,6,5,327.91935447551083,0.7626518218623483,0.024070249385317766,0.1954450757406298,131992.67415642017,856.5905009739646,132849.26465739412,4010,2,1006.6666666666666,36,3,18,34.6783105022831,0.6403356481481481,43.102477477477485,1027.5900900900917,28.544169169169216,0
4068,4,0,0,39,0.0,0.0,1.0,39,1000,800,200,0.8,12,8,4,327.5440977324349,0.763663967611336,0.029433245690914323,0.19566901335743897,132079.47812677556,852.3706984011214,132931.84882517668,4011,3,1007.6666666666666,36,3,19,34.60072487583991,0.6412037037037036,43.018018018018026,1027.927927927929,28.553553553553584,0
4069,4,1,0,40,0.025,0.0,1.0,40,1050,800,250,0.7619047619047619,13,8,5,321.410967868521,0.7706196581196582,0.04454206602768962,0.19421164660781265,132510.87474030454,518.0897006771165,133028.96444098165,4012,0,983.45,37,3,21,34.325523606673784,0.6435810810810811,42.59868421052631,1029.6052631578934,27.82716927453766,0
4070,4,0,0,40,0.0,0.0,1.0,40,1450,1100,350,0.7586206896551724,18,11,7,310.96510040090294,0.7706196581196582,0.02690376569037589,0.17780061960721527,130398.95171305459,109.90462232452603,130508.85633537911,4013,1,984.45,38,2,21,36.71787831241283,0.6206140350877192,44.65811965811967,1021.3675213675239,26.878092667566417,4
4071,4,0,0,40,0.0,0.0,1.0,40,1250,1000,250,0.8,15,10,5,321.62170488626526,0.7703258547008547,0.007349226397221242,0.17652962554156015,128794.39153928337,284.6143573307013,129079.00589661408,4014,2,985.45,38,2,18,38.072308178086494,0.6044407894736842,46.23397435897436,1015.0641025641027,26.712213225371123,3
4072,4,2,0,42,0.047619047619047616,0.0,1.0,42,1250,700,550,0.56,18,7,11,310.35502779974513,0.7900212930700735,0.03137553137553151,0.1730335565952004,129413.28125000001,-366.5454470742933,129046.73580292572,4015,0,939.4761904761905,39,3,21,37.73034398034399,0.608974358974359,45.625,1017.5000000000001,26.08974358974359,0
4073,4,1,2,41,0.023255813953488372,0.046511627906976744,0.9534883720930233,43,600,200,400,0.3333333333333333,10,2,8,305.57135274878925,0.7956810631229235,0.039981155851780636,0.17135593317826617,129640.87106095906,-677.092731674274,128963.77832928479,4016,0,918.6046511627907,40,3,17,37.62161959884243,0.6096354166666667,45.40142276422764,1018.3943089430893,25.459857723577233,0
4074,4,0,0,41,0.0,0.0,1.0,41,1300,1000,300,0.7692307692307693,16,10,6,316.28757613125407,0.7795731707317073,0.03572810106490487,0.17693637558848022,129545.8021375869,-5.254448784712679,129540.54768880218,4017,2,964.390243902439,39,2,18,37.44510812101368,0.610309829059829,45.49479166666667,1018.0208333333342,26.10309829059831,0
4075,4,1,1,41,0.023809523809523808,0.023809523809523808,0.9761904761904762,42,1100,700,400,0.6363636363636364,15,7,8,311.05540913791674,0.7891018195896244,0.03401631947412875,0.1750079423129492,129770.27253123144,-326.85095677176474,129443.42157445967,4018,0,942.4047619047619,40,2,18,37.35101236784357,0.6109375,45.27439024390244,1018.9024390243906,25.472560975609763,0
4076,4,0,0,41,0.0,0.0,1.0,41,1350,1000,350,0.7407407407407407,17,10,7,312.88467658542424,0.7797764227642277,0.026589405129381793,0.17610114536010443,129784.51063368037,-78.48307291668579,129706.02756076369,4019,4,966.390243902439,39,2,18,37.29000545219108,0.6127136752136753,45.26041666666666,1018.9583333333319,26.127136752136714,0
4077,4,1,0,42,0.023809523809523808,0.0,1.0,42,1000,500,500,0.5,15,5,10,310.9943614235071,0.785230352303523,0.049700780531292565,0.17684062159767014,130184.79100568432,-302.65281082690467,129882.13819485743,4020,0,944.3571428571429,40,2,19,36.933421297218324,0.6151041666666668,44.86788617886178,1020.5284552845519,25.5132113821138,0
4078,4,3,1,44,0.06666666666666667,0.022222222222222223,0.9777777777777777,45,1350,1100,250,0.8148148148148148,16,11,5,289.43933412220736,0.8061026936026936,0.0625642019575543,0.16807678608931065,130997.85175933766,-1416.7673277552424,129581.08443158242,4021,0,882.3333333333334,41,4,14,36.664869819426954,0.6216971544715448,44.07242063492062,1023.7103174603147,24.96854432830036,0
4079,4,0,0,44,0.0,0.0,1.0,44,1250,900,350,0.72,16,9,7,295.6321161238896,0.7990442212825934,0.05881211880616366,0.17198551974967138,131067.83743142291,-1050.4275728733119,130017.4098585496,4022,1,903.3863636363636,40,4,15,36.43600304353578,0.6239583333333335,44.004065040650396,1023.9837398373969,25.599593495934922,0
4080,4,0,0,44,0.0,0.0,1.0,44,900,600,300,0.6666666666666666,12,6,6,300.90775320371137,0.7990442212825934,0.09538177558482142,0.16644163195565995,129100.5487843287,-1030.5287855882925,128070.0199987404,4023,2,904.3863636363636,41,3,17,38.287452817909674,0.6026422764227641,45.93253968253969,1016.2698412698426,24.787069299264452,5
4081,4,0,0,44,0.0,0.0,1.0,44,1300,900,400,0.6923076923076923,17,9,8,300.48101728241465,0.7994626497533475,0.09514758199739193,0.16652401211968135,129176.17517203662,-1037.0022951309925,128139.17287690562,4024,3,905.3863636363636,41,3,17,38.22165430532513,0.6034044715447153,45.85813492063493,1016.5674603174621,24.794328300425903,0
4082,4,1,1,44,0.022222222222222223,0.022222222222222223,0.9777777777777777,45,1600,1300,300,0.8125,19,13,6,296.4051456964928,0.8080808080808082,0.09899574996948446,0.1653428815520327,129433.96297053693,-1327.016548578835,128106.9464219581,4025,0,886.2444444444444,40,5,12,38.06426645361031,0.6075520833333332,45.60467479674798,1017.5813008130099,25.439532520325248,0
4083,4,0,0,44,0.0,0.0,1.0,44,1200,800,400,0.6666666666666666,16,8,8,301.50973824826485,0.7997048978153629,0.10185151545427273,0.1677493590954357,129330.57089240887,-1001.1146845462115,128329.45620786266,4026,5,907.3863636363636,40,4,19,38.03909814500282,0.6065104166666666,45.70630081300814,1017.1747967479695,25.429369918699237,0
4084,4,0,0,44,0.0,0.0,1.0,44,950,500,450,0.5263157894736842,14,5,9,303.66965930923203,0.799088266384778,0.10719345084043952,0.16917289701417493,129382.26176754921,-942.106529678085,128440.15523787112,4027,6,908.3863636363636,40,4,19,37.93181666833152,0.6070312499999999,45.65548780487806,1017.3780487804888,25.43445121951222,0
4085,4,2,1,45,0.043478260869565216,0.021739130434782608,0.9782608695652174,46,1000,300,700,0.3,17,3,14,294.96930641378947,0.813828502415459,0.1253420637085907,0.16626404956378563,129842.52467550035,-1540.0881106904558,128302.43656480989,4028,0,869.8478260869565,42,4,14,37.68777334093934,0.6086309523809523,45.20348837209303,1019.1860465116285,24.26633444075306,0
4086,4,2,0,47,0.0425531914893617,0.0,1.0,47,1450,1100,350,0.7586206896551724,18,11,7,290.03228798961146,0.8222710453283996,0.12518711318422193,0.1646368741201303,130117.62242452933,-1852.3376520890788,128265.28477244025,4029,0,852.2978723404256,43,4,17,37.53596621496192,0.6099806201550388,44.93371212121212,1020.265151515151,23.72709654686398,0
4087,4,0,1,46,0.0,0.02127659574468085,0.9787234042553191,47,1500,1000,500,0.6666666666666666,20,10,10,315.65522372196864,0.8228492136910268,0.08808949330993676,0.16823382802764242,127617.7300347221,-1312.3407369146114,126305.38929780749,4030,1,853.2978723404256,41,6,16,39.42225085910654,0.5876524390243902,47.39583333333333,1010.4166666666656,24.644308943089406,8
4088,4,1,1,46,0.02127659574468085,0.02127659574468085,0.9787234042553191,47,1350,700,650,0.5185185185185185,20,7,13,312.41430226924723,0.8226564909034844,0.09231052771691273,0.1627875928072959,126701.48747821648,-1481.1584997145576,125220.32897850193,4031,0,854.2340425531914,42,5,15,40.44092877767084,0.5768849206349207,48.304263565891475,1006.7829457364343,23.97102251753415,2
4089,4,0,0,46,0.0,0.0,1.0,46,1400,1200,200,0.8571428571428571,16,12,4,314.4394943521537,0.8231682769726248,0.0932905623422764,0.16374495773556513,126677.09953015138,-1233.5433755483518,125443.55615460302,4032,1,859.9130434782609,42,4,15,40.41494208618089,0.5766369047619047,48.32848837209302,1006.6860465116275,23.968715393133987,0
4090,4,3,3,46,0.061224489795918366,0.061224489795918366,0.9387755102040817,49,1300,900,400,0.6923076923076923,17,9,8,302.1827230398977,0.840844671201814,0.1253786996038222,0.16042007930712027,127458.67816124317,-2094.802746229204,125363.87541501396,4033,0,808.204081632653,42,7,13,39.92479128682471,0.5845734126984128,47.553294573643406,1009.7868217054252,24.042543373938695,0
4091,4,4,2,48,0.08,0.04,0.96,50,1050,700,350,0.6666666666666666,14,7,7,297.46350427361017,0.8394557823129252,0.14095255541307927,0.1590453741263115,127746.403463649,-2400.021433470492,125346.3820301785,4034,0,792.88,44,6,15,39.75067930634427,0.5847537878787878,47.268518518518526,1010.9259259259272,22.975589225589257,0
4092,4,2,0,50,0.04,0.0,1.0,50,1050,500,550,0.47619047619047616,16,5,11,302.25257187200555,0.8391156462585033,0.16331625183016119,0.16255000518785812,127980.52126200276,-2263.511659807956,125717.0096021948,4035,0,793.84,44,6,17,39.39116642264519,0.5871212121212122,47.03703703703704,1011.851851851852,22.996632996633,0
4093,4,1,2,49,0.0196078431372549,0.0392156862745098,0.9607843137254902,51,1450,1000,450,0.6896551724137931,19,10,9,297.05167690317245,0.8424509803921569,0.16380915058293333,0.16050854770517073,128169.64408738006,-2584.9783631302644,125584.66572424979,4036,0,779.2549019607843,41,10,17,39.33034110577705,0.5932418699186993,46.8501984126984,1012.5992063492042,24.697541618273274,0
4094,4,4,4,49,0.07547169811320754,0.07547169811320754,0.9245283018867925,53,1250,800,450,0.64,17,8,9,287.4543717812259,0.8540759554910498,0.182950382129609,0.15757792851045513,128744.48609855653,-3198.366925648533,125546.119172908,4037,0,750.6792452830189,43,10,13,38.98994199247302,0.596172480620155,46.28314393939394,1014.8674242424238,23.601568005637763,0
4095,4,2,2,49,0.0392156862745098,0.0392156862745098,0.9607843137254902,51,1500,1200,300,0.8,18,12,6,300.46352666911844,0.8480718954248366,0.18394434579334162,0.1641572127960509,128610.97965867448,-2471.418296676872,126139.5613619976,4038,0,781.0784313725491,42,9,15,38.79541618902049,0.5962301587301586,46.41472868217055,1014.3410852713189,24.15097822074569,0
4096,4,2,1,50,0.0392156862745098,0.0196078431372549,0.9803921568627451,51,1300,900,400,0.6923076923076923,17,9,8,305.4652709701362,0.8491830065359478,0.1995120974007858,0.1674064773872444,128733.87008180121,-2335.254698485644,126398.61538331557,4039,0,781.9803921568628,42,9,17,38.54375537095388,0.5974702380952379,46.2936046511628,1014.8255813953508,24.16251384274645,0
4097,4,1,0,51,0.0196078431372549,0.0,1.0,51,1750,1600,150,0.9142857142857143,19,16,3,308.20920255229885,0.8444771241830066,0.20940727436012563,0.16964456106870232,128906.01526350582,-2253.9959662880838,126652.01929721773,4040,0,782.9607843137255,42,9,18,38.299340012722645,0.5992063492063492,46.12403100775194,1015.5038759689924,24.178663713547436,0
4098,4,1,0,52,0.019230769230769232,0.0,1.0,52,1700,1200,500,0.7058823529411765,22,12,10,307.8807495298953,0.8481020613373553,0.2257086995354145,0.17084297790643707,129226.60506621604,-2442.0471534986455,126784.5579127174,4041,0,768.8846153846154,41,11,19,37.982465769018106,0.6039126016260163,45.80853174603173,1016.765873015871,24.79916763453344,0
4099,4,3,1,54,0.05454545454545454,0.01818181818181818,0.9818181818181818,55,1450,1100,350,0.7586206896551724,18,11,7,306.3643045251091,0.8582491582491583,0.2784467461725746,0.17350143004339708,130026.38996056221,-3032.911093964358,126993.47886659786,4042,0,727.8909090909091,44,11,17,37.21156755938869,0.6077178030303032,45.02314814814814,1019.9074074074058,23.179713804713767,0
4100,4,1,3,52,0.01818181818181818,0.05454545454545454,0.9454545454545454,55,1450,1100,350,0.7586206896551724,18,11,7,304.59433779569787,0.8567901234567902,0.27070814671347354,0.17303354590360698,130147.02896089277,-3071.590379515902,127075.43858137687,4043,0,728.8545454545455,45,10,18,37.134838733540455,0.6076388888888891,44.90489130434781,1020.3804347826053,22.675120772946784,0
4101,4,0,1,51,0.0,0.019230769230769232,0.9807692307692307,52,1550,1200,350,0.7741935483870968,19,12,7,320.4466340394279,0.8499088738059325,0.27493373627394324,0.18111542827834723,129948.59931882721,-2071.6817500287225,127876.91756879848,4044,2,769.0192307692307,43,9,18,36.93122890932169,0.6082848837209305,45.099431818181806,1019.6022727272706,23.711680761099316,0
4102,4,2,0,53,0.03773584905660377,0.0,1.0,53,1300,900,400,0.6923076923076923,17,9,8,315.58124232927537,0.8587626995645863,0.2987123142554471,0.18084177277825425,130485.24728081241,-2363.5029563878093,128121.74432442461,4045,0,734.566037735849,42,11,20,36.51286671724835,0.6150793650793651,44.57364341085271,1021.7054263565888,24.326319675156874,0
4103,4,1,0,54,0.018518518518518517,0.0,1.0,54,1400,900,500,0.6428571428571429,19,9,10,310.6395736845749,0.8613440484509667,0.3063896689949832,0.179327527277771,130770.59771184868,-2675.49545526285,128095.10225658583,4046,0,721.9444444444445,43,11,20,36.35128306021047,0.6165213178294573,44.29450757575758,1022.8219696969702,23.78655743481326,0
4104,4,0,1,53,0.0,0.018518518518518517,0.9814814814814815,54,1400,900,500,0.6428571428571429,19,9,10,296.86710000783165,0.8603540647565805,0.23362176335627716,0.17220730133924508,130957.01073829012,-3023.448445285649,127933.56229300446,4047,1,722.9444444444445,45,9,19,36.51585545722713,0.6157407407407407,44.112318840579704,1023.5507246376799,22.74557165861511,2
4105,4,2,1,54,0.03636363636363636,0.01818181818181818,0.9818181818181818,55,2050,1400,650,0.6829268292682927,27,14,13,286.4625160476721,0.8679012345679012,0.24104868013022607,0.16833052789186656,131452.30647384483,-3466.667910370712,127985.63856347412,4048,0,710.1272727272727,42,13,21,36.284804245803016,0.624751984126984,43.628875968992254,1025.484496124032,24.416297526762666,0
4106,4,0,0,54,0.0,0.0,1.0,54,1400,900,500,0.6428571428571429,19,9,10,295.35471920558973,0.8632221057535523,0.25055182891870165,0.17345377146073765,131429.83119173624,-3036.3158226253126,128393.51536911093,4049,1,724.2777777777778,41,13,22,36.07939886480909,0.6260162601626015,43.650793650793666,1025.3968253968278,25.00967866821531,0
4107,4,0,1,53,0.0,0.018518518518518517,0.9814814814814815,54,2350,2000,350,0.851063829787234,27,20,7,293.7184368149601,0.8632948986722572,0.2351809083910703,0.172144129860419,131352.3922194242,-3080.323211281101,128272.0690081431,4050,2,725.2777777777778,43,11,15,36.19909545804464,0.6223352713178295,43.72632575757575,1025.0946969696956,23.839411557434783,3
4108,4,0,1,52,0.0,0.018867924528301886,0.9811320754716981,53,1500,1300,200,0.8666666666666667,17,13,4,298.9609788715017,0.8599721819061441,0.24185329782927067,0.17521929060839944,131352.95660003874,-2746.118303437327,128606.83829660142,4051,5,739.9245283018868,42,11,16,36.064175883038715,0.6237599206349209,43.725775193798434,1025.0968992248036,24.40706902916199,0
4109,4,2,2,52,0.037037037037037035,0.037037037037037035,0.962962962962963,54,1950,1300,650,0.6666666666666666,26,13,13,291.84716253609616,0.8618827160493827,0.2385758480833351,0.17264768643944264,131708.02897805188,-3112.277091906743,128595.75188614514,4052,0,726.7777777777778,44,10,13,35.890236935474185,0.6245265151515154,43.37962962962962,1026.4814814814795,23.329124579124535,0
4110,4,1,1,52,0.018867924528301886,0.018867924528301886,0.9811320754716981,53,1300,600,700,0.46153846153846156,20,6,14,299.8360014812221,0.8581881954523464,0.24526735506193287,0.177527148665097,131740.97262576027,-2699.862707328991,129041.10991843128,4053,0,741.4716981132076,43,10,14,35.65217307751435,0.6262112403100776,43.34753787878787,1026.6098484848471,23.87464763918249,0
4111,4,2,1,53,0.037037037037037035,0.018518518518518517,0.9814814814814815,54,1450,1000,450,0.6896551724137931,19,10,9,298.21642806544094,0.8590583508036338,0.2584236492639622,0.17830355416319812,132112.27816358022,-2920.389660493834,129191.88850308639,4054,0,728.3518518518518,44,10,16,35.32153472034585,0.6285511363636365,42.98611111111111,1028.0555555555552,23.364898989898983,0
4112,4,0,0,53,0.0,0.0,1.0,53,1450,1100,350,0.7586206896551724,18,11,7,304.2901180390671,0.8570391872278664,0.2565426009825851,0.18202081606336923,132130.126953125,-2558.821614583331,129571.30533854167,4055,1,743.0943396226415,43,10,16,35.1475430597771,0.6300872093023255,42.96875,1028.125,23.90988372093023,0
4113,4,0,0,53,0.0,0.0,1.0,53,1450,900,550,0.6206896551724138,20,9,11,305.0216791998976,0.8565251572327044,0.25946869702948283,0.18328293820949587,132300.5624426078,-2529.0920569329787,129771.47038567482,4056,2,744.0943396226415,43,10,16,34.95796514482081,0.6317829457364341,42.8030303030303,1028.787878787878,23.925299506694838,0
4114,4,0,1,52,0.0,0.018867924528301886,0.9811320754716981,53,1350,800,550,0.5925925925925926,19,8,11,304.80076193756264,0.856192549588776,0.2594823988792514,0.18375131648235904,132424.15229030332,-2527.2958864031084,129896.85640390021,4057,3,745.0943396226415,40,13,18,34.83988283307004,0.6375000000000001,42.68292682926829,1029.2682926829264,25.73170731707316,0
4115,4,0,0,52,0.0,0.0,1.0,52,1300,800,500,0.6153846153846154,18,8,10,310.1505185892996,0.8538681498240321,0.2725582703243137,0.18267717147532442,131541.75347222234,-2240.4513888888805,129301.30208333346,4058,4,759.7115384615385,39,13,18,35.587598158678574,0.6303418803418803,43.54166666666667,1025.8333333333344,26.30341880341883,1
4116,4,0,0,52,0.0,0.0,1.0,52,1200,700,500,0.5833333333333334,17,7,10,310.7265673003436,0.8534282302664655,0.2742927309214991,0.18340128307224016,131621.90890842027,-2220.3152126736004,129401.59369574668,4059,5,760.7115384615385,39,13,14,35.492272358136226,0.6311431623931624,43.46354166666667,1026.1458333333344,26.31143162393165,0
4117,4,0,1,51,0.0,0.019230769230769232,0.9807692307692307,52,1050,700,350,0.6666666666666666,14,7,7,313.5664215498843,0.8524855455002512,0.28423922147937186,0.18567690448399352,131745.12215777638,-2137.830697666748,129607.29146010963,4060,6,761.7115384615385,40,12,14,35.295609780241534,0.6307291666666668,43.34349593495934,1026.6260162601618,25.665650406504046,0
4118,4,0,0,51,0.0,0.0,1.0,51,1450,1200,250,0.8275862068965517,17,12,5,315.74700185410944,0.8517973856209151,0.2933899933055857,0.18735310943838956,131823.38271077067,-1875.4324269614665,129947.9502838092,4061,7,774.4117647058823,40,11,14,35.16101764802902,0.6315104166666667,43.267276422764226,1026.9308943089427,25.67327235772357,0
4119,4,0,0,51,0.0,0.0,1.0,51,1300,700,600,0.5384615384615384,19,7,12,317.905234686005,0.8509803921568628,0.3031371385464483,0.18941307176842645,131979.97352972772,-1808.5751082358333,130171.39842149189,4062,8,775.4117647058823,40,11,14,34.948323607951735,0.6330729166666667,43.114837398373986,1027.5406504065045,25.68851626016261,0
4120,4,1,1,51,0.019230769230769232,0.019230769230769232,0.9807692307692307,52,1250,800,450,0.64,17,8,9,310.07643768523707,0.8552193313222725,0.29822730501079864,0.18594075195429965,132223.5414413195,-2200.1190583498756,130023.42238296964,4063,0,761.4807692307693,42,10,14,34.90515671126185,0.6324404761904763,42.87790697674418,1028.4883720930222,24.487818383167195,0
4121,4,0,0,51,0.0,0.0,1.0,51,1200,1100,100,0.9166666666666666,13,11,2,315.7739487971948,0.8502941176470589,0.30232320595612383,0.18920882966657332,132193.8824719701,-1851.3231449987545,130342.55932697136,4064,10,777.4117647058823,41,10,14,34.78841083027848,0.6336382113821138,42.906746031746025,1028.3730158730145,25.082268679829625,0
4122,4,0,1,50,0.0,0.0196078431372549,0.9803921568627451,51,950,700,250,0.7368421052631579,12,7,5,316.8627698957289,0.849640522875817,0.3063588405468265,0.19037467693040042,132295.92328829694,-1816.0694601914672,130479.85382810546,4065,11,778.4117647058823,41,10,15,34.65806814529091,0.6346544715447153,42.80753968253969,1028.7698412698423,25.091947348044936,0
4123,4,0,2,48,0.0,0.04,0.96,50,1850,1500,350,0.8108108108108109,22,15,7,325.61904255654815,0.847517006802721,0.31099677864703157,0.1957858825333093,132324.91933719316,-1382.4972918101264,130942.42204538303,4066,12,790.06,43,7,16,34.40376208007362,0.6320251937984496,42.77935606060607,1028.8825757575773,23.927501761804123,0
4124,4,0,1,47,0.0,0.020833333333333332,0.9791666666666666,48,1300,800,500,0.6153846153846154,18,8,10,338.79744697985006,0.8449135638297872,0.30182811911044105,0.2028960782928991,132173.71627306068,-643.9764737695835,131529.7397992911,4067,13,821.7083333333334,42,6,17,34.21676718180678,0.6319444444444444,42.9263565891473,1028.2945736434121,24.483204134366957,0
4125,4,0,0,47,0.0,0.0,1.0,47,1100,800,300,0.7272727272727273,14,8,6,348.0703791983247,0.8421985815602836,0.3053136049477019,0.20799915047595383,132091.8810232426,-204.54577664399153,131887.3352465986,4068,14,839.4893617021277,41,6,17,34.06075082030497,0.6326219512195121,43.00595238095238,1027.9761904761904,25.0725900116144,0
4126,4,1,1,47,0.020833333333333332,0.020833333333333332,0.9791666666666666,48,1200,900,300,0.75,15,9,6,329.32570802710325,0.842826536643026,0.26644227980276414,0.19430780365797692,131607.91175555903,-924.097202538397,130683.81455302064,4069,0,822.9791666666666,41,7,13,35.02922669115987,0.6277947154471543,43.47718253968255,1026.0912698412724,25.02661633759201,2
4127,4,0,0,47,0.0,0.0,1.0,47,1550,1200,350,0.7741935483870968,19,12,7,338.970469004094,0.8413891458526056,0.2625652050203906,0.19976105572658143,131562.60456945316,-480.83244513842897,131081.77212431474,4070,16,841.4893617021277,40,7,13,34.82747234604591,0.6289062499999998,43.52134146341466,1025.9146341463452,25.64786585365863,0
4128,4,0,0,47,0.0,0.0,1.0,47,950,600,350,0.631578947368421,13,6,7,339.99327878139,0.8406567992599444,0.2637682625166975,0.2007749783119583,131640.81090124967,-448.60181604860395,131192.20908520106,4071,17,842.4893617021277,40,7,13,34.722428533703024,0.6296874999999997,43.445121951219534,1026.2195121951254,25.655487804878135,0
4129,4,0,1,46,0.0,0.02127659574468085,0.9787234042553191,47,1250,900,350,0.72,16,9,7,339.9220251984495,0.8408495220474869,0.2616292539501337,0.2012832531391997,131745.12215777687,-443.38625322224425,131301.73590455463,4072,18,843.4893617021277,40,7,13,34.619176070745084,0.6307291666666665,43.34349593495937,1026.626016260166,25.66565040650415,0
4130,4,0,1,45,0.0,0.021739130434782608,0.9782608695652174,46,1450,1100,350,0.7586206896551724,18,11,7,347.0044371762139,0.8397946859903382,0.26009560895584216,0.2059672935653401,131835.77609592045,-50.48014322913167,131785.29595269132,4073,19,847.9565217391304,39,7,14,34.346050140311725,0.6332799145299144,43.25520833333335,1026.9791666666692,26.332799145299212,0
4131,4,0,0,45,0.0,0.0,1.0,45,1650,1400,250,0.8484848484848485,19,14,5,352.6778544689587,0.8383417508417509,0.2601483947021699,0.20955778077036916,131876.23844875465,301.9657663087292,132178.2042150634,4074,20,861.8888888888889,38,7,14,34.159602316066824,0.6354166666666665,43.21581196581197,1027.1367521367536,27.029914529914567,0
4132,4,0,0,45,0.0,0.0,1.0,45,1250,900,350,0.72,16,9,7,357.24390687631427,0.8374579124579125,0.26492012336694715,0.2130396243176236,132013.4451589781,432.19978175908494,132445.6449407372,4075,21,862.8888888888889,38,7,15,33.90403541601691,0.6367872807017543,43.08226495726496,1027.6709401709409,27.0439721097616,0
4133,4,0,0,45,0.0,0.0,1.0,45,1350,1200,150,0.8888888888888888,15,12,3,351.46039727851013,0.8373737373737374,0.2614438514418751,0.21041871595644765,132162.7802977725,289.996653777516,132452.77695155,4076,22,863.8888888888889,40,5,15,33.90224517361797,0.6348958333333332,42.9369918699187,1028.2520325203252,25.70630081300813,0
4134,4,0,1,44,0.0,0.022222222222222223,0.9777777777777777,45,1250,900,350,0.72,16,9,7,353.4722069000762,0.8372474747474747,0.2675667072782557,0.21235603266762443,132293.43401951552,352.4104162535567,132645.84443576908,4077,23,864.8888888888889,40,5,15,33.71900622345155,0.6361979166666667,42.8099593495935,1028.7601626016262,25.719004065040657,0
4135,4,0,0,44,0.0,0.0,1.0,44,850,400,450,0.47058823529411764,13,4,9,354.72712794914895,0.83738548273432,0.25827760882711215,0.21355684841651332,132372.47973552853,591.2219112181983,132963.70164674672,4078,24,868.4772727272727,41,3,15,33.607181304026476,0.6354166666666665,42.733134920634924,1029.067460317461,25.099206349206366,0
4136,4,1,1,44,0.022222222222222223,0.022222222222222223,0.9777777777777777,45,1050,700,350,0.6666666666666666,14,7,7,346.80670415582733,0.8404040404040405,0.25377659399559405,0.21038776541158716,132659.6078413147,201.45319496003856,132861.06103627474,4079,0,850.1555555555556,40,5,12,33.522409654401365,0.63984375,42.454268292682926,1030.1829268292681,25.754573170731703,0
4137,4,0,0,44,0.0,0.0,1.0,44,1250,800,450,0.64,17,8,9,352.54700622148033,0.8359540169133193,0.25448156353708007,0.21375458887334264,132639.32427300353,552.3193359375057,133191.64360894103,4080,26,870.4772727272727,39,5,12,33.39495483196818,0.6412927350427351,42.473958333333336,1030.104166666667,26.41292735042736,0
4138,4,0,0,44,0.0,0.0,1.0,44,1150,900,250,0.782608695652174,14,9,5,358.2036473170028,0.834896934460888,0.2600851841981935,0.21780631118052268,132746.6484917533,710.0667317708146,133456.7152235241,4081,27,871.4772727272727,39,5,12,33.14138363826274,0.6423611111111112,42.36979166666666,1030.520833333332,26.423611111111075,0
4139,4,0,1,43,0.0,0.022727272727272728,0.9772727272727273,44,1350,1000,350,0.7407407407407407,17,10,7,358.48996099656745,0.8340160324171952,0.26145893613308013,0.21860598545798055,132854.0161132811,725.3662109374861,133579.3823242186,4082,28,872.4772727272727,39,5,13,33.026106395877534,0.6434294871794872,42.26562499999999,1030.9374999999989,26.434294871794844,0
4140,4,0,0,43,0.0,0.0,1.0,43,1300,1000,300,0.7692307692307693,16,10,6,366.19551730591957,0.8347637504614248,0.2678358430142198,0.22353908523209548,132893.2574169954,1132.9830292570678,134026.24044625246,4083,29,873.953488372093,38,5,13,32.78805305149726,0.6455592105263158,42.2275641025641,1031.0897435897434,27.13394062078272,0
4141,4,0,0,43,0.0,0.0,1.0,43,950,700,250,0.7368421052631579,12,7,5,368.56657374363687,0.8337024732373569,0.2743289924407766,0.22548426507738079,132975.88962853386,1202.0936061801451,134177.983234714,4084,30,874.953488372093,38,5,15,32.64385228920655,0.6463815789473684,42.1474358974359,1031.4102564102564,27.142375168690958,0
4142,4,0,1,42,0.0,0.023255813953488372,0.9767441860465116,43,1250,800,450,0.64,17,8,9,367.269284259997,0.832641196013289,0.2738680942369802,0.22518853829198662,133058.5475221892,1173.6635026298368,134232.21102481906,4085,31,875.953488372093,38,5,15,32.59423216319769,0.647203947368421,42.067307692307686,1031.7307692307681,27.150809716599163,0
4143,4,0,0,42,0.0,0.0,1.0,42,1250,1000,250,0.8,15,10,5,370.96375742047513,0.8284456058846302,0.277013941248651,0.2284654421895508,133223.94035585146,1484.2506985535888,134708.19105440506,4086,32,890.5238095238095,38,4,17,32.33273828003726,0.6488486842105262,41.907051282051285,1032.3717948717951,27.167678812415662,0
4144,4,1,1,42,0.023255813953488372,0.023255813953488372,0.9767441860465116,43,1250,1100,150,0.88,14,11,3,365.8298647242453,0.8304263565891472,0.2741935483870963,0.22681451612903228,133472.2222222223,1165.6250000000093,134637.8472222223,4087,0,870.7906976744187,39,4,17,32.216061827956985,0.6495726495726495,41.66666666666667,1033.3333333333342,26.49572649572652,0
4145,4,0,0,42,0.0,0.0,1.0,42,950,600,350,0.631578947368421,13,6,7,377.5945637395814,0.8257839721254355,0.28640131199858176,0.23358680977594468,133389.43591798167,1673.4251725838335,135062.8610905655,4088,34,892.5238095238095,38,4,17,31.995294239321545,0.6504934210526315,41.746794871794876,1033.012820512821,27.184547908232133,0
4146,4,0,0,42,0.0,0.0,1.0,42,950,700,250,0.7368421052631579,12,7,5,424.45259419634,0.8257839721254355,0.34180080482897424,0.2460092586770623,130924.43795146495,2751.7136751836542,133676.1516266486,4089,35,893.5238095238095,36,6,16,33.28427596830985,0.6296296296296295,44.14414414414414,1023.4234234234232,28.428428428428422,5
4147,4,0,0,42,0.0,0.0,1.0,42,1400,1000,400,0.7142857142857143,18,10,8,426.1903712799226,0.8252516453735966,0.3504299014525538,0.24812901641610874,131097.37059694837,2774.4874097070165,133871.85800665538,4090,36,894.5238095238095,36,6,16,33.06369584341324,0.6313657407407407,43.97522522522523,1024.0990990990997,28.447197197197212,0
4148,4,0,0,42,0.0,0.0,1.0,42,1450,1200,250,0.8275862068965517,17,12,5,422.30145947318056,0.8262195121951219,0.34156995765218245,0.2464192672756592,131183.8797200918,2679.8287730297975,133863.70849312158,4091,37,895.5238095238095,36,6,16,33.07523542559819,0.6322337962962963,43.89076576576577,1024.4369369369376,28.456581581581602,0
4149,4,0,0,42,0.0,0.0,1.0,42,1650,1100,550,0.6666666666666666,22,11,11,423.7421135656792,0.8246467286101432,0.34312977310306314,0.24838960789067827,131358.6327239229,2732.5954531130697,134091.22817703596,4092,38,896.5238095238095,34,8,17,32.860585297874806,0.6381740196078431,43.720238095238095,1025.1190476190475,30.15056022408963,0
4150,4,1,1,42,0.023255813953488372,0.023255813953488372,0.9767441860465116,43,1150,1000,150,0.8695652173913043,13,10,3,419.23699135311136,0.8300110741971207,0.3313815825700699,0.24804622256909575,131713.96933138292,2443.873644332996,134157.8429757159,4093,0,876.6511627906976,35,8,14,32.615124779193444,0.6395833333333333,43.373842592592595,1026.50462962963,29.328703703703713,0
4151,4,0,0,42,0.0,0.0,1.0,42,550,400,150,0.7272727272727273,7,4,3,428.0634794171007,0.8247193186217576,0.3378079770191147,0.2527333693544799,131633.36167800444,2869.486961451241,134502.84863945568,4094,40,898.5238095238095,34,8,14,32.47051430781129,0.6409313725490196,43.45238095238095,1026.1904761904755,30.18207282913163,0
4152,4,0,0,42,0.0,0.0,1.0,42,1450,1200,250,0.8275862068965517,17,12,5,380.61357837485826,0.8251790553619822,0.2584279128183917,0.21954130151529416,130738.73842191843,1554.4022400338413,132293.14066195226,4095,41,899.5238095238095,37,5,14,34.59434527000464,0.6258445945945945,44.32565789473685,1022.6973684210539,27.64046941678524,5
4153,4,1,0,43,0.023255813953488372,0.0,1.0,43,1300,900,400,0.6923076923076923,17,9,8,376.60109114024107,0.8270579549649317,0.26313082547707656,0.21932552002857564,131109.19922017693,1275.173496968389,132384.3727171453,4096,0,879.5813953488372,38,5,16,34.32131928506851,0.6277412280701753,43.963675213675224,1024.1452991453004,26.951192082771065,0
4154,4,2,2,43,0.044444444444444446,0.044444444444444446,0.9555555555555556,45,1100,800,300,0.7272727272727273,14,8,6,362.7234192457439,0.8351430976430977,0.2499983490176656,0.2137590728129472,131562.60456945276,544.167554861528,132106.77212431427,4097,0,841.4444444444445,40,5,13,34.21825986461945,0.62890625,43.521341463414636,1025.9146341463418,25.647865853658544,0
4155,4,0,1,42,0.0,0.023255813953488372,0.9767441860465116,43,1450,1000,450,0.6896551724137931,19,10,9,378.3272378901616,0.8240125507567367,0.2568535225397468,0.22206767596525298,131410.26925131507,1343.2168392505077,132753.48609056557,4098,2,881.5813953488372,38,5,18,33.97220485568407,0.6307565789473684,43.6698717948718,1025.320512820514,26.98211875843458,0
4156,4,0,0,42,0.0,0.0,1.0,42,1350,1000,350,0.7407407407407407,17,10,7,381.06242643608954,0.8219850948509485,0.26905183487831175,0.2243151659235374,131519.8348696946,1623.4534799839269,133143.28834967854,4099,3,902.0714285714286,38,4,18,33.79118494601257,0.6318530701754386,43.56303418803419,1025.7478632478628,26.99336482231218,0
4157,4,0,0,42,0.0,0.0,1.0,42,1100,800,300,0.7272727272727273,14,8,6,378.58268478854194,0.8223722415795587,0.2613394623703904,0.22317553849136698,131574.6348002959,1562.3756985535874,133137.0104988495,4100,4,903.0714285714286,38,4,13,33.7993335416016,0.6324013157894737,43.50961538461539,1025.9615384615386,26.998987854251016,0
4158,4,0,0,42,0.0,0.0,1.0,42,1600,900,700,0.5625,23,9,14,384.1450962902222,0.8201703445605885,0.27283965297699586,0.22776178411137085,131793.9486654429,1725.5998201110222,133519.54848555394,4101,5,904.0714285714286,38,4,13,33.434779592827645,0.6345942982456141,43.29594017094016,1026.8162393162381,27.021479982006266,0
4159,4,0,0,42,0.0,0.0,1.0,42,1100,800,300,0.7272727272727273,14,8,6,386.8372890025224,0.8190814943863725,0.2764687821884164,0.23018733731734234,131931.1125721381,1807.1747844984945,133738.2873566366,4102,6,905.0714285714286,38,4,13,33.226956808097604,0.6359649122807018,43.16239316239316,1027.3504273504266,27.03553756185333,0
4160,4,0,1,41,0.0,0.023809523809523808,0.9761904761904762,42,750,700,50,0.9333333333333333,8,7,1,376.39517270681193,0.8179442508710801,0.2717473891214637,0.21967457766802312,131191.27498584634,1484.901312184972,132676.17629803132,4103,7,906.0714285714286,38,4,15,34.24344735286962,0.628563596491228,43.88354700854701,1024.4658119658122,26.95962663067927,3
4161,4,1,0,42,0.023809523809523808,0.0,1.0,42,1200,800,400,0.6666666666666666,16,8,8,375.2768452057538,0.8191298877274487,0.2797198879551821,0.22012788598957314,131384.32618690358,1461.1704273949342,132845.49661429852,4104,0,906.8809523809524,37,5,18,34.076648841354725,0.6323198198198199,43.695175438596486,1025.2192982456133,27.708629682313873,0
4162,4,1,2,41,0.023255813953488372,0.046511627906976744,0.9534883720930233,43,1000,700,300,0.7,13,7,6,371.45836423860453,0.8243355481727574,0.27223580088570554,0.22008106537194727,131766.52444480947,1189.155526334987,132955.67997114445,4105,0,886.7674418604652,38,5,15,33.7881546999653,0.6343201754385965,43.32264957264956,1026.7094017093998,27.018668466036836,0
4163,4,1,2,40,0.023809523809523808,0.047619047619047616,0.9523809523809523,42,1150,800,350,0.6956521739130435,15,8,7,377.6476311979882,0.8204123112659698,0.282660217777168,0.2236505231440076,131749.9269606993,1551.0095654431984,133300.9365261425,4106,0,907.4285714285714,37,5,15,33.64606696571612,0.6359797297297298,43.33881578947368,1026.644736842104,27.747155049786596,0
4164,4,0,0,40,0.0,0.0,1.0,40,1500,800,700,0.5333333333333333,22,8,14,391.11546290808815,0.811698717948718,0.2907868020304569,0.2306878628529743,131595.18771701402,2293.7825520833517,133888.97026909736,4107,3,951.975,35,5,15,33.45706429780034,0.638392857142857,43.48958333333334,1026.0416666666679,29.315476190476225,0
4165,4,0,0,40,0.0,0.0,1.0,40,800,500,300,0.625,11,5,6,388.2472931822801,0.8110309829059829,0.28474289580514234,0.22953179972936405,131684.26890432098,2225.212191358026,133909.48109567902,4108,4,952.975,35,5,15,33.44046008119081,0.6392857142857142,43.40277777777778,1026.388888888889,29.325396825396826,0
4166,4,0,0,40,0.0,0.0,1.0,40,1050,800,250,0.7619047619047619,13,8,5,386.94915534292767,0.8103365384615384,0.2878184892897404,0.229121429098249,131743.67310742466,2195.620606138555,133939.2937135632,4109,5,953.975,35,5,16,33.413660278090944,0.6398809523809523,43.34490740740741,1026.6203703703711,29.332010582010604,0
4167,4,0,0,40,0.0,0.0,1.0,40,1250,900,350,0.72,16,9,7,386.7825752217701,0.809642094017094,0.29157531243148394,0.23000199812079464,131905.89871966574,2203.7806387468713,134109.6793584126,4110,6,954.975,36,4,16,33.2538551487247,0.6394675925925926,43.186936936936945,1027.2522522522534,28.534784784784815,0
4168,4,0,0,40,0.0,0.0,1.0,40,1050,800,250,0.7619047619047619,13,8,5,382.8334922124224,0.8085470085470086,0.2865945205479452,0.2281747626674302,131992.6741564201,2106.24327875174,134098.91743517184,4111,7,955.975,36,4,16,33.26757990867579,0.6403356481481481,43.102477477477485,1027.5900900900913,28.5441691691692,0
4169,4,0,0,40,0.0,0.0,1.0,40,900,600,300,0.6666666666666666,12,6,6,383.3620229060368,0.8079326923076923,0.28961824953445037,0.22918873000060339,132108.41912436092,2129.0701596867248,134237.48928404765,4112,8,956.975,36,4,17,33.13707233358893,0.6414930555555556,42.98986486486487,1028.0405405405413,28.556681681681702,0
4170,4,0,0,40,0.0,0.0,1.0,40,1050,700,350,0.6666666666666666,14,7,7,385.79612704234324,0.8066773504273504,0.29517630310994303,0.23117389974741998,132195.26113951797,2200.0839521954495,134395.34509171342,4113,9,957.975,36,4,17,32.98679551759381,0.6423611111111112,42.90540540540541,1028.378378378379,28.566066066066085,0
4171,4,0,0,40,0.0,0.0,1.0,40,1000,600,400,0.6,14,6,8,385.94938249757655,0.8066239316239316,0.2945587913291001,0.2316203455803461,132253.17166829002,2208.6059877445164,134461.77765603454,4114,10,958.975,36,4,17,32.92437595795928,0.6429398148148149,42.84909909909911,1028.6036036036046,28.57232232232235,0
4172,4,0,0,40,0.0,0.0,1.0,40,1000,400,600,0.4,16,4,12,383.195132383437,0.80625,0.29575399430947624,0.23067438206323132,132369.03077063573,2144.633653924219,134513.66442455995,4115,11,959.975,36,4,17,32.878273874662575,0.6440972222222221,42.7364864864865,1029.054054054056,28.58483483483489,0
4173,4,0,0,40,0.0,0.0,1.0,40,1100,800,300,0.7272727272727273,14,8,6,384.2689823713406,0.806650641025641,0.3026928266246909,0.23186487986504095,132457.56842635458,2179.8701757156286,134637.4386020702,4116,12,960.975,35,5,17,32.76131849186718,0.6470238095238094,42.65046296296296,1029.398148148148,29.411375661375658,0
4174,4,0,0,40,0.0,0.0,1.0,40,1500,1100,400,0.7333333333333333,19,11,8,384.01799187270933,0.8058493589743589,0.3053236318687491,0.23263281890233117,132606.53941883158,2184.659395361812,134791.1988141934,4117,13,961.975,35,5,18,32.617545978948954,0.6485119047619047,42.505787037037045,1029.976851851853,29.42791005291009,0
4175,4,0,0,40,0.0,0.0,1.0,40,650,400,250,0.6153846153846154,9,4,5,381.6106781331182,0.804193376068376,0.3033770491803276,0.23185509328805007,132716.9124360849,2129.2381908936186,134846.15062697852,4118,14,962.975,36,4,15,32.56830601092897,0.6475694444444444,42.39864864864866,1030.4054054054068,28.62237237237241,0
4176,4,0,0,40,0.0,0.0,1.0,40,700,400,300,0.5714285714285714,10,4,6,381.9329763734318,0.8029380341880342,0.30198362050627514,0.23287508715064895,132849.77709487543,2147.9421552785548,134997.71925015398,4119,15,963.975,37,3,15,32.426168191165,0.6469594594594594,42.26973684210527,1030.9210526315796,27.862731152204855,0
4177,4,0,0,40,0.0,0.0,1.0,40,1350,1000,350,0.7407407407407407,17,10,7,381.14409083367855,0.8021100427350427,0.3004253509145043,0.23274539157142304,132906.3029008927,2131.2903970452558,135037.59329793797,4120,16,964.975,37,3,15,32.389585991776556,0.6475225225225224,42.21491228070176,1031.140350877194,27.86865813181605,0
4178,4,0,0,40,0.0,0.0,1.0,40,1100,700,400,0.6363636363636364,15,7,8,386.7235999417268,0.8033386752136752,0.3072635494155158,0.23722744950793007,133075.95245652503,2292.722279932282,135368.67473645732,4121,17,965.975,37,3,17,32.0749202975558,0.6492117117117117,42.050438596491226,1031.7982456140346,27.886439070649583,0
4179,4,0,0,40,0.0,0.0,1.0,40,1050,900,150,0.8571428571428571,12,9,3,365.1131340797581,0.8028846153846154,0.17985143918291513,0.21487805759775946,131511.22448979603,1694.8376580549211,133206.06214785096,4122,18,966.975,34,6,19,34.20888463324047,0.6397058823529411,43.57142857142858,1025.7142857142865,30.168067226890777,8
4180,4,0,0,40,0.0,0.0,1.0,40,800,300,500,0.375,13,3,10,365.4508727623317,0.8024839743589743,0.1825548334687248,0.21524881548824445,131541.7534722224,1614.4097222222456,133156.16319444464,4123,19,967.975,34,6,19,34.169374492282685,0.6400122549019607,43.54166666666668,1025.8333333333348,30.171568627451023,0
4181,4,0,0,40,0.0,0.0,1.0,40,850,500,350,0.5882352941176471,12,5,7,367.72384946248127,0.802724358974359,0.18903712296983777,0.21710819057305425,131633.3616780047,1680.9452947846014,133314.30697278932,4124,20,968.975,34,6,16,34.0185131477185,0.6409313725490196,43.45238095238096,1026.1904761904775,30.18207282913169,0
4182,4,0,0,40,0.0,0.0,1.0,40,850,600,250,0.7058823529411765,11,6,5,366.844434542854,0.8014423076923077,0.18422001803426502,0.2175564052984094,131803.0907064473,1670.2460562414433,133473.33676268876,4125,21,969.975,35,5,16,33.86966486324017,0.6404761904761904,43.287037037037045,1026.8518518518529,29.338624338624367,0
4183,4,0,0,40,0.0,0.0,1.0,40,1050,700,350,0.6666666666666666,14,7,7,363.30532160287873,0.8005876068376069,0.18424757828339722,0.21647145269733958,131981.42387902958,1589.9107295953468,133571.33460862492,4126,22,970.975,35,5,16,33.78059998498161,0.6422619047619047,43.11342592592593,1027.546296296297,29.35846560846563,0
4184,4,0,0,40,0.0,0.0,1.0,40,1000,600,400,0.6,14,6,8,392.36764310669133,0.8010950854700855,0.19200819672131142,0.2175856929955291,129201.38888888907,2138.8888888889087,131340.27777777798,4127,23,971.975,36,4,17,35.86065573770491,0.6122685185185185,45.83333333333334,1016.6666666666681,28.24074074074078,7
4185,4,2,1,41,0.047619047619047616,0.023809523809523808,0.9761904761904762,42,1200,1000,200,0.8333333333333334,14,10,4,375.8205182991969,0.8192266744096013,0.194175217048145,0.21177930825701963,129831.84831791263,1358.6945053161385,131190.54282322878,4128,0,926.6428571428571,36,6,17,35.63858195211786,0.6186342592592593,45.21396396396397,1019.1441441441452,28.309559559559588,0
4186,4,2,1,42,0.046511627906976744,0.023255813953488372,0.9767441860465116,43,1300,1100,200,0.8461538461538461,15,11,4,369.15767813135676,0.8220745662606127,0.18360773711210077,0.2098809108349749,130178.6502217029,1011.2896516235785,131189.93987332648,4129,0,906.046511627907,37,6,18,35.455727767630094,0.6202139639639639,44.87390350877193,1020.5043859649129,27.58119962067332,0
4187,4,0,0,42,0.0,0.0,1.0,42,950,700,250,0.7368421052631579,12,7,5,375.58410216349046,0.8173151374370886,0.18843402246647623,0.21305049351903974,130090.20580969502,1371.9626298596127,131462.16843955463,4130,1,928.6190476190476,36,6,18,35.381710637671574,0.6212384259259258,44.9605855855856,1020.1576576576592,28.337712712712758,0
4188,4,1,1,42,0.023255813953488372,0.023255813953488372,0.9767441860465116,43,1400,800,600,0.5714285714285714,20,8,12,362.29740752131164,0.823827980804725,0.17513909899746083,0.20719025764302024,130406.32482144325,849.2888158428831,131255.61363728612,4131,0,908.0,36,7,18,35.399669239250265,0.6244212962962963,44.65090090090091,1021.3963963963979,28.372122122122164,0
4189,4,0,0,42,0.0,0.0,1.0,42,800,500,300,0.625,11,5,6,370.95437659432326,0.815403600464576,0.17571331411730373,0.2116791403826081,130321.66950660154,1268.6787337105634,131590.3482403121,4132,3,930.6190476190476,35,7,18,35.26458475024559,0.6255952380952381,44.7337962962963,1021.0648148148151,29.17328042328043,0
4190,4,0,0,42,0.0,0.0,1.0,42,1150,1000,150,0.8695652173913043,13,10,3,372.9598985627043,0.8155245838172668,0.1780089032780252,0.2133098577327197,130410.31867551865,1327.5638449502735,131737.88252046893,4133,4,931.6190476190476,35,7,18,35.12334749763929,0.6264880952380951,44.64699074074074,1021.4120370370367,29.18320105820105,0
4191,4,2,1,43,0.045454545454545456,0.022727272727272728,0.9772727272727273,44,1250,900,350,0.72,16,9,7,359.7503173900371,0.8235112755461593,0.1726162654825898,0.20886996039511094,130991.1703601107,624.8230224684419,131615.99338257915,4134,0,890.2272727272727,37,7,17,34.87217937732076,0.6283783783783784,44.07894736842105,1023.6842105263149,27.66714082503554,0
4192,4,0,0,43,0.0,0.0,1.0,43,1300,1000,300,0.7692307692307693,16,10,6,366.2238752178426,0.8209210040605389,0.18108287920581922,0.21216433441391208,130906.99932912043,988.2537174899956,131895.25304661042,4135,1,911.9302325581396,37,6,17,34.79175595556985,0.6275337837837838,44.161184210526315,1023.3552631578941,27.658250355618758,0
4193,4,0,1,42,0.0,0.023255813953488372,0.9767441860465116,43,950,600,350,0.631578947368421,13,6,7,364.3846928080949,0.8198135843484681,0.17728007455840156,0.2116081288780098,130999.80481591052,946.8647271531827,131946.6695430637,4136,2,912.9302325581396,38,5,17,34.74483406386975,0.6266447368421053,44.07051282051282,1023.7179487179483,26.939946018893377,0
4194,4,1,2,41,0.023255813953488372,0.046511627906976744,0.9534883720930233,43,800,300,500,0.375,13,3,10,363.55807258062265,0.8184293097083795,0.1716135419497613,0.21142843250076987,131054.49631090657,929.184016363504,131983.68032727006,4137,0,913.7441860465116,38,5,17,34.71062882582082,0.6271929824561404,44.01709401709402,1023.931623931624,26.945569050832212,0
4195,4,1,1,41,0.023809523809523808,0.023809523809523808,0.9761904761904762,42,1150,700,450,0.6086956521739131,16,7,9,370.68457855229036,0.8094754161827332,0.166870690006937,0.2152183597863296,130991.1703601107,1311.2813558017747,132302.45171591247,4138,0,936.2619047619048,37,5,18,34.59234861468152,0.6283783783783784,44.07894736842105,1023.6842105263149,27.66714082503554,0
4196,4,0,0,41,0.0,0.0,1.0,41,900,700,200,0.7777777777777778,11,7,4,379.35867291290583,0.8011686991869919,0.17121205209191448,0.22003771398247618,130953.25213304527,1735.650388564246,132688.90252160953,4139,5,960.0975609756098,36,5,18,34.4088091832618,0.6299189814814814,44.115990990990994,1023.5360360360366,28.431556556556572,0
4197,4,0,0,41,0.0,0.0,1.0,41,1400,1200,200,0.8571428571428571,16,12,4,378.3702706037972,0.8003048780487805,0.16635718557635326,0.22016199110086362,131075.36844269387,1719.004525430897,132794.37296812478,4140,6,961.0975609756098,37,4,18,34.31030713495378,0.629222972972973,43.99671052631579,1024.0131578947364,27.676031294452336,0
4198,4,0,1,40,0.0,0.024390243902439025,0.975609756097561,41,600,400,200,0.6666666666666666,8,4,4,374.361240443516,0.7993902439024391,0.16292359220284935,0.21846702495089135,131187.67463306017,1622.3161213065591,132809.99075436674,4141,7,962.0975609756098,37,4,19,34.29918566484714,0.6303490990990991,43.887061403508774,1024.451754385965,27.68788525367473,0
4199,4,0,0,40,0.0,0.0,1.0,40,1150,1000,150,0.8695652173913043,13,10,3,379.0306861848992,0.7985576923076924,0.1691922706348361,0.22086872362153104,131131.51552641194,1940.573662088334,133072.08918850028,4142,8,977.875,37,3,19,34.23649769831925,0.629786036036036,43.94188596491228,1024.2324561403507,27.681958274063533,0
4200,4,1,1,40,0.024390243902439025,0.024390243902439025,0.975609756097561,41,700,400,300,0.5714285714285714,10,4,6,373.4549540617359,0.8098577235772357,0.16676581399960355,0.21873790166473092,131328.12499999997,1609.1750586718974,132937.30005867186,4143,0,955.0,37,4,19,34.180216802168026,0.6317567567567568,43.75,1024.9999999999998,27.702702702702698,0
4201,4,0,0,40,0.0,0.0,1.0,40,1000,500,500,0.5,15,5,10,378.63008567508007,0.7981570512820513,0.16619220890411013,0.22111997003424655,131215.75869498297,1936.446791320397,133152.20548630337,4144,10,979.875,37,3,19,34.16140482305937,0.6306306306306306,43.859649122807014,1024.561403508771,27.6908487434803,0
4202,4,1,0,41,0.024390243902439025,0.0,1.0,41,1300,900,400,0.6923076923076923,17,9,8,369.3016221583166,0.8055386178861789,0.16240002502632955,0.21758098091393,131553.00188519535,1516.5954909202685,133069.59737611562,4145,0,956.9512195121952,37,4,21,34.05924896679492,0.6340090090090091,43.53070175438596,1025.8771929824554,27.726410621147444,0
4203,4,0,1,40,0.0,0.024390243902439025,0.975609756097561,41,650,400,250,0.6153846153846154,9,4,5,370.31995692147177,0.8052337398373983,0.16046789234722958,0.218502784165897,131609.25116381934,1547.5064442905264,133156.75760810985,4146,1,957.9512195121952,37,4,15,33.976276982261176,0.6345720720720722,43.475877192982445,1026.0964912280679,27.73233760075859,0
4204,4,0,0,40,0.0,0.0,1.0,40,750,500,250,0.6666666666666666,10,5,5,381.5529612264373,0.7975961538461539,0.16284169502689672,0.2246648948811645,131530.20154867697,2037.1475783215587,133567.34912699854,4147,13,982.875,36,4,20,33.76811395323307,0.6357060185185186,43.552927927927925,1025.7882882882877,28.494119119119105,0
4205,4,0,0,40,0.0,0.0,1.0,40,1100,700,400,0.6363636363636364,15,7,8,384.5487161619984,0.7982104700854701,0.16538081650570668,0.22694351694741766,131616.85333982628,2122.6183954224425,133739.47173524872,4148,14,983.875,36,4,16,33.60358135791629,0.6365740740740742,43.468468468468465,1026.1261261261259,28.503503503503495,0
4206,4,0,0,40,0.0,0.0,1.0,40,1200,800,400,0.6666666666666666,16,8,8,381.06003224232506,0.7972222222222223,0.16396139504277207,0.22591062249580768,131790.24252292843,2043.998813002198,133834.24133593062,4149,15,984.875,36,4,17,33.51772135702273,0.6383101851851851,43.29954954954955,1026.8018018018026,28.522272272272296,0
4207,4,0,0,40,0.0,0.0,1.0,40,1500,1000,500,0.6666666666666666,20,10,10,375.3358034281394,0.7968482905982905,0.1613607257203844,0.22343687916910185,131946.99931709742,1904.886599722977,133851.8859168204,4150,16,985.875,37,3,17,33.506314478833154,0.6379504504504505,43.1469298245614,1027.4122807017534,27.767899478425768,0
4208,4,0,0,40,0.0,0.0,1.0,40,1150,900,250,0.782608695652174,14,9,5,376.52036266666687,0.7959935897435897,0.15921866666666706,0.2249763161249202,132087.85545792922,1946.7534481763435,134034.60890610557,4151,17,986.875,37,3,19,33.333666666666666,0.6393581081081081,43.00986842105262,1027.9605263157882,27.782716927453738,0
4209,4,0,0,40,0.0,0.0,1.0,40,1250,900,350,0.72,16,9,7,377.50341636230485,0.7938568376068376,0.15483260475530458,0.22623671195284673,132200.5944737802,1981.2352117959128,134181.82968557611,4152,18,987.875,37,3,19,33.19461474215445,0.6404842342342343,42.9002192982456,1028.3991228070158,27.794570886676105,0
4210,4,0,0,40,0.0,0.0,1.0,40,1100,800,300,0.7272727272727273,14,8,6,375.76774622649685,0.7944711538461539,0.15650714133447008,0.2257012160753517,132285.18029586025,1941.7008117882388,134226.88110764849,4153,19,988.875,37,3,19,33.15391174589638,0.6413288288288288,42.81798245614035,1028.7280701754385,27.80346135609293,0
4211,4,0,0,40,0.0,0.0,1.0,40,1200,900,300,0.75,15,9,6,379.45221196872586,0.7939102564102564,0.1535425101214578,0.22859682038115944,132398.00347222236,2047.791147276104,134445.79461949845,4154,20,989.875,36,4,19,32.94534412955467,0.644386574074074,42.70833333333334,1029.1666666666679,28.587962962962997,0
4212,4,0,2,38,0.0,0.05,0.95,40,1350,1100,250,0.8148148148148148,16,11,5,401.8629787192568,0.7929754273504274,0.17463576158940408,0.22812522476168343,130118.92804967133,2457.996002759521,132576.92405243084,4155,21,990.875,36,4,20,34.68221118469464,0.6215277777777778,44.932432432432435,1020.2702702702707,28.34084084084085,7
4213,4,0,0,38,0.0,0.0,1.0,38,1050,700,350,0.6666666666666666,14,7,7,406.32337655777843,0.7960229966808914,0.16726380280176256,0.23045908886616853,130085.4190779321,2971.3493441358046,133056.76842206792,4156,22,1027.157894736842,35,3,20,34.602620830496946,0.6232142857142857,44.96527777777778,1020.1388888888889,29.1468253968254,0
4214,4,0,0,38,0.0,0.0,1.0,38,1100,800,300,0.7272727272727273,14,8,6,403.8537643336509,0.795045045045045,0.16674226102732725,0.2299281050780158,130233.05047850215,2919.0215352794835,133152.07201378164,4157,23,1028.157894736842,35,3,21,34.51508579959935,0.6247023809523811,44.82060185185185,1020.7175925925919,29.16335978835977,0
4215,4,0,0,38,0.0,0.0,1.0,38,1050,600,450,0.5714285714285714,15,6,9,403.1723265679726,0.7931780464675201,0.15721981568516719,0.23025380940746135,130353.7485827664,2911.0081675738634,133264.75675034028,4158,24,1029.157894736842,34,4,22,34.40948744851169,0.6280637254901962,44.70238095238095,1021.1904761904759,30.035014005602232,0
4216,4,2,2,38,0.05,0.05,0.95,40,1000,600,400,0.6,14,6,8,384.99482214342487,0.8095886752136752,0.14664869029275818,0.22280655757930928,130866.81909950485,2076.60954873792,132943.42864824276,4159,0,978.65,36,4,16,34.35230024213075,0.6290509259259259,44.20045045045045,1023.1981981981977,28.422172172172157,0
4217,4,1,1,38,0.02564102564102564,0.02564102564102564,0.9743589743589743,39,1150,700,450,0.6086956521739131,16,7,9,389.89167740968213,0.8017881241565452,0.1452643286839037,0.22513579821437663,130780.41459956583,2398.0390441116865,133178.45364367752,4160,0,1004.7179487179487,36,3,16,34.31479136849059,0.6281828703703705,44.28490990990991,1022.8603603603608,28.4127877877878,0
4218,4,1,0,39,0.02564102564102564,0.0,1.0,39,1350,900,450,0.6666666666666666,18,9,9,391.7587967309056,0.7944781826360774,0.17026723734443094,0.2280828743579297,131097.37059694852,2471.7096319292514,133569.08022887778,4161,0,1005.6923076923077,36,3,17,33.945229455318525,0.6313657407407407,43.97522522522524,1024.0990990991008,28.447197197197244,0
4219,4,1,2,38,0.025,0.05,0.95,40,1000,700,300,0.7,13,7,6,382.89836432923306,0.8036057692307692,0.1775539818899461,0.22498543726684986,131450.17715419523,2067.0202814508098,133517.19743564606,4162,0,981.525,34,6,19,33.81462348115472,0.6390931372549018,43.630952380952394,1025.4761904761924,30.161064425770366,0
4220,4,0,0,38,0.0,0.0,1.0,38,800,700,100,0.875,9,7,2,384.2418759004271,0.8019796111901375,0.17666554662919576,0.22595520552096823,131480.69905045372,2504.0780895691855,133984.7771400229,4163,1,1009.1578947368421,34,4,19,33.749274521183985,0.6393995098039214,43.60119047619049,1025.5952380952397,30.164565826330577,0
4221,4,0,0,38,0.0,0.0,1.0,38,1450,900,550,0.6206896551724138,20,9,11,382.86995284598925,0.8011794689426268,0.17806572268234033,0.22582449314568837,131595.18771701393,2476.7686631944484,134071.95638020837,4164,2,1010.1578947368421,35,3,15,33.66857021996616,0.6383928571428571,43.489583333333336,1026.041666666667,29.3154761904762,0
4222,4,0,0,38,0.0,0.0,1.0,38,950,700,250,0.7368421052631579,12,7,5,383.3252199819766,0.7999051683262209,0.18082833916810048,0.22697561423498913,131743.67310742478,2500.134495027458,134243.80760245223,4165,3,1011.1578947368421,35,3,15,33.506670424652384,0.6398809523809522,43.34490740740742,1026.620370370372,29.33201058201063,0
4223,4,1,0,39,0.02564102564102564,0.0,1.0,39,800,500,300,0.625,11,5,6,376.86173543081463,0.8022941970310392,0.1904152445961318,0.22534793567597683,132116.03570329328,2157.8956986765143,134273.9314019698,4166,0,986.2051282051282,37,2,16,33.29644837883959,0.6396396396396395,42.98245614035088,1028.0701754385964,27.78568041725936,0
4224,4,0,0,39,0.0,0.0,1.0,39,1100,700,400,0.6363636363636364,15,7,8,377.12065819999367,0.801450742240216,0.1989181624614953,0.22634477892348942,132256.98201610104,2175.3680218913446,134432.35003799238,4167,1,987.2051282051282,37,2,18,33.14756333724194,0.6410472972972973,42.8453947368421,1028.618421052631,27.800497866287323,0
4225,4,0,0,39,0.0,0.0,1.0,39,600,100,500,0.16666666666666666,11,1,10,370.95638315604714,0.8021817363922628,0.1932754539960435,0.22315308720648902,132343.03232750748,2018.6985216231992,134361.7308491307,4168,2,988.2051282051282,38,1,18,33.2193351330772,0.6400767543859649,42.761752136752136,1028.9529914529915,27.07771030139451,0
4226,4,0,0,39,0.0,0.0,1.0,39,900,600,300,0.6666666666666666,12,6,6,366.7207274017505,0.8017881241565452,0.19637273295809887,0.2214238527057899,132482.65241468514,1916.8383465995475,134399.4907612847,4169,3,989.2051282051282,37,2,18,33.187661980331576,0.6432995495495495,42.62609649122806,1029.4956140350866,27.824205784732072,0
4227,4,0,0,39,0.0,0.0,1.0,39,1300,1000,300,0.7692307692307693,16,10,6,365.23807102099505,0.7997076023391814,0.1981388248373006,0.22132371104421186,132618.00219382337,1887.4286607860163,134505.43085460938,4170,4,990.2051282051282,38,1,18,33.089582685060336,0.6428179824561404,42.49465811965811,1030.0213675213663,27.105825461088585,0
4228,4,0,0,39,0.0,0.0,1.0,39,1050,800,250,0.7619047619047619,13,8,5,366.56463247995293,0.7992577597840756,0.19889076774186698,0.22261645564462626,132700.5487983051,1928.665580027745,134629.21437833284,4171,5,991.2051282051282,38,1,14,32.972357597124294,0.6436403508771931,42.41452991452991,1030.3418803418795,27.114260008996826,0
4229,4,0,0,39,0.0,0.0,1.0,39,950,600,350,0.631578947368421,13,6,7,366.64220690056044,0.7981893837156996,0.19807865090884014,0.2229905881313243,132755.59413580238,1934.7608024691274,134690.3549382715,4172,6,992.2051282051282,38,1,15,32.91498203054807,0.6441885964912281,42.36111111111111,1030.5555555555547,27.11988304093565,0
4230,4,0,0,39,0.0,0.0,1.0,39,1100,600,500,0.5454545454545454,16,6,10,368.80830766843354,0.7961650922177238,0.1942883559296371,0.22513402766021828,132893.2574169954,2002.4274737015112,134895.6848906969,4173,7,993.2051282051282,38,1,15,32.7207025178738,0.6455592105263158,42.2275641025641,1031.0897435897434,27.13394062078272,0
4231,4,0,0,39,0.0,0.0,1.0,39,1450,1200,250,0.8275862068965517,17,12,5,369.8721571211654,0.7967836257309941,0.19649089257541696,0.2262830041094886,132975.88962853389,2036.8158284023673,135012.70545693627,4174,8,994.2051282051282,38,1,16,32.610187487052,0.6463815789473684,42.1474358974359,1031.4102564102566,27.14237516869096,0
4232,4,0,0,39,0.0,0.0,1.0,39,900,400,500,0.4444444444444444,14,4,10,364.75458184938356,0.7965024741340531,0.19362717768184723,0.2238119283037704,133086.10586054495,1908.7533786251715,134994.85923917012,4175,9,995.2051282051282,38,1,17,32.631410920135295,0.6474780701754386,42.04059829059829,1031.8376068376067,27.153621232568597,0
4233,4,0,0,39,0.0,0.0,1.0,39,800,400,400,0.5,12,4,8,365.2443964353227,0.7969523166891588,0.19530179964962602,0.22444407567208766,133141.2310979619,1925.817718606184,135067.04881656807,4176,10,996.2051282051282,38,1,17,32.56340579710147,0.6480263157894737,41.98717948717949,1032.0512820512822,27.159244264507425,0
4234,4,0,0,39,0.0,0.0,1.0,39,1050,900,150,0.8571428571428571,12,9,3,364.49132062464395,0.7963337831758884,0.195337705892342,0.22464567107886202,133251.51581561824,1913.8041949740536,135165.3200105923,4177,11,997.2051282051282,38,1,17,32.472104373620304,0.6491228070175439,41.880341880341874,1032.4786324786314,27.17049032838504,0
4235,4,0,0,39,0.0,0.0,1.0,39,900,600,300,0.6666666666666666,12,6,6,367.5078386460274,0.7945906432748538,0.20282083107900295,0.2271781191834903,133361.84619037167,2002.304770253472,135364.15096062515,4178,12,998.2051282051282,38,1,17,32.28347814094607,0.6502192982456141,41.773504273504265,1032.9059829059815,27.18173639226267,0
4236,4,0,0,39,0.0,0.0,1.0,39,1000,500,500,0.5,15,5,10,369.5633817690882,0.7949280251911831,0.19129794877412376,0.2209393655645062,132108.41912436092,1969.8087317153613,134078.2278560763,4179,13,999.2051282051282,36,3,17,33.491711395917775,0.6414930555555556,42.98986486486487,1028.0405405405413,28.556681681681702,8
4237,4,0,0,39,0.0,0.0,1.0,39,750,400,350,0.5333333333333333,11,4,7,381.12296652459895,0.7960526315789473,0.2320270266344815,0.21831099451736735,130469.4348663621,2145.61369143713,132615.04855779922,4180,14,1000.2051282051282,35,4,17,34.854825157660215,0.6270833333333334,44.58912037037036,1021.6435185185169,29.189814814814767,7
4238,4,0,0,39,0.0,0.0,1.0,39,800,700,100,0.875,9,7,2,381.02705926473703,0.7973459289248763,0.2346860854391153,0.21892322448711052,130587.70743580654,2151.4900280778247,132739.19746388437,4181,15,1001.2051282051282,35,4,16,34.737123957271734,0.6282738095238096,44.47337962962962,1022.1064814814798,29.20304232804228,0
4239,4,0,0,39,0.0,0.0,1.0,39,1000,700,300,0.7,13,7,6,382.43980618065814,0.7968960863697706,0.23901440947281372,0.22040806833699336,130706.0335889272,2197.438030478359,132903.47161940555,4182,16,1002.2051282051282,35,4,16,34.58085738539897,0.6294642857142858,44.35763888888887,1022.5694444444422,29.216269841269778,0
4240,4,1,0,40,0.025,0.0,1.0,40,950,900,50,0.9473684210526315,10,9,1,371.6161778996705,0.802590811965812,0.23402342461233916,0.21619359601034557,131068.5405633673,1741.4380174092873,132809.9785807766,4183,0,978.125,36,4,17,34.490129770152855,0.6310763888888891,44.00337837837837,1023.9864864864857,28.444069069069045,0
4241,4,0,0,40,0.0,0.0,1.0,40,1200,900,300,0.75,15,9,6,371.26038392625753,0.7997061965811966,0.2405308859089912,0.2167989071220211,131212.72243527306,1742.8171414657809,132955.53957673884,4184,1,979.125,36,4,18,34.35324613468161,0.6325231481481483,43.86261261261261,1024.549549549549,28.459709709709696,0
4242,4,0,0,40,0.0,0.0,1.0,40,850,600,250,0.7058823529411765,11,6,5,374.02970655717905,0.799599358974359,0.24374175824175826,0.2187448797988643,131270.4173768363,1819.8071382192957,133090.2245150556,4185,2,980.125,36,4,18,34.22390109890108,0.6331018518518519,43.806306306306304,1024.7747747747746,28.465965965965964,0
4243,4,0,0,40,0.0,0.0,1.0,40,850,500,350,0.5882352941176471,12,5,7,372.3865585313572,0.7986378205128205,0.2408387897945361,0.21845034009740139,131387.4488275891,1785.396662224656,133172.84548981377,4186,3,981.125,35,5,18,34.14756905245729,0.6363095238095239,43.692129629629626,1025.231481481481,29.29232804232803,0
4244,4,1,1,40,0.024390243902439025,0.024390243902439025,0.975609756097561,41,1250,800,450,0.64,17,8,9,364.3390414855299,0.8021849593495934,0.23522178396319404,0.2156094883936488,131721.78578985808,1398.277835487812,133120.0636253459,4187,0,958.170731707317,37,4,14,34.01605782240264,0.6356981981981983,43.366228070175424,1026.5350877192957,27.744191559980965,0
4245,4,0,0,40,0.0,0.0,1.0,40,700,400,300,0.5714285714285714,10,4,6,371.7840613745164,0.7985042735042736,0.24393523600439093,0.21907844754992514,131559.08230865994,1782.313986283569,133341.39629494352,4188,5,983.125,36,4,14,33.989434687156965,0.6359953703703705,43.52477477477477,1025.9009009009003,28.49724724724723,0
4246,4,0,0,40,0.0,0.0,1.0,40,1000,700,300,0.7,13,7,6,371.7790051004176,0.797676282051282,0.246071466723641,0.2198498589226156,131693.64762474975,1792.1866583948745,133485.83428314462,4189,6,984.125,37,3,15,33.853554641598116,0.6354166666666667,43.393640350877185,1026.4254385964898,27.7412280701754,0
4247,4,0,0,40,0.0,0.0,1.0,40,900,500,400,0.5555555555555556,13,5,8,373.235633594215,0.7966880341880341,0.24940717795342926,0.22087433639121587,131721.7857898581,1832.6528354878114,133554.43862534594,4190,7,985.125,37,3,15,33.787741223385325,0.6356981981981983,43.366228070175424,1026.535087719296,27.74419155998097,0
4248,4,0,0,40,0.0,0.0,1.0,40,1200,800,400,0.6666666666666666,16,8,8,376.1811381077437,0.7956730769230769,0.2631191289496164,0.2236081790478007,131890.6779008924,1922.9570637118936,133813.63496460428,4191,8,986.125,37,3,15,33.54148875604896,0.6373873873873874,43.201754385964904,1027.192982456139,27.761972498814565,0
4249,4,0,0,40,0.0,0.0,1.0,40,800,400,400,0.5,12,4,8,375.99368542625126,0.7951121794871795,0.26552294557097156,0.22382851540304755,131946.9993170973,1922.2477108340738,133869.2470279314,4192,9,987.125,37,3,15,33.48941657773034,0.6379504504504505,43.14692982456139,1027.4122807017523,27.767899478425736,0
4250,4,0,0,40,0.0,0.0,1.0,40,2000,1700,300,0.85,23,17,6,376.8617354308148,0.7932692307692307,0.2670541808873723,0.2253479356759768,132116.0357032932,1957.8956986765004,134073.9314019697,4193,10,988.125,37,3,15,33.29644837883958,0.6396396396396395,42.98245614035087,1028.0701754385955,27.785680417259336,0
4251,4,0,0,40,0.0,0.0,1.0,40,750,500,250,0.6666666666666666,10,5,5,381.7863518621081,0.7936965811965812,0.27229153337598655,0.22863297623006698,132172.40521121884,2092.3240804863062,134264.72929170515,4194,11,989.125,37,3,15,33.11295940854483,0.6402027027027026,42.92763157894737,1028.2894736842106,27.791607396870557,0
4252,4,0,0,40,0.0,0.0,1.0,40,1150,600,550,0.5217391304347826,17,6,11,398.4366831399819,0.7942040598290598,0.26747733804996643,0.22386697116051443,129717.10519641289,2343.363125117925,132060.46832153082,4195,12,990.125,36,4,13,35.17945316530328,0.6174768518518517,45.32657657657659,1018.6936936936958,28.297047047047105,7
4253,4,1,0,41,0.024390243902439025,0.0,1.0,41,750,300,450,0.4,12,3,9,392.24972754024407,0.8038109756097561,0.2657469528581129,0.22237045797116936,130066.77685682129,2003.7315568251731,132070.50841364646,4196,0,966.9512195121952,37,4,15,34.98053943172452,0.6190878378378378,44.983552631578945,1020.0657894736839,27.569345661450917,0
4254,4,0,0,41,0.0,0.0,1.0,41,400,200,200,0.5,6,2,4,391.90791745190074,0.8032520325203252,0.2651573936203675,0.222336052681249,130094.74068944289,1997.031779008922,132091.77246845182,4197,1,967.9512195121952,37,4,15,34.96076956147893,0.6193693693693694,44.95614035087719,1020.1754385964912,27.57230915125652,0
4255,4,1,0,42,0.023809523809523808,0.0,1.0,42,900,700,200,0.7777777777777778,11,7,4,383.78429653325486,0.8013695315524584,0.2682813014182681,0.21983543059695232,130469.43486636209,1614.7486749691748,132084.18354133127,4198,0,945.8809523809524,35,7,17,34.78685189381065,0.6270833333333334,44.58912037037036,1021.6435185185168,29.189814814814763,0
4256,4,1,0,43,0.023255813953488372,0.0,1.0,43,1050,700,350,0.6666666666666666,14,7,7,377.8282755173482,0.8043558508674787,0.2797874010450543,0.2188871071013909,130906.99932912034,1292.0731619344251,132199.07249105477,4199,0,924.8604651162791,37,6,15,34.49487035251259,0.6275337837837839,44.16118421052631,1023.3552631578934,27.65825035561874,0
4257,4,1,1,43,0.022727272727272728,0.022727272727272728,0.9772727272727273,44,750,500,250,0.6666666666666666,10,5,5,371.7295242332016,0.8096370683579986,0.28446068949823644,0.21679699989950932,131163.91354372108,951.4998356344327,132115.4133793555,4200,0,904.8181818181819,38,6,16,34.390644555694614,0.6282894736842106,43.9102564102564,1024.3589743589732,26.956815114709823,0
4258,4,0,0,43,0.0,0.0,1.0,43,650,500,150,0.7692307692307693,8,5,3,377.01092557592284,0.802048726467331,0.2878869015743819,0.21905108973879195,131019.23338190575,1279.1364891120118,132298.36987101776,4201,1,926.7674418604652,37,6,16,34.40199832208775,0.6286599099099099,44.05153508771929,1023.793859649121,27.670104314841108,0
4259,4,0,0,43,0.0,0.0,1.0,43,800,400,400,0.5,12,4,8,373.721694613237,0.8019102990033222,0.289156746476279,0.2179343365216514,131159.59357686958,1203.4371152662088,132363.0306921358,4202,2,927.7674418604652,37,6,16,34.34400199814457,0.6300675675675678,43.91447368421051,1024.342105263156,27.684921763869085,0
4260,4,0,0,43,0.0,0.0,1.0,43,1150,800,350,0.6956521739130435,15,8,7,375.6126900535076,0.8024178663713547,0.29233889531773016,0.21951848583802533,131243.84576263835,1259.3707919744324,132503.21655461277,4203,3,928.7674418604652,37,6,16,34.2102505796326,0.6309121621621623,43.83223684210525,1024.6710526315776,27.693812233285882,0
4261,4,0,0,43,0.0,0.0,1.0,43,1400,1300,100,0.9285714285714286,15,13,2,377.6146460788827,0.7998800295311923,0.29745879840277545,0.22134102532234828,131356.983567182,1320.4912235350062,132677.474790717,4204,4,929.7674418604652,36,7,16,34.04440843677908,0.6339699074074074,43.721846846846844,1025.1126126126123,28.475350350350343,0
4262,4,0,0,43,0.0,0.0,1.0,43,800,300,500,0.375,13,3,10,381.77948224149,0.800203026947213,0.29882999935359145,0.22460158974131397,131496.7646295011,1440.5533433363812,132937.31797283748,4205,5,930.7674418604652,37,6,16,33.79614781555128,0.633445945945946,43.58552631578946,1025.6578947368398,27.720483641536212,0
4263,4,1,1,43,0.022727272727272728,0.022727272727272728,0.9772727272727273,44,650,400,250,0.6153846153846154,9,4,5,373.91284259829433,0.8056289640591967,0.291594527857407,0.22137575505403603,131739.1030777447,1051.7885026298277,132790.8915803745,4206,0,910.5909090909091,38,6,15,33.752861900301795,0.634046052631579,43.349358974358964,1026.6025641025624,27.01585695006743,0
4264,4,0,0,43,0.0,0.0,1.0,43,1250,900,350,0.72,16,9,7,380.34792427439106,0.7984034699150978,0.3005790973435061,0.2249170511138704,131693.6476247497,1417.8811028393034,133111.528727589,4207,7,932.7674418604652,37,6,16,33.63367072606202,0.6354166666666667,43.39364035087718,1026.4254385964891,27.74122807017538,0
4265,4,1,0,44,0.022727272727272728,0.0,1.0,44,1250,800,450,0.64,17,8,9,373.53295123730084,0.803713002114165,0.3130580831703378,0.22307638261043256,132068.34781804722,1066.3759451018923,133134.72376314912,4208,0,912.5454545454545,38,6,17,33.430126805945314,0.6373355263157896,43.028846153846146,1027.8846153846143,27.049595141700376,0
4266,4,0,0,44,0.0,0.0,1.0,44,850,700,150,0.8235294117647058,10,7,3,375.648274782106,0.8041534531360113,0.31847231538076404,0.22466521741629594,132123.26189139066,1126.3750776170418,133249.6369690077,4209,1,913.5454545454545,38,6,17,33.320343621185344,0.6378837719298247,42.97542735042734,1028.098290598289,27.055218173639183,0
4267,4,1,0,45,0.022222222222222223,0.0,1.0,45,1050,600,450,0.5714285714285714,15,6,9,370.80115080828256,0.8094276094276095,0.28638277043563387,0.21363416556720863,130694.038633228,714.9687344269162,131409.0073676549,4210,0,894.2222222222222,36,9,16,34.89055616740089,0.6273148148148147,44.36936936936938,1022.522522522524,28.403403403403445,4
4268,4,0,0,45,0.0,0.0,1.0,45,1200,700,500,0.5833333333333334,17,7,10,374.0298998421622,0.8078703703703705,0.2888375221671866,0.21629927689790224,130838.01442912515,787.4658864946146,131625.48031561976,4211,1,895.2222222222222,36,9,17,34.661988625940204,0.6287615740740741,44.22860360360361,1023.0855855855862,28.41904404404406,0
4269,4,0,0,45,0.0,0.0,1.0,45,1200,1000,200,0.8333333333333334,14,10,4,399.94628099173536,0.8086279461279462,0.3026262626262626,0.2244596474953618,129672.49657064478,1400.141210404606,131072.6377810494,4212,2,896.2222222222222,35,10,14,35.186553030303024,0.619047619047619,45.370370370370374,1018.518518518519,29.100529100529116,3
4270,4,1,2,44,0.021739130434782608,0.043478260869565216,0.9565217391304348,46,950,700,250,0.7368421052631579,12,7,5,391.4409629178184,0.8190217391304349,0.29684423680383065,0.22096093699131525,129899.05698147521,969.5623893890545,130868.61937086427,4213,0,877.7173913043479,37,9,14,35.17207611774406,0.6173986486486486,45.14802631578948,1019.4078947368432,27.551564722617385,0
4271,4,0,0,44,0.0,0.0,1.0,44,1100,700,400,0.6363636363636364,15,7,8,406.46697848992363,0.8020172656800564,0.31402126504934325,0.2283788998397426,129717.1051964129,1745.1439615291292,131462.24915794202,4214,6,918.5454545454545,36,8,15,34.97494288451618,0.6174768518518517,45.32657657657659,1018.6936936936959,28.29704704704711,0
4272,4,2,2,44,0.043478260869565216,0.043478260869565216,0.9565217391304348,46,950,700,250,0.7368421052631579,12,7,5,388.8963263266,0.818317230273752,0.306162748386982,0.221277944561442,130209.42382812515,927.5933159722356,131137.0171440974,4215,0,879.5652173913044,39,7,16,34.92081717357284,0.6169871794871794,44.84375000000001,1020.6250000000011,26.169871794871824,0
4273,4,1,1,44,0.022222222222222223,0.022222222222222223,0.9777777777777777,45,1450,1000,450,0.6896551724137931,19,10,9,395.99299891416786,0.8113215488215488,0.31009212730318136,0.22515030509691322,130180.80210387941,1310.1372452334374,131490.93934911286,4216,0,900.0888888888888,38,7,16,34.768896566164145,0.6184210526315788,44.87179487179489,1020.5128205128236,26.85560053981115,0
4274,4,0,0,44,0.0,0.0,1.0,44,1000,600,400,0.6,14,6,8,405.28253063238355,0.8015768146582101,0.31868158019990434,0.23010987916404688,130126.29323727098,1747.5826850025742,131873.87592227355,4217,9,921.5454545454545,38,6,16,34.587478184991284,0.6178728070175438,44.92521367521368,1020.2991452991467,26.849977507872282,0
4275,4,0,0,44,0.0,0.0,1.0,44,1100,900,200,0.8181818181818182,13,9,4,402.00467656030213,0.8029642353770261,0.31810330881303317,0.22872844998097508,130208.06081753617,1668.849874899573,131876.91069243575,4218,10,922.5454545454545,38,6,16,34.587738581248466,0.6186951754385963,44.84508547008548,1020.6196581196597,26.85841205578052,0
4276,4,0,1,43,0.0,0.022727272727272728,0.9772727272727273,44,850,600,250,0.7058823529411765,11,6,5,405.4657932900968,0.8017529950669486,0.3215080747390009,0.23119675259288638,130292.126481589,1765.8343274849565,132057.96080907396,4219,11,923.5454545454545,35,9,16,34.41373332577564,0.6252976190476188,44.7627314814815,1020.9490740740769,29.169973544973626,0
4277,4,0,0,43,0.0,0.0,1.0,43,1150,900,250,0.782608695652174,14,9,5,407.47684753277326,0.7994186046511628,0.34143667376499587,0.23287407400448157,130380.76560356672,2025.4286694101766,132406.1942729769,4220,12,944.6744186046511,35,8,16,34.27206104563313,0.626190476190476,44.67592592592594,1021.2962962962978,29.179894179894223,0
4278,4,1,1,43,0.022727272727272728,0.022727272727272728,0.9772727272727273,44,1550,1200,350,0.7741935483870968,19,12,7,397.4283154711165,0.8057390768146583,0.3269110794845296,0.22907394747117668,130710.7054574487,1589.6270967990436,132300.33255424775,4221,0,924.1818181818181,37,7,16,34.192937307884776,0.6255630630630629,44.35307017543861,1022.5877192982476,27.637505926979667,0
4279,4,1,1,43,0.022727272727272728,0.022727272727272728,0.9772727272727273,44,1150,1100,50,0.9565217391304348,12,11,1,399.31734782759634,0.8076330162085976,0.3365740560339783,0.2311680825016832,130878.94833025559,1652.446906740549,132531.39523699615,4222,0,925.1590909090909,37,7,16,33.973603371910265,0.6272522522522521,44.188596491228076,1023.2456140350888,27.65528686581321,0
4280,4,0,1,42,0.0,0.023255813953488372,0.9767441860465116,43,1200,900,300,0.75,15,9,6,405.82168756993616,0.7973883351790328,0.34385729538186527,0.234334290413079,130780.41459956586,2014.7057107783548,132795.1203103442,4223,15,947.6744186046511,36,7,16,33.90743697016404,0.6281828703703705,44.28490990990991,1022.860360360361,28.412787787787806,0
4281,4,2,0,44,0.045454545454545456,0.0,1.0,44,1150,700,450,0.6086956521739131,16,7,9,394.0646831321436,0.8035147991543341,0.36110199056022996,0.2315260671452778,131446.78605109727,1563.140762133492,133009.92681323076,4224,0,925.0681818181819,35,9,18,33.53179082016555,0.6369047619047619,43.63425925925925,1025.462962962962,29.29894179894177,0
4282,4,1,0,45,0.022222222222222223,0.0,1.0,45,1050,600,450,0.5714285714285714,15,6,9,387.06813634964624,0.8110269360269361,0.35994639376218385,0.22982170595760243,131848.06428049668,1206.8369044720384,133054.9011849687,4225,0,905.4888888888889,36,9,18,33.30500730994153,0.6388888888888888,43.24324324324324,1027.0270270270266,28.52852852852852,0
4283,4,0,0,45,0.0,0.0,1.0,45,800,700,100,0.875,9,7,2,387.769705703403,0.8114478114478115,0.35843016882262724,0.23058899970185415,131905.8987196656,1229.8223054135233,133135.7210250791,4226,1,906.4888888888889,36,9,18,33.228504348461605,0.6394675925925926,43.18693693693694,1027.2522522522522,28.534784784784783,0
4284,4,0,0,45,0.0,0.0,1.0,45,900,500,400,0.5555555555555556,13,5,8,386.7316524407194,0.8117003367003367,0.3545524268653444,0.23085021529276972,132050.54029959033,1213.6247311500895,133264.1650307404,4227,2,907.4888888888889,36,9,18,33.108953288776895,0.6409143518518517,43.04617117117118,1027.8153153153169,28.55042542542547,0
4285,4,0,0,45,0.0,0.0,1.0,45,1450,900,550,0.6206896551724138,20,9,11,389.23117734833727,0.8098484848484849,0.35582804174877714,0.23358985373848334,132253.17166829004,1295.4115433000716,133548.58321159013,4228,3,908.4888888888889,36,9,18,32.839984307714765,0.6429398148148147,42.84909909909911,1028.6036036036048,28.572322322322357,0
4286,4,0,0,45,0.0,0.0,1.0,45,1300,800,500,0.6153846153846154,18,8,10,391.33666088711766,0.8092592592592593,0.35507593924860115,0.23650346027525804,132517.14677640595,1371.8428059565977,133888.98958236256,4229,4,909.4888888888889,35,10,19,32.51929706235012,0.6476190476190476,42.59259259259259,1029.629629629629,29.417989417989403,0
4287,4,1,0,46,0.021739130434782608,0.0,1.0,46,1400,1000,400,0.7142857142857143,18,10,8,384.3583705984545,0.813023349436393,0.3212329242077523,0.2171105390677759,129925.63950029765,791.0307747405427,130716.6702750382,4230,0,890.695652173913,40,6,12,35.325500066454026,0.6124999999999998,45.121951219512205,1019.5121951219529,25.487804878048824,8
4288,4,0,0,46,0.0,0.0,1.0,46,1050,500,550,0.47619047619047616,16,5,11,386.60212322058516,0.8117149758454106,0.3146965963178383,0.2193950658570636,130107.01844346953,859.9299152290316,130966.94835869856,4231,1,891.695652173913,40,6,14,35.08359066308066,0.6143229166666667,44.94410569105691,1020.2235772357726,25.505589430894315,0
4289,4,1,1,46,0.02127659574468085,0.02127659574468085,0.9787234042553191,47,1450,1200,250,0.8275862068965517,17,12,5,381.80583203512793,0.8155642923219241,0.30902135670843656,0.21845874087898606,130426.23325525968,559.7781533202995,130986.01140857997,4232,0,873.7021276595744,38,9,14,34.8812885681414,0.6208881578947368,44.631410256410255,1021.4743589743588,26.88090418353576,0
4290,4,0,0,46,0.0,0.0,1.0,46,1550,1200,350,0.7741935483870968,19,12,7,391.3319511948945,0.8101449275362319,0.31377262839484277,0.22361139836989247,130374.544330948,1003.9449638350293,131378.48929478304,4233,3,893.695652173913,37,9,14,34.69060911888913,0.6221846846846846,44.68201754385965,1021.2719298245615,27.601944049312475,0
4291,4,1,1,46,0.02127659574468085,0.02127659574468085,0.9787234042553191,47,1400,900,500,0.6428571428571429,19,9,10,388.7957834589311,0.8161424606845513,0.3275035982322696,0.22481373647794697,130833.79937743726,773.5259063718581,131607.32528380913,4234,0,875.6595744680851,40,7,14,34.28859971524121,0.6216145833333333,44.23272357723577,1023.0691056910559,25.5767276422764,0
4292,4,0,0,46,0.0,0.0,1.0,46,1450,900,550,0.6206896551724138,20,9,11,393.0574159648937,0.8138083735909823,0.33181115887428425,0.22720523144150828,130821.45317925356,1084.068467881955,131905.52164713552,4235,1,895.4782608695652,39,7,14,34.192143535960355,0.6231303418803419,44.24479166666667,1023.020833333334,26.23130341880344,0
4293,4,0,0,46,0.0,0.0,1.0,46,1200,800,400,0.6666666666666666,16,8,8,394.43036378947534,0.8131642512077295,0.33511191569032706,0.22831405206270017,130874.74093967034,1124.1943359375207,131998.93527560786,4236,2,896.4782608695652,39,7,14,34.10289202212495,0.6236645299145298,44.19270833333334,1023.2291666666683,26.23664529914534,0
4294,4,0,0,46,0.0,0.0,1.0,46,1200,900,300,0.75,15,9,6,402.22401849995714,0.8124798711755233,0.3405030133010023,0.2333089259610733,130954.69292534742,1334.6245659722406,132289.31749131967,4237,3,897.4782608695652,39,7,14,33.82225727661307,0.624465811965812,44.11458333333334,1023.5416666666682,26.24465811965816,0
4295,4,1,1,46,0.02127659574468085,0.02127659574468085,0.9787234042553191,47,1450,1100,350,0.7586206896551724,18,11,7,379.91739531341017,0.8179925994449583,0.30315361139369235,0.22098153822075878,131061.33355034732,559.5594618055658,131620.8930121529,4238,0,879.3617021276596,39,8,14,34.28492709393014,0.625534188034188,44.01041666666667,1023.9583333333342,26.255341880341902,1
4296,4,0,1,45,0.0,0.021739130434782608,0.9782608695652174,46,1150,600,550,0.5217391304347826,17,6,11,385.9493770088401,0.8123590982286635,0.30508993858848843,0.22365451193996852,130917.78897518085,905.527818869172,131823.31679405,4239,5,899.4782608695652,38,8,14,34.27615095521455,0.6258223684210527,44.15064102564103,1023.3974358974363,26.931511470985164,0
4297,4,1,2,44,0.021739130434782608,0.043478260869565216,0.9565217391304348,46,1100,400,700,0.36363636363636365,18,4,14,372.39373531039524,0.8180958132045089,0.29447021797412254,0.21448867089372672,130682.67549871115,535.0080926413823,131217.68359135254,4240,0,899.5652173913044,37,9,15,34.86137176050044,0.6252815315315314,44.38048245614035,1022.4780701754387,27.63454243717402,1
4298,4,2,1,45,0.043478260869565216,0.021739130434782608,0.9782608695652174,46,850,700,150,0.8235294117647058,10,7,3,374.1276758107568,0.8225644122383253,0.3081193754189988,0.21215010591863023,130076.56385633691,534.6385351141756,130611.2023914511,4241,0,900.1739130434783,39,7,16,35.432728309336596,0.6156517094017094,44.973958333333336,1020.1041666666675,26.156517094017115,2
4299,4,2,1,46,0.0425531914893617,0.02127659574468085,0.9787234042553191,47,1500,1200,300,0.8,18,12,6,369.2716541140223,0.8265880357693494,0.31432486461627995,0.21086620651800728,130348.82010388776,227.35656634253687,130576.1766702303,4242,0,881.9787234042553,36,11,17,35.2799680194089,0.6238425925925926,44.70720720720721,1021.1711711711719,28.365865865865885,0
4300,4,1,1,46,0.02127659574468085,0.02127659574468085,0.9787234042553191,47,900,600,300,0.6666666666666666,12,6,6,371.61657037205407,0.8283610854147394,0.3137723146215019,0.21251969062260612,130406.32482144318,292.23023699376756,130698.55505843695,4243,0,882.9574468085107,36,11,17,35.1617052554208,0.6244212962962963,44.65090090090091,1021.3963963963973,28.37212212212215,0
4301,4,0,0,46,0.0,0.0,1.0,46,950,800,150,0.8421052631578947,11,8,3,375.8819129117067,0.8226247987117553,0.31669687988566886,0.21432361147531678,130291.32806793296,594.8307259962858,130886.15879392925,4244,2,903.1521739130435,36,10,17,35.16963563497316,0.6232638888888888,44.76351351351352,1020.9459459459472,28.359609609609645,0
4302,4,0,0,46,0.0,0.0,1.0,46,1400,1000,400,0.7142857142857143,18,10,8,375.8819129117067,0.8226247987117553,0.31669687988566886,0.21432361147531678,130291.32806793296,594.8307259962858,130886.15879392925,4245,3,904.1521739130435,36,10,17,35.16963563497316,0.6232638888888888,44.76351351351352,1020.9459459459472,28.359609609609645,0
4303,4,1,0,47,0.02127659574468085,0.0,1.0,47,1000,700,300,0.7,13,7,6,368.29178803458,0.8279370952821461,0.3139404839615276,0.21166560099003445,130598.60365689461,219.67865112344435,130818.28230801805,4246,0,885.8936170212766,37,10,16,35.05149109633127,0.6244369369369368,44.462719298245624,1022.149122807019,27.62565196775727,0
4304,4,0,1,46,0.0,0.02127659574468085,0.9787234042553191,47,800,500,300,0.625,11,5,6,365.4336471904599,0.8275901942645698,0.30878523957015447,0.21027267408090897,130644.58832137138,148.3856791949978,130792.97400056638,4247,1,886.8936170212766,38,9,16,35.07789911868186,0.623081140350877,44.41773504273505,1022.3290598290615,26.903396311291093,0
4305,4,0,0,46,0.0,0.0,1.0,46,1300,900,400,0.6923076923076923,17,9,8,364.8871995209248,0.8241143317230274,0.3147768277559695,0.21031755393894602,130710.70545744858,338.932652354586,131049.63810980317,4248,2,906.3260869565217,37,9,17,35.024840946457935,0.625563063063063,44.3530701754386,1022.5877192982467,27.637505926979642,0
4306,4,1,1,46,0.02127659574468085,0.02127659574468085,0.9787234042553191,47,950,700,250,0.7368421052631579,12,7,5,360.24626115869205,0.8285538082022817,0.30995364614783494,0.20950243731461826,131054.49631090673,42.37846080796504,131096.8747717147,4249,0,888.0212765957447,38,9,17,34.79540553700612,0.6271929824561402,44.017094017094024,1023.9316239316253,26.945569050832244,0
4307,4,0,0,46,0.0,0.0,1.0,46,950,700,250,0.7368421052631579,12,7,5,369.3177446410159,0.825925925925926,0.3188630912181827,0.2142685609834611,130963.11034404836,473.40010868730695,131436.51045273567,4250,4,908.3260869565217,37,9,17,34.65575343688627,0.6280968468468467,44.106359649122815,1023.5745614035103,27.664177335230008,0
4308,4,0,0,46,0.0,0.0,1.0,46,1100,800,300,0.7272727272727273,14,8,6,367.2010651447455,0.8257045088566828,0.3193320389054215,0.21354702720553695,131054.49631090683,424.67012747464526,131479.16643838148,4251,5,909.3260869565217,38,8,17,34.617374443516965,0.6271929824561402,44.01709401709403,1023.9316239316261,26.945569050832265,0
4309,4,0,1,45,0.0,0.021739130434782608,0.9782608695652174,46,1300,1000,300,0.7692307692307693,16,10,6,375.1192959659876,0.8236916264090177,0.31770134532400185,0.21939904188449733,131273.37643363292,648.6353093724991,131922.01174300542,4252,6,910.3260869565217,38,8,18,34.19299068668335,0.6293859649122806,43.80341880341881,1024.7863247863254,26.96806117858751,0
4310,4,0,0,45,0.0,0.0,1.0,45,1400,1200,200,0.8571428571428571,16,12,4,383.70017846519926,0.8263468013468014,0.3237579042457095,0.22473867595818814,131328.125,1078.1478285484714,132406.27282854848,4253,7,926.8888888888889,35,10,18,33.91768292682926,0.6357142857142857,43.75,1025.0,29.285714285714285,0
4311,4,0,0,45,0.0,0.0,1.0,45,1050,600,450,0.5714285714285714,15,6,9,383.2588318419459,0.8260101010101011,0.32620416132771957,0.22498850186466285,131414.7102127466,1073.169664597031,132487.87987734363,4254,8,927.8888888888889,36,9,18,33.8412959912136,0.6345486111111112,43.66554054054054,1025.3378378378384,28.481606606606622,0
4312,4,0,0,45,0.0,0.0,1.0,45,1550,1100,450,0.7096774193548387,20,11,9,388.2796073361197,0.8243686868686869,0.33051835589706036,0.2287986560693437,131559.0823086602,1216.3417640613789,132775.4240727216,4255,9,928.8888888888889,36,9,17,33.56636480058543,0.6359953703703702,43.524774774774784,1025.9009009009023,28.497247247247287,0
4313,4,1,0,46,0.021739130434782608,0.0,1.0,46,1150,700,450,0.6086956521739131,16,7,9,382.3496157376764,0.8286634460547504,0.3260010579092276,0.22768150182967412,131958.55391418305,890.8604764774814,132849.41439066053,4256,0,909.6739130434783,38,8,18,33.31448649960141,0.6362390350877192,43.13568376068377,1027.457264957266,27.03834907782279,0
4314,4,0,0,46,0.0,0.0,1.0,46,1100,700,400,0.6363636363636364,15,7,8,383.61130367422743,0.8278985507246377,0.32645269034683055,0.22898322645817326,132049.81689453137,931.1604817708497,132980.9773763022,4257,1,910.6739130434783,39,7,18,33.18986267355834,0.6354166666666666,43.04687500000001,1027.812500000001,26.35416666666669,0
4315,4,0,0,46,0.0,0.0,1.0,46,1400,1000,400,0.7142857142857143,18,10,8,381.5011207006714,0.8272141706924316,0.32516710008811645,0.22793170914868852,132084.41904826844,878.0707788023185,132962.48982707076,4258,2,911.6739130434783,40,6,18,33.2091365958148,0.6341145833333333,43.01321138211383,1027.9471544715464,25.698678861788657,0
4316,4,0,0,46,0.0,0.0,1.0,46,1300,800,500,0.6153846153846154,18,8,10,384.7258077470099,0.825865539452496,0.3289737652663638,0.23081267932468819,132241.164784933,975.3177878577696,133216.48257279076,4259,3,912.6739130434783,40,6,18,32.96796265191187,0.6356770833333333,42.86077235772358,1028.5569105691065,25.713922764227664,0
4317,4,0,0,46,0.0,0.0,1.0,46,1150,800,350,0.6956521739130435,15,8,7,388.87579211787266,0.8259661835748793,0.3272720246631571,0.23411154999914288,132371.85723610298,1095.242167360713,133467.09940346368,4260,4,913.6739130434783,40,6,18,32.72927776680493,0.6369791666666667,42.73373983739838,1029.0650406504076,25.72662601626019,0
4318,4,0,0,46,0.0,0.0,1.0,46,1000,400,600,0.4,16,4,12,389.37150639200877,0.8256239935587762,0.3268884892086332,0.23531582342821403,132517.14677640604,1119.6931224290101,133636.83989883505,4261,5,914.6739130434783,35,11,18,32.56988159472424,0.6476190476190475,42.592592592592595,1029.6296296296298,29.41798941798942,0
4319,4,0,0,46,0.0,0.0,1.0,46,1550,1000,550,0.6451612903225806,21,10,11,389.0919130201035,0.8260064412238326,0.3320051564514246,0.23664442578763634,132755.59413580227,1130.8256172839283,133886.4197530862,4262,6,915.6739130434783,35,11,18,32.336590296495956,0.6500000000000001,42.3611111111111,1030.5555555555538,29.444444444444397,0
4320,4,0,0,46,0.0,0.0,1.0,46,1700,1200,500,0.7058823529411765,22,12,10,386.3181688932241,0.8259863123993559,0.33138085317121524,0.23627187391952753,132964.41139671195,1073.3135877486025,134037.72498446054,4263,7,916.6739130434783,35,11,19,32.197681704260646,0.6520833333333333,42.1585648148148,1031.3657407407393,29.467592592592553,0
4321,4,0,0,46,0.0,0.0,1.0,46,1400,1100,300,0.7857142857142857,17,11,6,388.70821759740295,0.8240942028985507,0.33238855548317625,0.23862576880685965,133104.2379025276,1147.7422139504288,134251.98011647802,4264,8,917.6739130434783,37,9,20,31.9952493535933,0.6494932432432433,42.023026315789465,1031.9078947368412,27.889402560455167,0
4322,4,0,0,46,0.0,0.0,1.0,46,1450,1000,450,0.6896551724137931,19,10,9,389.1610969502362,0.8234903381642512,0.3345693123216904,0.2394951922759987,133196.36774965285,1166.9689166483845,134363.33666630124,4265,9,918.6739130434783,38,8,20,31.890826605947684,0.6485745614035088,41.933760683760674,1032.2649572649561,27.164867296446214,0
4323,4,0,0,46,0.0,0.0,1.0,46,800,500,300,0.625,11,5,6,381.17378687873,0.8228059581320452,0.3210012275897425,0.23580098178697617,133389.4359179814,968.9112836949182,134358.3472016763,4266,10,919.6739130434783,38,8,20,31.90285965456614,0.6504934210526316,41.74679487179486,1033.012820512819,27.184547908232076,0
4324,4,0,0,46,0.0,0.0,1.0,46,1000,900,100,0.9,11,9,2,381.93529030112137,0.822524154589372,0.32314481856816046,0.23698581197385976,133501.31539901363,997.8240947348037,134499.13949374843,4267,11,920.6739130434783,36,10,20,31.77077657912899,0.6553819444444446,41.6385135135135,1033.445945945944,28.706831831831778,0
4325,4,0,0,46,0.0,0.0,1.0,46,1300,1000,300,0.7692307692307693,16,10,6,383.50478292632846,0.822181964573269,0.32399852246842475,0.23870897708790614,133617.7198101816,1048.6069261829093,134666.32673636448,4268,12,921.6739130434783,36,10,20,31.613295574193074,0.656539351851852,41.525900900900886,1033.8963963963945,28.719344344344293,0
4326,4,0,0,46,0.0,0.0,1.0,46,1300,900,400,0.6923076923076923,17,9,8,379.6300823871359,0.8220209339774558,0.32023792513792926,0.23699871390852742,133727.278164916,953.3795254308866,134680.65769034688,4269,13,922.6739130434783,37,9,18,31.6034798049401,0.655686936936937,41.41995614035087,1034.3201754385955,27.954599336178255,0
4327,4,0,0,46,0.0,0.0,1.0,46,1150,1000,150,0.8695652173913043,13,10,3,382.5724064988936,0.8205314009661836,0.32382044832637735,0.23975553602500352,133869.08111149567,1042.923303324079,134912.00441481976,4270,14,923.6739130434783,37,9,18,31.385092180546728,0.6570945945945947,41.282894736842096,1034.86842105263,27.969416785206217,0
4328,4,0,0,46,0.0,0.0,1.0,46,1250,900,350,0.72,16,9,7,385.8035263076564,0.8206320450885669,0.32414391937068965,0.2422586109134726,133941.82971957405,1135.0460451822573,135076.8757647563,4271,15,924.6739130434783,38,8,18,31.228497953005135,0.6559758771929824,41.212606837606835,1035.149572649572,27.240778227620318,0
4329,4,0,0,46,0.0,0.0,1.0,46,1500,1000,500,0.6666666666666666,20,10,10,384.1564670329453,0.821376811594203,0.3157847525587316,0.24213347148357414,134080.10651800706,1101.5480038717092,135181.65452187878,4272,16,925.6739130434783,38,8,18,31.132444467368128,0.6573464912280702,41.07905982905982,1035.6837606837598,27.254835807467362,0
4330,4,0,0,46,0.0,0.0,1.0,46,1300,1000,300,0.7692307692307693,16,10,6,381.434262874545,0.8191022544283414,0.30486547778579465,0.24169129876851503,134273.81388569306,1043.326644568646,135317.1405302617,4273,17,926.6739130434783,38,8,18,31.00883070473834,0.6592653508771928,40.892094017094024,1036.4316239316252,27.274516419253292,0
4331,4,0,0,46,0.0,0.0,1.0,46,1100,900,200,0.8181818181818182,13,9,4,380.90030282007456,0.8181159420289855,0.30927978211594787,0.24226856744244096,134412.26189823964,1039.5342519541448,135451.79615019378,4274,18,927.6739130434783,38,8,19,30.88403221375094,0.6606359649122806,40.75854700854702,1036.9658119658134,27.28857399910035,0
4332,4,0,0,46,0.0,0.0,1.0,46,1100,600,500,0.5454545454545454,16,6,10,381.15991985923347,0.8171900161030596,0.3125285452021669,0.24317101326104873,134523.07167251097,1054.9606435824571,135578.03231609342,4275,19,928.6739130434783,38,8,20,30.76639203570203,0.6617324561403508,40.65170940170941,1037.393162393164,27.299820062978,0
4333,4,0,0,46,0.0,0.0,1.0,46,1150,900,250,0.782608695652174,14,9,5,373.14162691578866,0.8156199677938809,0.3071693902758199,0.23954427561122738,134749.93657904354,856.1649659492895,135606.10154499282,4276,20,929.6739130434783,37,9,20,30.74759302284647,0.665822072072072,40.43311403508772,1038.267543859649,28.061284969179706,0
4334,4,0,0,46,0.0,0.0,1.0,46,900,500,400,0.5555555555555556,13,5,8,377.31850606067405,0.8155595813204509,0.30817415175845686,0.2426058092940016,134806.86515322025,973.0249932671643,135779.89014648742,4277,21,930.6739130434783,37,9,16,30.582281878013603,0.6663851351351351,40.37828947368421,1038.4868421052633,28.067211948790902,0
4335,4,0,0,46,0.0,0.0,1.0,46,1550,1200,350,0.7741935483870968,19,12,7,380.61614492051814,0.8145128824476651,0.31116281631192,0.2453032215630605,134892.2805574792,1068.435961064938,135960.71651854413,4278,22,931.6739130434783,37,9,17,30.411301104777984,0.6672297297297298,40.296052631578945,1038.815789473684,28.076102418207675,0
4336,4,0,0,46,0.0,0.0,1.0,46,1200,900,300,0.75,15,9,6,381.669953599413,0.813707729468599,0.3166555042799344,0.24675769578548662,135006.20984341326,1105.5627693136232,136111.7726127269,4279,23,932.6739130434783,37,9,17,30.270099177041565,0.6683558558558559,40.186403508771924,1039.2543859649115,28.087956377430043,0
4337,4,0,0,46,0.0,0.0,1.0,46,1350,1000,350,0.7407407407407407,17,10,7,351.8543563590015,0.8138888888888889,0.24730791029066457,0.21717906823538363,133306.67529585792,222.04935382939072,133528.7246496873,4280,24,933.6739130434783,38,8,16,32.74299089592385,0.649671052631579,41.82692307692307,1032.6923076923072,27.17611336032387,8
4338,4,0,0,46,0.0,0.0,1.0,46,1250,900,350,0.72,16,9,7,356.00616322243303,0.8125402576489533,0.2514313018929133,0.22040381565793307,133418.40820312485,299.55512152776294,133717.9633246526,4281,25,934.6739130434783,39,7,16,32.523778315520595,0.6490384615384617,41.71874999999999,1033.1249999999989,26.490384615384585,0
4339,4,0,0,46,0.0,0.0,1.0,46,1100,700,400,0.6363636363636364,15,7,8,357.0499479708638,0.8122785829307568,0.25420757363253843,0.22137096774193546,133472.22222222216,331.2825520833279,133803.50477430547,4282,26,935.6739130434783,36,10,16,32.442876344086024,0.6550925925925927,41.666666666666664,1033.333333333333,28.703703703703695,0
4340,4,0,0,46,0.0,0.0,1.0,46,1150,600,550,0.5217391304347826,17,6,11,357.54424641431547,0.8128824476650564,0.24818014595713467,0.2228684592156915,133670.57802641205,358.6292176438986,134029.20724405596,4283,27,936.6739130434783,37,9,16,32.23136023044569,0.6551238738738738,41.47478070175439,1034.1008771929833,27.948672356567116,0
4341,4,0,0,46,0.0,0.0,1.0,46,1350,900,450,0.6666666666666666,18,9,9,360.46022642861726,0.8126811594202898,0.25184442754775294,0.22537721910894634,133783.9903263503,444.76148911202233,134228.7518154623,4284,28,937.6739130434783,37,9,15,32.04237325560855,0.65625,41.36513157894736,1034.5394736842095,27.960526315789444,0
4342,4,0,0,46,0.0,0.0,1.0,46,1200,600,600,0.5,18,6,12,358.2439268127183,0.8119967793880838,0.25208503152300565,0.22502867019553377,133954.19894823406,397.65564885349386,134351.85459708754,4285,29,938.6739130434783,37,9,15,31.929328637503094,0.6579391891891893,41.20065789473684,1035.1973684210525,27.97830725462304,0
4343,4,0,0,46,0.0,0.0,1.0,46,1100,700,400,0.6363636363636364,15,7,8,358.4711746245773,0.8122584541062802,0.2501244735106911,0.22577395033372483,134052.44545118336,410.7875164365464,134463.2329676199,4286,30,939.6739130434783,38,8,15,31.825157330031978,0.6570723684210527,41.105769230769226,1035.5769230769224,27.252024291497957,0
4344,4,0,1,45,0.0,0.021739130434782608,0.9782608695652174,46,1300,800,500,0.6153846153846154,18,8,10,361.69477869816717,0.8123792270531401,0.2507667886353855,0.2283198290532178,134135.4372123601,503.21745562127944,134638.65466798138,4287,31,940.6739130434783,38,8,15,31.65867367986798,0.6578947368421053,41.025641025641015,1035.8974358974342,27.260458839406162,0
4345,4,0,0,45,0.0,0.0,1.0,45,1150,900,250,0.782608695652174,14,9,5,366.8958066821054,0.8082912457912458,0.26209233375688257,0.23099759988705343,134039.34383656507,835.6946368113195,134875.0384733764,4288,42,961.8888888888889,37,8,16,31.62016447832838,0.6587837837837838,41.118421052631575,1035.5263157894733,27.98719772403982,0
4346,4,0,0,45,0.0,0.0,1.0,45,1150,800,350,0.6956521739130435,15,8,7,366.0288296177025,0.8082912457912458,0.2614033881209452,0.23070763812184705,134080.10651800706,815.4368927605977,134895.54341076766,4289,43,962.8888888888889,38,7,17,31.601806959631382,0.6573464912280702,41.07905982905982,1035.6837606837598,27.254835807467362,0
4347,4,0,0,45,0.0,0.0,1.0,45,1100,800,300,0.7272727272727273,14,8,6,362.9890758258997,0.8084175084175085,0.2614136413641366,0.22913685411509901,134135.4372123602,737.9396778435165,134873.3768902037,4290,44,963.8888888888889,38,7,17,31.625154702970306,0.6578947368421053,41.02564102564102,1035.8974358974351,27.260458839406187,0
4348,4,0,0,45,0.0,0.0,1.0,45,1650,1200,450,0.7272727272727273,21,12,9,366.96470774074925,0.8076178451178452,0.26859505078612544,0.23287498752181113,134329.1845300059,858.8139884213658,135187.99851842728,4291,45,964.8888888888889,38,7,18,31.328369232883293,0.659813596491228,40.83867521367522,1036.6452991452998,27.2801394511921,0
4349,4,0,0,45,0.0,0.0,1.0,45,1500,1200,300,0.8,18,12,6,369.58865116023196,0.8068181818181819,0.2752231836286223,0.23543088093592757,134467.66107823813,939.5442965154643,135407.2053747536,4292,46,965.8888888888889,38,7,18,31.121884013185,0.6611842105263157,40.70512820512821,1037.1794871794882,27.294197031039165,0
4350,4,0,0,45,0.0,0.0,1.0,45,950,700,250,0.7368421052631579,12,7,5,368.9255576009425,0.8067760942760943,0.2741557089069704,0.23518701501953737,134495.3649485902,923.7555016801907,135419.1204502704,4293,47,966.8888888888889,38,7,18,31.111382909328107,0.6614583333333333,40.67841880341881,1037.2863247863256,27.29700854700857,0
4351,4,0,0,45,0.0,0.0,1.0,45,1150,800,350,0.6956521739130435,15,8,7,366.670840711216,0.8067760942760943,0.244873968576919,0.21327658959711548,131061.33355034716,616.0707202749429,131677.4042706221,4294,48,967.8888888888889,39,6,15,34.62402509325195,0.625534188034188,44.010416666666664,1023.9583333333328,26.255341880341867,6
4352,4,1,0,46,0.021739130434782608,0.0,1.0,46,1400,1100,300,0.7857142857142857,17,11,6,355.6965097037037,0.809561191626409,0.2439753014092887,0.20879586078087445,131412.4312889541,149.4024303150743,131561.83371926917,4295,0,947.8260869565217,37,9,16,34.55011496096673,0.6326013513513514,43.667763157894726,1025.3289473684197,27.71159317211945,0
4353,4,0,0,46,0.0,0.0,1.0,46,1150,800,350,0.6956521739130435,15,8,7,355.5979206197163,0.8086352657004832,0.24741510767285302,0.20889144181128041,131440.53939673727,147.99649892272436,131588.53589566,4296,1,948.8260869565217,37,9,17,34.52425506130595,0.632882882882883,43.64035087719297,1025.4385964912267,27.714556661925045,0
4354,4,0,0,46,0.0,0.0,1.0,46,1050,700,350,0.6666666666666666,14,7,7,355.1603112482047,0.8087761674718197,0.2457314323699904,0.2087878309933662,131468.650510253,138.48936692057168,131607.13987717358,4297,2,949.8260869565217,37,9,17,34.507087743682945,0.6331644144144146,43.61293859649122,1025.548245614034,27.717520151730646,0
4355,4,0,0,46,0.0,0.0,1.0,46,1450,1200,250,0.8275862068965517,17,12,5,358.2862695489956,0.8087761674718197,0.2513483882057259,0.2115584351235993,131637.3803117305,232.77318501846148,131870.15349674894,4298,3,950.8260869565217,37,9,16,34.25657566691598,0.6348536036036037,43.4484649122807,1026.206140350877,27.735301090564242,0
4356,4,0,1,45,0.0,0.021739130434782608,0.9782608695652174,46,1750,1500,250,0.8571428571428571,20,15,5,360.0988332737854,0.8086553945249597,0.24578808588008116,0.2138128526411919,131848.80566741532,295.720217875656,132144.52588529096,4299,4,951.8260869565217,38,8,16,33.99671451853393,0.6351425438596492,43.24252136752136,1027.0299145299136,27.027103013945094,0
4357,4,0,0,45,0.0,0.0,1.0,45,1600,1300,300,0.8125,19,13,6,369.5330586150602,0.8062710437710439,0.2578005600645499,0.2190068076500899,131778.0711372729,739.2707371498808,132517.34187442277,4300,54,973.8888888888889,37,8,16,33.82591129147088,0.6362612612612613,43.311403508771924,1026.7543859649115,27.750118539592204,0
4358,4,1,1,45,0.021739130434782608,0.021739130434782608,0.9782608695652174,46,1700,1500,200,0.8823529411764706,19,15,4,362.07254702519936,0.8109098228663446,0.2582278138039411,0.21733382062086157,132260.59701219955,377.5862462561148,132638.18325845565,4301,0,953.695652173913,38,8,18,33.530890804597696,0.6392543859649124,42.84188034188034,1028.6324786324785,27.069275753486277,0
4359,4,1,1,45,0.021739130434782608,0.021739130434782608,0.9782608695652174,46,1300,1000,300,0.7692307692307693,16,10,6,354.33534367425113,0.8139895330112722,0.252555554553082,0.21424617580504599,132535.48127145885,192.40106107092828,132727.88233252979,4302,0,943.4130434782609,38,8,18,33.453301168983884,0.6419956140350876,42.574786324786324,1029.7008547008547,27.097390913180387,0
4360,4,0,0,45,0.0,0.0,1.0,45,1050,500,550,0.47619047619047616,16,5,11,366.7207274017501,0.8068602693602694,0.26468799185808445,0.22142385270579004,132482.65241468544,716.8269323253407,133199.47934701078,4303,2,965.3777777777777,37,8,18,33.18766198033158,0.6432995495495495,42.626096491228076,1029.4956140350887,27.824205784732126,0
4361,4,0,0,45,0.0,0.0,1.0,45,1450,1000,450,0.6896551724137931,19,10,9,364.4510747056146,0.8068181818181819,0.25893596385399653,0.22088086424416417,132623.79410010777,666.9768582640877,133290.77095837187,4304,3,966.3777777777777,37,8,18,33.10402029664324,0.6447072072072071,42.4890350877193,1030.043859649123,27.839023233760084,0
4362,4,1,1,45,0.021739130434782608,0.021739130434782608,0.9782608695652174,46,1450,1000,450,0.6896551724137931,19,10,9,355.70599394986584,0.8111916264090178,0.25427778703624515,0.21745598224180188,132948.34270445237,258.10447713491624,133206.44718158728,4305,0,946.3478260869565,38,8,17,33.0031251079112,0.6461074561403508,42.174145299145295,1031.3034188034178,27.13956365272152,0
4363,4,0,0,45,0.0,0.0,1.0,45,1000,900,100,0.9,11,9,2,366.35428159042317,0.8071969696969697,0.25876375152138253,0.22354505579459746,132878.03849501762,736.0876663973492,133614.12616141498,4306,1,966.9777777777778,37,8,18,32.79926176043107,0.647240990990991,42.24232456140351,1031.0307017543853,27.865694642010414,0
4364,4,0,0,45,0.0,0.0,1.0,45,700,400,300,0.5714285714285714,10,4,6,366.7751543683686,0.8069444444444445,0.26127888841627755,0.22397100984935955,132906.30290089254,749.3459526007978,133655.64885349333,4307,2,967.9777777777778,37,8,18,32.759995746490866,0.6475225225225225,42.21491228070175,1031.1403508771925,27.868658131816016,0
4365,4,0,0,45,0.0,0.0,1.0,45,950,500,450,0.5263157894736842,14,5,9,366.73720295941513,0.8062710437710439,0.2609221466364329,0.2246265368126418,133019.39058171748,756.631848261009,133776.0224299785,4308,3,968.9777777777778,37,8,19,32.647303713151935,0.6486486486486486,42.10526315789474,1031.5789473684213,27.880512091038412,0
4366,4,0,0,45,0.0,0.0,1.0,45,1150,700,450,0.6086956521739131,16,7,9,365.80857354980674,0.8066498316498317,0.2567943222210416,0.22422754843844508,133047.67001625503,733.995676554332,133781.66569280936,4309,4,969.9777777777778,37,8,19,32.64283753144154,0.6489301801801801,42.077850877192986,1031.6885964912283,27.883475580844006,0
4367,4,0,0,45,0.0,0.0,1.0,45,900,600,300,0.6666666666666666,12,6,6,364.9042964923664,0.8066919191919192,0.2598472236980369,0.22401267673122388,133104.2379025278,714.0616583949018,133818.2995609227,4310,5,970.9777777777778,37,8,19,32.609335706442835,0.6494932432432432,42.02302631578948,1031.9078947368428,27.88940256045521,0
4368,4,0,0,45,0.0,0.0,1.0,45,1000,700,300,0.7,13,7,6,362.99443997835505,0.8058080808080809,0.2609258078984018,0.22334834365727024,133189.11227493067,669.3814442905392,133858.4937192212,4311,6,971.9777777777778,37,8,19,32.57338361305855,0.6503378378378378,41.940789473684205,1032.2368421052627,27.898293029871965,0
4369,4,0,0,45,0.0,0.0,1.0,45,750,400,350,0.5333333333333333,11,4,7,364.26443880641307,0.8050505050505051,0.2691774922421628,0.22464166471774658,133274.01369892654,709.3967615035347,133983.41046043008,4312,7,972.9777777777778,37,8,19,32.45537768574563,0.6511824324324325,41.858552631578945,1032.565789473684,27.907183499288756,0
4370,4,0,0,45,0.0,0.0,1.0,45,900,700,200,0.7777777777777778,11,7,4,363.50088576953755,0.8046717171717173,0.27294173154045764,0.22468361836935982,133358.94217451525,695.2187211449705,134054.16089566023,4313,8,973.9777777777778,37,8,20,32.389861995753705,0.652027027027027,41.776315789473685,1032.8947368421054,27.916073968705554,0
4371,4,0,0,45,0.0,0.0,1.0,45,1200,1000,200,0.8333333333333334,14,10,4,365.00877891344953,0.8042929292929293,0.2738366470907332,0.22596009953498816,133415.57618690358,739.5713104031925,134155.14749730678,4314,9,974.9777777777778,37,8,20,32.294098917427284,0.6525900900900901,41.72149122807017,1033.1140350877188,27.922000948316725,0
4372,4,0,0,45,0.0,0.0,1.0,45,1100,800,300,0.7272727272727273,14,8,6,360.9822572448734,0.8031986531986532,0.27329538087997873,0.2243229887308777,133557.2138181938,642.3569030855363,134199.57072127933,4315,10,975.9777777777778,37,8,20,32.25608624164633,0.6539977477477479,41.58442982456139,1033.6622807017523,27.936818397344656,0
4373,4,0,0,45,0.0,0.0,1.0,45,800,400,400,0.5,12,4,8,359.95902160137393,0.8025252525252525,0.2731141746200072,0.22420168914801533,133642.2324657585,621.1454485995473,134263.37791435805,4316,11,976.9777777777778,37,8,20,32.19733121244255,0.6548423423423424,41.50219298245613,1033.991228070174,27.945708866761457,0
4374,4,0,0,45,0.0,0.0,1.0,45,1050,600,450,0.5714285714285714,15,6,9,364.7002355737161,0.8019781144781145,0.2693522739319414,0.22767818148026872,133727.27816491597,754.0739698753307,134481.3521347913,4317,12,977.9777777777778,37,8,16,31.989535849323303,0.655686936936937,41.41995614035087,1034.3201754385952,27.95459933617825,0
4375,4,1,0,46,0.021739130434782608,0.0,1.0,46,1150,800,350,0.6956521739130435,15,8,7,357.4998508050446,0.8066626409017713,0.2686407492632512,0.22516218673510693,134052.44545118336,384.7458497698791,134437.19130095324,4318,0,957.695652173913,38,8,19,31.850304343340547,0.6570723684210527,41.105769230769226,1035.5769230769224,27.252024291497957,0
4376,4,0,0,46,0.0,0.0,1.0,46,850,600,250,0.7058823529411765,11,6,5,360.3055652267813,0.8059380032206119,0.27491759535394755,0.22727146746087487,134107.77043839952,463.95520582220524,134571.72564422173,4319,1,958.695652173913,38,8,19,31.722322503008417,0.6576206140350876,41.05235042735043,1035.790598290599,27.257647323436817,0
4377,4,0,0,46,0.0,0.0,1.0,46,1000,600,400,0.6,14,6,8,360.1441701097149,0.8055958132045089,0.2700384501626738,0.22837377375192494,134301.49778106503,473.58029257067335,134775.0780736357,4320,2,959.695652173913,38,8,19,31.532802514945363,0.6595394736842106,40.86538461538461,1036.5384615384612,27.27732793522266,0
4378,4,0,0,46,0.0,0.0,1.0,46,750,200,550,0.26666666666666666,13,2,11,364.070218382359,0.8055958132045089,0.2398999217013318,0.2240539140133981,133196.3677496529,498.5661388706223,133694.93388852355,4321,3,960.695652173913,38,8,18,32.53833747326296,0.6485745614035088,41.93376068376068,1032.2649572649566,27.164867296446225,6
4379,4,0,0,46,0.0,0.0,1.0,46,1050,600,450,0.5714285714285714,15,6,9,361.2720528057684,0.8047504025764896,0.18678132556877047,0.21078190630588184,131179.18469442922,278.2746679886788,131457.4593624179,4322,4,961.695652173913,42,4,14,34.64300353134064,0.6220238095238096,43.89534883720929,1024.418604651161,24.39091915836098,6
4380,4,0,1,45,0.0,0.021739130434782608,0.9782608695652174,46,800,300,500,0.375,13,3,10,360.18151769671795,0.8045289855072464,0.18551972004161565,0.21028156745485344,131204.0022102787,251.45132879633334,131455.45353907504,4323,5,962.695652173913,42,4,14,34.64583530376114,0.6222718253968255,43.871124031007746,1024.515503875968,24.393226282761145,0
4381,4,1,0,46,0.021739130434782608,0.0,1.0,46,900,700,200,0.7777777777777778,11,7,4,356.8705375919426,0.8076489533011273,0.19614863557189866,0.20930193731413899,131378.9731749179,177.11564116560675,131556.0888160835,4324,0,963.5652173913044,41,5,15,34.553819108444614,0.6255081300813009,43.700396825396815,1025.198412698411,25.004839334107583,0
4382,4,1,1,46,0.02127659574468085,0.02127659574468085,0.9787234042553191,47,1400,900,500,0.6428571428571429,19,9,10,357.30915683178495,0.8133672525439407,0.20440313465269355,0.2114711289092697,131725.71228441797,13.360637882330366,131739.07292230029,4325,0,944.0425531914893,42,5,13,34.192506764835436,0.6274801587301588,43.36240310077519,1026.5503875968989,24.44167589516426,0
4383,4,0,2,44,0.0,0.043478260869565216,0.9565217391304348,46,1100,800,300,0.7272727272727273,14,8,6,365.36242037338735,0.8060789049919485,0.20620127345703687,0.21585803762208375,131658.81406092507,420.6365937578492,132079.4506546829,4326,2,965.5652173913044,41,5,13,34.05338730465603,0.6283028455284554,43.42757936507935,1026.2896825396806,25.031455671699526,0
4384,4,0,0,44,0.0,0.0,1.0,44,1650,1400,250,0.8484848484848485,19,14,5,374.03922856201507,0.7960271317829458,0.20716170947111978,0.22077054766713056,131621.9089084201,1046.351453993051,132668.26036241316,4327,22,981.8409090909091,39,5,13,33.8680717693635,0.6311431623931625,43.463541666666664,1026.145833333333,26.311431623931615,0
4385,4,1,1,44,0.022222222222222223,0.022222222222222223,0.9777777777777777,45,1450,1200,250,0.8275862068965517,17,12,5,366.2218910323317,0.8041666666666667,0.20113881194213645,0.21775122791498872,131901.66650142104,661.0555472932725,132562.72204871432,4328,0,961.0,40,5,14,33.78615123334652,0.6322916666666667,43.1910569105691,1027.2357723577231,25.680894308943078,0
4386,4,1,1,44,0.022222222222222223,0.022222222222222223,0.9777777777777777,45,850,600,250,0.7058823529411765,11,6,5,366.2218910323317,0.8024410774410775,0.20113881194213645,0.21775122791498872,131901.66650142104,661.0555472932725,132562.72204871432,4329,0,961.9777777777778,40,5,14,33.78615123334652,0.6322916666666667,43.1910569105691,1027.2357723577231,25.680894308943078,0
4387,4,0,0,44,0.0,0.0,1.0,44,1100,700,400,0.6363636363636364,15,7,8,372.3542624501773,0.7938468992248062,0.19985661462991833,0.22101388762771215,131835.77609592018,1017.9226345486165,132853.6987304688,4330,25,984.8409090909091,39,5,14,33.69520657943673,0.6332799145299146,43.255208333333336,1026.979166666667,26.332799145299152,0
4388,4,0,0,44,0.0,0.0,1.0,44,850,700,150,0.8235294117647058,10,7,3,375.7543872178102,0.7930761099365751,0.20383126756669578,0.22397685981291238,131996.29041883687,1119.6370442708383,133115.9274631077,4331,26,985.8409090909091,39,5,14,33.44578898462578,0.6348824786324787,43.098958333333336,1027.6041666666672,26.3488247863248,0
4389,4,1,0,45,0.022222222222222223,0.0,1.0,45,1350,800,550,0.5925925925925926,19,8,11,369.1540105310707,0.7991161616161616,0.21928296753323284,0.22224228387921025,132372.47973552835,773.1663556626279,133145.64609119098,4332,0,964.9111111111112,41,4,15,33.23602541855459,0.6354166666666667,42.73313492063492,1029.0674603174596,25.09920634920633,0
4390,4,0,0,45,0.0,0.0,1.0,45,950,700,250,0.7368421052631579,12,7,5,371.6406165431105,0.7981902356902357,0.22463714346745833,0.22436922500278292,132478.41932508658,846.8772082762257,133325.2965333628,4333,1,965.9111111111112,39,6,16,33.06530152787614,0.639690170940171,42.63020833333332,1029.479166666665,26.396901709401664,0
4391,4,0,0,45,0.0,0.0,1.0,45,1500,1200,300,0.8,18,12,6,371.2387804903593,0.7970538720538721,0.22056814095649058,0.22492702582651186,132612.5,846.1805555555552,133458.68055555556,4334,2,966.9111111111112,39,6,16,32.94060140237325,0.6410256410256411,42.5,1030.0,26.41025641025641,0
4392,4,0,0,45,0.0,0.0,1.0,45,1150,1000,150,0.8695652173913043,13,10,3,345.0483151025069,0.7968434343434344,0.24434710762509448,0.19890424599890272,130714.91021050364,37.43218315974053,130752.34239366338,4335,3,967.9111111111112,39,6,16,35.52776221520492,0.6220619658119657,44.34895833333334,1022.604166666668,26.22061965811969,5
4393,4,0,0,45,0.0,0.0,1.0,45,1150,500,650,0.43478260869565216,18,5,13,344.18669951791924,0.796969696969697,0.23882948025936068,0.1986813170233072,130768.17626953153,1.7333984375289333,130769.90966796906,4336,4,968.9111111111112,39,6,16,35.49591353498321,0.6225961538461537,44.296875000000014,1022.8125000000022,26.225961538461593,0
4394,4,1,1,45,0.021739130434782608,0.021739130434782608,0.9782608695652174,46,1550,1200,350,0.7741935483870968,19,12,7,337.2027843676534,0.8025764895330113,0.23825025564026614,0.19630227949583132,131093.8545694526,-358.9574451384807,130734.89712431413,4337,0,948.8260869565217,40,6,16,35.345547616684875,0.62421875,43.978658536585364,1024.0853658536578,25.602134146341445,0
4395,4,0,0,45,0.0,0.0,1.0,45,1200,900,300,0.75,15,9,6,345.6728326848151,0.7957070707070707,0.24618306372299625,0.20092361161792144,131034.66932508699,59.02506510418584,131093.69439019117,4338,6,970.9111111111112,39,6,16,35.18849408213791,0.6252670940170939,44.03645833333334,1023.8541666666681,26.252670940170976,0
4396,4,0,0,45,0.0,0.0,1.0,45,1050,700,350,0.6666666666666666,14,7,7,345.16742836323573,0.7956228956228957,0.24673378758601983,0.2011873931888381,131141.34250217024,53.14398871528681,131194.48649088552,4339,7,971.9111111111112,39,6,16,35.09366842943828,0.62633547008547,43.93229166666667,1024.2708333333342,26.263354700854723,0
4397,4,0,0,45,0.0,0.0,1.0,45,1050,800,250,0.7619047619047619,13,8,5,343.33013576721174,0.7956649831649832,0.2533410125238562,0.20095331384970844,131301.43364800356,15.947808159731437,131317.38145616328,4340,8,972.9111111111112,39,6,18,34.97910102652709,0.6279380341880341,43.77604166666667,1024.8958333333342,26.279380341880362,0
4398,4,0,0,45,0.0,0.0,1.0,45,1100,900,200,0.8181818181818182,13,9,4,344.1157527297484,0.7956649831649832,0.26007360744202845,0.2018347579479253,131381.515842014,42.0898437500087,131423.605685764,4341,9,973.9111111111112,39,6,18,34.87815823342139,0.6287393162393162,43.69791666666667,1025.2083333333342,26.287393162393183,0
4399,4,0,0,45,0.0,0.0,1.0,45,1000,700,300,0.7,13,7,6,345.2707677475556,0.7955808080808081,0.25590228075197907,0.18992610893578193,128881.41605259638,-32.483722197775535,128848.9323303986,4342,10,974.9111111111112,42,3,17,37.38349715303622,0.5989583333333331,46.148255813953504,1015.4069767441891,24.17635658914736,8
4400,4,0,0,45,0.0,0.0,1.0,45,1150,1100,50,0.9565217391304348,12,11,1,349.83601227914767,0.7955808080808081,0.2578990322956738,0.19291588199486134,128979.82698042523,24.3576670573037,129004.18464748254,4343,11,975.9111111111112,42,3,18,37.167318515692074,0.5999503968253967,46.051356589147304,1015.7945736434139,24.18558508674795,0
4401,4,1,0,46,0.021739130434782608,0.0,1.0,46,1200,900,300,0.75,15,9,6,346.75118511216846,0.8028180354267311,0.2632037797401432,0.1928335727278462,129312.88954293627,-230.97964077976457,129081.9099021565,4344,0,955.6739130434783,37,9,19,36.906622825930725,0.6114864864864864,45.723684210526315,1017.1052631578946,27.489331436699853,0
4402,4,0,0,46,0.0,0.0,1.0,46,950,700,250,0.7368421052631579,12,7,5,347.3332805888599,0.8025563607085346,0.259690867081281,0.1932939918430024,129340.77222077936,-215.1290541320543,129125.6431666473,4345,1,956.6739130434783,37,9,19,36.86345711616542,0.6117680180180181,45.696271929824555,1017.2149122807008,27.492294926505426,0
4403,4,1,0,47,0.02127659574468085,0.0,1.0,47,800,400,400,0.5,12,4,8,338.55582729072324,0.8061208757323466,0.26015948741163797,0.18977762428865305,129625.34722222215,-622.9166666666713,129002.43055555547,4346,0,937.2978723404256,39,8,16,36.797599563557014,0.6111111111111112,45.416666666666664,1018.3333333333327,26.111111111111093,0
4404,4,1,1,47,0.020833333333333332,0.020833333333333332,0.9791666666666666,48,1250,1000,250,0.8,15,10,5,337.38684220266543,0.8125,0.2617120034542306,0.19108433117076487,130029.26911891082,-825.967099610013,129203.3020193008,4347,0,918.75,40,8,18,36.41764647269826,0.6135416666666667,45.020325203252035,1019.9186991869929,25.49796747967482,0
4405,4,1,0,48,0.020833333333333332,0.0,1.0,48,800,700,100,0.875,9,7,2,337.06841279487816,0.8124076536643026,0.26485604702131904,0.19115778122231564,130081.0994199881,-830.7540567783747,129250.34536320972,4348,0,919.7291666666666,40,8,19,36.37324002125257,0.6140625,44.96951219512195,1020.1219512195121,25.503048780487802,0
4406,4,0,0,48,0.0,0.0,1.0,48,900,700,200,0.7777777777777778,11,7,4,339.86330777404874,0.8119828605200945,0.26829374564286357,0.19312775740572874,130158.86423631781,-752.7555729063309,129406.10866341148,4349,1,920.7291666666666,40,8,20,36.223151744514155,0.61484375,44.893292682926834,1020.4268292682938,25.510670731707343,0
4407,4,0,0,48,0.0,0.0,1.0,48,1350,1000,350,0.7407407407407407,17,10,7,346.0564121081085,0.8111886820330969,0.27635369694366974,0.1977404553604246,130374.54433094795,-576.4866575543552,129798.05767339359,4350,2,921.7291666666666,37,11,20,35.846575048314385,0.6221846846846846,44.68201754385965,1021.2719298245611,27.60194404931246,0
4408,4,1,0,49,0.02040816326530612,0.0,1.0,49,1550,1200,350,0.7741935483870968,19,12,7,338.8761991786544,0.8172123015873016,0.2820770226819722,0.1956158377269377,130768.17626953135,-937.155490451375,129831.02077907998,4351,0,903.8979591836735,39,10,17,35.631704688189565,0.6225961538461537,44.29687500000001,1022.8125000000008,26.225961538461558,0
4409,4,1,0,50,0.02,0.0,1.0,50,1150,900,250,0.782608695652174,14,9,5,330.4025964795377,0.8227380952380953,0.2801349741961088,0.192213427374586,131067.83743142348,-1338.9692395399197,129728.86819188356,4352,0,886.8,40,10,18,35.54589288077279,0.6239583333333332,44.004065040650424,1023.9837398374015,25.599593495935036,0
4410,4,0,1,49,0.0,0.02,0.98,50,1000,800,200,0.8,12,8,4,330.25131818786343,0.8230612244897959,0.2813473558884805,0.19251608074120763,131145.89659139758,-1337.7789551523256,129808.11763624525,4353,1,887.8,40,10,19,35.471028871911905,0.6247395833333332,43.9278455284553,1024.288617886181,25.607215447154527,0
4411,4,1,0,50,0.02,0.0,1.0,50,1200,700,500,0.5833333333333334,17,7,10,335.44847643598337,0.8238605442176871,0.2975609756097555,0.1964769647696478,131328.1250000003,-1189.2361111110824,130138.88888888921,4354,0,888.68,40,10,20,35.15413279132791,0.6265624999999999,43.750000000000014,1025.0000000000023,25.625000000000057,0
4412,4,1,1,50,0.0196078431372549,0.0196078431372549,0.9803921568627451,51,1100,600,500,0.5454545454545454,16,6,10,331.39448687959,0.8267320261437909,0.296965391251395,0.19587461782991025,131675.35942925364,-1472.7023654513714,130202.65706380227,4355,0,872.2352941176471,39,12,15,34.908255522852606,0.6316773504273503,43.41145833333334,1026.354166666668,26.31677350427354,0
4413,4,0,0,50,0.0,0.0,1.0,50,1550,1100,450,0.7096774193548387,20,11,9,337.33751592981054,0.8213435374149659,0.30799999999999983,0.19947944443156265,131692.9613655895,-1115.0047094982929,130577.9566560912,4356,2,890.68,40,10,16,34.738036303630366,0.6302083333333333,43.39430894308944,1026.422764227644,25.6605691056911,0
4414,4,0,0,50,0.0,0.0,1.0,50,1050,800,250,0.7619047619047619,13,8,5,337.90735979639356,0.8219047619047619,0.30627932297337446,0.20022745196615632,131771.20642681274,-1094.7079078260258,130676.49851898671,4357,3,891.68,40,10,16,34.644618760104265,0.6309895833333332,43.31808943089431,1026.7276422764228,25.66819105691057,0
4415,4,0,0,50,0.0,0.0,1.0,50,1300,900,400,0.6923076923076923,17,9,8,341.1258277944805,0.8206802721088435,0.3159817983974682,0.202968863635927,131927.76626222808,-999.2063049441516,130928.55995728393,4358,4,892.68,40,10,16,34.40436739539026,0.6325520833333333,43.165650406504064,1027.337398373983,25.683434959349576,0
4416,4,0,0,50,0.0,0.0,1.0,50,1350,800,550,0.5925925925925926,19,8,11,338.840078150036,0.819625850340136,0.31426028481012613,0.2020254050856818,132006.08103642007,-1054.2098370678914,130951.87119935219,4359,5,893.68,40,10,16,34.38427116297467,0.6333333333333333,43.08943089430894,1027.6422764227639,25.691056910569095,0
4417,4,1,0,51,0.0196078431372549,0.0,1.0,51,1500,1000,500,0.6666666666666666,20,10,10,334.4041459962473,0.8261111111111112,0.31401292313627227,0.2007780306795069,132270.40939350254,-1353.64534123837,130916.76405226417,4360,0,877.1372549019608,41,10,18,34.232548140289964,0.6344004065040652,42.83234126984126,1028.6706349206331,25.08952768099105,0
4418,4,0,0,51,0.0,0.0,1.0,51,1200,1000,200,0.8333333333333334,14,10,4,334.868625940435,0.8269607843137255,0.3140430261173297,0.20173792831045728,132398.00347222228,-1332.5049406336557,131065.49853158862,4361,1,878.1372549019608,36,15,18,34.09244264507422,0.6443865740740742,42.708333333333336,1029.166666666667,28.587962962962973,0
4419,4,0,1,50,0.0,0.0196078431372549,0.9803921568627451,51,1350,1000,350,0.7407407407407407,17,10,7,334.72905208873004,0.8259477124183008,0.31807675684478887,0.2024108517814078,132539.10007165655,-1327.0625336642174,131212.03753799232,4362,2,879.1372549019608,37,14,18,33.95438451709083,0.6438626126126126,42.571271929824555,1029.714912280701,27.83013276434327,0
4420,4,0,1,49,0.0,0.02,0.98,50,1500,1300,200,0.8666666666666667,17,13,4,345.18253756494653,0.8239795918367346,0.2870105022356251,0.2055492547221107,131958.55391418276,-886.7690585717942,131071.78485561097,4363,3,897.12,38,12,15,34.269176111746575,0.6362390350877194,43.135683760683754,1027.4572649572638,27.03834907782273,2
4421,4,0,0,49,0.0,0.0,1.0,49,1300,900,400,0.6923076923076923,17,9,8,354.13267981339504,0.8180626417233561,0.29246762752923505,0.21050221729009433,131890.6779008927,-458.64015851029865,131432.0377423824,4364,10,916.3673469387755,37,12,15,34.10768929689724,0.6373873873873873,43.20175438596492,1027.1929824561414,27.761972498814632,0
4422,4,0,0,49,0.0,0.0,1.0,49,1600,1100,500,0.6875,21,11,10,357.10765979321974,0.8162556689342404,0.3005272943399677,0.21321829317844862,132059.678218298,-368.0954716835871,131691.5827466144,4365,11,917.3673469387755,37,12,15,33.86094516748454,0.6390765765765765,43.03728070175439,1027.850877192983,27.77975343764819,0
4423,4,0,0,49,0.0,0.0,1.0,49,1200,800,400,0.6666666666666666,16,8,8,353.3330356275068,0.8161848072562359,0.2995071610491842,0.21165677959434157,132183.68055555565,-459.0277777777684,131724.65277777787,4366,12,918.3673469387755,39,10,16,33.83306320907618,0.6367521367521367,42.91666666666667,1028.3333333333342,26.367521367521388,0
4424,4,0,0,49,0.0,0.0,1.0,49,1050,800,250,0.7619047619047619,13,8,5,353.60230732254456,0.8159722222222222,0.30204081632653046,0.2122688622984879,132264.0313042534,-446.22667100695,131817.80463324647,4367,13,919.3673469387755,39,10,16,33.74525316455695,0.6375534188034189,42.838541666666664,1028.645833333333,26.37553418803418,0
4425,4,0,0,49,0.0,0.0,1.0,49,1400,1100,300,0.7857142857142857,17,11,6,353.6936930345984,0.8155824829931974,0.3015651297556059,0.2127836388577129,132345.71358194525,-438.03116118051696,131907.68242076473,4368,14,920.3673469387755,40,9,16,33.660699588477364,0.63671875,42.75914634146341,1028.9634146341461,25.724085365853654,0
4426,4,0,0,49,0.0,0.0,1.0,49,1150,800,350,0.6956521739130435,15,8,7,360.3897979965023,0.8152636054421769,0.31207309606044564,0.2065472748784628,130490.55103812355,-394.5073341836752,130096.04370393988,4369,15,921.3673469387755,41,8,14,35.36295999611613,0.6166158536585367,44.56845238095238,1021.7261904761903,24.92015098722415,5
4427,4,0,0,49,0.0,0.0,1.0,49,950,600,350,0.631578947368421,13,6,7,357.5387345134345,0.8137755102040817,0.3073289892600082,0.20518142084807195,130541.23682169634,-465.29027699042115,130075.94654470592,4370,16,922.3673469387755,41,8,14,35.38440847166942,0.6171239837398375,44.51884920634921,1021.9246031746037,24.924990321331798,0
4428,4,0,0,49,0.0,0.0,1.0,49,1350,1100,250,0.8148148148148148,16,11,5,360.7598336766145,0.8138818027210885,0.31040525262205443,0.20784525465091458,130693.35322381252,-370.21752566768566,130323.13569814483,4371,17,923.3673469387755,41,8,15,35.147937485851045,0.6186483739837398,44.37003968253968,1022.51984126984,24.939508323654632,0
4429,4,1,0,50,0.02,0.0,1.0,50,1200,700,500,0.5833333333333334,17,7,10,355.683686073719,0.8180102040816326,0.307052143465506,0.20685247720093486,131055.13232565639,-677.165491106312,130377.96683455008,4372,0,905.88,42,8,17,34.911556417778634,0.6207837301587302,44.01647286821705,1023.9341085271309,24.37938353636026,0
4430,4,0,0,50,0.0,0.0,1.0,50,1500,1200,300,0.8,18,12,6,355.78462744580025,0.8186054421768707,0.31059323600073974,0.20812439125505103,131279.5972867881,-658.5474776170947,130621.04980917102,4373,1,906.88,43,7,18,34.68205199285406,0.621608527131783,43.79734848484848,1024.8106060606044,23.83280479210708,0
4431,4,1,0,51,0.0196078431372549,0.0,1.0,51,1550,1000,550,0.6451612903225806,21,10,11,350.8136799435834,0.8216339869281046,0.3108138847186208,0.20712424117217043,131633.36167800447,-964.2162947307105,130669.14538327376,4374,0,890.0784313725491,41,10,16,34.45233952049497,0.6280487804878049,43.45238095238095,1026.1904761904757,25.02903600464575,0
4432,4,0,2,49,0.0,0.0392156862745098,0.9607843137254902,51,1550,1200,350,0.7741935483870968,19,12,7,355.56311513379717,0.8212418300653596,0.3109024458174421,0.21063094897078788,131760.64819735754,-830.1546949798513,130930.49350237769,4375,1,891.0784313725491,41,10,16,34.20207669017941,0.6293191056910569,43.32837301587301,1026.686507936507,25.041134339914805,0
4433,4,0,0,49,0.0,0.0,1.0,49,1350,1100,250,0.8148148148148148,16,11,5,354.2482671707626,0.8224560657596373,0.3036971310263237,0.2099925295084416,131786.11288265296,-462.9995748299428,131323.11330782302,4376,2,918.1428571428571,41,8,16,34.21014492753622,0.6295731707317074,43.30357142857142,1026.7857142857135,25.043554006968623,0
4434,4,0,0,49,0.0,0.0,1.0,49,1550,1200,350,0.7741935483870968,19,12,7,354.42533188142954,0.82203089569161,0.3082980585049786,0.2109441802852919,131938.9526643989,-447.498582766453,131491.45408163246,4377,3,919.1428571428571,41,8,16,34.05151602935497,0.6310975609756098,43.1547619047619,1027.380952380951,25.058072009291486,0
4435,4,1,1,49,0.02,0.02,0.98,50,1050,800,250,0.7619047619047619,13,8,5,350.5391790772969,0.8287585034013605,0.30522755111655586,0.21006619466670515,132198.62768350742,-731.840315335629,131466.7873681718,4378,0,901.74,42,8,16,33.88984421621282,0.6321924603174605,42.90213178294573,1028.3914728682157,24.48551125876704,0
4436,4,0,0,49,0.0,0.0,1.0,49,1150,700,450,0.6086956521739131,16,7,9,340.25325462697305,0.8211096938775511,0.27785204696165544,0.19544190405475886,130576.95316983756,-870.0956483411874,129706.85752149638,4379,5,921.1428571428571,43,6,15,35.78988310324594,0.6145833333333333,44.483901515151516,1022.0643939393938,23.76893939393939,7
4437,4,0,0,49,0.0,0.0,1.0,49,1100,700,400,0.6363636363636364,15,7,8,340.1908081285442,0.8201884920634921,0.2780057675244012,0.19560971467391314,130617.2839506174,-913.0401234567805,129704.24382716062,4380,6,922.1428571428571,44,5,15,35.750679347826086,0.6136363636363635,44.44444444444445,1022.2222222222232,23.232323232323253,0
4438,4,0,0,49,0.0,0.0,1.0,49,1150,800,350,0.6956521739130435,15,8,7,340.83349851064935,0.8203302154195011,0.28149738707507654,0.19645955937116977,130711.95130315506,-889.7976680384018,129822.15363511666,4381,7,923.1428571428571,44,5,15,35.638506579741644,0.6145833333333333,44.351851851851855,1022.592592592593,23.240740740740748,0
4439,4,0,0,49,0.0,0.0,1.0,49,1600,1200,400,0.75,20,12,8,340.24008399015395,0.8207553854875284,0.28411444237330996,0.1964784217375448,130782.97432270243,-900.4779663923082,129882.49635631012,4382,8,924.1428571428571,44,5,16,35.58186988926103,0.6152935606060606,44.28240740740741,1022.8703703703712,23.247053872053893,0
4440,4,0,0,49,0.0,0.0,1.0,49,1350,900,450,0.6666666666666666,18,9,9,340.12453454405374,0.8211805555555556,0.2838498005434469,0.1968261650722148,130864.31421970179,-897.967207519424,129966.34701218236,4383,9,925.1428571428571,45,4,16,35.502611543909346,0.6148148148148148,44.20289855072464,1023.1884057971017,22.73752012882448,0
4441,4,0,0,49,0.0,0.0,1.0,49,900,700,200,0.7777777777777778,11,7,4,335.5140878668869,0.8221371882086168,0.2770469580401662,0.1947803505580163,130987.58806303759,-1010.3637738292856,129977.2242892083,4384,10,926.1428571428571,46,3,17,35.496052365693835,0.6148097826086956,44.08244680851064,1023.6702127659576,22.253700277520817,0
4442,4,0,0,49,0.0,0.0,1.0,49,1400,1000,400,0.7142857142857143,18,10,8,337.29554165193883,0.8216057256235828,0.273434767710097,0.19662526176823888,131146.45028544814,-952.9774030481537,130193.47288239999,4385,11,927.1428571428571,46,3,17,35.29008712711328,0.6163949275362319,43.927304964539,1024.2907801418419,22.267190872648737,0
4443,4,1,0,50,0.02,0.0,1.0,50,1150,700,450,0.6086956521739131,16,7,9,336.09750877711485,0.8247959183673469,0.28977878103837496,0.19746843022315894,131446.7860510974,-1163.8352896881495,130282.95076140926,4386,0,909.58,44,6,18,35.017870579383,0.6219223484848484,43.63425925925926,1025.462962962963,23.305976430976433,0
4444,4,1,0,51,0.0196078431372549,0.0,1.0,51,1500,1200,300,0.8,18,12,6,330.68306146831395,0.8254248366013073,0.2950083623464377,0.19617759643465607,131816.0093484169,-1482.1356956259156,130333.873652791,4387,0,892.7254901960785,45,6,17,34.784977654288305,0.6243055555555556,43.27445652173913,1026.9021739130442,22.82004830917876,0
4445,4,0,0,51,0.0,0.0,1.0,51,1250,900,350,0.72,16,9,7,331.9519563474803,0.8247385620915033,0.29632895394292036,0.19741306433858308,131909.04225904503,-1442.5070724374982,130466.53518660754,4388,1,893.7254901960785,45,6,17,34.65881536019752,0.6252314814814814,43.18387681159421,1027.2644927536246,22.828099838969436,0
4446,4,0,0,51,0.0,0.0,1.0,51,1250,800,450,0.64,17,8,9,334.3799376013295,0.824607843137255,0.2989556767366792,0.19971281746841554,132071.92882272662,-1367.5593362738628,130704.36948645276,4389,2,894.7254901960785,45,6,17,34.43264598754553,0.6268518518518518,43.02536231884059,1027.8985507246402,22.842190016103118,0
4447,4,1,1,51,0.019230769230769232,0.019230769230769232,0.9807692307692307,52,1350,900,450,0.6666666666666666,18,9,9,331.2020404260908,0.8282271241830065,0.2999764730832186,0.19928782183647697,132352.3883120193,-1632.9237871585674,130719.46452486073,4390,0,878.5,46,6,18,34.23257517015595,0.6283967391304346,42.7526595744681,1028.9893617021298,22.3693339500463,0
4448,4,0,0,51,0.0,0.0,1.0,51,1900,1500,400,0.7894736842105263,23,15,8,335.2143671890492,0.8251307189542485,0.29671361502347326,0.20169678025781815,132351.39676538575,-1326.7820573408678,131024.61470804489,4391,4,896.7254901960785,45,6,19,34.13035504694837,0.6296296296296295,42.75362318840581,1028.9855072463795,22.8663446054751,0
4449,4,0,0,51,0.0,0.0,1.0,51,1500,900,600,0.6,21,9,12,332.3538010305191,0.8247385620915033,0.295197656073924,0.20113230863700046,132568.61158638954,-1388.0471990171982,131180.56438737235,4392,5,897.7254901960785,43,8,20,33.98591954022989,0.6344476744186046,42.54261363636364,1029.829545454546,23.94952431289642,0
4450,4,0,0,51,0.0,0.0,1.0,51,1250,900,350,0.72,16,9,7,331.76160054959246,0.8241176470588236,0.2947699204658889,0.20168881213299805,132739.32955262854,-1392.4375143480302,131346.8920382805,4393,6,898.7254901960785,43,8,14,33.829948538871534,0.6361434108527132,42.37689393939394,1030.492424242424,23.964940098661025,0
4451,4,0,0,51,0.0,0.0,1.0,51,900,700,200,0.7777777777777778,11,7,4,330.5478478039438,0.8244444444444445,0.29544573848224154,0.2012942364197759,132803.3093278464,-1420.4303840877874,131382.8789437586,4394,7,899.7254901960785,44,7,15,33.79708647742245,0.6354166666666666,42.31481481481482,1030.740740740741,23.425925925925934,0
4452,4,0,0,51,0.0,0.0,1.0,51,1400,1000,400,0.7142857142857143,18,10,8,333.0269721685495,0.8232352941176472,0.293399256254226,0.20332173037658804,132898.76543209873,-1348.2253086419753,131550.54012345677,4395,8,900.7254901960785,44,7,16,33.637526939655174,0.6363636363636365,42.22222222222222,1031.1111111111109,23.43434343434343,0
4453,4,1,1,51,0.019230769230769232,0.019230769230769232,0.9807692307692307,52,1850,1500,350,0.8108108108108109,22,15,7,331.04478939574784,0.826797385620915,0.2930080669659436,0.2035755734033754,133168.19868626597,-1583.072342338797,131585.12634392717,4396,0,884.3846153846154,45,7,17,33.418805762761444,0.6377314814814814,41.96105072463768,1032.155797101449,22.93679549114331,0
4454,4,0,0,51,0.0,0.0,1.0,51,1000,700,300,0.7,13,7,6,333.32039639790264,0.8224183006535949,0.2898610399916939,0.20441327336608872,133065.89613340207,-1329.2845507544478,131736.61158264763,4397,10,902.7254901960785,44,7,17,33.46252505309761,0.6380208333333333,42.06018518518519,1031.7592592592605,23.4490740740741,0
4455,4,0,0,51,0.0,0.0,1.0,51,1000,600,400,0.6,14,6,8,330.9330031829311,0.8223202614379086,0.2872686211190607,0.2036005032827437,133185.3395061728,-1384.9151234567933,131800.424382716,4398,11,903.7254901960785,44,7,18,33.40453444564048,0.6392045454545454,41.94444444444444,1032.222222222222,23.459595959595955,0
4456,4,1,1,51,0.019230769230769232,0.019230769230769232,0.9807692307692307,52,1050,600,450,0.5714285714285714,15,6,9,326.1101241037526,0.8235922574157868,0.2910885664875713,0.20193875591419402,133426.42236934762,-1697.6585684824695,131728.76380086516,4399,0,887.3269230769231,46,6,19,33.28792689205423,0.6390398550724637,41.71099290780142,1033.1560283687943,22.45991366019118,0
4457,4,0,0,51,0.0,0.0,1.0,51,1400,1100,300,0.7857142857142857,17,11,6,329.037767617409,0.8215359477124183,0.2931384326512487,0.20375165482536042,133426.42236934762,-1419.5335684824697,132006.88880086516,4400,13,905.7254901960785,46,5,20,33.21230907842801,0.6390398550724637,41.71099290780142,1033.1560283687943,22.45991366019118,0
4458,4,0,0,51,0.0,0.0,1.0,51,1400,1000,400,0.7142857142857143,18,10,8,340.17242976537176,0.8215359477124183,0.26056097277392287,0.1972092500728029,130933.83353188644,-1255.7606004114955,129678.07293147495,4401,14,906.7254901960785,45,6,15,35.431140661415455,0.6155092592592593,44.13496376811593,1023.4601449275343,22.74355877616743,7
4459,4,0,0,51,0.0,0.0,1.0,51,1150,700,450,0.6086956521739131,16,7,9,342.4731681643539,0.8205555555555556,0.2631288579845321,0.19890193970161985,131003.37130461012,-1226.9720778198082,129776.39922679031,4402,15,907.7254901960785,45,6,15,35.30201144340233,0.6162037037037038,44.067028985507235,1023.7318840579691,22.749597423510423,0
4460,4,0,0,51,0.0,0.0,1.0,51,1050,600,450,0.5714285714285714,15,6,9,341.4610821885532,0.8207843137254903,0.25708369319778224,0.19879294517115212,131096.11705130193,-1247.1556001890644,129848.96145111286,4403,16,908.7254901960785,45,6,15,35.234241405743255,0.6171296296296298,43.976449275362306,1024.0942028985482,22.75764895330107,0
4461,4,0,0,51,0.0,0.0,1.0,51,1800,1400,400,0.7777777777777778,22,14,8,346.98419692639385,0.8188562091503269,0.256637003040989,0.20311312914764718,131305.40878382596,-1087.8196362104786,130217.58914761548,4404,17,909.7254901960785,46,5,18,34.88146209958769,0.6179800724637682,43.77216312056736,1024.911347517728,22.280681467776695,0
4462,4,0,0,51,0.0,0.0,1.0,51,1000,700,300,0.7,13,7,6,346.0620495209778,0.818921568627451,0.25393083509396197,0.20295656784545157,131377.79054744315,-1107.0186490601973,130270.77189838295,4405,18,910.7254901960785,42,9,18,34.83203371140518,0.6240079365079365,43.7015503875969,1025.193798449613,24.409376153562214,0
4463,4,1,1,51,0.019230769230769232,0.019230769230769232,0.9807692307692307,52,1550,1000,550,0.6451612903225806,21,10,11,341.7740757084972,0.8227281297134238,0.2535390860830653,0.2020568335588633,131684.2689043208,-1398.7461419753224,130285.52276234548,4406,0,894.1923076923077,44,8,13,34.632949932341,0.6242897727272728,43.40277777777777,1026.3888888888875,23.327020202020172,0
4464,4,0,0,51,0.0,0.0,1.0,51,1150,900,250,0.782608695652174,14,9,5,346.351841775301,0.8177124183006537,0.2543481487112105,0.2041553783347994,131570.8980787994,-1086.0354252754769,130484.86265352392,4407,20,912.7254901960785,43,8,13,34.62979201279922,0.6245155038759691,43.51325757575758,1025.94696969697,23.859231853417906,0
4465,4,0,1,50,0.0,0.0196078431372549,0.9803921568627451,51,1550,1200,350,0.7741935483870968,19,12,7,344.8581514597129,0.8167647058823531,0.25504130586244633,0.20340435879510022,131595.18771701393,-1123.665364583329,130471.5223524306,4408,21,913.7254901960785,43,8,13,34.643612521150594,0.6247577519379846,43.489583333333336,1026.041666666667,23.86143410852714,0
4466,4,0,0,50,0.0,0.0,1.0,50,800,600,200,0.75,10,6,4,341.44447842144905,0.8155782312925169,0.24906630581867417,0.20186197564276046,131684.2689043208,-1007.4266975308782,130676.84220678994,4409,22,913.1,44,6,13,34.641407307171846,0.6242897727272728,43.40277777777777,1026.3888888888875,23.327020202020172,0
4467,4,0,1,49,0.0,0.02,0.98,50,1250,1000,250,0.8,15,10,5,342.99573633899234,0.8157312925170068,0.2510781718722428,0.2031093874433718,131746.25620274091,-962.3191687670767,130783.93703397384,4410,23,914.1,45,5,13,34.53914475619081,0.6236111111111111,43.34239130434782,1026.6304347826078,22.81400966183573,0
4468,4,0,0,49,0.0,0.0,1.0,49,1000,700,300,0.7,13,7,6,371.1970480059538,0.8123228458049887,0.2754888757533469,0.21177834987596897,130314.46358194517,-117.49057096838669,130196.97301097678,4411,24,932.4081632653061,40,9,16,35.26570949868949,0.61640625,44.74085365853658,1021.0365853658528,25.52591463414632,4
4469,4,0,0,49,0.0,0.0,1.0,49,1000,700,300,0.7,13,7,6,371.1970480059538,0.811826814058957,0.2754888757533469,0.21177834987596897,130314.46358194517,-125.53116118052685,130188.93242076464,4412,25,933.4081632653061,40,9,16,35.26570949868949,0.61640625,44.74085365853658,1021.0365853658528,25.52591463414632,0
4470,4,1,1,49,0.02,0.02,0.98,50,1250,800,450,0.64,17,8,9,363.96336872601046,0.8176190476190476,0.2715927399786471,0.2091419179020681,130591.93244716851,-493.86406761780364,130098.0683795507,4413,0,915.72,41,9,14,35.168862629007734,0.6176321138211383,44.469246031746025,1022.1230158730145,24.929829655439377,0
4471,4,3,3,49,0.057692307692307696,0.057692307692307696,0.9423076923076923,52,1100,800,300,0.7272727272727273,14,8,6,350.73833063116064,0.8316679235796882,0.26998205267331743,0.20391506099470924,131043.55709876529,-1207.6003086419887,129835.9567901233,4414,0,881.4423076923077,44,8,15,35.049850786760715,0.6178977272727273,44.02777777777777,1023.8888888888878,23.270202020201996,0
4472,4,0,0,49,0.0,0.0,1.0,49,1600,1000,600,0.625,22,10,12,368.730144644784,0.8134920634920635,0.26915331961832933,0.21243720519026213,130693.3532238127,-161.88419233433922,130531.46903147835,4415,28,936.4081632653061,41,8,15,34.94419245819993,0.6186483739837398,44.370039682539684,1022.5198412698414,24.939508323654668,0
4473,4,2,1,50,0.0392156862745098,0.0196078431372549,0.9803921568627451,51,1050,800,250,0.7619047619047619,13,8,5,358.51593053423994,0.8273529411764706,0.27514810603793927,0.20853323060068504,131061.33355034716,-802.4848090277808,130258.84874131938,4416,0,900.6470588235294,43,8,16,34.83278229908443,0.6194282945736433,44.010416666666664,1023.9583333333328,23.81298449612402,0
4474,4,0,0,50,0.0,0.0,1.0,50,1000,800,200,0.8,12,8,4,364.23193409790116,0.8208503401360544,0.27706584659913136,0.21149938358121825,130996.1591220851,-457.40312071330123,130538.75600137179,4417,1,919.66,44,6,16,34.75243457549445,0.6174242424242424,44.074074074074076,1023.7037037037042,23.265993265993277,0
4475,4,0,0,50,0.0,0.0,1.0,50,900,600,300,0.6666666666666666,12,6,6,364.3736776877065,0.822312925170068,0.2765099457504516,0.21210383553821266,131090.9636488342,-446.7806927297513,130644.18295610446,4418,2,920.66,44,6,16,34.65284056660637,0.6183712121212122,43.98148148148149,1024.0740740740755,23.274410774410807,0
4476,4,0,0,50,0.0,0.0,1.0,50,1300,900,400,0.6923076923076923,17,9,8,366.34472448290114,0.821173469387755,0.2834845472618839,0.21404280470579623,131233.23473936887,-384.6793552812154,130848.55538408765,4419,3,921.66,44,6,16,34.45840110850052,0.6197916666666667,43.84259259259259,1024.6296296296287,23.287037037037013,0
4477,4,0,1,49,0.0,0.02,0.98,50,1050,600,450,0.5714285714285714,15,6,9,364.211608716682,0.8206122448979591,0.2789553689792319,0.2131947414707322,131304.9149748607,-435.4451369197734,130869.46983794092,4420,4,922.66,45,5,16,34.44054720871999,0.619212962962963,43.77264492753623,1024.909420289854,22.77576489533009,0
4478,4,1,0,50,0.02,0.0,1.0,50,1400,1000,400,0.7142857142857143,18,10,8,365.8973250842362,0.8234523809523809,0.2781543818920482,0.21516760789083256,131480.69905045364,-378.30457876280934,131102.39447169082,4421,0,899.12,41,9,17,34.21962662023602,0.6265243902439024,43.60119047619048,1025.595238095239,25.0145180023229,0
4479,4,0,1,49,0.0,0.02,0.98,50,1550,1300,250,0.8387096774193549,18,13,5,360.64224109813387,0.8217006802721089,0.2707668173848856,0.21298528429321387,131643.77371907988,-504.7388838670888,131139.03483521278,4422,1,900.12,43,7,14,34.18967810894774,0.6252422480620157,43.442234848484844,1026.2310606060598,23.865838618745578,0
4480,4,0,0,49,0.0,0.0,1.0,49,1300,1000,300,0.7692307692307693,16,10,6,366.45606276836924,0.8168579931972789,0.26158065454909885,0.21617845396402582,131601.40170550154,-154.7736952406621,131446.62801026087,4423,7,919.469387755102,42,7,15,34.083325463531345,0.6262400793650793,43.48352713178295,1026.0658914728688,24.43014027316354,0
4481,4,0,0,49,0.0,0.0,1.0,49,950,600,350,0.631578947368421,13,6,7,366.31339377133025,0.8168934240362812,0.2597893089820198,0.21637619372181593,131651.11889497328,-154.88636875788703,131496.23252621538,4424,8,920.469387755102,42,7,15,34.03676077172442,0.626736111111111,43.435077519379846,1026.2596899224807,24.434754521963825,0
4482,4,1,1,49,0.02,0.02,0.98,50,1400,800,600,0.5714285714285714,20,8,12,365.08110118781656,0.8192687074829932,0.2790804385884087,0.21782436455147755,132032.78456618756,-359.465123536488,131673.31944265106,4425,0,903.04,43,7,16,33.68317899812648,0.6291182170542635,43.063446969696976,1027.7462121212131,23.90107470049333,0
4483,4,1,1,49,0.02,0.02,0.98,50,1350,1100,250,0.8148148148148148,16,11,5,364.7571596699595,0.8180612244897959,0.28135421464762733,0.2179107852623781,132081.4512758982,-364.46899750344363,131716.98227839475,4426,0,903.84,43,7,16,33.642426685091344,0.6296027131782946,43.016098484848484,1027.9356060606062,23.90547921071177,0
4484,4,0,0,49,0.0,0.0,1.0,49,1450,900,550,0.6206896551724138,20,9,11,364.8380020413654,0.8106575963718821,0.2743455728386297,0.21786264984729434,132064.68728566542,-163.5566700960137,131901.13061556942,4427,2,923.2857142857143,44,5,16,33.657253100321284,0.6280776515151515,43.03240740740741,1027.8703703703713,23.360690235690257,0
4485,4,1,0,50,0.02,0.0,1.0,50,1400,800,600,0.5714285714285714,20,8,12,361.69985300668054,0.814438775510204,0.2873800292926685,0.21763868293667912,132352.38831201894,-425.63212049193123,131926.756191527,4428,0,905.8,46,4,17,33.44802705264064,0.6283967391304348,42.75265957446808,1028.9893617021273,22.369333950046247,0
4486,4,0,0,50,0.0,0.0,1.0,50,900,600,300,0.6666666666666666,12,6,6,366.2254462958834,0.8140816326530612,0.2928015794669301,0.2210884249688495,132476.45767235098,-296.70287747344844,132179.75479487755,4429,1,906.8,40,10,17,33.20664692333005,0.6380208333333335,42.632113821138205,1029.471544715446,25.736788617886152,0
4487,4,0,0,50,0.0,0.0,1.0,50,1600,1200,400,0.75,20,12,8,373.86185946828465,0.8134013605442176,0.2700139022564434,0.2194590237217781,131412.43128895407,-142.95338131945323,131269.47790763463,4430,2,907.8,37,13,19,34.08447848714932,0.6326013513513514,43.667763157894726,1025.3289473684194,27.711593172119443,4
4488,4,0,0,50,0.0,0.0,1.0,50,1350,900,450,0.6666666666666666,18,9,9,370.22532902076534,0.8114455782312925,0.26628008530516944,0.2179084766806619,131515.04041883667,-261.96017795139755,131253.08024088526,4431,3,908.8,39,11,19,34.0739353779493,0.6300747863247864,43.56770833333333,1025.7291666666656,26.300747863247835,0
4489,4,0,0,50,0.0,0.0,1.0,50,2000,1700,300,0.85,23,17,6,366.68872410095184,0.8119557823129252,0.2682027923556789,0.21668750290787098,131666.88484243842,-343.84759815585414,131323.03724428258,4432,4,909.8,40,10,16,34.01120572994026,0.6299479166666666,43.41971544715447,1026.3211382113825,25.658028455284562,0
4490,4,0,0,50,0.0,0.0,1.0,50,650,500,150,0.7692307692307693,8,5,3,366.68872410095184,0.8119557823129252,0.2682027923556789,0.21668750290787098,131666.88484243842,-343.84759815585414,131323.03724428258,4433,5,910.8,40,10,16,34.01120572994026,0.6299479166666666,43.41971544715447,1026.3211382113825,25.658028455284562,0
4491,4,0,0,50,0.0,0.0,1.0,50,1050,900,150,0.8571428571428571,12,9,3,365.77525729888663,0.8118027210884353,0.26563478260869533,0.21682553912047414,131786.1128826531,-359.18013038548486,131426.93275226763,4434,6,911.8,41,9,17,33.91425120772946,0.6295731707317073,43.30357142857143,1026.7857142857147,25.04355400696865,0
4492,4,0,0,50,0.0,0.0,1.0,50,1600,1300,300,0.8125,19,13,6,367.37874144822376,0.8113775510204081,0.266065295338743,0.21799999450550267,131825.20300012024,-314.0445661318362,131511.1584339884,4435,7,912.8,42,8,17,33.83362426872995,0.6284722222222222,43.265503875968996,1026.9379844961245,24.45090439276487,0
4493,4,0,0,50,0.0,0.0,1.0,50,1250,900,350,0.72,16,9,7,365.13489515758056,0.8121598639455782,0.26698358800226374,0.21723682146243925,131924.73127366137,-365.9354155399368,131558.79585812142,4436,8,913.8,42,8,17,33.79079418977551,0.6294642857142857,43.16860465116279,1027.3255813953483,24.460132890365436,0
4494,4,0,0,50,0.0,0.0,1.0,50,1700,1300,400,0.7647058823529411,21,13,8,361.4710981254724,0.8120578231292517,0.2659659143251958,0.21594764832977448,132081.4512758982,-451.2745530589997,131630.1767228392,4437,9,914.8,43,7,17,33.72687317672347,0.6296027131782946,43.016098484848484,1027.9356060606062,23.90547921071177,0
4495,4,1,2,49,0.0196078431372549,0.0392156862745098,0.9607843137254902,51,1350,900,450,0.6666666666666666,18,9,9,353.76129872213164,0.81781045751634,0.26234976438820334,0.21244800155691235,132278.9137517146,-840.96793552813,131437.94581618646,4438,0,897.843137254902,44,7,17,33.72618511851186,0.6302083333333335,42.82407407407407,1028.703703703703,23.379629629629616,0
4496,4,0,0,49,0.0,0.0,1.0,49,1050,700,350,0.6666666666666666,14,7,7,360.6274039119596,0.8142715419501134,0.2620412777886738,0.21625419576957838,132223.54144131948,-263.31350279431877,131960.22793852517,4439,11,927.6530612244898,42,7,17,33.60537968720557,0.6324404761904763,42.87790697674418,1028.488372093022,24.48781838316719,0
4497,4,1,0,50,0.02,0.0,1.0,50,1150,800,350,0.6956521739130435,15,8,7,353.9402393844554,0.8199829931972789,0.2720089014768363,0.21414034311840413,132558.8595920138,-615.9570171658197,131942.90257484798,4440,0,910.08,39,11,18,33.43996560793041,0.6404914529914532,42.55208333333333,1029.7916666666658,26.40491452991451,0
4498,4,0,0,50,0.0,0.0,1.0,50,1300,900,400,0.6923076923076923,17,9,8,349.097818033801,0.8202721088435374,0.259538370487276,0.2119253700135731,132685.7824790137,-735.9365704937668,131949.84590851993,4441,1,911.08,40,10,17,33.43710955481028,0.6401041666666667,42.42886178861788,1030.2845528455275,25.757113821138187,0
4499,4,0,0,50,0.0,0.0,1.0,50,1100,700,400,0.6363636363636364,15,7,8,348.43644541193026,0.8198639455782313,0.25973172896735397,0.21167148711992573,132711.95969867468,-751.6632997884942,131960.2963988862,4442,2,912.08,40,10,17,33.42785284544828,0.6403645833333333,42.40345528455284,1030.386178861788,25.7596544715447,0
4500,4,2,2,50,0.038461538461538464,0.038461538461538464,0.9615384615384616,52,1400,1000,400,0.7142857142857143,18,10,8,338.57958350298554,0.8259646807440925,0.2695249611955386,0.2086504026734706,133247.02659282775,-1377.0554466378421,131869.9711461899,4443,0,877.9615384615385,42,10,18,33.14543250430159,0.6426091269841271,41.88468992248061,1032.461240310076,24.582410483573238,0
4501,4,1,0,51,0.0196078431372549,0.0,1.0,51,1350,1000,350,0.7407407407407407,17,10,7,341.12357758968733,0.8255882352941177,0.2765112424555154,0.21078470803063598,133347.0900655757,-1102.432715131334,132244.65735044435,4444,0,892.0588235294117,42,9,19,32.979563436219756,0.6436011904761907,41.7877906976744,1032.8488372093,24.59163898117381,0
4502,4,0,1,50,0.0,0.0196078431372549,0.9803921568627451,51,1400,1100,300,0.7857142857142857,17,11,6,328.7606920340843,0.8252614379084968,0.2529306761605319,0.20047717615904692,132854.01611328125,-1464.3296081238555,131389.68650515738,4445,1,893.0588235294117,39,12,16,33.79233185140278,0.6434294871794872,42.265625,1030.9375,26.434294871794872,1
4503,4,0,0,50,0.0,0.0,1.0,50,1200,1100,100,0.9166666666666666,13,11,2,327.4909707947421,0.8233843537414965,0.24976368410422212,0.20042123564953854,132988.2866753471,-1289.5073784722276,131698.77929687488,4446,2,906.34,39,11,16,33.69058439372518,0.6447649572649572,42.135416666666664,1031.4583333333326,26.447649572649553,0
4504,4,0,0,50,0.0,0.0,1.0,50,1750,1300,450,0.7428571428571429,22,13,9,327.585499233926,0.822891156462585,0.2504264749335168,0.20096529146356829,133078.7118799162,-1281.0687462819624,131797.64313363424,4447,3,907.34,40,10,16,33.59762303424275,0.6440104166666667,42.04776422764228,1031.808943089432,25.7952235772358,0
4505,4,0,0,50,0.0,0.0,1.0,50,950,500,450,0.5263157894736842,14,5,9,326.0768174151587,0.8220238095238095,0.2542808862185506,0.20054100803153976,133172.00363559875,-1315.1393771408057,131856.86425845794,4448,4,908.34,42,8,16,33.543192201777444,0.6418650793650793,41.95736434108527,1032.1705426356584,24.57548911037282,0
4506,4,0,0,50,0.0,0.0,1.0,50,1750,1400,350,0.8,21,14,7,323.5472660342763,0.8197278911564626,0.24795008912655958,0.1999240758643099,133347.09006557585,-1371.1827151313187,131975.90735044453,4449,5,909.34,42,8,17,33.43340526003065,0.6436011904761905,41.78779069767441,1032.848837209301,24.591638981173837,0
4507,4,0,0,50,0.0,0.0,1.0,50,1050,500,550,0.47619047619047616,16,5,11,325.2659818226115,0.8197959183673469,0.24731826282712666,0.20125714638484396,133397.1358861396,-1322.0899247341006,132075.04596140547,4450,6,910.34,42,8,18,33.339000406465935,0.6440972222222223,41.73934108527131,1033.0426356589142,24.596253229974145,0
4508,4,0,0,50,0.0,0.0,1.0,50,1500,1100,400,0.7333333333333333,19,11,8,327.7835587929243,0.8194557823129252,0.2533870967741938,0.2032258064516129,133472.22222222213,-1249.9366211465713,132222.28560107556,4451,7,911.34,39,11,18,33.1989247311828,0.6495726495726496,41.666666666666664,1033.3333333333328,26.495726495726483,0
4509,4,0,0,50,0.0,0.0,1.0,50,1350,900,450,0.6666666666666666,18,9,9,328.1303201239654,0.8195578231292516,0.2646196186357386,0.2043083156022781,133629.78902273776,-1230.4029099742188,132399.38611276355,4452,8,912.34,40,10,19,33.032525719153405,0.6494791666666667,41.514227642276424,1033.9430894308941,25.848577235772353,0
4510,4,0,0,50,0.0,0.0,1.0,50,1200,800,400,0.6666666666666666,16,8,8,328.15961460678886,0.8197448979591837,0.2645562653562652,0.2044717745636301,133656.05919302342,-1227.8958250710489,132428.16336795237,4453,9,913.34,40,10,20,33.00552825552825,0.6497395833333333,41.488821138211385,1034.044715447155,25.851117886178876,0
4511,4,0,0,50,0.0,0.0,1.0,50,1550,1100,450,0.7096774193548387,20,11,9,338.79002290296927,0.82,0.2901284776781585,0.1978072993948854,131206.8225310635,-1109.6875179350332,130097.13501312846,4454,10,914.34,43,7,17,35.190887173799176,0.6208817829457365,43.86837121212121,1024.5265151515152,23.826198026779423,4
4512,4,1,0,51,0.0196078431372549,0.0,1.0,51,1350,900,450,0.6666666666666666,18,9,9,335.7877201748084,0.8262745098039217,0.29041040345237046,0.1976767709203007,131522.3255280077,-1367.2275847967962,130155.0979432109,4455,0,897.3921568627451,43,8,18,34.94968611521419,0.6240310077519379,43.56060606060608,1025.7575757575785,23.8548273431995,0
4513,4,1,2,50,0.019230769230769232,0.038461538461538464,0.9615384615384616,52,1050,700,350,0.6666666666666666,14,7,7,331.548891960531,0.8291069632981397,0.2908551942330233,0.1962564103132094,131731.7911951305,-1664.894118655679,130066.89707647482,4456,0,881.1153846153846,44,8,17,34.84749406211479,0.6247632575757576,43.35648148148149,1026.5740740740755,23.331228956228987,0
4514,4,0,1,49,0.0,0.02,0.98,50,750,300,450,0.4,12,3,9,343.0722881241182,0.8191326530612245,0.28530990173847304,0.20172650541698164,131477.14981070862,-978.7666756805385,130498.38313502808,4457,13,917.34,42,8,18,34.8084372637944,0.625,43.6046511627907,1025.5813953488382,24.418604651162816,0
4515,4,1,1,49,0.02,0.02,0.98,50,1200,700,500,0.5833333333333334,17,7,10,339.7418716242104,0.8226190476190476,0.28139201057701335,0.20041931357263318,131601.40170550157,-1057.8986952406613,130543.50301026092,4458,0,916.62,42,8,17,34.768588472314036,0.6262400793650793,43.48352713178295,1026.065891472869,24.43014027316355,0
4516,4,1,0,50,0.02,0.0,1.0,50,1250,1000,250,0.8,15,10,5,347.8692928989779,0.8190816326530612,0.3050018875047191,0.2061534131743607,131775.4529475392,-831.873272339404,130943.57967519978,4459,0,917.6,42,8,18,34.38463413866868,0.6279761904761905,43.31395348837209,1026.7441860465115,24.446290143964557,0
4517,4,0,0,50,0.0,0.0,1.0,50,700,300,400,0.42857142857142855,11,3,8,347.8692928989779,0.8190816326530612,0.3050018875047191,0.2061534131743607,131775.4529475392,-831.873272339404,130943.57967519978,4460,1,918.6,42,8,18,34.38463413866868,0.6279761904761905,43.31395348837209,1026.7441860465115,24.446290143964557,0
4518,4,1,1,50,0.0196078431372549,0.0196078431372549,0.9803921568627451,51,1650,1500,150,0.9090909090909091,18,15,3,341.42612270410086,0.822091503267974,0.3007451161026362,0.20397251304089253,132081.45127589835,-1180.7884419478742,130900.66283395047,4461,0,901.5686274509804,43,8,18,34.241996775679404,0.6296027131782944,43.01609848484849,1027.9356060606074,23.9054792107118,0
4519,4,0,1,49,0.0,0.02,0.98,50,1450,1200,250,0.8275862068965517,17,12,5,350.9131984989776,0.8181632653061224,0.3064689629766071,0.21004495641135054,132154.46815455693,-725.0505767906343,131429.4175777663,4462,3,920.6,43,7,19,33.92467919199361,0.6303294573643411,42.94507575757576,1028.219696969697,23.912085976039464,0
4520,4,0,0,49,0.0,0.0,1.0,49,900,600,300,0.6666666666666666,12,6,6,351.1302658267108,0.8183460884353742,0.2974131370622086,0.21058121574510832,132227.505210127,-514.1841891930488,131713.32102093397,4463,4,896.9591836734694,43,6,19,33.84558281926159,0.6310562015503876,42.87405303030304,1028.5037878787894,23.918692741367195,0
4521,4,0,0,49,0.0,0.0,1.0,49,1150,800,350,0.6956521739130435,15,8,7,351.6064731770056,0.8182752267573696,0.30059210724053953,0.21127504007715678,132300.5624426081,-496.45316804405957,131804.10927456402,4464,5,897.9591836734694,43,6,19,33.759818360333824,0.631782945736434,42.80303030303031,1028.7878787878803,23.92529950669489,0
4522,4,0,0,49,0.0,0.0,1.0,49,850,600,250,0.7058823529411765,11,6,5,351.3420788941048,0.8167871315192744,0.3015725247444947,0.21180908184758884,132424.15229030335,-494.6569975142214,131929.49529278913,4465,6,898.9591836734694,40,9,19,33.642295286993146,0.6375000000000001,42.68292682926829,1029.2682926829266,25.731707317073166,0
4523,4,0,0,49,0.0,0.0,1.0,49,1400,900,500,0.6428571428571429,19,9,10,353.8329552977406,0.8173540249433107,0.30601568433117965,0.21375561539185498,132502.61423631757,-423.2416840174609,132079.3725523001,4466,7,899.9591836734694,40,9,19,33.49928437469154,0.6382812500000001,42.606707317073166,1029.5731707317066,25.739329268292664,0
4524,4,0,0,49,0.0,0.0,1.0,49,800,600,200,0.75,10,6,4,354.57780901165404,0.8172477324263039,0.30385666553209667,0.21450369783373663,132554.93511013602,-399.7923069932101,132155.1428031428,4467,8,900.9591836734694,40,9,20,33.42749761505312,0.6388020833333334,42.55589430894308,1029.7764227642265,25.74441056910566,0
4525,4,0,0,49,0.0,0.0,1.0,49,1700,1500,200,0.8823529411764706,19,15,4,349.59259355984483,0.8166808390022676,0.29541523851451257,0.21204261048629802,132653.37616528064,-525.0724363819857,132128.30372889867,4468,9,901.9591836734694,41,8,16,33.45692090395479,0.6382113821138212,42.46031746031745,1030.158730158728,25.125822686798244,0
4526,4,0,0,49,0.0,0.0,1.0,49,1100,500,600,0.45454545454545453,17,5,12,351.0774226510211,0.8163973922902494,0.2901931202743877,0.21366979167671074,132781.15477961994,-476.70688066896173,132304.44789895098,4469,10,902.9591836734694,41,8,16,33.29031908749637,0.6394817073170733,42.33630952380951,1030.65476190476,25.13792102206732,0
4527,4,0,0,49,0.0,0.0,1.0,49,1000,500,500,0.5,15,5,10,347.4339353127234,0.8154407596371882,0.2843949701092561,0.212320738246664,132934.57031249974,-562.8038194444741,132371.76649305527,4470,11,903.9591836734694,41,8,18,33.230218855218844,0.6410060975609757,42.187499999999986,1031.249999999998,25.152439024390194,0
4528,4,0,0,49,0.0,0.0,1.0,49,1000,800,200,0.8,12,8,4,348.0509640476458,0.8156179138321996,0.2877715918995536,0.2128434013081953,132960.14817964195,-544.6184492315779,132415.52973041037,4471,12,904.9591836734694,41,8,18,33.188646274208004,0.6412601626016261,42.1626984126984,1031.349206349204,25.154858691444,0
4529,4,0,0,49,0.0,0.0,1.0,49,1900,1500,400,0.7894736842105263,23,15,8,345.15340566878615,0.814484126984127,0.2885700486054681,0.21170469260145347,133072.00588906903,-613.9487936422202,132458.0570954268,4472,13,905.9591836734694,42,7,18,33.15117862509392,0.640873015873016,42.05426356589147,1031.782945736433,24.566260612772215,0
4530,4,0,0,49,0.0,0.0,1.0,49,1150,600,550,0.5217391304347826,17,6,11,357.693294647903,0.8141652494331066,0.2891927932257734,0.21360577670587472,132066.3868122482,-343.37569498821074,131723.01111726,4473,14,906.9591836734694,41,8,16,33.83913634462567,0.6323678861788617,43.030753968253975,1027.8769841269855,25.070170344560623,3
4531,4,0,0,49,0.0,0.0,1.0,49,1050,800,250,0.7619047619047619,13,8,5,355.62713490170273,0.814094387755102,0.2878289376532084,0.2129448442089052,132168.37841907603,-399.46765164398823,131768.91076743204,4474,15,907.9591836734694,41,8,16,33.78949589966232,0.6333841463414633,42.93154761904762,1028.2738095238099,25.07984901277585,0
4532,4,0,0,49,0.0,0.0,1.0,49,1050,700,350,0.6666666666666666,14,7,7,361.31135671780527,0.8137755102040817,0.2947325328048087,0.2169332633356644,132270.40939350284,-241.83978568278724,132028.56960782004,4475,16,908.9591836734694,41,8,17,33.54058170186775,0.634400406504065,42.83234126984127,1028.6706349206354,25.089527680991107,0
4533,4,0,0,49,0.0,0.0,1.0,49,1250,800,450,0.64,17,8,9,363.28887885212913,0.813031462585034,0.35140436542715214,0.2041934043203347,129731.44531250001,-343.5804240677748,129387.86488843225,4476,17,909.9591836734694,39,10,17,36.05998636673481,0.6121794871794872,45.3125,1018.7500000000001,26.121794871794876,6
4534,4,0,0,49,0.0,0.0,1.0,49,1050,600,450,0.5714285714285714,15,6,9,364.5864727951342,0.8129251700680272,0.35135501609414077,0.2053396351960162,129811.04736328137,-334.52962239581893,129476.51774088555,4477,18,910.9591836734694,39,10,17,35.94596493918023,0.6129807692307692,45.23437500000001,1019.0625000000009,26.129807692307715,0
4535,4,1,1,49,0.02,0.02,0.98,50,1200,900,300,0.75,15,9,6,358.0889531515645,0.8210374149659864,0.3454273759713089,0.20307892156697216,130081.09941998823,-683.8790567783595,129397.22036320987,4478,0,893.72,40,10,19,35.8371521551438,0.6140625,44.96951219512196,1020.1219512195131,25.503048780487827,0
4536,4,1,1,49,0.02,0.02,0.98,50,1400,800,600,0.5714285714285714,20,8,12,358.0889531515645,0.8213945578231292,0.3454273759713089,0.20307892156697216,130081.09941998823,-683.8790567783595,129397.22036320987,4479,0,894.7,40,10,19,35.8371521551438,0.6140625,44.96951219512196,1020.1219512195131,25.503048780487827,0
4537,4,1,0,50,0.02,0.0,1.0,50,1600,1100,500,0.6875,21,11,10,360.1936686009153,0.8195238095238095,0.3544853727281567,0.20509311877337094,130237.26974875582,-617.8720041257417,129619.39774463007,4480,0,895.68,41,9,20,35.62491900735412,0.6140752032520326,44.816468253968246,1020.7341269841256,24.89595431668599,0
4538,4,1,1,50,0.0196078431372549,0.0196078431372549,0.9803921568627451,51,1450,1100,350,0.7586206896551724,18,11,7,351.323472526663,0.8241176470588236,0.3387949171084743,0.20162159876530164,130542.57079101262,-1027.4538410540931,129515.11694995852,4481,0,879.0980392156863,37,14,15,35.541845493562235,0.6238738738738738,44.51754385964912,1021.9298245614035,27.61972498814604,0
4539,4,3,3,50,0.05660377358490566,0.05660377358490566,0.9433962264150944,53,1000,900,100,0.9,11,9,2,336.0671263321485,0.8348451862602806,0.33475832970205577,0.19534025929737972,131034.66932508699,-1792.7110460069248,129241.95827908006,4482,0,846.8679245283018,39,14,17,35.434365143961756,0.6252670940170939,44.03645833333334,1023.8541666666681,26.252670940170976,0
4540,4,1,2,49,0.0196078431372549,0.0392156862745098,0.9607843137254902,51,1400,1100,300,0.7857142857142857,17,11,6,347.92945619644274,0.8289869281045752,0.33650949674909136,0.2010515717007206,130808.47447083434,-1097.5757222952643,129710.89874853907,4483,0,881.0196078431372,38,13,18,35.35944299390775,0.6247258771929824,44.25747863247864,1022.9700854700861,26.92026540710753,0
4541,4,0,0,49,0.0,0.0,1.0,49,1200,800,400,0.6666666666666666,16,8,8,353.2653723958564,0.8206490929705216,0.32875393348418047,0.2036188419631494,130710.70545744844,-564.886792089874,130145.81866535856,4484,2,879.3265306122449,37,12,18,35.3219493888055,0.6255630630630631,44.353070175438596,1022.5877192982456,27.63750592697961,0
4542,4,0,0,49,0.0,0.0,1.0,49,1050,800,250,0.7619047619047619,13,8,5,353.2837511044004,0.8208616780045351,0.3307701899497064,0.2040733197556008,130794.81336805562,-558.463541666662,130236.34982638896,4485,3,880.3265306122449,37,12,18,35.236337406653085,0.6264076576576576,44.270833333333336,1022.9166666666672,27.646396396396412,0
4543,4,1,1,49,0.02,0.02,0.98,50,1700,1100,600,0.6470588235294118,23,11,12,343.4893701573749,0.8271768707482993,0.327304170905391,0.19979292950573962,131061.33355034745,-996.3650173610874,130064.96853298637,4486,0,863.7,39,11,19,35.21744659206511,0.6255341880341879,44.01041666666668,1023.9583333333352,26.255341880341927,0
4544,4,0,0,49,0.0,0.0,1.0,49,1300,1100,200,0.8461538461538461,15,11,4,350.6413014879182,0.8194090136054422,0.3333617097261119,0.203811552473374,131034.66932508703,-610.7666015624798,130423.90272352454,4487,5,882.3265306122449,39,10,19,35.06131939498761,0.6252670940170939,44.03645833333334,1023.8541666666684,26.252670940170987,0
4545,4,0,0,49,0.0,0.0,1.0,49,1250,800,450,0.64,17,8,9,351.43730291869196,0.8193027210884354,0.3366205078165545,0.2044158986799256,131061.33355034732,-588.0316840277665,130473.30186631955,4488,6,883.3265306122449,39,10,19,35.01398779247204,0.625534188034188,44.01041666666667,1023.9583333333342,26.255341880341902,0
4546,4,1,1,49,0.02,0.02,0.98,50,1100,600,500,0.5454545454545454,16,6,10,345.6937008394475,0.824421768707483,0.33365853658536593,0.2024777390631049,131328.125,-919.0538194444449,130409.07118055556,4489,0,866.64,36,14,19,34.891598915989164,0.6336805555555556,43.75,1025.0,28.47222222222222,0
4547,4,1,1,49,0.02,0.02,0.98,50,1100,900,200,0.8181818181818182,13,9,4,329.8657623961842,0.8219047619047619,0.29131177286796883,0.1962230049453872,131918.8371061287,-1296.8984447137716,130621.93866141491,4490,0,867.62,37,13,17,34.702542960828254,0.637668918918919,43.17434210526315,1027.3026315789464,27.764935988620174,2
4548,4,0,0,49,0.0,0.0,1.0,49,1300,1000,300,0.7692307692307693,16,10,6,334.0587103215265,0.8183106575963719,0.2990989734920446,0.19856992374949586,131890.67790089233,-988.1540473992304,130902.5238534931,4491,9,886.3265306122449,37,12,19,34.62318531169939,0.6373873873873874,43.2017543859649,1027.1929824561382,27.761972498814547,0
4549,4,0,0,49,0.0,0.0,1.0,49,1550,1200,350,0.7741935483870968,19,12,7,338.3352458624439,0.8179209183673469,0.3009469230986961,0.20185972370901867,132031.5039843989,-865.8177275700441,131165.68625682886,4492,10,887.3265306122449,37,12,20,34.37166595540381,0.638795045045045,43.06469298245613,1027.7412280701742,27.776789947842545,0
4550,4,0,0,49,0.0,0.0,1.0,49,1350,800,550,0.5925925925925926,19,8,11,337.46669632801684,0.8180626417233561,0.29765969992237173,0.20168351255081832,132095.8034279347,-884.4131236759652,131211.39030425873,4493,11,888.3265306122449,38,11,21,34.329314764775155,0.6376096491228072,43.00213675213674,1027.9914529914518,27.05240665766978,0
4551,4,0,0,49,0.0,0.0,1.0,49,1500,1400,100,0.9333333333333333,16,14,2,336.62337298897444,0.8169642857142857,0.2958165809964888,0.20147160084862464,132150.7232084152,-902.995562130204,131247.727646285,4494,12,889.3265306122449,38,11,21,34.29577098919368,0.6381578947368423,42.948717948717935,1028.205128205126,27.058029689608578,0
4552,4,0,0,49,0.0,0.0,1.0,49,900,500,400,0.5555555555555556,13,5,8,338.08485619237996,0.8150864512471655,0.29867528189212766,0.20278772028436357,132233.12428090037,-858.7966387245644,131374.3276421758,4495,13,890.3265306122449,38,11,23,34.17536615768151,0.6389802631578949,42.86858974358972,1028.5256410256382,27.066464237516794,0
4553,4,0,0,49,0.0,0.0,1.0,49,1400,900,500,0.6428571428571429,19,9,10,337.72584346602963,0.8153344671201814,0.2975980430641578,0.20317027294503284,132344.40646701376,-860.7747395833533,131483.63172743042,4496,14,891.3265306122449,39,10,23,34.07277114125665,0.6383547008547009,42.76041666666666,1028.9583333333321,26.383547008546977,0
4554,4,0,0,49,0.0,0.0,1.0,49,1600,1200,400,0.75,20,12,8,336.56552960831164,0.8152281746031746,0.29703107317519595,0.20338523709245154,132513.92598257033,-880.0435121565974,131633.88247041372,4497,15,892.3265306122449,36,13,24,33.93237996281307,0.6455439814814816,42.59572072072071,1029.6171171171163,28.600475475475452,0
4555,4,1,1,49,0.02,0.02,0.98,50,1550,1100,450,0.7096774193548387,20,11,9,323.966985229472,0.8185714285714285,0.27992928578644327,0.19783770430515368,132907.71620008667,-1388.4575737847415,131519.25862630192,4498,0,875.46,39,11,13,33.86211149274337,0.6439636752136754,42.21354166666666,1031.1458333333321,26.43963675213672,0
4556,4,0,0,49,0.0,0.0,1.0,49,1150,600,550,0.5217391304347826,17,6,11,328.12267951288356,0.8130668934240363,0.2806757031170677,0.19985654115784685,132810.65088757372,-1084.3626725838592,131726.28821498985,4499,17,894.3265306122449,38,11,13,33.85222325870646,0.6447368421052633,42.30769230769229,1030.7692307692287,27.12550607287444,0
4557,4,1,1,49,0.02,0.02,0.98,50,2500,1800,700,0.72,32,18,14,323.6069347138699,0.8158503401360544,0.27327165354330796,0.19950524615855045,133262.2777447283,-1375.0805572080467,131887.19718752024,4500,0,877.42,40,10,15,33.516650262467216,0.6458333333333335,41.869918699186975,1032.520325203249,25.813008130081226,0
4558,4,2,1,50,0.0392156862745098,0.0196078431372549,0.9803921568627451,51,1400,800,600,0.5714285714285714,20,8,12,317.12031187122903,0.8201633986928105,0.2645517699219957,0.19718684053947838,133579.88281249988,-1727.4906894457808,131852.3921230541,4501,0,861.1764705882352,39,12,17,33.366921940077916,0.6506410256410258,41.56249999999999,1033.749999999999,26.506410256410234,0
4559,4,0,0,50,0.0,0.0,1.0,50,1200,900,300,0.75,15,9,6,323.82205271208795,0.815017006802721,0.26260078561091604,0.2010689690588405,133527.42735955864,-1352.1748758127085,132175.25248374592,4502,1,879.4,38,12,17,33.246115016194615,0.6518640350877194,41.61324786324786,1033.5470085470076,27.19860548807915,0
4560,4,0,0,50,0.0,0.0,1.0,50,1550,1200,350,0.7741935483870968,19,12,7,322.2492842908913,0.8135544217687075,0.26093473005640644,0.20096048331909333,133687.58680555545,-1383.8541666666763,132303.73263888876,4503,2,880.4,39,11,19,33.126846629062584,0.6517094017094018,41.45833333333333,1034.1666666666658,26.517094017093996,0
4561,4,0,0,50,0.0,0.0,1.0,50,1350,1200,150,0.8888888888888888,15,12,3,319.12697036586627,0.8127891156462584,0.25721304873137374,0.19959502957643446,133795.3342013887,-1460.4600694444648,132334.87413194423,4504,3,881.4,39,11,14,33.100080547724524,0.6527777777777779,41.35416666666666,1034.5833333333317,26.527777777777736,0
4562,4,0,0,50,0.0,0.0,1.0,50,1450,1000,450,0.6896551724137931,19,10,9,321.80739983521465,0.8118027210884353,0.2568797181680924,0.2017133449440289,133876.1732313369,-1383.5313585069337,132492.64187282996,4505,4,882.4,39,11,14,32.95011323603423,0.6535790598290598,41.27604166666667,1034.8958333333342,26.53579059829062,0
4563,4,0,1,49,0.0,0.02,0.98,50,1250,1100,150,0.88,14,11,3,320.32633942262856,0.8115476190476191,0.17590827660336794,0.1991159940598121,133567.91838134432,-1442.9355281207088,132124.98285322363,4506,5,883.4,44,6,16,33.29601098769856,0.6429924242424242,41.574074074074076,1033.703703703704,23.493265993265997,5
4564,4,0,0,49,0.0,0.0,1.0,49,950,600,350,0.631578947368421,13,6,7,323.6589164342786,0.8072916666666667,0.18093218595849536,0.20093364129486435,133521.153473657,-1156.9376291322346,132364.21584452476,4507,25,902.3265306122449,43,6,16,33.2565970313359,0.6438953488372092,41.61931818181818,1033.522727272727,24.03541226215644,0
4565,4,0,0,49,0.0,0.0,1.0,49,1150,1000,150,0.8695652173913043,13,10,3,327.6713709998772,0.806937358276644,0.1821967841908696,0.2039632855516911,133619.042879075,-1043.373005624413,132575.66987345056,4508,26,903.3265306122449,43,6,16,33.05512303840751,0.6448643410852712,41.52462121212122,1033.9015151515164,24.044221282593405,0
4566,4,0,1,48,0.0,0.02040816326530612,0.9795918367346939,49,850,600,250,0.7058823529411765,11,6,5,330.72392954102673,0.8067602040816326,0.17617197936576434,0.20654645410958464,133741.455078125,-953.700086805557,132787.75499131944,4509,27,904.3265306122449,43,6,13,32.853935884525015,0.6460755813953488,41.40625,1034.375,24.055232558139537,0
4567,4,0,0,48,0.0,0.0,1.0,48,800,500,300,0.625,11,5,6,337.49891550940663,0.8044658687943262,0.18811682126237583,0.21052752339169453,133697.6079881767,-575.4404595577239,133122.16752861897,4510,28,922.7916666666666,42,6,19,32.72256316562042,0.6470734126984128,41.44864341085271,1034.2054263565883,24.62393872277591,0
4568,4,0,1,47,0.0,0.020833333333333332,0.9791666666666666,48,1800,1400,400,0.7777777777777778,22,14,8,335.86151661339915,0.8026004728132388,0.17917212756662337,0.21079158169590692,133923.1838906919,-604.0712697553997,133319.1126209365,4511,29,923.7916666666666,42,6,13,32.53955251825501,0.6493055555555554,41.23062015503877,1035.0775193798468,24.644702842377303,0
4569,4,0,0,47,0.0,0.0,1.0,47,1250,700,550,0.56,18,7,11,341.1602908746042,0.793709528214616,0.19211334467106322,0.2141796916357176,133933.93034297077,-261.41227324260154,133672.51806972816,4512,53,943.8297872340426,41,6,14,32.39170021084916,0.6509146341463412,41.22023809523811,1035.1190476190498,25.24680603948902,0
4570,4,0,0,47,0.0,0.0,1.0,47,1050,700,350,0.6666666666666666,14,7,7,341.72843904473075,0.7926688251618871,0.1984674001455542,0.21498611924712852,134010.9592013892,-240.9288194444109,133770.0303819448,4513,54,944.8297872340426,41,6,14,32.30005030181087,0.6516768292682925,41.14583333333335,1035.4166666666692,25.25406504065047,0
4571,4,0,0,47,0.0,0.0,1.0,47,1100,700,400,0.6363636363636364,15,7,8,340.66443105518067,0.7925146469318531,0.1945975912749447,0.21461653565389488,134062.32407604274,-265.9469285399055,133796.37714750285,4514,55,945.8297872340426,41,6,15,32.276299613628375,0.6521849593495934,41.09623015873017,1035.6150793650818,25.258904374758092,0
4572,4,0,0,47,0.0,0.0,1.0,47,1200,900,300,0.75,15,9,6,342.7317397683927,0.7915895775516496,0.19238997990928608,0.21637272228909074,134139.38984158495,-205.23470962457188,133934.15513196038,4515,56,946.8297872340426,41,6,15,32.14582136244654,0.6529471544715446,41.021825396825406,1035.9126984127,25.26616337591951,0
4573,4,1,1,47,0.020833333333333332,0.020833333333333332,0.9791666666666666,48,1050,700,350,0.6666666666666666,14,7,7,335.03519218825653,0.795028073286052,0.18583753815486137,0.21317161871573917,134425.14440989174,-592.5691815395248,133832.57522835222,4516,0,928.0833333333334,42,6,15,32.06020681492557,0.6542658730158728,40.746124031007774,1037.0155038759729,24.690845330380306,0
4574,4,0,0,47,0.0,0.0,1.0,47,1550,1100,450,0.7096774193548387,20,11,9,332.3802601047807,0.7935938945420906,0.163841335451834,0.20917641104120716,134023.5008788538,-485.23845472022873,133538.26242413357,4517,58,948.8297872340426,42,5,18,32.52951681327596,0.6502976190476188,41.13372093023258,1035.4651162790728,24.653931339977923,6
4575,4,0,0,47,0.0,0.0,1.0,47,950,500,450,0.5263157894736842,14,5,9,332.0520845472226,0.7936324390995991,0.16455519811441,0.20925546460145766,134073.6734571243,-496.1114491316289,133577.56200799267,4518,59,949.8297872340426,42,5,18,32.48795377994013,0.6507936507936506,41.08527131782947,1035.6589147286847,24.658545588778207,0
4576,4,0,0,47,0.0,0.0,1.0,47,1500,1100,400,0.7333333333333333,19,11,8,332.98773759342475,0.7931699044094973,0.1662958024003347,0.2101321673479171,134123.85542485456,-467.6801649540022,133656.17525990054,4519,60,950.8297872340426,42,5,18,32.41366541939509,0.6512896825396823,41.03682170542637,1035.8527131782967,24.66315983757849,0
4577,4,0,0,47,0.0,0.0,1.0,47,1200,800,400,0.6666666666666666,16,8,8,331.62750812499297,0.7934782608695652,0.16273053625299516,0.20956036151728333,134174.04678204466,-500.8390421248368,133673.20773991983,4520,61,951.8297872340426,42,5,18,32.39883401920441,0.6517857142857141,40.98837209302327,1036.0465116279095,24.667774086378795,0
4578,4,0,0,47,0.0,0.0,1.0,47,1150,800,350,0.6956521739130435,15,8,7,333.9895550885026,0.791936478569226,0.1667236907016345,0.21163224414849702,134274.457664804,-430.7467249564104,133843.7109398476,4521,62,952.8297872340426,42,5,19,32.2375186985789,0.6527777777777777,40.891472868217065,1036.4341085271335,24.67700258397937,0
4579,4,0,0,47,0.0,0.0,1.0,47,1050,800,250,0.7619047619047619,13,8,5,342.0675380324006,0.7920521122417514,0.12818393739562572,0.2175363065545066,134406.72260802492,-204.76466049380355,134201.95794753113,4522,63,953.8297872340426,44,3,18,31.89626305920172,0.651278409090909,40.7638888888889,1036.9444444444464,23.566919191919236,2
4580,4,0,0,47,0.0,0.0,1.0,47,1150,600,550,0.5217391304347826,17,6,11,344.67186013128764,0.7900863398088189,0.12851405622489986,0.22005972608382268,134550.78125000032,-124.82638888885825,134425.95486111147,4523,64,954.8297872340426,44,3,18,31.685073627844723,0.6526988636363635,40.625000000000014,1037.5000000000025,23.57954545454551,0
4581,4,1,1,47,0.020833333333333332,0.020833333333333332,0.9791666666666666,48,850,600,250,0.7058823529411765,11,6,5,338.5420744734395,0.7970596926713948,0.1305880713489409,0.2172190563681514,134730.96305941368,-477.5800540123375,134253.38300540135,4524,0,935.9166666666666,41,7,19,31.66457636566332,0.658790650406504,40.45138888888889,1038.1944444444453,25.3218157181572,0
4582,4,0,1,46,0.0,0.02127659574468085,0.9787234042553191,47,950,700,250,0.7368421052631579,12,7,5,344.9745590663995,0.7960607462226333,0.14421104583724675,0.22153394531624163,134761.73785651728,-102.12578078524658,134659.61207573203,4525,1,952.0851063829788,40,7,19,31.46695866366514,0.6606770833333333,40.421747967479675,1038.3130081300812,25.957825203252032,0
4583,4,0,0,46,0.0,0.0,1.0,46,950,600,350,0.631578947368421,13,6,7,348.83056902771693,0.7963365539452496,0.14680722481359143,0.22384755610472093,134735.35924383643,199.96240663627262,134935.3216504727,4526,2,970.7826086956521,40,6,19,31.39315779169931,0.6604166666666667,40.44715447154472,1038.2113821138219,25.955284552845548,0
4584,4,0,0,46,0.0,0.0,1.0,46,1050,600,450,0.5714285714285714,15,6,9,348.51817767462825,0.7967793880837359,0.14888900235730684,0.22397224776599692,134788.11905116006,195.22192478022694,134983.3409759403,4527,3,971.7826086956521,40,6,16,31.348682064330944,0.6609375,40.396341463414636,1038.4146341463415,25.960365853658537,0
4585,4,0,2,44,0.0,0.043478260869565216,0.9565217391304348,46,1150,900,250,0.782608695652174,14,9,5,368.2654624609395,0.797524154589372,0.13190973468369482,0.23066513897143595,133849.2241753473,674.8124914795317,134524.03666682684,4528,4,972.7826086956521,39,7,16,31.77513254144018,0.6533119658119659,41.302083333333336,1034.7916666666672,26.53311965811967,7
4586,4,0,0,44,0.0,0.0,1.0,44,900,700,200,0.7777777777777778,11,7,4,372.7729065064924,0.7887596899224807,0.1596119722475191,0.23302518100079822,133775.99172921682,1173.6130515377222,134949.60478075454,4529,70,1014.4090909090909,38,6,16,31.731944301008642,0.6543311403508772,41.37286324786324,1034.5085470085464,27.223909131803854,0
4587,4,1,0,45,0.022222222222222223,0.0,1.0,45,1000,700,300,0.7,13,7,6,363.20786908389005,0.7936026936026936,0.16277224624805897,0.22900290693095227,134091.86333550338,740.6439887152694,134832.50732421866,4530,0,992.8444444444444,39,6,17,31.66308374400752,0.6557158119658121,41.06770833333333,1035.7291666666658,26.557158119658098,0
4588,4,0,0,45,0.0,0.0,1.0,45,1150,900,250,0.782608695652174,14,9,5,365.80843444661366,0.793939393939394,0.16462714063028017,0.2308783512268938,134129.36377363015,813.130515070395,134942.49428870055,4531,1,993.8444444444444,40,5,17,31.558218058144472,0.6544270833333332,41.03150406504065,1035.8739837398375,25.896849593495936,0
4589,4,0,0,45,0.0,0.0,1.0,45,950,700,250,0.7368421052631579,12,7,5,363.12480944303707,0.7937289562289562,0.1655769146942152,0.22967869460801538,134208.32920219458,746.874793443068,134955.20399563765,4532,2,994.8444444444444,40,5,17,31.548728259448147,0.6552083333333333,40.955284552845534,1036.1788617886189,25.90447154471547,0
4590,4,2,1,46,0.0425531914893617,0.02127659574468085,0.9787234042553191,47,950,700,250,0.7368421052631579,12,7,5,352.64844790997375,0.7979494295405488,0.16795214135037262,0.22549535052992567,134606.2089656839,95.47954033236465,134701.68850601627,4533,0,953.468085106383,38,9,18,31.422878273104775,0.6625548245614037,40.571581196581185,1037.7136752136735,27.308254610886145,0
4591,4,0,0,46,0.0,0.0,1.0,46,1500,1200,300,0.8,18,12,6,357.5748778245517,0.7935185185185185,0.17173039986031102,0.22829780661105956,134550.7812499997,422.395833333304,134973.17708333302,4534,1,975.195652173913,38,8,18,31.350401606425702,0.6620065789473686,40.624999999999986,1037.4999999999977,27.30263157894731,0
4592,4,0,1,45,0.0,0.021739130434782608,0.9782608695652174,46,1200,900,300,0.75,15,9,6,354.8484812646005,0.7921296296296296,0.1657759755082313,0.22707497674600274,134633.92710387876,354.9289119000383,134988.8560157788,4535,2,976.195652173913,38,8,18,31.338145974881613,0.6628289473684212,40.54487179487178,1037.8205128205107,27.311066126855543,0
4593,4,0,0,45,0.0,0.0,1.0,45,500,300,200,0.6,7,3,4,358.5476450202029,0.7903198653198653,0.15983565181663462,0.2294559472695211,134636.1154994804,654.6924294013323,135290.80792888172,4536,3,987.4666666666667,37,8,18,31.23998503257615,0.664695945945946,40.542763157894726,1037.8289473684194,28.04943100995728,0
4594,4,0,0,45,0.0,0.0,1.0,45,1050,700,350,0.6666666666666666,14,7,7,358.3250872686134,0.7898148148148149,0.15632297203740886,0.23003255941332187,134749.93657904342,656.856556825163,135406.7931358686,4537,4,988.4666666666667,37,8,19,31.132181328545787,0.6658220720720722,40.43311403508771,1038.2675438596482,28.06128496917968,0
4595,4,1,0,46,0.021739130434782608,0.0,1.0,46,1250,800,450,0.64,17,8,9,349.83795245802224,0.7923309178743961,0.15766315239173978,0.22671316659292615,135091.6883680555,252.03993055555102,135343.72829861107,4538,0,967.9565217391304,39,7,17,31.012024048096183,0.6655982905982907,40.104166666666664,1039.583333333333,26.6559829059829,0
4596,4,0,0,46,0.0,0.0,1.0,46,1300,1000,300,0.7692307692307693,16,10,6,348.4025720404687,0.7920289855072464,0.1572574848734336,0.2259523113408653,135118.76220703125,215.14485677083445,135333.9070638021,4539,1,968.9565217391304,39,7,17,31.022380022041865,0.6658653846153847,40.078125,1039.6875,26.658653846153847,0
4597,4,0,0,46,0.0,0.0,1.0,46,1550,800,750,0.5161290322580645,23,8,15,347.1189640237479,0.7910426731078906,0.1567579509053365,0.2256934865196336,135210.5693122479,186.8305489457237,135397.39986119364,4540,2,969.9565217391304,40,6,17,30.96439157058171,0.6651041666666667,39.98983739837398,1040.0406504065033,26.001016260162583,0
4598,4,0,0,46,0.0,0.0,1.0,46,1250,1200,50,0.96,13,12,1,346.68340424953095,0.7914251207729469,0.16014429058544244,0.2262390934423805,135342.7205718322,184.21502164716134,135526.93559347937,4541,3,970.9565217391304,40,6,17,30.844280040368517,0.6664062500000001,39.86280487804878,1040.5487804878046,26.013719512195117,0
4599,4,0,0,46,0.0,0.0,1.0,46,1300,1100,200,0.8461538461538461,15,11,4,347.28677005445957,0.7909621578099839,0.1612890215374685,0.22696642068460257,135395.59914939853,204.22006163659336,135599.81921103512,4542,4,971.9565217391304,40,6,18,30.776006574878746,0.6669270833333334,39.8119918699187,1040.7520325203254,26.018800813008134,0
4600,4,0,0,46,0.0,0.0,1.0,46,800,500,300,0.625,11,5,6,345.4930040796365,0.7907206119162641,0.16064287715544667,0.225960367035992,135422.04231112427,157.47364333398502,135579.51595445824,4543,5,972.9565217391304,40,6,18,30.796393933476523,0.6671875,39.786585365853654,1040.8536585365848,26.021341463414622,0
4601,4,0,0,46,0.0,0.0,1.0,46,650,200,450,0.3076923076923077,11,2,9,348.8131073769919,0.7889895330112722,0.16362695092040158,0.2288053199862135,135527.8407776455,254.77745554893653,135782.61823319443,4544,6,973.9565217391304,40,6,18,30.604829526969873,0.6682291666666667,39.68495934959349,1041.2601626016253,26.031504065040632,0
4602,4,0,1,45,0.0,0.021739130434782608,0.9782608695652174,46,1300,700,600,0.5384615384615384,19,7,12,348.1541761604279,0.7866143317230274,0.164144234990373,0.22957061464289788,135715.07297092018,249.9951959373408,135965.06816685753,4545,7,974.9565217391304,39,7,19,30.435973374654274,0.6717414529914529,39.505208333333336,1041.979166666667,26.71741452991454,0
4603,4,0,0,45,0.0,0.0,1.0,45,800,500,300,0.625,11,5,6,338.3376270738462,0.7864898989898991,0.13231069398190232,0.20810599296553323,133176.37939453122,11.716037326388232,133188.0954318576,4546,8,924.4666666666667,39,6,17,33.222428263867876,0.6466346153846154,41.953125,1032.1874999999998,26.46634615384615,8
4604,4,1,0,46,0.021739130434782608,0.0,1.0,46,1050,600,450,0.5714285714285714,15,6,9,329.11131900282584,0.7924919484702093,0.1314142596074206,0.20419721049574946,133499.13330078122,-412.45659722222194,133086.676703559,4547,0,905.3478260869565,39,7,19,33.13772553170045,0.6498397435897436,41.640625,1033.4374999999998,26.49839743589743,0
4605,4,0,0,46,0.0,0.0,1.0,46,1050,900,150,0.8571428571428571,12,9,3,328.4863174057317,0.7920893719806763,0.1314751943927277,0.20440292791547898,133606.80474175356,-422.39854600693945,133184.40619574662,4548,1,906.3478260869565,39,7,19,33.046284634760696,0.6509081196581197,41.536458333333336,1033.8541666666672,26.50908119658121,0
4606,4,0,1,45,0.0,0.021739130434782608,0.9782608695652174,46,1150,900,250,0.782608695652174,14,9,5,327.4438162668068,0.7922906602254428,0.1307325789160214,0.20419988743070736,133687.58680555568,-444.9652777777579,133242.62152777793,4549,2,907.3478260869565,39,7,20,32.992546333601936,0.6517094017094017,41.45833333333334,1034.1666666666679,26.51709401709405,0
4607,4,0,0,45,0.0,0.0,1.0,45,950,600,350,0.631578947368421,13,6,7,335.35509432009053,0.7925925925925926,0.13707950280618375,0.2093212551974726,133720.73522764645,-31.214045036146018,133689.5211826103,4550,3,926.5111111111111,38,7,17,32.754880694143175,0.653782894736842,41.42628205128206,1034.294871794873,27.21828609986508,0
4608,4,0,1,44,0.0,0.022222222222222223,0.9777777777777777,45,1100,700,400,0.6363636363636364,15,7,8,332.2913382280077,0.79246632996633,0.14090976882923156,0.20803113191585357,133831.2596450617,-105.80632716049757,133725.4533179012,4551,4,927.5111111111111,38,7,17,32.723713646532424,0.6548793859649124,41.31944444444444,1034.7222222222222,27.22953216374269,0
4609,4,0,0,44,0.0,0.0,1.0,44,1450,1300,150,0.896551724137931,16,13,3,342.52910798196126,0.7850599013389712,0.15118352636419963,0.21460135445752124,133858.89788333705,370.113777485579,134229.01166082264,4552,5,949.1136363636364,38,6,17,32.43125817330856,0.6551535087719298,41.292735042735046,1034.8290598290603,27.232343679712113,0
4610,4,0,1,43,0.0,0.022727272727272728,0.9772727272727273,44,800,400,400,0.5,12,4,8,341.6989446717497,0.7850819238900635,0.15246736256598403,0.21449541460538102,133930.079481337,352.75336371529727,134282.8328450523,4553,6,950.1136363636364,39,5,17,32.381608298950056,0.6541132478632478,41.22395833333334,1035.104166666668,26.541132478632516,0
4611,4,0,0,43,0.0,0.0,1.0,43,1150,800,350,0.6956521739130435,15,8,7,347.085040036931,0.7786544850498338,0.15521959556776088,0.21778237486255098,133914.18292059316,695.9219081013937,134610.10482869454,4554,16,973.0697674418604,38,5,17,32.258120011010206,0.6557017543859649,41.23931623931624,1035.0427350427349,27.237966711650916,0
4612,4,0,0,43,0.0,0.0,1.0,43,1200,900,300,0.75,15,9,6,343.9687435557082,0.7794389073458841,0.1508664236536894,0.21631415274486496,133997.13187824166,618.1650184454672,134615.29689668713,4555,17,974.0697674418604,38,5,17,32.255873146906055,0.6565241228070176,41.159188034188034,1035.363247863248,27.24640125955916,0
4613,4,0,0,43,0.0,0.0,1.0,43,750,400,350,0.5333333333333333,11,4,7,342.4250607615447,0.779485049833887,0.167875198613318,0.21042150680385005,133141.2310979619,518.1788297172957,133659.4099276792,4556,18,975.0697674418604,38,5,18,33.1521739130435,0.6480263157894737,41.98717948717949,1032.0512820512822,27.159244264507425,1
4614,4,0,0,43,0.0,0.0,1.0,43,600,300,300,0.5,9,3,6,343.54131773591365,0.7786083425618309,0.17366041986588576,0.211420140889452,133196.36774965294,551.6911388706212,133748.05888852355,4557,19,976.0697674418604,38,5,19,33.06811909197543,0.6485745614035088,41.93376068376068,1032.2649572649568,27.164867296446232,0
4615,4,0,0,43,0.0,0.0,1.0,43,900,700,200,0.7777777777777778,11,7,4,342.66803333735385,0.7779162052417866,0.1734367780686894,0.21119540013853216,133251.51581561824,532.2069727518317,133783.72278837007,4558,20,977.0697674418604,38,5,19,33.03540631898454,0.6491228070175439,41.880341880341874,1032.4786324786314,27.17049032838504,0
4616,4,0,0,43,0.0,0.0,1.0,43,1150,800,350,0.6956521739130435,15,8,7,343.063536263915,0.778516057585825,0.17302556551614612,0.21175301031462337,133306.67529585792,546.5318869164953,133853.2071827744,4559,21,978.0697674418604,38,5,19,32.969946203186424,0.649671052631579,41.82692307692307,1032.6923076923072,27.17611336032387,0
4617,4,0,1,42,0.0,0.023255813953488372,0.9767441860465116,43,1200,800,400,0.6666666666666666,16,8,8,344.7307876437672,0.778516057585825,0.17203385550079764,0.21325668494738212,133389.4359179814,596.6890614726952,133986.1249794541,4560,22,979.0697674418604,38,5,20,32.844011790257525,0.6504934210526316,41.74679487179486,1033.012820512819,27.184547908232076,0
4618,4,1,0,43,0.023255813953488372,0.0,1.0,43,800,500,300,0.625,11,5,6,338.6529156100877,0.7869139904023624,0.15422977602497934,0.21076952747772368,133613.8899108378,449.77235897911646,134063.66226981694,4561,0,936.6046511627907,37,6,21,32.77642998550569,0.6545608108108109,41.52960526315788,1033.8815789473672,27.94274537695587,0
4619,4,0,0,43,0.0,0.0,1.0,43,1500,1100,400,0.7333333333333333,19,11,8,339.1738421971802,0.7851144333702473,0.1576167106463786,0.21125557013998708,133642.23246575837,465.5898930439786,134107.82235880234,4562,1,937.6046511627907,37,6,21,32.73462354188759,0.6548423423423425,41.50219298245612,1033.9912280701728,27.94570886676143,0
4620,4,0,0,43,0.0,0.0,1.0,43,1350,900,450,0.6666666666666666,18,9,9,339.6970710540335,0.7847452934662237,0.15824305837985708,0.21239508716996724,133783.99032635035,489.2059335564677,134273.1962599068,4563,2,938.6046511627907,37,6,16,32.57938085143968,0.65625,41.36513157894736,1034.53947368421,27.96052631578946,0
4621,4,0,1,42,0.0,0.023255813953488372,0.9767441860465116,43,1050,700,350,0.6666666666666666,14,7,7,341.0724909886909,0.7856220007382798,0.15903053958022229,0.2137478200498842,133869.08111149556,531.8121922129542,134400.89330370852,4564,3,939.6046511627907,37,6,16,32.45876598149326,0.6570945945945947,41.28289473684209,1034.8684210526292,27.969416785206192,0
4622,4,0,0,42,0.0,0.0,1.0,42,800,500,300,0.625,11,5,6,348.4718917311125,0.7777051877661634,0.1631667911066863,0.21741615853658527,133705.056407759,918.4907880853676,134623.54719584435,4565,27,962.9047619047619,36,6,16,32.43140243902438,0.6574074074074074,41.441441441441434,1034.2342342342333,28.728728728728704,0
4623,4,1,0,43,0.023255813953488372,0.0,1.0,43,1050,600,450,0.5714285714285714,15,6,9,339.7752386136322,0.7816537467700259,0.16674425994487208,0.21342767982377228,133954.1989482339,502.8639821868137,134457.06293042074,4566,0,941.4883720930233,37,6,17,32.40729707305017,0.6579391891891893,41.200657894736835,1035.1973684210514,27.978307254623008,0
4624,4,0,1,42,0.0,0.023255813953488372,0.9767441860465116,43,1000,600,400,0.6,14,6,8,344.06870579211164,0.781469176818014,0.16569305870449824,0.21712872836460098,134124.5157764888,629.6097116420276,134754.12548813084,4567,1,942.4883720930233,37,6,18,32.126049715959205,0.6596283783783785,41.03618421052631,1035.855263157894,27.996088193456593,0
4625,4,0,0,42,0.0,0.0,1.0,42,1200,900,300,0.75,15,9,6,349.08884688090706,0.7777535811072397,0.1793581780538298,0.22057811753463918,134171.33349565792,967.5432188945775,135138.8767145525,4568,2,962.9047619047619,36,6,18,31.949275362318826,0.662037037037037,40.990990990990994,1036.0360360360369,28.7787787787788,0
4626,4,0,0,42,0.0,0.0,1.0,42,650,300,350,0.46153846153846156,10,3,7,351.211011239136,0.7771970576848626,0.1840988704511468,0.2224497547442377,134258.85080604273,1030.637351878927,135289.48815792165,4569,3,963.9047619047619,36,6,19,31.806883624904916,0.6629050925925926,40.90653153153154,1036.3738738738755,28.78816316316321,0
4627,4,0,0,42,0.0,0.0,1.0,42,950,700,250,0.7368421052631579,12,7,5,349.4557105179532,0.7772938443670151,0.18393988774216874,0.2216912346876475,134317.2115316332,987.5833181154383,135304.79484974864,4570,4,964.9047619047619,36,6,20,31.79408835777658,0.6634837962962962,40.85022522522524,1036.5990990991008,28.79441941941947,0
4628,4,0,0,42,0.0,0.0,1.0,42,800,600,200,0.75,10,6,4,351.763679979106,0.7784310878823074,0.18446692317239655,0.22369060533478002,134404.77639801998,1055.7437505073035,135460.52014852728,4571,5,965.9047619047619,36,6,21,31.6468469446858,0.6643518518518516,40.765765765765785,1036.9369369369394,28.803803803803874,0
4629,4,0,0,42,0.0,0.0,1.0,42,1100,600,500,0.5454545454545454,16,6,10,354.0265479589037,0.7765195509097949,0.18827691719257955,0.2260323344660696,134550.78125000026,1126.909722222251,135677.6909722225,4572,6,966.9047619047619,36,6,21,31.44243641231592,0.6657986111111109,40.625000000000014,1037.500000000002,28.8194444444445,0
4630,4,0,0,42,0.0,0.0,1.0,42,1100,700,400,0.6363636363636364,15,7,8,352.4554745547854,0.7751887340301974,0.1841255681576821,0.2257729068433797,134670.88906035665,1093.0984224965705,135763.98748285323,4573,7,967.9047619047619,35,7,21,31.363366042224204,0.669047619047619,40.50925925925926,1037.9629629629628,29.65608465608465,0
4631,4,0,0,42,0.0,0.0,1.0,42,1150,800,350,0.6956521739130435,15,8,7,353.3469012856023,0.7738337204800619,0.18667908487366902,0.22728184553660963,134821.09917534702,1127.7235243055293,135948.82269965255,4574,8,968.9047619047619,35,7,15,31.190446339017054,0.6705357142857145,40.36458333333332,1038.541666666665,29.672619047618998,0
4632,4,0,0,42,0.0,0.0,1.0,42,800,700,100,0.875,9,7,2,354.3464746549146,0.774753193960511,0.18422337179997395,0.22830291529273888,134881.2066642015,1158.9360157321353,136040.14267993363,4575,9,969.9047619047619,35,7,16,31.104572887650885,0.6711309523809526,40.30671296296295,1038.7731481481458,29.679232804232736,0
4633,4,0,1,41,0.0,0.023809523809523808,0.9761904761904762,42,750,500,250,0.6666666666666666,10,5,5,351.0137033406868,0.7742208672086721,0.18640675288041986,0.22728580170891888,135061.60950627978,1081.695146390579,136143.30465267037,4576,10,970.9047619047619,35,7,16,31.011417622388002,0.6729166666666668,40.13310185185184,1039.4675925925908,29.699074074074023,0
4634,4,0,0,41,0.0,0.0,1.0,41,500,400,100,0.8,6,4,2,356.2744652924841,0.771239837398374,0.1967649187317857,0.2301939161760243,134983.42013888867,1418.2291666666408,136401.6493055553,4577,11,992.3658536585366,34,7,16,30.952619620422347,0.674325980392157,40.20833333333332,1039.166666666665,30.563725490196028,0
4635,4,0,0,41,0.0,0.0,1.0,41,1150,900,250,0.782608695652174,14,9,5,357.0400250367437,0.7702235772357724,0.1911328012604374,0.2310835032317127,135045.28238378663,1443.3142006802445,136488.59658446687,4578,12,993.3658536585366,34,7,16,30.87108196846486,0.6749387254901962,40.14880952380951,1039.40476190476,30.570728291316474,0
4636,4,0,0,41,0.0,0.0,1.0,41,1000,800,200,0.8,12,8,4,357.66200279421463,0.7705284552845528,0.1880081300813008,0.23248030181623908,135199.99999999974,1471.1805555555252,136671.18055555527,4579,13,994.3658536585366,34,7,18,30.700787927350426,0.6764705882352943,39.999999999999986,1039.999999999998,30.588235294117588,0
4637,4,0,0,41,0.0,0.0,1.0,41,950,700,250,0.7368421052631579,12,7,5,359.10590569335113,0.7704776422764228,0.18773536710988048,0.23361938183490713,135230.9541524941,1512.446853741465,136743.40100623557,4580,14,995.3658536585366,34,7,18,30.632415779634503,0.6767769607843139,39.97023809523808,1040.1190476190457,30.591736694677813,0
4638,4,0,0,41,0.0,0.0,1.0,41,1500,900,600,0.6,21,9,12,361.17028875376576,0.7703252032520325,0.1874745765469663,0.23641670866458273,135452.8959297838,1584.3123070987463,137037.20823688252,4581,15,996.3658536585366,35,6,18,30.357738492328213,0.6767857142857143,39.756944444444436,1040.972222222221,29.74206349206346,0
4639,4,0,0,41,0.0,0.0,1.0,41,1100,800,300,0.7272727272727273,14,8,6,358.06422525414445,0.769359756097561,0.18007628559113176,0.2349747508834089,135543.27317226076,1506.6394193672775,137049.91259162803,4582,16,997.3658536585366,35,6,18,30.348657885961977,0.6776785714285715,39.670138888888886,1041.3194444444441,29.751984126984116,0
4640,4,0,0,41,0.0,0.0,1.0,41,1050,700,350,0.6666666666666666,14,7,7,355.5483108442371,0.7688516260162601,0.1767045438709438,0.2341161225130113,135664.68431122453,1447.1000104324182,137111.78432165695,4583,17,998.3658536585366,34,7,19,30.29344265417285,0.6810661764705882,39.55357142857143,1041.7857142857147,30.64075630252102,0
4641,4,0,0,41,0.0,0.0,1.0,41,1100,900,200,0.8181818181818182,13,9,4,358.12447549756183,0.7677337398373983,0.178936078338511,0.23663243645140794,135788.7347647392,1525.8538832199558,137314.58864795917,4584,18,999.3658536585366,34,7,19,30.103036360175153,0.6822916666666666,39.43452380952381,1042.2619047619046,30.654761904761898,0
4642,4,0,0,41,0.0,0.0,1.0,41,1200,700,500,0.5833333333333334,17,7,10,353.29726378534593,0.7672764227642277,0.18201305096618237,0.2347373929110384,135985.82323877935,1408.683852771694,137394.50709155106,4585,19,1000.3658536585366,36,5,15,30.03311019938097,0.6799768518518519,39.2454954954955,1043.0180180180182,28.97272272272273,0
4643,4,0,0,41,0.0,0.0,1.0,41,1050,700,350,0.6666666666666666,14,7,7,353.66654115071196,0.7667174796747968,0.1819776029996074,0.23517682488722508,136015.18906998212,1420.8042924681426,137435.99336245027,4586,20,1001.3658536585366,36,5,15,29.994332289754944,0.6802662037037037,39.21734234234234,1043.1306306306305,28.975850850850847,0
4644,4,0,0,41,0.0,0.0,1.0,41,900,700,200,0.7777777777777778,11,7,4,352.1452792091357,0.7661585365853658,0.18697168730996583,0.2345525529743091,136073.93024358817,1383.5584317425564,137457.48867533074,4587,21,1002.3658536585366,36,5,15,29.975715056664882,0.6808449074074074,39.16103603603604,1043.3558558558557,28.9821071071071,0
4645,4,0,0,41,0.0,0.0,1.0,41,450,200,250,0.4444444444444444,7,2,5,351.5463791596867,0.7648882113821138,0.17969348356481296,0.23454141797500483,136132.6840987947,1371.3904360441454,137504.07453483884,4588,22,1003.3658536585366,36,5,15,29.933050969389594,0.6814236111111112,39.104729729729726,1043.5810810810808,28.988363363363355,0
4646,4,0,0,41,0.0,0.0,1.0,41,1150,900,250,0.782608695652174,14,9,5,333.6311088610373,0.7652947154471544,0.122749370290133,0.2049697125718072,133132.52635426298,683.4304786088164,133815.9568328718,4589,23,1004.3658536585366,37,4,17,33.38778509703923,0.6497747747747746,41.995614035087726,1032.0175438596502,27.89236605026082,7
4647,4,0,0,41,0.0,0.0,1.0,41,750,500,250,0.6666666666666666,10,5,5,336.5969383446098,0.764989837398374,0.1253704125826307,0.20742125467623346,133245.71021852884,770.0196214219839,134015.72983995083,4590,24,1005.3658536585366,37,4,18,33.197925516850766,0.6509009009009008,41.885964912280706,1032.4561403508776,27.90422000948318,0
4648,4,0,1,40,0.0,0.024390243902439025,0.975609756097561,41,700,500,200,0.7142857142857143,9,5,4,336.96433192332245,0.7651422764227642,0.1327059115863367,0.2087583760495377,133443.89770169673,793.1667676592879,134237.064469356,4591,25,1006.3658536585366,37,4,19,32.99009073543458,0.6528716216216215,41.694078947368425,1033.2236842105267,27.924964438122345,0
4649,4,0,0,40,0.0,0.0,1.0,40,750,400,350,0.5333333333333333,11,4,7,344.75036220379036,0.7633279914529915,0.12630818707075142,0.21324309322288393,133384.96171424797,1196.9027727051337,134581.8644869531,4592,26,1018.8,36,4,19,32.84798684545223,0.6542245370370371,41.751126126126124,1032.9954954954949,28.694319319319302,0
4650,4,0,0,40,0.0,0.0,1.0,40,1200,900,300,0.75,15,9,6,342.6932932496576,0.7634615384615384,0.15390541976620598,0.21021798497257335,133075.95245652494,1120.8472799322676,134196.7997364572,4593,27,1019.8,37,3,18,33.2106801275239,0.6492117117117118,42.05043859649122,1031.798245614034,27.886439070649566,1
4651,4,0,0,40,0.0,0.0,1.0,40,1200,900,300,0.75,15,9,6,344.0957173626903,0.762099358974359,0.14716144450345192,0.2118810450601522,133217.40974386342,1167.9080342028221,134385.31777806624,4594,28,1020.8,37,3,19,33.03272703133296,0.6506193693693694,41.91337719298245,1032.3464912280697,27.90125651967756,0
4652,4,0,0,40,0.0,0.0,1.0,40,850,600,250,0.7058823529411765,11,6,5,345.87489881301804,0.7612980769230769,0.14468474684216148,0.21395189899654882,133387.2576778429,1227.0608504539596,134614.31852829686,4595,29,1021.8,37,3,19,32.816646322046495,0.6523085585585586,41.74890350877192,1033.0043859649102,27.919037458511085,0
4653,4,0,0,40,0.0,0.0,1.0,40,1100,1000,100,0.9090909090909091,12,10,2,344.445107785554,0.7606837606837606,0.1459434362729497,0.21339291588844636,133443.89770169643,1192.8195454370357,134636.71724713346,4596,30,1022.8,37,3,19,32.79685786550638,0.6528716216216217,41.69407894736841,1033.2236842105244,27.92496443812228,0
4654,4,0,0,40,0.0,0.0,1.0,40,1550,1100,450,0.7096774193548387,20,11,9,342.55096343790666,0.7583600427350428,0.13520786933927287,0.213195579818879,133613.88991083772,1153.9133435287538,134767.80325436647,4597,31,1023.8,37,3,19,32.67567698942977,0.6545608108108109,41.52960526315788,1033.8815789473665,27.942745376955852,0
4655,4,0,0,40,0.0,0.0,1.0,40,1050,900,150,0.8571428571428571,12,9,3,345.0581673490209,0.7581463675213675,0.13911153519932196,0.21525057106057943,133698.92659279765,1226.7813173283907,134925.70791012605,4598,32,1024.8,37,3,19,32.52579869946281,0.6554054054054055,41.44736842105262,1034.2105263157882,27.951635846372653,0
4656,4,0,0,40,0.0,0.0,1.0,40,950,800,150,0.8421052631578947,11,8,3,334.3877917886059,0.7581463675213675,0.1521989752348416,0.1987655351190143,131890.67790089283,823.2316674361605,132713.909568329,4599,33,1025.8,37,3,15,34.61473455735839,0.6373873873873872,43.201754385964925,1027.1929824561423,27.761972498814657,7
4657,4,0,0,40,0.0,0.0,1.0,40,1150,800,350,0.6956521739130435,15,8,7,336.7307191666195,0.7591880341880342,0.14886387881374064,0.2010518319406301,132059.67821829798,893.71008387197,132953.38830216994,4600,34,1026.8,37,3,16,34.38455657492356,0.6390765765765765,43.03728070175439,1027.8508771929828,27.779753437648186,0
4658,4,1,0,41,0.024390243902439025,0.0,1.0,41,950,800,150,0.8421052631578947,11,8,3,330.3289847668587,0.7632113821138211,0.15659278351890826,0.19930938942269696,132455.95838659626,551.6741030026672,133007.63248959894,4601,0,1002.7317073170732,36,5,17,34.15107756262992,0.6449652777777777,42.65202702702704,1029.3918918918935,28.594219219219262,0
4659,4,3,3,41,0.06818181818181818,0.06818181818181818,0.9318181818181819,44,750,500,250,0.6666666666666666,10,5,5,308.1036632460676,0.7868657505285412,0.14787068055619335,0.1889638875821856,133068.88156467004,-600.1980251736162,132468.68353949641,4602,0,935.2954545454545,39,5,16,34.10998233215548,0.6455662393162394,42.057291666666664,1031.7708333333326,26.455662393162374,0
4660,4,0,0,41,0.0,0.0,1.0,41,1200,900,300,0.75,15,9,6,327.47042638253293,0.7610772357723578,0.16664503029956879,0.1984682055120977,132623.79410010777,486.07408048631044,133109.8681805941,4603,2,1004.7317073170732,37,4,19,34.05631253991909,0.6447072072072071,42.4890350877193,1030.043859649123,27.839023233760084,0
4661,4,0,0,41,0.0,0.0,1.0,41,1550,1200,350,0.7741935483870968,19,12,7,323.06250851174184,0.7585365853658537,0.1597679047329894,0.19653492022665775,132765.01092884352,378.27949465220354,133143.29042349572,4604,3,1005.7317073170732,37,4,16,34.02833191474271,0.6461148648648649,42.35197368421053,1030.5921052631581,27.853840682788057,0
4662,4,1,1,41,0.023809523809523808,0.023809523809523808,0.9761904761904762,42,1050,700,350,0.6666666666666666,14,7,7,313.69275484310697,0.7648809523809523,0.15221333772978318,0.19209524528024882,133011.31129535142,-55.063066893432534,132956.248228458,4605,0,982.7619047619048,41,1,16,34.02336987882284,0.6417682926829269,42.113095238095234,1031.5476190476186,25.159698025551673,0
4663,4,0,0,41,0.0,0.0,1.0,41,900,700,200,0.7777777777777778,11,7,4,319.27589919098796,0.7578760162601627,0.15003316765528707,0.19518143524037024,132947.6708639037,289.3974320840721,133237.0682959878,4606,5,1007.7317073170732,40,1,16,33.94305938772829,0.6427083333333334,42.17479674796748,1031.3008130081298,25.782520325203244,0
4664,4,0,0,41,0.0,0.0,1.0,41,850,500,350,0.5882352941176471,12,5,7,320.40709553738265,0.7567073170731707,0.14804757899795762,0.196147890211365,133000.0795244232,322.83383733226333,133322.91336175546,4607,6,1008.7317073170732,40,1,16,33.86145320197043,0.6432291666666667,42.12398373983739,1031.5040650406497,25.787601626016244,0
4665,4,0,0,41,0.0,0.0,1.0,41,1450,1000,450,0.6896551724137931,19,10,9,322.64216325161493,0.7557926829268292,0.14405082621411025,0.19863024813999414,133209.8174449731,395.8207333597614,133605.63817833285,4608,7,1009.7317073170732,40,1,17,33.59400636608255,0.6453125000000001,41.92073170731707,1032.3170731707307,25.80792682926827,0
4666,4,1,1,41,0.023809523809523808,0.023809523809523808,0.9761904761904762,42,1100,800,300,0.7272727272727273,14,8,6,318.72305267513605,0.7599206349206349,0.14344700814837186,0.19733542631146622,133420.97052941535,104.86780360291112,133525.83833301827,4609,0,986.6666666666666,41,1,17,33.484171948018684,0.6458333333333335,41.716269841269835,1033.1349206349196,25.19841269841267,0
4667,4,1,1,41,0.023809523809523808,0.023809523809523808,0.9761904761904762,42,700,400,300,0.5714285714285714,10,4,6,318.72305267513605,0.7580816879597367,0.14344700814837186,0.19733542631146622,133420.97052941535,104.86780360291112,133525.83833301827,4610,0,987.6428571428571,41,1,17,33.484171948018684,0.6458333333333335,41.716269841269835,1033.1349206349196,25.19841269841267,0
4668,4,0,0,41,0.0,0.0,1.0,41,1000,700,300,0.7,13,7,6,325.7049738555772,0.7552845528455284,0.1502300762600186,0.2009403909742879,133288.5117675491,482.5462480996766,133771.05801564877,4611,10,1012.7317073170732,40,1,17,33.436259554505796,0.64609375,41.84451219512195,1032.6219512195123,25.81554878048781,0
4669,4,0,0,41,0.0,0.0,1.0,41,950,700,250,0.7368421052631579,12,7,5,327.46848040682096,0.7543191056910569,0.15406032037096562,0.20217100230219426,133314.74837233147,531.2756130610271,133846.0239853925,4612,11,1013.7317073170732,40,1,17,33.36449517811454,0.6463541666666666,41.81910569105692,1032.7235772357737,25.818089430894343,0
4670,4,0,0,41,0.0,0.0,1.0,41,750,400,350,0.5333333333333333,11,4,7,326.6191367049863,0.754979674796748,0.15336358814734408,0.20178907515700764,133340.98755907535,510.3436487871049,133851.33120786244,4613,12,1014.7317073170732,40,1,17,33.36018728065859,0.6466145833333332,41.79369918699187,1032.8252032520331,25.820630081300827,0
4671,4,0,0,41,0.0,0.0,1.0,41,850,500,350,0.5882352941176471,12,5,7,327.7146183929479,0.7553353658536586,0.15227344717366842,0.20260896480206358,133367.22932778124,541.2781330557325,133908.50746083696,4614,13,1015.7317073170732,40,1,17,33.30566214088939,0.646875,41.768292682926834,1032.926829268294,25.823170731707346,0
4672,4,0,0,41,0.0,0.0,1.0,41,1000,700,300,0.7,13,7,6,329.08428720083253,0.754369918699187,0.14555468135326488,0.20403225806451597,133472.22222222196,584.8048449996365,134057.02706722158,4615,14,1016.7317073170732,38,3,17,33.165322580645146,0.6513157894736843,41.66666666666665,1033.3333333333312,27.192982456140296,0
4673,4,0,0,41,0.0,0.0,1.0,41,1550,1200,350,0.7741935483870968,19,12,7,328.7736753103742,0.7531504065040651,0.15083770058008827,0.20487986659171906,133660.65673828125,588.821072048612,134249.47781032987,4616,15,1017.7317073170732,39,2,20,32.98506178435915,0.6514423076923077,41.484375,1034.0625,26.514423076923077,0
4674,4,0,0,41,0.0,0.0,1.0,41,1050,600,450,0.5714285714285714,15,6,9,330.0012828518274,0.7523882113821139,0.14754513140861092,0.20594486093248238,133714.5195855034,625.1925998263853,134339.7121853298,4617,16,1018.7317073170732,39,2,17,32.89952412126097,0.6519764957264957,41.432291666666664,1034.270833333333,26.51976495726495,0
4675,4,0,0,41,0.0,0.0,1.0,41,600,400,200,0.6666666666666666,8,4,4,330.0012828518274,0.7523882113821139,0.14754513140861092,0.20594486093248238,133714.5195855034,625.1925998263853,134339.7121853298,4618,17,1019.7317073170732,39,2,17,32.89952412126097,0.6519764957264957,41.432291666666664,1034.270833333333,26.51976495726495,0
4676,4,0,1,40,0.0,0.024390243902439025,0.975609756097561,41,1550,1200,350,0.7741935483870968,19,12,7,328.93981995198317,0.7521341463414634,0.15594044214221747,0.2061840448721103,133876.1732313366,607.4408637152592,134483.61409505186,4619,18,1020.7317073170732,39,2,18,32.76558043952357,0.6535790598290598,41.27604166666666,1034.8958333333317,26.535790598290557,0
4677,4,0,0,40,0.0,0.0,1.0,40,850,500,350,0.5882352941176471,12,5,7,336.6377529946305,0.7486645299145299,0.15212205700123915,0.21059431524547784,133803.6242603548,1008.6702827087164,134812.2945430635,4620,19,1032.9,38,2,19,32.63888888888889,0.6546052631578949,41.34615384615383,1034.6153846153827,27.22672064777323,0
4678,4,0,0,40,0.0,0.0,1.0,40,1100,800,300,0.7272727272727273,14,8,6,338.8174369660826,0.7479700854700855,0.1527531220972238,0.21275451372419754,133941.8297195738,1076.3654896266726,135018.1952092005,4621,20,1033.9,38,2,19,32.44443871056524,0.6559758771929827,41.21260683760682,1035.1495726495702,27.240778227620268,0
4679,4,0,0,40,0.0,0.0,1.0,40,850,700,150,0.8235294117647058,10,7,3,339.56742621142246,0.7475694444444444,0.15333264548080905,0.21370698018448725,134024.7872379281,1102.09041018334,135126.87764811143,4622,21,1034.9,38,2,19,32.34218083642865,0.6567982456140352,41.13247863247862,1035.4700854700843,27.249212775528534,0
4680,4,0,0,40,0.0,0.0,1.0,40,1200,1000,200,0.8333333333333334,14,10,4,340.239820986717,0.7478632478632479,0.14325167612171263,0.21461451297763293,134107.77043839928,1125.7607613777307,135233.531199777,4623,22,1035.9,38,2,20,32.24192023379748,0.6576206140350878,41.05235042735042,1035.790598290597,27.257647323436764,0
4681,4,0,0,40,0.0,0.0,1.0,40,950,700,250,0.7368421052631579,12,7,5,340.5113240230291,0.7468215811965812,0.14101876675603275,0.21527241332303348,134190.7793209875,1138.695987654304,135329.4753086418,4624,23,1036.9,38,2,21,32.152033065236814,0.6584429824561404,40.972222222222214,1036.11111111111,27.266081871344998,0
4682,4,0,0,40,0.0,0.0,1.0,40,900,700,200,0.7777777777777778,11,7,4,339.7361970245674,0.7462606837606838,0.1333599628904245,0.21526981367311077,134273.81388569274,1123.5349779019507,135397.3488635947,4625,24,1037.9,38,2,21,32.08926055733087,0.6592653508771931,40.89209401709401,1036.4316239316227,27.274516419253228,0
4683,4,0,0,40,0.0,0.0,1.0,40,1050,1000,50,0.9523809523809523,11,10,1,342.0854240572968,0.7462873931623931,0.14024786148613844,0.2170866494197482,134329.18453000576,1190.4112106435734,135519.59574064933,4626,25,1038.9,38,2,21,31.973144044797145,0.6598135964912281,40.83867521367521,1036.6452991452986,27.28013945119207,0
4684,4,0,0,40,0.0,0.0,1.0,40,1050,700,350,0.6666666666666666,14,7,7,343.4080777833434,0.7468482905982906,0.1423845836768345,0.21809109861319134,134356.87413251516,1227.8471765651261,135584.72130908028,4627,26,1039.9,38,2,21,31.911239351470176,0.6600877192982456,40.81196581196581,1036.7521367521367,27.282950967161494,0
4685,4,0,0,40,0.0,0.0,1.0,40,1200,600,600,0.5,18,6,12,341.79760956513354,0.7481303418803419,0.14133882595262648,0.21805879033360354,134523.07167251068,1195.9328658046502,135719.00453831532,4628,27,1040.9,38,2,21,31.78724682457946,0.6617324561403508,40.6517094017094,1037.3931623931617,27.29982006297794,0
4686,4,0,0,40,0.0,0.0,1.0,40,600,400,200,0.6666666666666666,8,4,4,341.0862578674388,0.7469551282051282,0.13958504942339367,0.21793616686898468,134578.49368105788,1180.5749598217649,135759.06864087965,4629,28,1041.9,38,2,21,31.750454763866003,0.6622807017543859,40.5982905982906,1037.6068376068383,27.305443094916797,0
4687,4,0,0,40,0.0,0.0,1.0,40,1200,700,500,0.5833333333333334,17,7,10,338.5967995815622,0.7463141025641026,0.12865376698229714,0.21700570611704886,134689.37194097455,1121.0780553729346,135810.44999634748,4630,29,1042.9,38,2,21,31.704576643337457,0.6633771929824561,40.491452991452995,1038.0341880341884,27.316689158794432,0
4688,4,1,1,40,0.024390243902439025,0.024390243902439025,0.975609756097561,41,1400,1200,200,0.8571428571428571,16,12,4,332.323222766646,0.751219512195122,0.12807262535675612,0.2142378474888015,134902.24745008684,766.2299262152826,135668.47737630212,4631,0,1018.439024390244,39,2,17,31.655574217052703,0.6637286324786325,40.286458333333336,1038.854166666667,26.637286324786334,0
4689,4,0,0,40,0.0,0.0,1.0,40,1150,900,250,0.782608695652174,14,9,5,335.797420572507,0.7454861111111111,0.1250668449197858,0.21653144016227177,134911.2654320988,1060.570987654322,135971.83641975312,4632,31,1044.9,38,2,17,31.5563725490196,0.6655701754385964,40.27777777777778,1038.8888888888891,27.339181286549714,0
4690,4,0,0,40,0.0,0.0,1.0,40,950,600,350,0.631578947368421,13,6,7,335.9729317146994,0.7447115384615385,0.12499485861182591,0.21681066761283682,134939.01495954773,1067.171291730583,136006.1862512783,4633,32,1045.9,38,2,18,31.52420736932305,0.6658442982456141,40.251068376068375,1038.9957264957259,27.3419928025191,0
4691,4,0,0,40,0.0,0.0,1.0,40,750,400,350,0.5333333333333333,11,4,7,336.49973881991434,0.7464476495726495,0.11057013118062575,0.20712499451586,133203.26063368033,976.260699455286,134179.5213331356,4634,33,1046.9,39,1,18,33.24293642785066,0.6469017094017095,41.92708333333332,1032.291666666665,26.46901709401705,4
4692,4,0,0,40,0.0,0.0,1.0,40,750,300,450,0.4,12,3,9,337.68673609441873,0.7452724358974359,0.10914043583535138,0.20815615224924616,133257.03124999997,999.8263888888891,134256.85763888885,4635,34,1047.9,39,1,18,33.158461124562834,0.6474358974358976,41.875,1032.4999999999998,26.474358974358967,0
4693,4,0,0,40,0.0,0.0,1.0,40,700,500,200,0.7142857142857143,9,5,4,338.2635406502423,0.746207264957265,0.11597327281896175,0.20896467324281318,133337.70751953122,1020.6570095486111,134358.36452907984,4636,35,1048.9,39,1,18,33.0628046730543,0.6482371794871795,41.796875,1032.8124999999998,26.48237179487179,0
4694,4,2,2,40,0.047619047619047616,0.047619047619047616,0.9523809523809523,42,1000,500,500,0.5,15,5,10,325.54275936096934,0.7544521873790166,0.11659787241182595,0.2037565361520169,133822.27783203122,313.1103515625,134135.38818359372,4637,0,999.9047619047619,39,3,17,32.90724940434243,0.6530448717948718,41.328125,1034.6874999999998,26.530448717948712,0
4695,4,0,0,40,0.0,0.0,1.0,40,1300,900,400,0.6923076923076923,17,9,8,336.2509263434654,0.7441239316239316,0.11332449628844143,0.2094350221544832,133642.2324657586,987.4648930440056,134629.6973588026,4638,37,1050.9,37,3,19,32.81018027571582,0.6548423423423424,41.50219298245614,1033.9912280701747,27.94570886676148,0
4696,4,0,0,40,0.0,0.0,1.0,40,350,200,150,0.5714285714285714,5,2,3,336.2931381160701,0.7440705128205128,0.10883163698049203,0.20978286234859603,133698.92659279777,992.4063173284056,134691.33291012616,4639,38,1051.9,37,3,19,32.7524208368674,0.6554054054054055,41.44736842105263,1034.2105263157891,27.951635846372678,0
4697,4,0,1,39,0.0,0.025,0.975,40,850,700,150,0.8235294117647058,10,7,3,333.1907750609108,0.7426014957264957,0.10357585459051966,0.20828187701193032,133775.9917292169,914.5852737599589,134690.57700297688,4640,39,1052.9,38,2,17,32.75564563324039,0.6543311403508771,41.37286324786325,1034.5085470085473,27.22390913180388,0
4698,4,0,1,38,0.0,0.02564102564102564,0.9743589743589743,39,1300,1100,200,0.8461538461538461,15,11,4,333.27311362175436,0.7397098515519568,0.08649362780388237,0.209206249529967,133930.07948133693,1127.0589192708526,135057.13840060777,4641,40,1040.0,39,0,18,32.59964861963706,0.6541132478632479,41.22395833333334,1035.1041666666679,26.54113247863251,0
4699,4,0,0,38,0.0,0.0,1.0,38,950,800,150,0.8421052631578947,11,8,3,335.40434586740014,0.7369606448553817,0.10337298354244728,0.21076965703340525,133969.47937212363,1386.7891190006612,135356.2684911243,4642,41,1060.7368421052631,38,0,18,32.50515995872033,0.65625,41.18589743589744,1035.2564102564106,27.24358974358975,0
4700,4,0,0,38,0.0,0.0,1.0,38,900,700,200,0.7777777777777778,11,7,4,334.30546414102787,0.7351825509720247,0.10184813177983099,0.2107124297388246,134080.10651800706,1364.742448316153,135444.84896632322,4643,42,1061.7368421052631,38,0,18,32.42319132109207,0.6573464912280702,41.07905982905982,1035.6837606837598,27.254835807467362,0
4701,4,0,0,38,0.0,0.0,1.0,38,1300,1000,300,0.7692307692307693,16,10,6,332.56690402805816,0.7355381697486961,0.10284319045035262,0.2105678178245539,134246.1328438893,1329.1641555263395,135575.29699941564,4644,43,1062.7368421052631,38,0,18,32.302620274914084,0.6589912280701754,40.91880341880342,1036.3247863247866,27.271704903283858,0
4702,4,0,1,37,0.0,0.02631578947368421,0.9736842105263158,38,750,500,250,0.6666666666666666,10,5,5,329.1045927096528,0.7351232811759127,0.09999891122095672,0.20343882367755237,133361.8461903717,1177.9992146979168,134539.84540506962,4645,44,1063.7368421052631,38,0,17,33.27515170321334,0.6502192982456141,41.773504273504265,1032.9059829059818,27.18173639226268,6
4703,4,0,0,37,0.0,0.0,1.0,37,1100,800,300,0.7272727272727273,14,8,6,332.15144185548587,0.7296671671671672,0.08938252623245191,0.2056196376585008,133415.57618690337,1462.835199292053,134878.41138619542,4646,45,1062.3513513513512,37,0,17,33.142733319182035,0.6525900900900903,41.72149122807016,1033.114035087717,27.922000948316676,0
4704,4,0,0,37,0.0,0.0,1.0,37,600,400,200,0.6666666666666666,8,4,4,332.810516518972,0.7284159159159159,0.08934459602823708,0.20665822982265009,133528.8802804708,1487.9631232686834,135016.84340373948,4647,46,1063.3513513513512,37,0,18,33.012412476129846,0.6537162162162162,41.61184210526315,1033.5526315789464,27.933854907539093,0
4705,4,0,0,37,0.0,0.0,1.0,37,1100,800,300,0.7272727272727273,14,8,6,348.1551660710551,0.7281031031031031,0.05946595847131397,0.21136507062933554,132687.90486009675,1855.6553017886624,134543.56016188543,4648,47,1064.3513513513512,36,1,16,33.45925784238713,0.6472800925925926,42.42680180180181,1030.292792792794,28.61924424424428,5
4706,4,0,0,37,0.0,0.0,1.0,37,1400,1200,200,0.8571428571428571,16,12,4,345.2873414196973,0.7288538538538538,0.059545671955547386,0.21043677252702464,132832.97444403867,1773.1089197305444,134606.08336376923,4649,48,1065.3513513513512,36,1,17,33.38749908965115,0.6487268518518519,42.28603603603604,1030.8558558558561,28.634884884884894,0
4707,4,0,0,37,0.0,0.0,1.0,37,1100,1000,100,0.9090909090909091,12,10,2,346.0989454931145,0.7282282282282282,0.06253578321715425,0.21158705893364121,132949.08717839475,1802.7077753429219,134751.79495373767,4650,49,1066.3513513513512,36,1,17,33.250072796098124,0.6498842592592593,42.17342342342343,1031.3063063063073,28.647397397397427,0
4708,4,0,0,37,0.0,0.0,1.0,37,1200,1000,200,0.8333333333333334,14,10,4,345.76623700584963,0.7271646646646647,0.0647964345443337,0.2122073697042601,133094.29943034265,1803.903016191883,134898.20244653453,4651,50,1067.3513513513512,36,1,17,33.113017934446525,0.6513310185185185,42.032657657657666,1031.8693693693704,28.663038038038067,0
4709,4,0,0,37,0.0,0.0,1.0,37,800,700,100,0.875,9,7,2,346.3522753281432,0.7257257257257257,0.06465254124828568,0.21289863201760117,133152.40652392263,1823.527792995704,134975.93431691834,4652,51,1068.3513513513512,36,1,17,33.03964357155846,0.6519097222222222,41.976351351351354,1032.094594594595,28.669294294294307,0
4710,4,0,0,37,0.0,0.0,1.0,37,800,700,100,0.875,9,7,2,348.8565190645883,0.7267892892892893,0.05992705916345065,0.21477284823808465,133210.5262991031,1894.272101493381,135104.79840059648,4653,52,1069.3513513513512,36,1,17,32.916757572451914,0.6524884259259259,41.92004504504504,1032.3198198198195,28.67555055055054,0
4711,4,1,0,38,0.02631578947368421,0.0,1.0,38,900,400,500,0.4444444444444444,14,4,10,340.86734541666056,0.7384127548601233,0.062146371978976545,0.21117639683505524,133443.89770169658,1497.3334343259392,134941.2311360225,4654,0,1042.1842105263158,37,1,18,32.88927358590682,0.6528716216216216,41.69407894736842,1033.2236842105256,27.924964438122313,0
4712,4,0,0,38,0.0,0.0,1.0,38,1100,800,300,0.7272727272727273,14,8,6,340.14047866805436,0.7379089615931721,0.06303056027164744,0.21088709677419362,133472.2222222221,1479.8611111111054,134952.0833333332,4655,1,1043.1842105263158,37,1,18,32.87970430107528,0.6531531531531531,41.666666666666664,1033.3333333333326,27.927927927927907,0
4713,4,0,0,38,0.0,0.0,1.0,38,1550,1300,250,0.8387096774193549,18,13,5,340.79768433813274,0.7366050260787103,0.059424010716079945,0.2122669856874895,133642.2324657587,1508.9926708217981,135151.2251365805,4656,2,1044.1842105263158,37,1,19,32.69264757864972,0.6548423423423423,41.502192982456144,1033.9912280701756,27.945708866761503,0
4714,4,0,0,38,0.0,0.0,1.0,38,900,600,300,0.6666666666666666,12,6,6,339.869651757348,0.7354788999525842,0.05553819889983602,0.21233975461449145,133755.63274276705,1491.8960641735919,135247.52880694065,4657,3,1045.1842105263158,37,1,13,32.60326125362164,0.6559684684684685,41.39254385964912,1034.4298245614036,27.95756282598388,0
4715,4,0,0,38,0.0,0.0,1.0,38,1100,900,200,0.8181818181818182,13,9,4,337.50609199953226,0.7335822664770033,0.059284415743745766,0.21151278195827275,133869.08111149597,1436.326081101886,135305.40719259786,4658,4,1046.1842105263158,37,1,13,32.551034823762095,0.6570945945945945,41.28289473684211,1034.8684210526324,27.96941678520628,0
4716,4,0,0,38,0.0,0.0,1.0,38,600,300,300,0.5,9,3,6,335.56308165594527,0.7333155523944997,0.054518644880392486,0.21078183991442312,133954.19894823412,1390.0167599646052,135344.21570819872,4659,5,1047.1842105263158,37,1,14,32.51630741799951,0.6579391891891891,41.20065789473684,1035.197368421053,27.978307254623054,0
4717,4,0,1,37,0.0,0.02631578947368421,0.9736842105263158,38,850,600,250,0.7058823529411765,11,6,5,332.6946770187595,0.7319227121858701,0.0527931622407698,0.2097886461361285,134096.12212411524,1322.6132079101362,135418.73533202536,4660,6,1048.1842105263158,37,1,15,32.448920177853054,0.6593468468468467,41.063596491228076,1035.7456140350887,27.993124703651045,0
4718,4,0,0,37,0.0,0.0,1.0,37,1100,700,400,0.6363636363636364,15,7,8,338.79028289433484,0.7195945945945946,0.06764985951588831,0.21339146859563726,134054.68813408012,1683.285143251372,135737.9732773315,4661,60,1077.3513513513512,36,1,15,32.33244526605771,0.6608796296296295,41.10360360360361,1035.5855855855864,28.76626626626629,0
4719,4,0,0,37,0.0,0.0,1.0,37,950,700,250,0.7368421052631579,12,7,5,332.9440562173988,0.7195945945945946,0.06545340889656881,0.2048164576703809,133181.4648263128,1468.3954224494794,134649.86024876227,4662,61,1078.3513513513512,36,1,16,33.3565168375882,0.6521990740740742,41.9481981981982,1032.2072072072071,28.67242242242242,2
4720,4,0,0,37,0.0,0.0,1.0,37,850,600,250,0.7058823529411765,11,6,5,330.8046201808979,0.718531031031031,0.06938184776553236,0.20397764374167135,133268.65875588427,1417.177608351597,134685.83636423587,4663,62,1079.3513513513512,36,1,17,33.32447195259389,0.6530671296296295,41.86373873873874,1032.545045045045,28.681806806806808,0
4721,4,0,0,37,0.0,0.0,1.0,37,550,400,150,0.7272727272727273,7,4,3,329.7483972319771,0.7177177177177178,0.06538359515458736,0.2034853837562065,133297.729739875,1390.942547277004,134688.672287152,4664,63,1080.3513513513512,36,1,17,33.32265539803707,0.6533564814814815,41.835585585585584,1032.6576576576576,28.684934934934933,0
4722,4,0,0,37,0.0,0.0,1.0,37,750,500,250,0.6666666666666666,10,5,5,329.8884676984827,0.7167167167167167,0.06436746384413206,0.20389063515704073,133355.8812190569,1398.5134627871128,134754.39468184402,4665,64,1081.3513513513512,36,1,18,33.26087549062365,0.6539351851851851,41.77927927927928,1032.882882882883,28.691191191191194,0
4723,4,1,0,38,0.02631578947368421,0.0,1.0,38,1200,800,400,0.6666666666666666,16,8,8,323.3079096228096,0.7225580844001896,0.06670461140127659,0.2016825531456575,133698.9265927978,1045.184095106184,134744.11068790397,4666,0,1053.8684210526317,37,1,21,33.08815733672602,0.6554054054054055,41.44736842105263,1034.2105263157894,27.951635846372685,0
4724,4,0,0,38,0.0,0.0,1.0,38,800,400,400,0.5,12,4,8,320.5560371930892,0.7214615931721194,0.06384124062142549,0.20042718428872083,133783.99032635038,977.0531557786901,134761.04348212908,4667,1,1054.8684210526317,37,1,14,33.07443472884649,0.65625,41.36513157894736,1034.5394736842102,27.960526315789465,0
4725,4,0,0,38,0.0,0.0,1.0,38,800,500,300,0.625,11,5,6,320.37881852280407,0.72116524419156,0.06493607907007859,0.20047045965392432,133812.3509156664,974.128578024013,134786.47949369042,4668,2,1055.8684210526317,37,1,14,33.050727709481414,0.6565315315315314,41.33771929824562,1034.6491228070179,27.963489805595078,0
4726,4,0,0,38,0.0,0.0,1.0,38,550,300,250,0.5454545454545454,8,3,5,320.11919090021036,0.7201872925557136,0.06419335232880297,0.2007710991964841,133897.45071800944,972.628717489994,134870.07943549944,4669,3,1056.8684210526317,37,1,15,32.97257389553975,0.6573761261261261,41.25548245614035,1034.978070175439,27.97238027501186,0
4727,4,0,0,38,0.0,0.0,1.0,38,1200,900,300,0.75,15,9,6,320.0105021198724,0.7204243717401613,0.06426337531149073,0.2010125848645187,133954.19894823415,973.35009329794,134927.5490415321,4670,4,1057.8684210526317,37,1,15,32.91880715319704,0.6579391891891893,41.20065789473684,1035.1973684210532,27.978307254623058,0
4728,4,0,0,38,0.0,0.0,1.0,38,1000,800,200,0.8,12,8,4,319.29628738639224,0.7200391180654339,0.06330948081767351,0.20102894253847226,134039.3438365649,959.6529701446387,134998.99680670953,4671,5,1058.8684210526317,37,1,16,32.852428349569394,0.6587837837837839,41.11842105263157,1035.526315789472,27.98719772403978,0
4729,4,0,0,38,0.0,0.0,1.0,38,1050,500,550,0.47619047619047616,16,5,11,321.1677136543811,0.7195945945945946,0.05713497947429702,0.20299088470369528,134181.312098434,1018.9410443597915,135200.25314279378,4672,6,1059.8684210526317,37,1,16,32.66251719758707,0.6601914414414415,40.9813596491228,1036.0745614035077,28.002015173067775,0
4730,4,0,0,38,0.0,0.0,1.0,38,850,500,350,0.5882352941176471,12,5,7,320.8907818357099,0.718794452347084,0.0610508497226987,0.20328818162943224,134266.5291243459,1016.9783010156916,135283.50742536157,4673,7,1060.8684210526317,37,1,17,32.58481450134012,0.6610360360360361,40.89912280701754,1036.4035087719294,28.01090564248458,0
4731,4,0,0,38,0.0,0.0,1.0,38,550,500,50,0.9090909090909091,6,5,1,327.5146404747918,0.7183499288762447,0.05878940675129973,0.20493555354908066,133812.3509156664,1165.1008002462352,134977.45171591264,4674,8,1061.8684210526317,37,1,17,32.86615091140314,0.6565315315315314,41.33771929824562,1034.6491228070179,27.963489805595078,1
4732,4,0,0,38,0.0,0.0,1.0,38,1300,1100,200,0.8461538461538461,15,11,4,336.4505525979605,0.7184684684684685,0.03567500841656357,0.20178428282409674,132228.78674207462,1297.6896737457903,133526.47641582042,4675,9,1062.8684210526317,37,1,20,34.22174840085288,0.6407657657657657,42.87280701754387,1028.5087719298258,27.797534376481778,4
4733,4,0,0,38,0.0,0.0,1.0,38,800,600,200,0.75,10,6,4,349.0320833316752,0.7185573731626363,0.08568334908651476,0.1955913547230625,129613.56122470861,1491.2490153071922,131104.8102400158,4676,10,1063.8684210526317,35,3,17,36.54286959157385,0.6184523809523809,45.42824074074075,1018.287037037038,29.09391534391537,8
4734,4,0,0,38,0.0,0.0,1.0,38,800,500,300,0.625,11,5,6,350.40837065753306,0.7176683262209578,0.08831126896997077,0.19695367040406192,129731.44531250013,1491.7968750000146,131223.24218750015,4677,11,1064.8684210526317,35,3,19,36.38803680981595,0.6196428571428569,45.31250000000001,1018.750000000001,29.107142857142886,0
4735,4,0,0,38,0.0,0.0,1.0,38,700,300,400,0.42857142857142855,11,3,8,353.0102824107797,0.7183499288762447,0.09098000537971829,0.19886471763447988,129819.8935426314,1565.551456404347,131385.44499903574,4678,12,1065.8684210526317,35,3,19,36.23189948892676,0.6205357142857142,45.22569444444446,1019.097222222224,29.117063492063544,0
4736,4,0,0,38,0.0,0.0,1.0,38,950,700,250,0.7368421052631579,12,7,5,351.43977869115395,0.7184684684684685,0.08754099123194625,0.19833122672770154,129889.23890106361,1529.6490747504715,131418.88797581408,4679,13,1066.8684210526317,36,2,19,36.20148401826486,0.6192129629629628,45.15765765765768,1019.3693693693725,28.315815815815903,0
4737,4,0,0,38,0.0,0.0,1.0,38,1150,500,650,0.43478260869565216,18,5,13,352.42780852620734,0.718735182550972,0.08477788241312267,0.1991811097625651,129946.64216581495,1559.36206476752,131506.00423058248,4680,14,1067.8684210526317,36,2,20,36.11801413739783,0.6197916666666665,45.101351351351376,1019.5945945945986,28.32207207207218,0
4738,4,1,0,39,0.02564102564102564,0.0,1.0,39,600,400,200,0.6666666666666666,8,4,4,348.6880466472301,0.733187134502924,0.09754055468341183,0.19867109634551508,130262.58680555577,1284.2013888889123,131546.78819444467,4681,0,1041.4615384615386,38,1,21,35.892857142857146,0.6192434210526314,44.79166666666668,1020.8333333333351,26.864035087719344,0
4739,4,0,0,39,0.0,0.0,1.0,39,850,700,150,0.8235294117647058,10,7,3,347.98583600053007,0.7342555105713001,0.09761682639301172,0.1990057712815137,130406.32482144305,1275.9107925493051,131682.23561399235,4682,1,1042.4615384615386,36,3,21,35.76511392870267,0.6244212962962963,44.6509009009009,1021.3963963963962,28.372122122122118,0
4740,4,0,0,39,0.0,0.0,1.0,39,800,600,200,0.75,10,6,4,350.4798759199966,0.7336369770580298,0.09474544123425166,0.20058062804228957,130435.08193582103,1342.9742664962341,131778.05620231727,4683,2,1043.4615384615386,36,3,21,35.67228897953184,0.6247106481481481,44.62274774774775,1021.5090090090096,28.375250250250264,0
4741,4,2,1,40,0.04878048780487805,0.024390243902439025,0.975609756097561,41,600,500,100,0.8333333333333334,7,5,2,336.8833855847956,0.7607723577235772,0.08555300084789152,0.1952211706301728,130917.78897518071,620.8055966469342,131538.59457182765,4684,0,993.5121951219512,38,3,19,35.53150120054286,0.6258223684210527,44.15064102564102,1023.3974358974351,26.931511470985136,0
4742,4,0,0,40,0.0,0.0,1.0,40,1000,700,300,0.7,13,7,6,346.11888782963695,0.749465811965812,0.09150241028387773,0.20080918694155775,130963.11034404831,1065.7612197984151,132028.87156384674,4685,1,1019.35,37,3,21,35.24939742903054,0.6280968468468467,44.106359649122815,1023.57456140351,27.66417733523,0
4743,4,1,0,41,0.024390243902439025,0.0,1.0,41,1800,1400,400,0.7777777777777778,22,14,8,338.60802425005005,0.7523373983739837,0.09407590974305458,0.19861888498983477,131384.32618690358,698.0653903123921,132082.39157721598,4686,0,995.4634146341464,37,4,22,35.016488413547236,0.6323198198198199,43.695175438596486,1025.2192982456133,27.708629682313873,0
4744,4,0,0,41,0.0,0.0,1.0,41,700,500,200,0.7142857142857143,9,5,4,341.632325774248,0.7521341463414634,0.11402611977585275,0.18984227139784404,129282.86540516112,708.8490160149472,129991.71442117608,4687,1,996.4634146341464,38,3,19,37.0673127429352,0.609375,45.75320512820513,1016.9871794871799,26.762820512820525,7
4745,4,2,3,40,0.046511627906976744,0.06976744186046512,0.9302325581395349,43,1000,700,300,0.7,13,7,6,324.55432738328415,0.7711794019933554,0.10178014455888262,0.18218694801772456,129680.91699932306,-182.29944176742706,129498.61755755564,4688,0,951.0697674418604,41,2,16,37.0977200415571,0.6084857723577235,45.362103174603185,1018.5515873015888,24.842721641502166,0
4746,4,1,1,40,0.024390243902439025,0.024390243902439025,0.975609756097561,41,850,400,450,0.47058823529411764,13,4,9,337.05993754952846,0.7492886178861788,0.10416453494321076,0.18855676987244113,129545.80213758702,532.9399956597466,130078.74213324676,4689,0,998.3414634146342,39,2,17,36.91644070398037,0.610309829059829,45.49479166666668,1018.0208333333351,26.103098290598336,0
4747,4,1,1,40,0.024390243902439025,0.024390243902439025,0.975609756097561,41,1150,900,250,0.782608695652174,14,9,5,343.1878489168131,0.7485264227642277,0.10729912266923969,0.19328766413086845,129811.04736328138,709.9148220486254,130520.96218533,4690,0,999.3170731707318,39,2,18,36.49112831783025,0.6129807692307692,45.23437500000001,1019.062500000001,26.12980769230772,0
4748,4,1,0,41,0.024390243902439025,0.0,1.0,41,1000,800,200,0.8,12,8,4,351.43804747656634,0.7517784552845529,0.13254365363014364,0.19928389107921352,130076.563856337,942.7707248264082,131019.3345811634,4691,0,1000.2926829268292,39,2,19,36.011372919432254,0.6156517094017093,44.97395833333334,1020.1041666666682,26.156517094017133,0
4749,4,0,0,41,0.0,0.0,1.0,41,1200,800,400,0.6666666666666666,16,8,8,347.4879129726317,0.7519308943089431,0.12597684208953952,0.1975820710036493,130182.84640842036,847.3931206597459,131030.2395290801,4692,1,1001.2926829268292,39,2,19,36.004325303664395,0.6167200854700854,44.86979166666668,1020.5208333333351,26.167200854700898,0
4750,4,0,0,41,0.0,0.0,1.0,41,1200,800,400,0.6666666666666666,16,8,8,346.8106437200798,0.7505589430894309,0.12786741847875893,0.1980286649273514,130346.55044100097,841.1630411520719,131187.71348215305,4693,2,1002.2926829268292,37,4,19,35.855681126740386,0.6219031531531531,44.7094298245614,1021.1622807017535,27.598980559506852,0
4751,4,0,0,41,0.0,0.0,1.0,41,550,300,250,0.5454545454545454,8,3,5,346.1212481306894,0.7505589430894309,0.09737622161784731,0.18505839454849304,127745.77100326677,646.7871629666159,128392.55816623339,4694,3,1003.2926829268292,36,5,17,38.52159221714752,0.5975115740740742,47.26914414414414,1010.9234234234234,28.081206206206204,5
4752,4,2,1,42,0.046511627906976744,0.023255813953488372,0.9767441860465116,43,850,600,250,0.7058823529411765,11,6,5,332.63411701527644,0.7663805832410483,0.11093634787335538,0.18049746772390873,128338.8894299206,-61.39996872599278,128277.48946119461,4695,0,957.5813953488372,37,6,19,38.25693016628793,0.601632882882883,46.68311403508771,1013.267543859648,27.385609293504,0
4753,4,0,1,41,0.0,0.023809523809523808,0.9761904761904762,42,1150,900,250,0.782608695652174,14,9,5,341.1103877424337,0.7571622144792877,0.11535244447973758,0.18472534242884942,128258.5768834713,350.06657840272345,128608.64346187402,4696,1,981.3809523809524,36,6,19,38.12418936446173,0.6027199074074074,46.762387387387385,1012.9504504504503,28.137512512512508,0
4754,4,0,0,41,0.0,0.0,1.0,41,1000,700,300,0.7,13,7,6,343.9498048979752,0.7577235772357723,0.11075134100240236,0.18613023737980688,128230.06071950332,620.9408733057394,128851.00159280906,4697,2,990.2682926829268,36,5,20,38.08140612260024,0.6024305555555556,46.79054054054054,1012.8378378378382,28.134384384384393,0
4755,4,0,0,41,0.0,0.0,1.0,41,1000,700,300,0.7,13,7,6,347.7612100310651,0.7576727642276423,0.08999289815080846,0.18873072182506173,128344.14439777611,733.9529563347073,129078.09735411081,4698,3,991.2682926829268,36,5,23,37.868368896791864,0.603587962962963,46.677927927927925,1013.288288288288,28.146896896896887,3
4756,4,1,1,41,0.023809523809523808,0.023809523809523808,0.9761904761904762,42,850,600,250,0.7058823529411765,11,6,5,341.2956833380164,0.7620741385985288,0.08326562139496652,0.18643620354494375,128604.67916757961,378.4443713930734,128983.12353897268,4699,0,968.6428571428571,38,4,18,37.76639632048314,0.6025219298245614,46.42094017094016,1014.3162393162377,26.6925326135852,0
4757,4,1,1,41,0.023809523809523808,0.023809523809523808,0.9761904761904762,42,1100,700,400,0.6363636363636364,15,7,8,341.5246399788613,0.7646631823461092,0.0823754789272031,0.1873770322046184,128778.12499999999,396.1805555555545,129174.30555555553,4700,0,969.6190476190476,39,3,18,37.58381226053639,0.6025641025641026,46.25,1014.9999999999999,26.025641025641022,0
4758,4,1,0,42,0.023809523809523808,0.0,1.0,42,1150,600,550,0.5217391304347826,17,6,11,339.84068222517317,0.76698606271777,0.09232782530567674,0.1874505844490886,128989.67013888877,367.18749999999454,129356.85763888877,4701,0,970.5952380952381,39,3,19,37.411129340989916,0.6047008547008548,46.041666666666664,1015.8333333333323,26.04700854700852,0
4759,4,2,1,43,0.045454545454545456,0.022727272727272728,0.9772727272727273,44,1250,800,450,0.64,17,8,9,327.1100373771857,0.7789816772374912,0.09740193249306439,0.18212979618161895,129360.29188368065,-336.64279513888476,129023.64908854176,4702,0,927.4318181818181,39,5,20,37.3579254556625,0.608440170940171,45.677083333333336,1017.2916666666674,26.084401709401728,0
4760,4,0,0,43,0.0,0.0,1.0,43,1250,1000,250,0.8,15,10,5,333.10985901931446,0.7733019564414912,0.09731152729377324,0.18561762360684217,129391.54071015053,20.319576850029307,129411.86028700056,4703,1,950.0,38,5,21,37.17359725576675,0.6104714912280702,45.64636752136752,1017.4145299145302,26.774066576698164,0
4761,4,0,0,43,0.0,0.0,1.0,43,900,600,300,0.6666666666666666,12,6,6,332.0493543930048,0.7736710963455149,0.09718898645282947,0.1851544526486521,129418.71667031918,-5.319736649865149,129413.39693366931,4704,2,951.0,38,5,21,37.172975290494186,0.6107456140350876,45.61965811965812,1017.521367521367,26.776878092667552,0
4762,4,2,0,45,0.044444444444444446,0.0,1.0,45,1100,700,400,0.6363636363636364,15,7,8,319.17139041754496,0.7915824915824916,0.11110003875325303,0.18064776665764576,130003.35784131452,-701.3295037676114,129302.0283375469,4705,0,909.6888888888889,40,5,20,36.90832087693076,0.61328125,45.04573170731707,1019.8170731707303,25.495426829268258,0
4763,4,0,0,45,0.0,0.0,1.0,45,1000,800,200,0.8,12,8,4,319.38446614560235,0.7910353535353536,0.11541475725576178,0.18112888537681107,130081.09941998808,-690.8235012228189,129390.27591876526,4706,1,910.6888888888889,40,5,22,36.82423457528059,0.6140625000000001,44.96951219512195,1020.121951219512,25.5030487804878,0
4764,4,2,0,47,0.0425531914893617,0.0,1.0,47,1300,1000,300,0.7692307692307693,16,10,6,313.25388509111343,0.8031529448041936,0.14888943780918518,0.1792352121697267,130426.23325525953,-1210.5955908134988,129215.63766444604,4707,0,872.8936170212766,38,9,20,36.63188996966845,0.620888157894737,44.63141025641025,1021.4743589743576,26.880904183535726,1
4765,4,2,1,48,0.04081632653061224,0.02040816326530612,0.9795918367346939,49,900,500,400,0.5555555555555556,13,5,8,300.81244123196285,0.8139880952380952,0.15541258219616805,0.17405630220249424,130859.79327781076,-1927.1492249983542,128932.64405281241,4708,0,838.2244897959183,40,9,15,36.512754933121435,0.6218750000000001,44.20731707317073,1023.1707317073165,25.57926829268291,0
4766,4,1,2,47,0.02040816326530612,0.04081632653061224,0.9591836734693877,49,1350,900,450,0.6666666666666666,18,9,9,300.1092688638627,0.816999716553288,0.16050153182798232,0.1741186956219368,130963.79469892246,-1939.3102650538792,129024.48443386858,4709,0,839.204081632653,40,9,16,36.42606566057721,0.6229166666666668,44.105691056910565,1023.5772357723566,25.589430894308915,0
4767,4,3,3,47,0.06,0.06,0.94,50,1550,1300,250,0.8387096774193549,18,13,5,293.4761054927623,0.8256122448979591,0.15869918699187013,0.17189314750290374,131328.12500000012,-2291.1606021547886,129036.96439784532,4710,0,823.22,40,10,17,36.22967479674797,0.6265624999999999,43.75000000000001,1025.000000000001,25.62500000000002,0
4768,4,0,1,46,0.0,0.02127659574468085,0.9787234042553191,47,1350,1000,350,0.7407407407407407,17,10,7,323.6812712070127,0.8074699352451433,0.17380422319679822,0.18224745954973373,129799.4797373805,-992.927601541372,128806.55213583913,4711,1,876.6595744680851,38,9,16,36.99980778639827,0.6145833333333333,45.2457264957265,1019.017094017095,26.816239316239344,5
4769,4,0,0,46,0.0,0.0,1.0,46,1050,800,250,0.7619047619047619,13,8,5,328.81064849856625,0.8006441223832529,0.17670626508272957,0.1851902460714723,129811.04736328126,-663.3490668402783,129147.69829644098,4712,2,896.5869565217391,39,7,18,36.85740996286074,0.6129807692307692,45.234375,1019.0625000000001,26.129807692307697,0
4770,4,1,0,47,0.02127659574468085,0.0,1.0,47,1000,800,200,0.8,12,8,4,322.12784439436564,0.8061208757323466,0.19751663591238522,0.18329348109079963,130210.72035701305,-1011.1002668715689,129199.62009014148,4713,0,878.4893617021277,40,7,19,36.623145474459825,0.6153645833333332,44.84247967479675,1020.6300813008132,25.515752032520332,0
4771,4,0,0,47,0.0,0.0,1.0,47,1200,800,400,0.6666666666666666,16,8,8,320.3437512437695,0.8073928461301264,0.19152943062066807,0.1829059482907974,130344.39718934907,-1048.976714456856,129295.4204748922,4714,1,879.4893617021277,38,9,19,36.53353211969032,0.6200657894736842,44.71153846153846,1021.1538461538457,26.87246963562752,0
4772,4,2,1,48,0.04081632653061224,0.02040816326530612,0.9795918367346939,49,1100,700,400,0.6363636363636364,15,7,8,308.51475308144296,0.8189129818594104,0.19795533192913628,0.17839276388689743,130833.79937743726,-1727.1685380725871,129106.63083936468,4715,0,844.5510204081633,40,9,17,36.34192576404757,0.6216145833333333,44.23272357723577,1023.0691056910559,25.5767276422764,0
4773,4,0,0,48,0.0,0.0,1.0,48,1400,900,500,0.6428571428571429,19,9,10,314.5528011053921,0.8109855200945626,0.1965196370620561,0.1817616817409233,130807.80805902605,-1370.807513715351,129437.0005453107,4716,1,863.1458333333334,40,8,18,36.213697927015026,0.6213541666666667,44.25813008130083,1022.9674796747995,25.574186991869986,0
4774,4,0,0,48,0.0,0.0,1.0,48,1300,800,500,0.6153846153846154,18,8,10,315.6542431460677,0.8114657210401891,0.19446030721355956,0.1827672555628387,130885.78976014645,-1337.0690189370996,129548.72074120936,4717,2,864.1458333333334,40,8,20,36.106904028867504,0.6221354166666665,44.18191056910571,1023.2723577235802,25.581808943089506,0
4775,4,0,0,48,0.0,0.0,1.0,48,1300,1100,200,0.8461538461538461,15,11,4,313.75814141552786,0.8106346040189125,0.18860254919065556,0.1819585578967964,130947.07739866803,-1382.85767431971,129564.21972434832,4718,3,865.1458333333334,41,7,20,36.09364398565474,0.6211890243902438,44.12202380952382,1023.5119047619066,24.963704994192845,0
4776,4,1,2,47,0.02040816326530612,0.04081632653061224,0.9591836734693877,49,1750,1500,250,0.8571428571428571,20,15,5,310.13382085790295,0.8156179138321996,0.18930530411521507,0.18117983545588212,131228.82207349333,-1660.3008007331164,129568.5212727602,4719,0,848.469387755102,42,7,21,35.90272523800518,0.6225198412698412,43.84689922480621,1024.6124031007762,24.395533407161338,0
4777,4,1,0,48,0.020833333333333332,0.0,1.0,48,1450,800,650,0.5517241379310345,21,8,13,316.29189317854457,0.8116688829787234,0.19094465956760232,0.18501105642889976,131277.2866669818,-1295.6116937515526,129981.67497323024,4720,0,866.625,41,7,22,35.69619232010326,0.624491869918699,43.799603174603185,1024.8015873015888,24.99516066589241,0
4778,4,0,0,48,0.0,0.0,1.0,48,1350,1000,350,0.7407407407407407,17,10,7,319.25441205631523,0.8111517434988179,0.19495257452574544,0.18699186991869934,131328.1250000003,-1214.5833333333042,130113.54166666699,4721,1,867.625,41,7,22,35.569105691056905,0.6249999999999998,43.750000000000014,1025.0000000000023,25.000000000000057,0
4779,4,0,0,48,0.0,0.0,1.0,48,1550,1200,350,0.7741935483870968,19,12,7,316.41762655491465,0.8105976654846335,0.1903274414194771,0.185848157267696,131434.91753472242,-1282.3350694444257,130152.582465278,4722,2,868.625,39,9,23,35.534335635920364,0.6292735042735043,43.64583333333334,1025.4166666666683,26.292735042735085,0
4780,4,0,0,48,0.0,0.0,1.0,48,1050,700,350,0.6666666666666666,14,7,7,317.4258350071911,0.8107823581560284,0.1905553862820777,0.18670100188057373,131488.33007812503,-1252.4414062499986,130235.88867187503,4723,3,869.625,39,9,23,35.45475319926874,0.6298076923076923,43.59375,1025.6250000000002,26.29807692307693,0
4781,4,0,0,48,0.0,0.0,1.0,48,1150,800,350,0.6956521739130435,15,8,7,316.4318407988315,0.8108008274231678,0.1869456856572218,0.18624652339187658,131515.0404188369,-1276.890733506938,130238.14968532996,4724,4,870.625,39,9,23,35.453374124098694,0.6300747863247864,43.567708333333336,1025.7291666666674,26.30074786324788,0
4782,4,1,0,49,0.02040816326530612,0.0,1.0,49,1050,600,450,0.5714285714285714,15,6,9,309.69810325451175,0.81593679138322,0.18239934739107833,0.18401638621947963,131875.56932257582,-1631.6772630378841,130243.89205953793,4725,0,853.8367346938776,40,9,21,35.263925991886794,0.63203125,43.21646341463414,1027.134146341463,25.678353658536576,0
4783,4,0,0,49,0.0,0.0,1.0,49,1400,1000,400,0.7142857142857143,18,10,8,304.3167317186747,0.8155116213151927,0.1773605011624897,0.18144167400585134,132006.0810364201,-1765.6681704012226,130240.41286601889,4726,1,854.8367346938776,40,9,21,35.27121242088605,0.6333333333333333,43.08943089430894,1027.642276422764,25.691056910569102,0
4784,4,0,0,49,0.0,0.0,1.0,49,1050,700,350,0.6666666666666666,14,7,7,308.0255856422469,0.8149447278911565,0.18302373351951018,0.18390618495783256,132058.3037956904,-1664.532726882145,130393.77106880824,4727,2,855.8367346938776,40,9,21,35.12354986487379,0.6338541666666667,43.03861788617886,1027.8455284552845,25.696138211382113,0
4785,4,2,1,50,0.0392156862745098,0.0196078431372549,0.9803921568627451,51,1600,1500,100,0.9375,17,15,2,294.84939150914886,0.8235620915032681,0.18019039198683595,0.17823190649233864,132525.65906281487,-2384.5416616526363,130141.11740116224,4728,0,823.2352941176471,41,10,22,34.99443989465908,0.6369410569105691,42.58432539682539,1029.6626984126979,25.113724351529218,0
4786,4,0,0,50,0.0,0.0,1.0,50,1250,1100,150,0.88,14,11,3,299.38967168176,0.8176020408163265,0.18691016781836134,0.18074001037760598,132476.457672351,-2067.583366382456,130408.87430596855,4729,1,840.7,40,10,22,34.92678512668639,0.6380208333333335,42.632113821138205,1029.4715447154463,25.736788617886155,0
4787,4,0,0,50,0.0,0.0,1.0,50,1150,800,350,0.6956521739130435,15,8,7,297.0096244740914,0.8172959183673469,0.18258934592043152,0.17978174412043965,132576.7385223764,-2124.6865354938436,130452.05198688255,4730,2,841.7,41,9,22,34.887755675432686,0.6374491869918699,42.534722222222214,1029.86111111111,25.11856368563683,0
4788,4,0,0,50,0.0,0.0,1.0,50,1100,800,300,0.7272727272727273,14,8,6,295.6063435271996,0.8162755102040816,0.18355932203389824,0.1792976793917313,132653.37616528082,-2157.3641030486383,130496.01206223218,4731,3,842.7,41,9,12,34.84728107344633,0.6382113821138211,42.460317460317455,1030.1587301587294,25.12582268679828,0
4789,4,0,0,50,0.0,0.0,1.0,50,1150,800,350,0.6956521739130435,15,8,7,295.5087522740505,0.8153741496598639,0.18630667051689276,0.17985005432777415,132781.15477961992,-2152.401325113404,130628.75345450651,4732,4,843.7,41,9,12,34.72212195591489,0.6394817073170733,42.33630952380951,1030.6547619047599,25.137921022067314,0
4790,4,1,1,50,0.0196078431372549,0.0196078431372549,0.9803921568627451,51,600,400,200,0.6666666666666666,8,4,4,291.3508756974959,0.8200653594771242,0.19257564958922502,0.17858450049229901,133047.01232084882,-2447.327290277046,130599.68503057178,4733,0,828.1372549019608,42,9,14,34.56392254469179,0.6406250000000002,42.07848837209301,1031.6860465116258,24.563953488372043,0
4791,4,0,0,50,0.0,0.0,1.0,50,1050,800,250,0.7619047619047619,13,8,5,294.59339584512895,0.8158843537414966,0.19020013154185866,0.18008946076850674,132947.06152161807,-2166.9347357430665,130780.126785875,4734,1,845.6,42,8,14,34.58004478687086,0.6396329365079365,42.17538759689921,1031.2984496124013,24.55472499077146,0
4792,4,0,0,50,0.0,0.0,1.0,50,650,500,150,0.7692307692307693,8,5,3,293.31341264397525,0.8149489795918368,0.1854260216063881,0.17954693948218006,132997.03222650354,-2198.0373212247173,130798.99490527881,4735,2,846.6,42,8,14,34.56317519962423,0.6401289682539684,42.12693798449611,1031.4922480620132,24.559339239571745,0
4793,4,0,1,49,0.0,0.02,0.98,50,1250,700,550,0.56,18,7,11,297.1851241681295,0.8143877551020408,0.18702788994271757,0.18240486381938956,133097.00180465405,-2089.1101984556335,131007.89160619842,4736,3,847.6,42,8,15,34.36355526340502,0.6411210317460319,42.030038759689916,1031.8798449612393,24.568567737172366,0
4794,4,0,0,49,0.0,0.0,1.0,49,1100,800,300,0.7272727272727273,14,8,6,302.10027343117184,0.8086026077097506,0.18344347506094838,0.18529744881884305,133072.00588906906,-1759.7821269755536,131312.2237620935,4737,4,865.5714285714286,42,7,15,34.26171581517655,0.640873015873016,42.05426356589147,1031.7829457364332,24.56626061277222,0
4795,4,0,0,49,0.0,0.0,1.0,49,1050,800,250,0.7619047619047619,13,8,5,305.0999634245131,0.808000283446712,0.19596740517119193,0.18789219712859875,133222.01659305315,-1670.793522023934,131551.2230710292,4738,5,866.5714285714286,42,7,16,34.03455666103497,0.6423611111111112,41.90891472868216,1032.36434108527,24.580103359173098,0
4796,4,0,0,49,0.0,0.0,1.0,49,500,200,300,0.4,8,2,6,305.5157718102695,0.8080357142857143,0.19415426863247887,0.188528174880257,133297.05363447196,-1655.129555765889,131641.92407870607,4739,6,867.5714285714286,42,7,16,33.948930280566756,0.6431051587301587,41.836240310077514,1032.655038759689,24.587024732373546,0
4797,4,1,1,49,0.02,0.02,0.98,50,1200,700,500,0.5833333333333334,17,7,10,300.8399542055705,0.8141326530612245,0.1974143391880221,0.18690825777387232,133549.11821499432,-1964.387836637041,131584.7303783573,4740,0,851.2,41,9,16,33.81832469526827,0.6471036585365854,41.592261904761905,1033.6309523809523,25.21051103368176,0
4798,4,0,0,49,0.0,0.0,1.0,49,1300,1100,200,0.8461538461538461,15,11,4,309.4691627558678,0.8065830498866213,0.1949801255670882,0.19227922140439418,133550.99400365198,-1534.0171400951754,132016.9768635568,4741,8,869.5714285714286,40,9,17,33.59346835774916,0.6486979166666667,41.59044715447155,1033.6382113821144,25.84095528455286,0
4799,4,0,0,49,0.0,0.0,1.0,49,1300,1000,300,0.7692307692307693,16,10,6,307.8701603478122,0.8066893424036281,0.19140315179905576,0.19154119050654023,133600.39451255035,-1573.6850237780354,132026.70948877232,4742,9,870.5714285714286,41,8,18,33.5855284201772,0.6476117886178863,41.54265873015873,1033.8293650793648,25.215350367789387,0
4800,4,1,1,49,0.02,0.02,0.98,50,1600,1400,200,0.875,18,14,4,304.81676326886105,0.810017006802721,0.20135529764133353,0.19156837051555925,133973.33769004248,-1832.5361681990385,132140.80152184344,4743,0,854.14,42,8,14,33.29296923748909,0.6498015873015873,41.18217054263565,1035.271317829456,24.649317091177522,0
4801,4,0,0,49,0.0,0.0,1.0,49,1300,800,500,0.6153846153846154,18,8,10,311.00652106238243,0.8096655328798186,0.203734048363871,0.19572530530462998,134023.5008788533,-1463.5634502133462,132559.93742863994,4744,1,869.6734693877551,42,7,16,33.08281084284733,0.6502976190476191,41.13372093023255,1035.4651162790685,24.653931339977824,0
4802,4,0,0,49,0.0,0.0,1.0,49,1400,1100,300,0.7857142857142857,17,11,6,308.24900056518965,0.8090277777777778,0.19965420243279652,0.1950541308901857,134224.24752869416,-1525.10196953308,132699.1455591611,4745,2,870.6734693877551,42,7,16,32.954421482451224,0.652281746031746,40.939922480620154,1036.2403100775193,24.672388335179033,0
4803,4,0,1,48,0.0,0.02040816326530612,0.9795918367346939,49,1550,1200,350,0.7741935483870968,19,12,7,295.41180546462977,0.80906320861678,0.15264383471364762,0.1817467332957893,133185.3395061733,-1930.6989743371073,131254.6405318362,4746,3,871.6734693877551,44,5,13,34.32117868675995,0.6392045454545453,41.944444444444464,1032.2222222222258,23.45959595959604,4
4804,4,0,1,47,0.0,0.020833333333333332,0.9791666666666666,48,1300,900,400,0.6923076923076923,17,9,8,303.0788386129359,0.8030622044917257,0.153678089733003,0.1863088698275461,133154.38767110038,-1528.7445656852433,131625.64310541513,4747,14,890.7708333333334,43,5,13,34.15422286448298,0.6402616279069766,41.97443181818183,1032.102272727274,24.002378435518004,0
4805,4,1,0,48,0.020833333333333332,0.0,1.0,48,1150,900,250,0.782608695652174,14,9,5,298.9377036209874,0.8061650413711584,0.15823671829652008,0.18521915299310612,133447.7599593236,-1621.4866168789945,131826.2733424446,4748,0,890.4791666666666,43,5,14,33.968491277915255,0.6431686046511627,41.69034090909092,1033.2386363636383,24.0288054968288,0
4806,4,0,1,47,0.0,0.020833333333333332,0.9791666666666666,48,1150,1000,150,0.8695652173913043,13,10,3,304.28746934453,0.8052415780141844,0.15071614583333326,0.1857755075998187,132898.76543209908,-1512.1141975308358,131386.65123456824,4749,1,891.4791666666666,44,4,13,34.37836745689656,0.6363636363636362,42.222222222222236,1031.1111111111136,23.43434343434349,1
4807,4,0,0,47,0.0,0.0,1.0,47,1250,800,450,0.64,17,8,9,308.6651300338425,0.799645390070922,0.1476032069298454,0.18813709997471514,132836.93199753226,-1199.5742223369948,131637.35777519527,4750,17,911.4255319148937,43,4,13,34.3273470512585,0.6371124031007751,42.282196969696976,1030.8712121212131,23.97374911909798,0
4808,4,0,1,46,0.0,0.02127659574468085,0.9787234042553191,47,600,400,200,0.6666666666666666,8,4,4,309.2459368478891,0.7992599444958371,0.1480549373464921,0.18886029199869164,132910.15737093985,-1179.614773444643,131730.5425974952,4751,18,912.4255319148937,43,4,13,34.23915954939234,0.6378391472868216,42.211174242424256,1031.1553030303057,23.980355884425716,0
4809,4,0,0,46,0.0,0.0,1.0,46,1150,700,450,0.6086956521739131,16,7,9,310.91672683154525,0.7929951690821256,0.15098104898504405,0.19006816333533277,132947.06152161866,-932.9069579652305,132014.15456365343,4752,27,932.8695652173913,42,4,13,34.15918913840085,0.6396329365079363,42.17538759689924,1031.2984496124059,24.554724990771568,0
4810,4,1,1,46,0.02127659574468085,0.02127659574468085,0.9787234042553191,47,1800,1600,200,0.8888888888888888,20,16,4,306.884225110872,0.8000308356460067,0.14979472690092233,0.18926841575842498,133276.58689164394,-1219.9035812671952,132056.68331037674,4753,0,914.0,43,4,13,33.93403032526291,0.6414728682170541,41.856060606060616,1032.5757575757593,24.01338971106417,0
4811,4,0,0,46,0.0,0.0,1.0,46,500,400,100,0.8,6,4,2,312.4783883268309,0.7920289855072464,0.14938967136150194,0.1919201173979674,133122.0000676044,-880.4503936061252,132241.54967399826,4754,29,934.8695652173913,42,4,13,33.9440532081377,0.6413690476190474,42.005813953488385,1031.9767441860486,24.570874861572584,0
4812,4,0,0,46,0.0,0.0,1.0,46,1750,1200,550,0.6857142857142857,23,12,11,316.5864924616883,0.7908011272141707,0.1521861523962611,0.1953597133853047,133297.0536344721,-759.9906668769863,132537.06296759512,4755,30,935.8695652173913,42,4,13,33.663124393982045,0.6431051587301586,41.83624031007752,1032.6550387596901,24.587024732373575,0
4813,4,0,0,46,0.0,0.0,1.0,46,1250,700,550,0.56,18,7,11,315.92691280656777,0.7919283413848631,0.14593652540818192,0.19600701134857731,133497.25569564622,-764.9248279851068,132732.3308676611,4756,31,936.8695652173913,42,4,15,33.480231286138455,0.6450892857142857,41.64244186046511,1033.4302325581389,24.605481727574734,0
4814,4,0,0,46,0.0,0.0,1.0,46,1050,1000,50,0.9523809523809523,11,10,1,315.3860950786524,0.7913848631239936,0.1410496719775065,0.19633428439260345,133622.45827324086,-771.4669340784759,132850.99133916237,4757,32,937.8695652173913,42,4,15,33.36925960637301,0.6463293650793651,41.52131782945737,1033.914728682171,24.6170173495755,0
4815,4,0,0,46,0.0,0.0,1.0,46,800,500,300,0.625,11,5,6,315.5146567222948,0.7907809983896941,0.1449784666283669,0.19654739649057862,133647.50583085467,-766.4506151973878,132881.05521565728,4758,33,938.8695652173913,42,4,16,33.34094742760754,0.6465773809523809,41.49709302325582,1034.011627906978,24.619324473975666,0
4816,4,0,0,46,0.0,0.0,1.0,46,1100,800,300,0.7272727272727273,14,8,6,319.031077749894,0.7907809983896941,0.15065803720637505,0.19476819841288717,132897.10020619264,-720.3389782765337,132176.7612279161,4759,34,939.8695652173913,42,4,14,33.99997650596748,0.6391369047619047,42.22383720930233,1031.1046511627917,24.55011074197123,1
4817,4,0,0,46,0.0,0.0,1.0,46,1450,1200,250,0.8275862068965517,17,12,5,318.4375662431483,0.7901570048309179,0.14402888747283638,0.1947959456949466,132972.0457003786,-731.3410777597469,132240.70462261885,4760,35,940.8695652173913,42,4,14,33.940287172742075,0.6398809523809523,42.151162790697676,1031.3953488372094,24.557032115171655,0
4818,4,0,1,45,0.0,0.021739130434782608,0.9782608695652174,46,950,600,350,0.631578947368421,13,6,7,320.69139871559577,0.7905797101449276,0.14959331003168552,0.19670057681587952,133072.00588906938,-664.9904603088569,132407.01542876053,4761,36,941.8695652173913,42,4,14,33.782165664913606,0.6408730158730158,42.05426356589148,1031.7829457364357,24.56626061277228,0
4819,4,0,0,45,0.0,0.0,1.0,45,650,500,150,0.7692307692307693,8,5,3,327.6681321142734,0.7859427609427609,0.15799809810772403,0.20079086068687876,133036.89654391867,-281.6097214348532,132755.28682248382,4762,37,962.6222222222223,41,4,14,33.6373489438087,0.6420223577235772,42.08829365079366,1031.646825396827,25.162117692605534,0
4820,4,0,0,45,0.0,0.0,1.0,45,1050,900,150,0.8571428571428571,12,9,3,332.81051072983644,0.7859006734006735,0.15850313981801878,0.2046430587253675,133164.85969387757,-136.26700680271853,133028.59268707485,4763,38,963.6222222222223,41,4,14,33.37658592848905,0.6432926829268292,41.964285714285715,1032.1428571428573,25.174216027874568,0
4821,4,0,0,45,0.0,0.0,1.0,45,950,700,250,0.7368421052631579,12,7,5,333.7762188193894,0.7854797979797981,0.15686877422247858,0.20566069326544628,133241.66710955222,-105.42003259636363,133136.24707695586,4764,39,964.6222222222223,41,4,15,33.27477899490727,0.6440548780487805,41.889880952380956,1032.4404761904768,25.18147502903602,0
4822,4,0,0,45,0.0,0.0,1.0,45,1100,800,300,0.7272727272727273,14,8,6,334.682092783099,0.7854377104377105,0.15432620480642023,0.2069305195996214,133369.7286785084,-72.70801839254852,133297.02066011584,4765,40,965.6222222222223,41,4,16,33.1232392111666,0.6453252032520325,41.76587301587301,1032.9365079365075,25.19357336430506,0
4823,4,1,1,45,0.021739130434782608,0.021739130434782608,0.9782608695652174,46,1950,1500,450,0.7692307692307693,24,15,9,329.16898143141475,0.7913848631239936,0.15366889204970113,0.20568514806570745,133761.16569378367,-393.91593150191136,133367.24976228175,4766,0,945.6086956521739,40,6,14,32.874463765268366,0.6507812499999999,41.38719512195123,1034.4512195121968,25.86128048780492,0
4824,4,1,0,46,0.021739130434782608,0.0,1.0,46,1050,600,450,0.5714285714285714,15,6,9,328.5944075190654,0.7907608695652174,0.16387795695711915,0.20635404654680659,133945.20147564294,-397.271176217842,133547.9302994251,4767,0,946.5869565217391,40,6,15,32.70563354931606,0.6526041666666667,41.20934959349594,1035.1626016260175,25.87906504065044,0
4825,4,0,2,44,0.0,0.043478260869565216,0.9565217391304348,46,800,600,200,0.75,10,6,4,328.4096779490947,0.7909017713365539,0.09855711155726987,0.20675152101523814,134036.6404084781,-396.21401801462594,133640.42639046346,4768,1,947.5869565217391,41,5,17,32.61919588682378,0.6519308943089431,41.12103174603174,1035.515873015872,25.256484707704196,4
4826,4,0,0,44,0.0,0.0,1.0,44,1100,900,200,0.8181818181818182,13,9,4,338.5661794259428,0.7782769556025371,0.10353535353535337,0.21237333073081865,133903.125,267.01388888888926,134170.13888888888,4769,44,990.3863636363636,39,5,17,32.48960010735373,0.6538461538461539,41.25,1035.0,26.53846153846154,0
4827,4,0,0,44,0.0,0.0,1.0,44,1250,800,450,0.64,17,8,9,341.6795891325594,0.7781007751937985,0.10739104990764625,0.21527113277287108,134064.892578125,361.44748263888874,134426.34006076388,4770,45,991.3863636363636,39,5,17,32.24745188761482,0.6554487179487181,41.09375,1035.625,26.55448717948718,0
4828,4,0,0,44,0.0,0.0,1.0,44,1300,900,400,0.6923076923076923,17,9,8,341.3207107643292,0.7778805496828753,0.11008079995612707,0.21567825852998823,134172.79188368042,359.19053819443525,134531.98242187485,4771,46,992.3863636363636,39,5,17,32.14902138213018,0.6565170940170941,40.98958333333333,1036.0416666666656,26.565170940170912,0
4829,4,1,1,44,0.022222222222222223,0.022222222222222223,0.9777777777777777,45,750,400,350,0.5333333333333333,11,4,7,337.17999401100263,0.7841329966329966,0.11218697829716184,0.21129254640086428,133866.3135059325,27.940241268859722,133894.25374720138,4772,0,971.3111111111111,40,5,13,32.56223607974075,0.6518229166666666,41.28556910569107,1034.8577235772375,25.871443089430937,1
4830,4,0,0,44,0.0,0.0,1.0,44,1250,1100,150,0.88,14,11,3,343.25880356858505,0.7781007751937985,0.1068616680399157,0.21437483770038082,133741.45507812526,381.5863715278074,134123.04144965307,4773,48,994.3863636363636,39,5,14,32.52979187646863,0.6522435897435896,41.406250000000014,1034.375000000002,26.52243589743595,0
4831,4,0,0,44,0.0,0.0,1.0,44,800,400,400,0.5,12,4,8,344.7543172753128,0.7779245947850599,0.11407571486105472,0.21562341808428312,133795.33420138928,425.3038194444832,134220.63802083378,4774,49,995.3863636363636,39,5,14,32.43723989797289,0.6527777777777776,41.354166666666686,1034.5833333333364,26.527777777777857,0
4832,4,0,1,43,0.0,0.022727272727272728,0.9772727272727273,44,750,600,150,0.8,9,6,3,343.7523499835336,0.7777484143763214,0.12428634167764585,0.21562647408058053,133903.12500000026,405.90277777780767,134309.02777777807,4775,50,996.3863636363636,39,5,15,32.35540794417608,0.6538461538461537,41.250000000000014,1035.000000000002,26.53846153846159,0
4833,4,0,0,43,0.0,0.0,1.0,43,1150,900,250,0.782608695652174,14,9,5,348.6897203194128,0.7688722775932078,0.13515070900700565,0.2184611016179712,133858.89788333708,735.0443330411331,134593.9422163782,4776,51,1018.6046511627907,38,5,16,32.27187865648014,0.6551535087719298,41.292735042735046,1034.8290598290605,27.23234367971212,0
4834,4,0,0,43,0.0,0.0,1.0,43,900,700,200,0.7777777777777778,11,7,4,349.67791119254355,0.767672572905131,0.13749447890461486,0.21940930075345605,133914.18292059313,765.3663525458373,134679.54927313895,4777,52,1019.6046511627907,38,5,16,32.19102669969723,0.6557017543859649,41.23931623931624,1035.0427350427346,27.237966711650913,0
4835,4,0,0,43,0.0,0.0,1.0,43,1500,1000,500,0.6666666666666666,20,10,10,349.9490520706189,0.7679494278331487,0.13521234872926557,0.22073884579210482,134107.77043839943,786.1774280444117,134893.94786644384,4778,53,1020.6046511627907,38,5,17,31.990501976964072,0.6576206140350876,41.052350427350426,1035.7905982905982,27.257647323436792,0
4836,4,0,0,43,0.0,0.0,1.0,43,900,700,200,0.7777777777777778,11,7,4,347.6989585726152,0.7693337024732373,0.13540595170444325,0.21998253093253706,134218.45465565412,733.5233809993363,134951.97803665345,4779,54,1021.6046511627907,38,5,17,31.938215279925767,0.6587171052631579,40.94551282051282,1036.2179487179483,27.268893387314428,0
4837,4,0,0,43,0.0,0.0,1.0,43,1100,700,400,0.6363636363636364,15,7,8,350.87303909567345,0.7662421557770395,0.14494934128092685,0.2233393174099475,134439.96006145433,834.2714725326794,135274.231533987,4780,55,1022.6046511627907,38,5,18,31.63481679887367,0.6609100877192983,40.7318376068376,1037.0726495726485,27.2913855150697,0
4838,4,0,0,43,0.0,0.0,1.0,43,1550,1300,250,0.8387096774193549,18,13,5,348.01444884827515,0.7659191583610188,0.14495445786305106,0.22287148124990033,134661.64809564227,772.8398486010484,135434.48794424333,4781,56,1023.6046511627907,38,5,19,31.487819523074283,0.6631030701754387,40.518162393162385,1037.9273504273488,27.313877642824966,0
4839,4,0,0,43,0.0,0.0,1.0,43,1050,700,350,0.6666666666666666,14,7,7,345.5165657124661,0.7661498708010336,0.14173650430512574,0.22177873088465933,134744.82819234405,711.3140569069898,135456.14224925105,4782,57,1024.6046511627908,38,5,19,31.46973828634149,0.6639254385964912,40.43803418803418,1038.247863247862,27.322312190733207,0
4840,4,0,0,43,0.0,0.0,1.0,43,750,300,450,0.4,12,3,9,348.8063353662259,0.7642580287929125,0.14029548732446973,0.2247477799049578,134883.51875821818,809.6451758711285,135693.1639340893,4783,58,1025.6046511627908,38,5,14,31.246143165689602,0.665296052631579,40.304487179487175,1038.7820512820506,27.33636977058028,0
4841,4,0,0,43,0.0,0.0,1.0,43,1150,700,450,0.6086956521739131,16,7,9,358.2800474123118,0.7679032853451457,0.12838734754644143,0.23817736485208388,136005.1425077908,1147.666032681187,137152.80854047197,4784,59,1026.6046511627908,37,6,14,29.883996460983212,0.6782094594594594,39.22697368421052,1043.0921052631575,28.191678520625878,4
4842,4,0,0,43,0.0,0.0,1.0,43,800,500,300,0.625,11,5,6,358.24180367624064,0.7668420081210778,0.12393325317458026,0.23872752127332642,136090.93663434882,1150.692520775603,137241.62915512442,4785,60,1027.6046511627908,37,6,15,29.799810844892814,0.6790540540540542,39.14473684210525,1043.4210526315774,28.200568990042633,0
4843,4,0,1,42,0.0,0.023255813953488372,0.9767441860465116,43,1200,800,400,0.6666666666666666,16,8,8,358.7045630930059,0.766703580657069,0.12412222618588054,0.23942146083585034,136148.14774738363,1167.3923707294389,137315.54011811307,4786,61,1028.6046511627908,37,6,15,29.730948378510902,0.6796171171171171,39.089912280701746,1043.6403508771916,28.206495969653826,0
4844,4,0,0,42,0.0,0.0,1.0,42,1350,1200,150,0.8888888888888888,15,12,3,360.5207190270308,0.7652680991095625,0.13264734705305936,0.24180276957841126,136319.85322406888,1429.2263004001186,137749.079524469,4787,62,1045.5714285714287,37,5,16,29.51315973680526,0.6813063063063063,38.925438596491226,1044.2982456140346,28.224276908487422,0
4845,4,0,0,42,0.0,0.0,1.0,42,1650,1400,250,0.8484848484848485,19,14,5,358.16274733979697,0.7619773519163763,0.14217016152804685,0.24158875760053816,136520.3130410318,1379.298077293009,137899.6111183248,4788,63,1046.5714285714287,37,5,16,29.375961773860745,0.683277027027027,38.733552631578945,1045.0657894736837,28.245021337126587,0
4846,4,0,0,42,0.0,0.0,1.0,42,1000,800,200,0.8,12,8,4,356.5206687670343,0.7614692218350755,0.14355654137441798,0.24067670075689584,136548.96218067093,1336.5054632194497,137885.46764389038,4789,64,1047.5714285714287,37,5,16,29.39047419219472,0.6835585585585586,38.70614035087719,1045.175438596491,28.24798482693219,0
4847,4,0,0,42,0.0,0.0,1.0,42,1350,1000,350,0.7407407407407407,17,10,7,359.4820118039096,0.7612272551296941,0.14197232145822336,0.24329878303950364,136639.2266167534,1423.8688151041617,138063.09543185757,4790,65,1048.5714285714287,39,3,16,29.2236433529275,0.6808226495726496,38.619791666666664,1045.520833333333,26.808226495726487,0
4848,4,0,0,42,0.0,0.0,1.0,42,900,700,200,0.7777777777777778,11,7,4,361.7402898366694,0.7603803716608595,0.14162398026939838,0.24539679121352417,136720.92013888876,1491.541883680536,138212.4620225693,4791,66,1049.5714285714287,37,5,16,29.083665338645407,0.6852477477477479,38.54166666666666,1045.8333333333321,28.26576576576573,0
4849,4,0,0,42,0.0,0.0,1.0,42,950,700,250,0.7368421052631579,12,7,5,361.626753917501,0.7603561749903214,0.13807726675951937,0.24552011427893497,136749.59031865554,1490.462089296689,138240.05240795223,4792,67,1050.5714285714287,37,5,17,29.058230247754842,0.6855292792792793,38.514254385964904,1045.942982456139,28.268729255571323,0
4850,4,0,0,42,0.0,0.0,1.0,42,800,600,200,0.75,10,6,4,360.4223283795934,0.7598238482384824,0.1398999805351342,0.2451025969401068,136806.9396953869,1461.6551486995875,138268.5948440865,4793,68,1051.5714285714287,37,5,17,29.0329236977256,0.6860923423423424,38.4594298245614,1046.1622807017534,28.274656235182523,0
4851,4,0,0,42,0.0,0.0,1.0,42,1250,900,350,0.72,16,9,7,361.5521727217219,0.7602593883081687,0.13844057849507463,0.24607209929462676,136835.6188923514,1494.6430632502202,138330.26195560163,4794,69,1052.5714285714287,37,5,17,28.97497030671417,0.6863738738738739,38.432017543859644,1046.2719298245606,28.277619724988124,0
4852,4,0,0,42,0.0,0.0,1.0,42,900,600,300,0.6666666666666666,12,6,6,358.2306633324929,0.7593641114982579,0.13444336351617658,0.24441112805637177,136921.67451763988,1409.908457409953,138331.58297504982,4795,70,1053.5714285714287,37,5,17,28.976667539724108,0.6872184684684686,38.349780701754376,1046.6008771929812,28.286510194404897,0
4853,4,0,1,41,0.0,0.023809523809523808,0.9761904761904762,42,1100,800,300,0.7272727272727273,14,8,6,360.1760558759893,0.7580332946186604,0.13991586637715425,0.24708228661667744,137112.26994530272,1476.911320220608,138589.18126552334,4796,71,1054.5714285714287,38,4,13,28.737163793396586,0.6872258771929824,38.16773504273504,1047.3290598290591,27.561291048133135,0
4854,4,0,0,41,0.0,0.0,1.0,41,1150,900,250,0.782608695652174,14,9,5,360.262392473958,0.7582317073170731,0.1408296563079845,0.24773723847122248,137196.20338410398,1685.3264939002067,138881.5298780042,4797,72,1069.3170731707316,38,3,13,28.651888299680458,0.6880482456140351,38.087606837606835,1047.6495726495723,27.569725596041376,0
4855,4,0,0,41,0.0,0.0,1.0,41,600,400,200,0.6666666666666666,8,4,4,359.11476320143066,0.7583333333333333,0.13977572017996165,0.24714656019062647,137224.18690417474,1655.8462771203049,138880.03318129503,4798,73,1070.3170731707316,38,3,13,28.65427755684716,0.6883223684210527,38.06089743589743,1047.7564102564093,27.57253711201077,0
4856,4,0,0,41,0.0,0.0,1.0,41,850,400,450,0.47058823529411764,13,4,9,357.09406493760537,0.7587906504065041,0.13563603482173447,0.24624560571194262,137293.4583875866,1605.3358289930366,138898.79421657964,4799,74,1071.3170731707316,39,2,13,28.638741178809273,0.6872329059829061,37.99479166666666,1048.0208333333317,26.872329059829017,0
4857,4,0,0,41,0.0,0.0,1.0,41,1400,900,500,0.6428571428571429,19,9,10,360.4429095499828,0.7561483739837398,0.13924823396028962,0.2499269430681284,137484.57031249988,1711.0677083333194,139195.6380208332,4800,75,1072.3170731707316,39,2,13,28.362137465236373,0.6891025641025642,37.81249999999999,1048.749999999999,26.891025641025617,0
4858,4,0,0,41,0.0,0.0,1.0,41,1200,1000,200,0.8333333333333334,14,10,4,342.7086978322535,0.755640243902439,0.1261548063281943,0.23524233199540887,137133.4399221857,1200.5363999979686,138333.97632218368,4801,76,1073.3170731707316,36,5,13,29.17361036447693,0.6912615740740741,38.14752252252252,1047.40990990991,29.094719719719723,1
4859,4,0,0,41,0.0,0.0,1.0,41,1300,900,400,0.6923076923076923,17,9,8,340.85175942865584,0.7523882113821139,0.13119256917907718,0.23496047949948662,137280.91901022627,1158.4885561236788,138439.40756634995,4802,77,1074.3170731707316,36,5,15,29.076670964968844,0.6927083333333334,38.00675675675675,1047.9729729729718,29.11036036036033,0
4860,4,0,0,41,0.0,0.0,1.0,41,900,500,400,0.5555555555555556,13,5,8,338.91095340308243,0.7519308943089431,0.13072416070099657,0.2340195218305558,137339.93283824372,1109.2015157049009,138449.1343539486,4803,78,1075.3170731707316,36,5,15,29.069304182781824,0.693287037037037,37.950450450450454,1048.1981981981987,29.116616616616632,0
4861,4,0,0,41,0.0,0.0,1.0,41,900,500,400,0.5555555555555556,13,5,8,338.51615381864207,0.7515243902439024,0.12851117340389284,0.23414453135598493,137398.95934786135,1102.3534514243934,138501.31279928575,4804,79,1076.3170731707316,36,5,15,29.02143752237738,0.6938657407407407,37.89414414414414,1048.4234234234232,29.122872872872865,0
4862,4,0,0,41,0.0,0.0,1.0,41,800,600,200,0.75,10,6,4,341.48919183421293,0.7515243902439024,0.1322672477234812,0.2368048282615059,137487.5228902889,1190.1006158185169,138677.62350610743,4805,80,1077.3170731707316,36,5,15,28.856168796306243,0.6947337962962963,37.80968468468468,1048.7612612612609,29.132257257257248,0
4863,4,0,0,41,0.0,0.0,1.0,41,1050,700,350,0.6666666666666666,14,7,7,341.00604217682013,0.7513211382113821,0.13276776246023325,0.2368733245993348,137546.58110390799,1180.8430474393317,138727.4241513473,4806,81,1078.3170731707316,36,5,16,28.810610127035247,0.6953125,37.75337837837838,1048.9864864864867,29.13851351351352,0
4864,4,0,0,41,0.0,0.0,1.0,41,900,600,300,0.6666666666666666,12,6,6,339.4280208571888,0.7509654471544716,0.13051581256314848,0.23638193560144133,137635.19220233746,1143.448177907638,138778.6403802451,4807,82,1079.3170731707316,36,5,16,28.76466695285113,0.6961805555555556,37.66891891891892,1049.3243243243242,29.14789789789789,0
4865,4,0,0,41,0.0,0.0,1.0,41,1000,500,500,0.5,15,5,10,322.0431920713578,0.7503556910569106,0.09135620342438733,0.20454983348348596,134361.72010633675,474.3460078797074,134836.06611421646,4808,83,1080.3170731707316,39,2,20,32.46016695133795,0.6583867521367521,40.807291666666664,1036.770833333333,26.583867521367512,7
4866,4,0,0,41,0.0,0.0,1.0,41,1250,1000,250,0.8,15,10,5,322.9950608785056,0.7507621951219512,0.0905265529859558,0.2059145208852854,134496.7502170138,488.3572048611014,134985.10742187488,4809,84,1081.3170731707316,39,2,21,32.301081207739166,0.6597222222222223,40.67708333333333,1037.2916666666658,26.5972222222222,0
4867,4,0,0,41,0.0,0.0,1.0,41,850,500,350,0.5882352941176471,12,5,7,325.96248447605694,0.7507621951219512,0.09364286413948464,0.20811450931932854,134550.78124999988,571.7122395833187,135122.4934895832,4810,85,1082.3170731707316,38,3,21,32.170348058902256,0.6620065789473685,40.62499999999999,1037.499999999999,27.302631578947345,0
4868,4,0,0,41,0.0,0.0,1.0,41,1150,1000,150,0.8695652173913043,13,10,3,326.47937307170383,0.7505589430894309,0.09668720529083008,0.20892099011979784,134633.927103879,591.0400230111777,135224.96712689017,4811,86,1083.3170731707316,38,3,21,32.074197035206915,0.662828947368421,40.544871794871796,1037.8205128205127,27.311066126855597,0
4869,4,0,0,41,0.0,0.0,1.0,41,700,500,200,0.7142857142857143,9,5,4,328.20801513965966,0.7502032520325204,0.09894652821180916,0.21050807149254605,134717.09863987507,643.0463099934276,135360.1449498685,4812,87,1084.3170731707316,38,3,22,31.946588453226294,0.6636513157894737,40.46474358974359,1038.1410256410256,27.319500674763834,0
4870,4,0,0,41,0.0,0.0,1.0,41,900,700,200,0.7777777777777778,11,7,4,328.8923182441699,0.7492378048780488,0.10316169828364918,0.2114307760141094,134800.29585798833,666.9563609467639,135467.2522189351,4813,88,1085.3170731707316,38,3,15,31.84606481481482,0.6644736842105262,40.384615384615394,1038.46153846154,27.327935222672103,0
4871,4,0,0,41,0.0,0.0,1.0,41,1250,1000,250,0.8,15,10,5,328.85599416074564,0.7479166666666667,0.1060046206756422,0.21189309683399157,134883.51875821847,671.4507314267132,135554.96948964518,4814,89,1086.3170731707316,38,3,16,31.76424457471973,0.6652960526315788,40.30448717948719,1038.7820512820529,27.336369770580337,0
4872,4,0,0,41,0.0,0.0,1.0,41,1250,900,350,0.72,16,9,7,322.48759602584533,0.7479166666666667,0.1164452176912325,0.19203487374492614,131958.55391418305,310.9993653663686,132269.5532795494,4815,90,1087.3170731707316,38,3,16,34.8521281757998,0.6362390350877192,43.13568376068377,1027.457264957266,27.03834907782279,5
4873,4,0,0,41,0.0,0.0,1.0,41,800,400,400,0.5,12,4,8,321.95170549293675,0.7478658536585366,0.11443482494712631,0.1918544921580589,131985.9981097964,298.6234385273106,132284.62154832372,4816,91,1088.3170731707316,38,3,16,34.83832397587857,0.6365131578947367,43.10897435897437,1027.5641025641044,27.04116059379222,0
4874,4,0,0,41,0.0,0.0,1.0,41,1000,700,300,0.7,13,7,6,323.5475569434051,0.7482723577235773,0.11011441421405066,0.19354026588069137,132130.12695312503,350.0759548611127,132480.20290798615,4817,92,1089.3170731707316,39,2,20,34.65256670043904,0.6362179487179487,42.96875,1028.1250000000002,26.362179487179493,0
4875,4,1,0,42,0.023809523809523808,0.0,1.0,42,700,400,300,0.5714285714285714,10,4,6,321.3106665385041,0.7558072009291521,0.11877584903422789,0.19413610617125798,132507.98000447446,115.78801010391777,132623.76801457838,4818,0,1064.357142857143,38,4,22,34.33100722908235,0.6417214912280702,42.60149572649573,1029.5940170940175,27.09457939721099,0
4876,4,0,0,42,0.0,0.0,1.0,42,1150,1000,150,0.8695652173913043,13,10,3,321.4596856114736,0.7571380178087496,0.12295494961470088,0.19465272420192234,132590.49236613335,124.49959821753708,132714.9919643509,4819,1,1065.357142857143,38,4,22,34.24446749654218,0.6425438596491229,42.521367521367516,1029.9145299145293,27.103013945119194,0
4877,4,0,0,42,0.0,0.0,1.0,42,1000,600,400,0.6,14,6,8,321.62493818851794,0.7576703445605885,0.12830770142531156,0.19503821723356535,132645.51487508215,132.42110453648527,132777.93597961863,4820,2,1066.357142857143,38,4,14,34.18507571043352,0.6430921052631579,42.467948717948715,1030.1282051282049,27.108636977058023,0
4878,4,1,0,43,0.023255813953488372,0.0,1.0,43,1300,800,500,0.6153846153846154,18,8,10,314.5736264424324,0.7661037283130306,0.13640623568678745,0.19237760811652413,132961.42713758687,-234.76833767360486,132726.65879991328,4821,0,1042.5348837209303,39,4,15,34.05053782446217,0.6444978632478633,42.161458333333336,1031.3541666666672,26.444978632478644,0
4879,4,0,0,43,0.0,0.0,1.0,43,1500,900,600,0.6,21,9,12,313.9101087145572,0.7634736064968622,0.13131370009572585,0.19349981328225696,133257.03125000003,-233.85416666666663,133023.17708333337,4822,1,1043.5348837209303,39,4,17,33.77219531880547,0.6474358974358976,41.875,1032.5000000000002,26.47435897435898,0
4880,4,0,0,43,0.0,0.0,1.0,43,950,700,250,0.7368421052631579,12,7,5,315.61252537434126,0.7623661867847914,0.13633624197115135,0.19525448622191754,133391.50526258664,-179.99403211807467,133211.51123046858,4823,2,1044.5348837209303,39,4,17,33.59393381735069,0.6487713675213677,41.74479166666666,1033.020833333332,26.487713675213637,0
4881,4,0,0,43,0.0,0.0,1.0,43,1000,800,200,0.8,12,8,4,320.3995444741291,0.7622739018087855,0.1420638735694515,0.18520564604357975,130821.4531792534,-216.97319878472638,130604.47998046866,4824,3,1045.5348837209303,39,4,17,36.050406441978076,0.623130341880342,44.244791666666664,1023.0208333333327,26.231303418803403,3
4882,4,2,2,43,0.044444444444444446,0.044444444444444446,0.9555555555555556,45,1250,600,650,0.48,19,6,13,308.47517418902925,0.7776936026936028,0.14066686033375375,0.1800804479282138,131201.0476210158,-905.5467962648165,130295.500824751,4825,0,1000.0222222222222,41,4,17,35.97315693489559,0.623729674796748,43.87400793650793,1024.5039682539668,24.9879016647309,0
4883,4,0,0,43,0.0,0.0,1.0,43,1050,900,150,0.8571428571428571,12,9,3,326.6571708194803,0.761812476928756,0.15242900894163025,0.1894765856240978,130954.69292534732,-44.54210069443991,130910.15082465288,4826,5,1047.5348837209303,39,4,17,35.7559027071036,0.624465811965812,44.114583333333336,1023.5416666666674,26.24465811965814,0
4884,4,0,0,43,0.0,0.0,1.0,43,650,400,250,0.6153846153846154,9,4,5,328.44880750072343,0.7612126245847176,0.15148812129271017,0.19091208331901915,131034.66932508697,7.636176215297382,131042.30550130227,4827,6,1048.5348837209303,39,4,18,35.629366330925514,0.6252670940170939,44.03645833333334,1023.854166666668,26.252670940170976,0
4885,4,1,2,42,0.022727272727272728,0.045454545454545456,0.9545454545454546,44,1100,800,300,0.7272727272727273,14,8,6,323.9932523958602,0.7684769203664553,0.1514009592153185,0.18950974229465536,131276.04683059047,-293.48932513713186,130982.55750545334,4828,0,1025.6818181818182,40,4,18,35.50013222266297,0.6260416666666666,43.80081300813009,1024.7967479674815,25.619918699187036,0
4886,4,1,1,42,0.023255813953488372,0.023255813953488372,0.9767441860465116,43,1250,900,350,0.72,16,9,7,330.0942255360267,0.7651347360649686,0.1537137413030123,0.19348281595838956,131356.2240905856,72.00686779808808,131428.23095838368,4829,0,1047.8837209302326,37,6,18,35.26301832638072,0.6320382882882882,43.72258771929825,1025.1096491228072,27.705666192508303,0
4887,4,0,0,42,0.0,0.0,1.0,42,1050,700,350,0.6666666666666666,14,7,7,339.08074110966845,0.7569686411149826,0.15839092100560004,0.19832088223926442,131273.37643363274,502.45475381692665,131775.83118744966,4830,9,1073.8333333333333,38,4,18,35.11628614122883,0.6293859649122808,43.8034188034188,1024.786324786324,26.968061178587476,0
4888,4,0,0,42,0.0,0.0,1.0,42,1550,1200,350,0.7741935483870968,19,12,7,337.6811082854524,0.7559039876113047,0.15382181428309938,0.19823252681747539,131414.71021274655,475.27582647883287,131889.9860392254,4831,10,1074.8333333333333,36,6,19,35.009610104338265,0.6345486111111112,43.66554054054054,1025.337837837838,28.481606606606608,0
4889,4,0,0,42,0.0,0.0,1.0,42,1450,1100,350,0.7586206896551724,18,11,7,337.4733257743809,0.754331204026326,0.15319115571585384,0.19886041382953482,131559.08230865994,479.5362085057917,132038.61851716574,4832,11,1075.8333333333333,36,6,15,34.86942005122577,0.6359953703703705,43.52477477477477,1025.9009009009003,28.49724724724723,0
4890,4,0,0,42,0.0,0.0,1.0,42,1400,1000,400,0.7142857142857143,18,10,8,342.63944376256444,0.7536778939217964,0.1581668103335685,0.20267089746241254,131703.53366457683,625.3651032789621,132328.89876785578,4833,12,1076.8333333333333,36,6,15,34.591332967635765,0.6374421296296295,43.38400900900901,1026.4639639639645,28.512887887887903,0
4891,4,0,0,42,0.0,0.0,1.0,42,1250,1000,250,0.8,15,10,5,339.7895049216643,0.7559281842818428,0.1480990004372451,0.20167734493639433,131834.36850761753,559.1869613727076,132393.55546899023,4834,13,1077.8333333333333,37,5,16,34.53270695423161,0.6368243243243243,43.25657894736841,1026.9736842105249,27.756045519203376,0
4892,4,0,0,42,0.0,0.0,1.0,42,1150,700,450,0.6086956521739131,16,7,9,339.73609905087903,0.75505710414247,0.1528978546269617,0.20209444520683711,131918.83710612866,563.5182219528928,132482.35532808155,4835,14,1078.8333333333333,37,5,17,34.4490473903298,0.637668918918919,43.17434210526315,1027.3026315789461,27.764935988620167,0
4893,4,1,1,42,0.023255813953488372,0.023255813953488372,0.9767441860465116,43,900,800,100,0.8888888888888888,10,8,2,330.70913675464783,0.7600129198966408,0.13927114828524867,0.1986668755832666,132290.8203125,149.95659722222172,132440.77690972222,4836,0,1054.7209302325582,39,4,17,34.30707438909141,0.6378205128205128,42.8125,1028.75,26.378205128205128,0
4894,4,0,0,42,0.0,0.0,1.0,42,700,500,200,0.7142857142857143,9,5,4,338.1191065484283,0.7537020905923345,0.14351081330110782,0.20239986056637604,132156.90239800367,536.9547526041849,132693.85715060786,4837,16,1080.8333333333333,39,3,17,34.25111015432411,0.6364850427350428,42.94270833333334,1028.2291666666683,26.36485042735047,0
4895,4,0,0,42,0.0,0.0,1.0,42,1400,1000,400,0.7142857142857143,18,10,8,335.37047549801304,0.752710027100271,0.13754658489902005,0.20161011482007765,132317.61203342018,475.0840928819492,132792.69612630212,4838,17,1081.8333333333333,39,3,18,34.16027555600553,0.6380876068376069,42.786458333333336,1028.854166666667,26.380876068376075,0
4896,4,0,0,42,0.0,0.0,1.0,42,700,300,400,0.42857142857142855,11,3,8,334.137355142415,0.752177700348432,0.13617363425608886,0.20144812798470454,132426.2167806441,449.7579934451054,132875.9747740892,4839,18,1082.8333333333333,37,5,18,34.082929405915976,0.6427364864864864,42.68092105263158,1029.2763157894742,27.818278805120926,0
4897,4,0,0,42,0.0,0.0,1.0,42,1600,1100,500,0.6875,21,11,10,332.5606879883851,0.7497338366240806,0.14092349020502315,0.20170482011948868,132652.0314543899,422.97016870576476,133075.00162309565,4840,19,1083.8333333333333,37,5,14,33.89690881674651,0.6449887387387387,42.46162280701755,1030.1535087719303,27.841986723565686,0
4898,4,0,0,42,0.0,0.0,1.0,42,1050,900,150,0.8571428571428571,12,9,3,332.31377278572506,0.750362950058072,0.14247208317289162,0.20211214705492467,132755.59413580256,423.30246913580885,133178.89660493837,4841,20,1084.8333333333333,38,4,14,33.79941599281222,0.644188596491228,42.361111111111114,1030.555555555556,27.119883040935687,0
4899,4,0,0,42,0.0,0.0,1.0,42,1400,1000,400,0.7142857142857143,18,10,8,345.8064516129033,0.749806426635695,0.10566308243727596,0.1956204379562043,129982.9033933517,632.7058432509028,130615.60923660261,4842,21,1085.8333333333333,37,5,16,36.249999999999986,0.6182432432432433,45.065789473684205,1019.7368421052624,27.56045519203412,7
4900,4,3,1,44,0.06666666666666667,0.022222222222222223,0.9777777777777777,45,1000,800,200,0.8,12,8,4,323.6207069709651,0.7772727272727273,0.11411105450840564,0.18629543923284564,130661.65500216995,-542.735993586989,130118.91900858296,4843,0,1014.3777777777777,39,6,13,36.12933010697911,0.6215277777777779,44.40104166666666,1022.3958333333318,26.21527777777774,0
4901,4,1,0,45,0.022222222222222223,0.0,1.0,45,1200,900,300,0.75,15,9,6,331.4063727484466,0.7769360269360269,0.06332649672819635,0.18272858646049248,128974.55401431408,-451.40217545351214,128523.15183886058,4844,0,1015.3555555555556,41,4,17,37.64069977536868,0.6013719512195121,46.05654761904762,1015.7738095238097,24.774970963995358,5
4902,4,3,1,47,0.0625,0.020833333333333332,0.9791666666666666,48,850,600,250,0.7058823529411765,11,6,5,319.8986268661913,0.7982417257683215,0.1061007799866831,0.17974849087355793,129719.10609526167,-1300.2086194244293,128418.89747583724,4845,0,952.8333333333334,42,6,17,37.17758172421447,0.607390873015873,45.32461240310077,1018.7015503875966,24.2547988187523,0
4903,4,1,2,46,0.020833333333333332,0.041666666666666664,0.9583333333333334,48,800,500,300,0.625,11,5,6,320.67601601414196,0.7994791666666666,0.10591400405730989,0.18052617689532738,129793.15020130988,-1275.6899375037701,128517.4602638061,4846,0,953.7708333333334,42,6,17,37.08277862305059,0.6081349206349207,45.25193798449612,1018.9922480620144,24.261720191952723,0
4904,4,0,0,46,0.0,0.0,1.0,46,1200,900,300,0.75,15,9,6,331.89788548086176,0.7896537842190017,0.1230374249152324,0.18679031133007798,129781.98346757649,-585.1268227198627,129196.85664485663,4847,2,995.695652173913,41,5,18,36.808226235679726,0.6095020325203253,45.26289682539681,1018.9484126984098,24.85240030971731,0
4905,4,0,0,46,0.0,0.0,1.0,46,850,600,250,0.7058823529411765,11,6,5,331.17056882871026,0.789975845410628,0.12102006526183007,0.18662179120007322,129832.53146455319,-600.6573404825164,129231.87412407067,4848,3,996.695652173913,41,5,18,36.77550780362762,0.6100101626016261,45.21329365079364,1019.1468253968236,24.857239643824965,0
4906,4,0,2,44,0.0,0.043478260869565216,0.9565217391304348,46,1250,900,350,0.72,16,9,7,335.62289228327677,0.7893921095008052,0.05845580730761357,0.18330173347778983,128596.93877551043,-534.320475875517,128062.61829963491,4849,4,997.695652173913,41,5,17,37.91813380281691,0.597560975609756,46.42857142857144,1014.285714285716,24.738675958188196,7
4907,4,0,0,44,0.0,0.0,1.0,44,1150,800,350,0.6956521739130435,15,8,7,343.5244734702734,0.780347075405215,0.08093411004686413,0.18772397994688678,128619.580078125,36.79470486111083,128656.37478298611,4850,5,1041.1363636363637,39,5,17,37.69468405558979,0.6009615384615385,46.40625,1014.375,26.009615384615383,0
4908,4,2,0,46,0.043478260869565216,0.0,1.0,46,1100,700,400,0.6363636363636364,15,7,8,319.7188162360155,0.7981682769726248,0.1864406058181014,0.1735179590347851,128345.50284234037,-991.792618378396,127353.71022396197,4851,0,996.8260869565217,41,5,18,38.577361138306905,0.5950203252032522,46.67658730158729,1013.2936507936486,24.714479287649965,5
4909,4,0,2,44,0.0,0.043478260869565216,0.9565217391304348,46,1300,1000,300,0.7692307692307693,16,10,6,318.2380395516366,0.7979066022544283,0.18458683735657644,0.17293190489678253,128395.7703451748,-1027.9163517259062,127367.8539934489,4852,1,997.8260869565217,41,5,13,38.56369094231271,0.595528455284553,46.62698412698411,1013.4920634920609,24.719318621757584,0
4910,4,0,1,43,0.0,0.022727272727272728,0.9772727272727273,44,1150,700,450,0.6086956521739131,16,7,9,330.47516926868224,0.7802149400986611,0.18366750521364272,0.1785741590028268,128170.8997938366,-328.54003906252603,127842.35975477406,4853,8,1044.1363636363637,39,5,16,38.48294499879984,0.5964209401709404,46.84895833333332,1012.6041666666649,25.964209401709358,0
4911,4,0,0,43,0.0,0.0,1.0,43,850,500,350,0.5882352941176471,12,5,7,339.2795198130452,0.7742709486895533,0.1905991506409881,0.18297581466473972,128093.08824319183,91.87229410403091,128184.96053729586,4854,9,1069.2325581395348,40,3,17,38.33952414416222,0.5940104166666667,46.92581300813008,1012.2967479674793,25.307418699186982,0
4912,4,0,0,43,0.0,0.0,1.0,43,1100,600,500,0.5454545454545454,16,6,10,342.57984833528855,0.7733480989294943,0.1928599108224638,0.18561954982372608,128279.7832657608,189.2343948279638,128469.01766058875,4855,10,1070.2325581395348,38,5,19,38.06532552907262,0.5992324561403508,46.74145299145299,1013.0341880341878,26.658794421952308,0
4913,4,0,0,43,0.0,0.0,1.0,43,850,600,250,0.7058823529411765,11,6,5,343.1391407068675,0.7733480989294943,0.1920486447389389,0.18630078704090655,128360.96871804,209.13450124186716,128570.10321928187,4856,11,1071.2325581395348,38,5,20,37.96828325426112,0.6000548245614036,46.66132478632478,1013.3547008547006,26.667228969860542,0
4914,4,1,1,43,0.022727272727272728,0.022727272727272728,0.9772727272727273,44,1400,900,500,0.6428571428571429,19,9,10,333.9906965579213,0.7854563072586329,0.1877666178159043,0.18263533934742257,128645.99745008684,-206.68674045138494,128439.31070963545,4857,0,1047.8636363636363,39,5,15,37.909543245370855,0.6012286324786325,46.380208333333336,1014.479166666667,26.012286324786334,0
4915,4,1,1,43,0.022727272727272728,0.022727272727272728,0.9772727272727273,44,600,200,400,0.3333333333333333,10,2,8,332.5476769729604,0.7815803382663848,0.18727832742206507,0.1819670996470019,128672.41753472213,-242.0572916666723,128430.36024305546,4858,0,1048.840909090909,39,5,15,37.919233401779614,0.6014957264957266,46.354166666666664,1014.5833333333326,26.014957264957246,0
4916,4,1,2,42,0.022727272727272728,0.045454545454545456,0.9545454545454546,44,1050,700,350,0.6666666666666666,14,7,7,331.75061542651156,0.7831659619450317,0.18532616808478886,0.18201452684211308,128778.12499999999,-255.55555555555594,128522.56944444442,4859,0,1049.8181818181818,39,5,16,37.831828133552264,0.6025641025641025,46.25,1014.9999999999999,26.025641025641022,0
4917,4,2,2,42,0.045454545454545456,0.045454545454545456,0.9545454545454546,44,1200,800,400,0.6666666666666666,16,8,8,331.10227344461583,0.7882531712473573,0.18239148239148206,0.181942338377982,128840.02267995237,-268.15511600238244,128571.86756394999,4860,0,1050.409090909091,40,4,16,37.78528528528527,0.6015625,46.1890243902439,1015.243902439024,25.3810975609756,0
4918,4,2,0,44,0.045454545454545456,0.0,1.0,44,1050,600,450,0.5714285714285714,15,6,9,331.83394041885185,0.7856324876673714,0.19095082491253623,0.18284800226093667,128949.36244173585,-242.04498929202268,128707.31745244382,4861,0,1051.3636363636363,41,3,18,37.655466562479646,0.6011178861788619,46.0813492063492,1015.6746031746025,24.772551296941522,0
4919,4,3,3,44,0.06382978723404255,0.06382978723404255,0.9361702127659575,47,1200,900,300,0.75,15,9,6,311.61331416934627,0.8115171137835338,0.1813215406149975,0.1742842304876796,129537.39636005362,-1325.9003323028062,128211.49602775082,4862,0,985.1914893617021,40,7,13,37.57258493893714,0.6085937499999999,45.50304878048781,1017.9878048780495,25.449695121951237,0
4920,4,1,0,45,0.022222222222222223,0.0,1.0,45,1000,800,200,0.8,12,8,4,324.15767777699307,0.7886363636363637,0.18917366946778702,0.18025590493206625,129310.0299510555,-616.6321955584896,128693.39775549702,4863,0,1029.9555555555555,38,7,19,37.48402485994397,0.6096491228070176,45.72649572649572,1017.0940170940164,26.765632028789906,0
4921,4,3,3,45,0.0625,0.0625,0.9375,48,950,700,250,0.7368421052631579,12,7,5,305.56911112064455,0.8095264479905437,0.18448355551230922,0.17264066822357702,129933.65698420577,-1659.2575861363007,128274.39939806946,4864,0,966.5208333333334,41,7,14,37.325561123544496,0.6110264227642277,45.114087301587304,1019.5436507936511,24.86691831204027,0
4922,4,0,2,43,0.0,0.044444444444444446,0.9555555555555556,45,1000,600,400,0.6,14,6,8,321.6651090171765,0.7908249158249159,0.18338158463944643,0.17990616398799883,129537.3963600536,-666.467855608425,128870.92850444517,4865,1,1031.9333333333334,40,5,15,37.316769824631464,0.60859375,45.50304878048781,1017.9878048780492,25.44969512195123,0
4923,4,0,0,43,0.0,0.0,1.0,43,750,600,150,0.8,9,6,3,331.00808880530985,0.7694721299372462,0.1821681603560079,0.18380551552431368,129254.345703125,-43.15321180555526,129211.19249131944,4866,2,1080.7441860465117,39,4,17,37.366403742402525,0.6073717948717949,45.78125,1016.875,26.07371794871795,0
4924,4,0,0,43,0.0,0.0,1.0,43,1000,600,400,0.6,14,6,8,337.4933046406215,0.7679494278331487,0.19178604174853242,0.18778473617183294,129333.80126953124,129.8583984374999,129463.65966796874,4867,3,1081.7441860465117,39,4,17,37.12077572964671,0.608173076923077,45.703125,1017.1874999999999,26.081730769230766,0
4925,4,1,0,44,0.022727272727272728,0.0,1.0,44,1200,1000,200,0.8333333333333334,14,10,4,336.2029838122894,0.7781668428470755,0.20736114259804994,0.18903168327079112,129744.38707325362,-75.90998661508524,129668.47708663854,4868,0,1058.1363636363637,40,4,16,36.73669991687448,0.6106770833333333,45.29979674796749,1018.8008130081322,25.470020325203304,0
4926,4,0,0,44,0.0,0.0,1.0,44,1300,1000,300,0.7692307692307693,16,10,6,336.7013161402819,0.7790257223396758,0.21047253514106234,0.1900647665843089,129899.73855054867,-52.51741275034419,129847.22113779833,4869,1,1059.1363636363637,40,4,18,36.566435715947215,0.6122395833333333,45.14735772357724,1019.4105691056916,25.48526422764229,0
4927,4,0,0,44,0.0,0.0,1.0,44,1450,1000,450,0.6896551724137931,19,10,9,338.81375637800505,0.7792459478505991,0.20889235776384307,0.19167124941164074,129984.23450688136,8.089352639187439,129992.32385952055,4870,2,1060.1363636363637,41,3,18,36.42691815027401,0.6115345528455285,45.06448412698412,1019.7420634920627,24.87175764614787,0
4928,4,0,0,44,0.0,0.0,1.0,44,950,800,150,0.8421052631578947,11,8,3,340.60908245501093,0.7780567300916138,0.2141720589795273,0.1933125719628768,130110.7213718819,63.378684807240745,130174.10005668913,4871,3,1061.1363636363637,41,3,18,36.25291715285882,0.6128048780487806,44.94047619047618,1020.2380952380937,24.883855981416918,0
4929,4,0,0,44,0.0,0.0,1.0,44,800,600,200,0.75,10,6,4,339.14231944279317,0.7781227977448908,0.21132938524771294,0.19260512178184028,130136.026126307,26.926748708737364,130162.95287501573,4872,4,1062.1363636363637,41,3,18,36.26468562631663,0.6130589430894309,44.9156746031746,1020.3373015873016,24.88627564847077,0
4930,4,1,0,45,0.022222222222222223,0.0,1.0,45,650,500,150,0.7692307692307693,8,5,3,333.12474154136396,0.7854377104377105,0.2114851844294814,0.1900633711634721,130315.76063368063,-317.5346484079696,129998.22598527267,4873,0,1039.5111111111112,39,6,19,36.236227300550894,0.6180555555555556,44.739583333333336,1021.0416666666673,26.18055555555557,0
4931,4,1,1,45,0.021739130434782608,0.021739130434782608,0.9782608695652174,46,1000,800,200,0.8,12,8,4,324.71580350835217,0.7935990338164252,0.2078459775582131,0.18625313201805369,130522.07396597591,-723.4839753123124,129798.5899906636,4874,0,1017.8913043478261,40,6,12,36.24233383059839,0.6184895833333334,44.53760162601626,1021.8495934959348,25.546239837398367,0
4932,4,0,0,45,0.0,0.0,1.0,45,1450,1200,250,0.8275862068965517,17,12,5,330.5554102509213,0.7864478114478115,0.21312214631272486,0.18924441963402125,130448.74267578124,-375.89246961805543,130072.85020616317,4875,2,1041.5111111111112,39,6,21,36.16729971788859,0.6193910256410258,44.609375,1021.5624999999999,26.193910256410252,0
4933,4,0,0,45,0.0,0.0,1.0,45,1150,900,250,0.782608695652174,14,9,5,331.0527053599239,0.7870370370370371,0.20432306350985674,0.19031166946086306,130608.41064453125,-352.3464626736112,130256.06418185764,4876,3,1042.5111111111112,39,6,13,35.99317656849758,0.6209935897435896,44.453125,1022.1875,26.209935897435898,0
4934,4,0,1,44,0.0,0.022222222222222223,0.9777777777777777,45,1150,700,450,0.6086956521739131,16,7,9,332.7627787762253,0.787878787878788,0.2078797550733984,0.19182220782420467,130714.91021050356,-300.5886501736069,130414.32156032995,4877,4,1043.5111111111112,39,6,14,35.841843231129666,0.6220619658119659,44.348958333333336,1022.6041666666673,26.220619658119674,0
4935,4,0,0,44,0.0,0.0,1.0,44,1250,1000,250,0.8,15,10,5,342.510449948644,0.7810517970401691,0.21237851395130125,0.19708253130237977,130644.58832137121,149.42734586164738,130794.01566723286,4878,10,1068.1363636363637,38,6,16,35.66377538579441,0.6230811403508771,44.417735042735046,1022.3290598290602,26.903396311291058,0
4936,4,1,1,44,0.022222222222222223,0.022222222222222223,0.9777777777777777,45,1000,800,200,0.8,12,8,4,338.2035886044056,0.7871212121212121,0.21442270555390008,0.19582357295329267,130885.78976014606,-146.79124115936727,130738.99851898669,4879,0,1045.3777777777777,40,5,16,35.530050981560564,0.6221354166666667,44.18191056910569,1023.2723577235771,25.581808943089428,0
4937,4,0,0,44,0.0,0.0,1.0,44,600,500,100,0.8333333333333334,7,5,2,344.28970265555455,0.7820648343904159,0.21801792625789362,0.19860377794783982,130741.54188368052,202.5933159722175,130944.13519965274,4880,12,1070.1363636363637,39,5,16,35.52021796699938,0.6223290598290598,44.322916666666664,1022.708333333333,26.22329059829059,0
4938,4,0,1,43,0.0,0.022727272727272728,0.9772727272727273,44,1200,700,500,0.5833333333333334,17,7,10,345.4021897412521,0.7820207892882312,0.21594214395261524,0.19991460072902767,130870.93431122447,240.62145691609575,131111.55576814056,4881,13,1071.1363636363637,41,3,17,35.36091719992243,0.6204268292682926,44.19642857142857,1023.2142857142854,24.956445993031352,0
4939,4,0,0,43,0.0,0.0,1.0,43,750,500,250,0.6666666666666666,10,5,5,347.99178868029014,0.7825765965300848,0.2067358003700781,0.2012196057808433,130833.79937743742,505.81757303853817,131339.61695047596,4882,14,1024.0697674418604,40,3,17,35.33223237641138,0.6216145833333333,44.232723577235774,1023.0691056910573,25.57672764227643,0
4940,4,0,0,43,0.0,0.0,1.0,43,1050,500,550,0.47619047619047616,16,5,11,351.7005588487339,0.780500184569952,0.21022147294519722,0.20377587040315043,130911.78882444325,608.3498578888373,131520.1386823321,4883,15,1025.0697674418604,40,3,18,35.158474015226744,0.6223958333333333,44.15650406504066,1023.3739837398384,25.58434959349596,0
4941,4,0,0,43,0.0,0.0,1.0,43,1350,1100,250,0.8148148148148148,16,11,5,352.21611415607873,0.7813307493540051,0.21278354132904864,0.2046265936567669,131015.81090124928,629.1759617291301,131644.9868629784,4884,16,1026.0697674418604,40,3,18,35.04007841969426,0.6234375,44.05487804878049,1023.7804878048782,25.594512195121958,0
4942,4,0,0,43,0.0,0.0,1.0,43,950,600,350,0.631578947368421,13,6,7,351.5960321248859,0.7822535991140642,0.21340140513492734,0.20454281868881946,131067.8374314232,616.5863160156067,131684.42374743882,4885,17,1027.0697674418604,40,3,18,35.00334954346963,0.6239583333333333,44.00406504065041,1023.9837398373992,25.59959349593498,0
4943,4,0,0,43,0.0,0.0,1.0,43,1100,900,200,0.8181818181818182,13,9,4,351.7630896491186,0.7828073089700996,0.21801719901152938,0.20505611223675366,131145.8965913975,626.4571559587738,131772.35374735628,4886,18,1028.0697674418604,40,3,18,34.92017230545358,0.6247395833333333,43.92784552845529,1024.2886178861804,25.60721544715451,0
4944,4,1,0,44,0.022727272727272728,0.0,1.0,44,1250,700,550,0.56,18,7,11,348.2555871714841,0.7830558491895702,0.2234969104684712,0.20474910473664962,131472.4495399114,357.83560291885664,131830.28514283025,4887,0,1005.6818181818181,36,8,19,34.68028256652393,0.6351273148148149,43.60923423423423,1025.5630630630621,28.487862862862837,0
4945,4,0,0,44,0.0,0.0,1.0,44,1400,1000,400,0.7142857142857143,18,10,8,347.8945661317679,0.783672480620155,0.21897161398123166,0.20527095522453206,131609.25116381943,357.2286665127514,131966.4798303322,4888,1,1006.6818181818181,37,7,17,34.55154235235448,0.6345720720720722,43.475877192982445,1026.0964912280685,27.73233760075861,0
4946,4,0,0,44,0.0,0.0,1.0,44,1150,800,350,0.6956521739130435,15,8,7,351.1589050282178,0.7845533826638478,0.22362645899283407,0.20780971358243816,131721.78578985826,451.05561326560684,132172.84140312386,4889,2,1007.6818181818181,37,7,17,34.3543046357616,0.6356981981981983,43.36622807017543,1026.535087719297,27.744191559981,0
4947,4,0,0,44,0.0,0.0,1.0,44,1100,900,200,0.8181818181818182,13,9,4,351.97071985034194,0.7844432699083862,0.21555238483489614,0.2089073360024269,131834.36850761744,480.3675169282511,132314.7360245457,4890,3,1008.6818181818181,37,7,17,34.219962274895,0.6368243243243243,43.2565789473684,1026.973684210524,27.75604551920335,0
4948,4,0,1,43,0.0,0.022727272727272728,0.9772727272727273,44,750,600,150,0.8,9,6,3,350.3740319758534,0.783804615926709,0.213188153639579,0.20818887165734548,131876.23844875421,441.20187741979873,132317.44032617402,4891,4,1009.6818181818181,38,6,17,34.218760834893544,0.6354166666666667,43.21581196581195,1027.1367521367501,27.02991452991448,0
4949,4,0,0,43,0.0,0.0,1.0,43,750,400,350,0.5333333333333333,11,4,7,349.00451895205225,0.7832225913621262,0.20607127655458002,0.20767496622790382,131931.11257213788,608.910895609578,132540.02346774747,4892,5,1014.6744186046511,38,5,18,34.19864462007765,0.6359649122807018,43.162393162393144,1027.3504273504245,27.03553756185328,0
4950,4,0,0,43,0.0,0.0,1.0,43,950,700,250,0.7368421052631579,12,7,5,348.25920986422506,0.7831303063861204,0.20907020267231546,0.20753141762540953,131985.99810979585,593.067882971699,132579.06599276754,4893,6,1015.6744186046511,38,5,18,34.16250779787898,0.636513157894737,43.10897435897434,1027.5641025641,27.041160593792107,0
4951,4,0,0,43,0.0,0.0,1.0,43,900,600,300,0.6666666666666666,12,6,6,347.6345856286527,0.7819767441860465,0.20894875046554073,0.20736171836833633,132023.05230034704,579.1558159722044,132602.20811631926,4894,7,1016.6744186046511,39,4,19,34.14124265153051,0.6351495726495728,43.07291666666666,1027.708333333332,26.35149572649569,0
4952,4,0,0,43,0.0,0.0,1.0,43,1550,1000,550,0.6451612903225806,21,10,11,348.716427165675,0.7812384643779993,0.21242462302676723,0.208448359763661,132103.35422091998,613.3219401041468,132716.67616102414,4895,8,1017.6744186046511,39,4,19,34.03259786536967,0.6359508547008549,42.99479166666666,1028.020833333332,26.35950854700851,0
4953,4,1,0,44,0.022727272727272728,0.0,1.0,44,1350,1000,350,0.7407407407407407,17,10,7,341.7322282868754,0.7868217054263567,0.20895691396002802,0.20602304676569183,132425.49332493235,251.46825019745427,132676.9615751298,4896,0,995.5227272727273,38,6,20,33.88822572832328,0.6408991228070176,42.681623931623925,1029.2735042735035,27.086144849302723,0
4954,4,0,0,44,0.0,0.0,1.0,44,1200,1000,200,0.8333333333333334,14,10,4,340.354663163821,0.7867115926708951,0.20618702592550742,0.20549232670717887,132480.48159105828,218.06993754106998,132698.55152859935,4897,1,996.5227272727273,38,6,21,33.86843607305937,0.6414473684210528,42.62820512820512,1029.4871794871776,27.091767881241516,0
4955,4,1,3,42,0.022222222222222223,0.06666666666666667,0.9333333333333333,45,1100,1000,100,0.9090909090909091,12,10,2,333.7575060080957,0.7937289562289562,0.13415885533764538,0.20165649438244634,132507.98000447446,-151.19518865512168,132356.78481581935,4898,0,975.3555555555556,38,7,18,34.01062744284183,0.6417214912280702,42.60149572649573,1029.5940170940175,27.09457939721099,3
4956,4,1,0,43,0.023255813953488372,0.0,1.0,43,700,500,200,0.7142857142857143,9,5,4,348.37906871987934,0.7828534514581026,0.15788678123180255,0.20972017703246107,132369.793169533,622.9730542089915,132992.766223742,4899,0,1021.3953488372093,37,6,19,33.77319747824543,0.6421734234234234,42.73574561403509,1029.05701754386,27.81235182550973,0
4957,4,0,0,43,0.0,0.0,1.0,43,800,700,100,0.875,9,7,2,345.52172868790257,0.7825765965300848,0.1504741332329249,0.20846773707725122,132454.43309479833,553.1769390581668,133007.6100338565,4900,1,1022.3953488372093,37,6,20,33.76162831984095,0.6430180180180181,42.65350877192982,1029.38596491228,27.82124229492649,0
4958,4,0,0,43,0.0,0.0,1.0,43,1450,1100,350,0.7586206896551724,18,11,7,348.81032654612,0.7833610188261351,0.14701854571299133,0.210925806606221,132539.10007165666,646.2013552246851,133185.30142688134,4901,2,1023.3953488372093,37,6,20,33.59189205977355,0.6438626126126126,42.57127192982456,1029.7149122807016,27.830132764343286,0
4959,4,0,0,43,0.0,0.0,1.0,43,1300,900,400,0.6923076923076923,17,9,8,346.6328312809956,0.7840531561461793,0.1378569607816449,0.21055647805737007,132708.51518015156,600.2256703985822,133308.74085055015,4902,3,1024.3953488372092,37,6,15,33.47777216132809,0.6455518018018017,42.406798245614034,1030.3728070175437,27.847913703176857,0
4960,4,0,0,43,0.0,0.0,1.0,43,1300,700,600,0.5384615384615384,19,7,12,347.90799368915077,0.7822074566260613,0.139569523724691,0.21164965907341932,132765.01092884352,638.0017168744251,133403.01264571794,4903,4,1025.3953488372092,37,6,15,33.38819289286094,0.6461148648648649,42.35197368421053,1030.5921052631581,27.853840682788057,0
4961,4,1,2,42,0.022727272727272728,0.045454545454545456,0.9545454545454546,44,900,500,400,0.5555555555555556,13,5,8,341.21426763162196,0.7847515856236786,0.140879718020267,0.20912042739007342,133042.013888889,279.1666666666723,133321.18055555568,4904,0,1003.0681818181819,39,5,15,33.282848680667726,0.6452991452991453,42.083333333333336,1031.6666666666674,26.452991452991473,0
4962,4,0,0,42,0.0,0.0,1.0,42,1050,500,550,0.47619047619047616,16,5,11,348.8857811542635,0.7751161440185831,0.15022129461047684,0.21297259164578117,132893.2574169956,872.9135848126373,133766.17100180822,4905,6,1050.8809523809523,38,4,15,33.23425033675266,0.6455592105263157,42.22756410256411,1031.089743589745,27.133940620782763,0
4963,4,0,0,42,0.0,0.0,1.0,42,1100,700,400,0.6363636363636364,15,7,8,347.67723970317667,0.7742692605497483,0.15367427269229617,0.21270444056365453,132975.88962853389,846.5380506245901,133822.42767915849,4906,7,1051.8809523809523,38,4,16,33.182489123679304,0.6463815789473684,42.1474358974359,1031.4102564102566,27.14237516869096,0
4964,4,0,0,42,0.0,0.0,1.0,42,1000,500,500,0.5,15,5,10,347.47509963765435,0.7749225706542779,0.15046484673620886,0.21273760856065646,133003.43940618378,843.0766719628859,133846.51607814667,4907,8,1052.8809523809523,38,4,16,33.160063870188154,0.6466557017543859,42.120726495726494,1031.517094017094,27.14518668466037,0
4965,4,0,0,42,0.0,0.0,1.0,42,700,300,400,0.42857142857142855,11,3,8,339.8666047304415,0.7740030971738289,0.13223642801889213,0.20934853446136736,133230.14458550327,656.0953776041463,133886.23996310742,4908,9,1053.8809523809523,39,3,17,33.1291200013453,0.6471688034188036,41.90104166666666,1032.3958333333317,26.47168803418799,2
4966,4,0,0,42,0.0,0.0,1.0,42,1100,600,500,0.5454545454545454,16,6,10,340.54211173186917,0.7740030971738289,0.13444036212568755,0.21037227649978085,133337.70751953125,681.4208984375001,134019.12841796875,4909,10,1054.8809523809523,39,3,18,33.00397125567323,0.6482371794871795,41.796875,1032.8125,26.482371794871796,0
4967,4,0,0,42,0.0,0.0,1.0,42,1100,900,200,0.8181818181818182,13,9,4,342.74193548387075,0.7732530003871467,0.13863287250384015,0.21250000000000005,133472.2222222223,749.3055555555654,134221.52777777787,4910,11,1055.8809523809523,39,3,20,32.81249999999999,0.6495726495726495,41.66666666666667,1033.3333333333342,26.49572649572652,0
4968,4,0,0,42,0.0,0.0,1.0,42,1250,900,350,0.72,16,9,7,338.9994994498046,0.7732046070460704,0.13581960274808513,0.21080714374526427,133582.6439111697,656.8898842136094,134239.5337953833,4911,12,1056.8809523809523,38,4,20,32.798720201185034,0.6524122807017543,41.55982905982906,1033.7606837606847,27.20422852001802,0
4969,4,1,0,43,0.023255813953488372,0.0,1.0,43,900,400,500,0.4444444444444444,14,4,10,331.21392075423853,0.7782853451458103,0.145497432921321,0.2080659889036426,133957.03667534748,273.68706597224696,134230.72374131973,4912,0,1033.2790697674418,39,4,15,32.626031394646816,0.6543803418803418,41.19791666666668,1035.2083333333353,26.54380341880347,0
4970,4,0,0,43,0.0,0.0,1.0,43,1450,1100,350,0.7586206896551724,18,11,7,334.2353543479849,0.7781930601698043,0.1430522554210556,0.2108906322104293,134118.83680555565,365.4513888888993,134484.28819444455,4913,1,1034.2790697674418,39,4,16,32.386363636363626,0.655982905982906,41.04166666666667,1035.8333333333342,26.55982905982908,0
4971,4,0,0,43,0.0,0.0,1.0,43,1150,700,450,0.6086956521739131,16,7,9,335.17451103038616,0.7784237726098191,0.14504370110223075,0.21179451630929005,134172.79188368077,394.25998263890943,134567.05186631967,4914,2,1035.2790697674418,39,4,16,32.30821435753067,0.6565170940170939,40.98958333333334,1036.0416666666683,26.565170940170983,0
4972,4,0,0,43,0.0,0.0,1.0,43,900,700,200,0.7777777777777778,11,7,4,329.52856422663217,0.7768087855297158,0.12788630695102166,0.19838324859446363,132371.8572361029,124.06161180514442,132495.91884790803,4915,3,1036.2790697674418,40,3,19,34.25608170386462,0.6369791666666667,42.733739837398375,1029.065040650407,25.726626016260173,4
4973,4,0,0,43,0.0,0.0,1.0,43,1250,1100,150,0.88,14,11,3,328.2207901427543,0.7773163528977483,0.1309809683417893,0.19814520882873063,132476.457672351,96.30552250643257,132572.76319485746,4916,4,1037.2790697674418,40,3,19,34.18476472523856,0.6380208333333335,42.632113821138205,1029.4715447154463,25.736788617886155,0
4974,4,0,0,43,0.0,0.0,1.0,43,1050,700,350,0.6666666666666666,14,7,7,324.87218812313563,0.7769933554817275,0.1338310603696704,0.1969440489722549,132633.43578557728,17.782900389974884,132651.21868596727,4917,5,1038.2790697674418,40,3,14,34.11355564325177,0.6395833333333334,42.479674796747965,1030.0813008130076,25.75203252032519,0
4975,4,0,0,43,0.0,0.0,1.0,43,850,400,450,0.47058823529411764,13,4,9,324.2245641881507,0.7767165005537098,0.12620063299848594,0.19710054441653782,132738.13950029755,7.393086125992113,132745.53258642353,4918,6,1039.2790697674418,40,3,17,34.025312294543056,0.640625,42.37804878048781,1030.4878048780497,25.762195121951244,0
4976,4,0,0,43,0.0,0.0,1.0,43,1050,900,150,0.8571428571428571,12,9,3,324.75413975659023,0.7763935031376892,0.1264718289193747,0.19797511981315202,132842.88452640624,28.255337431417956,132871.13986383766,4919,7,1040.2790697674418,40,3,18,33.9067429022082,0.6416666666666667,42.27642276422764,1030.8943089430893,25.772357723577233,0
4977,4,0,0,43,0.0,0.0,1.0,43,1350,1200,150,0.8888888888888888,15,12,3,327.8405449161153,0.7763012181616833,0.1324071039441146,0.2002768217497785,132921.47040658662,115.40945782932513,133036.87986441594,4920,8,1041.2790697674418,40,3,19,33.748480667520774,0.6424479166666668,42.200203252032516,1031.1991869918693,25.77997967479673,0
4978,4,0,0,43,0.0,0.0,1.0,43,1200,900,300,0.75,15,9,6,326.1804771786048,0.7757013658176448,0.13173636232425268,0.19982245164997092,133026.28772762575,78.11560165907102,133104.40332928483,4921,9,1042.2790697674418,40,3,19,33.68633632154468,0.6434895833333333,42.09857723577236,1031.6056910569107,25.790142276422767,0
4979,4,0,0,43,0.0,0.0,1.0,43,1600,1200,400,0.75,20,12,8,326.67470068201845,0.7758859357696567,0.13669975839602433,0.20068854116309132,133131.1463600536,98.1154777249053,133229.2618377785,4922,10,1043.2790697674418,40,3,19,33.568644345970796,0.64453125,41.9969512195122,1032.0121951219517,25.80030487804879,0
4980,4,0,0,43,0.0,0.0,1.0,43,1250,900,350,0.72,16,9,7,326.05791156232203,0.774593946105574,0.1368331154364848,0.2005917751507273,133183.59116803834,85.1127181241464,133268.7038861625,4923,11,1044.2790697674418,40,3,19,33.53208788684322,0.6450520833333333,41.94613821138212,1032.2154471544725,25.805386178861813,0
4981,4,0,0,43,0.0,0.0,1.0,43,1200,700,500,0.5833333333333334,17,7,10,326.0306041533589,0.7743170911775563,0.1369119959352103,0.20114128529461367,133288.51176754935,91.2268036552602,133379.73857120462,4924,12,1045.2790697674418,40,3,19,33.42785322966901,0.6460937499999999,41.844512195121965,1032.6219512195144,25.81554878048786,0
4982,4,0,0,43,0.0,0.0,1.0,43,850,600,250,0.7058823529411765,11,6,5,321.09651436749994,0.7745016611295681,0.12420791603566816,0.19879824391352047,133419.7206110782,-31.878552779411734,133387.8420582988,4925,13,1046.2790697674418,40,3,19,33.42411797494919,0.6473958333333333,41.717479674796756,1033.1300813008143,25.828252032520357,0
4983,4,1,1,43,0.022727272727272728,0.022727272727272728,0.9772727272727273,44,750,500,250,0.6666666666666666,10,5,5,318.83297826787356,0.782285059901339,0.12166852717505039,0.1987748185086312,133677.32741244647,-275.85191484000893,133401.47549760644,4926,0,1023.4772727272727,41,3,20,33.22540931184447,0.6483739837398375,41.46825396825397,1034.126984126984,25.22260936895083,0
4984,4,0,0,43,0.0,0.0,1.0,43,850,500,350,0.5882352941176471,12,5,7,325.49399082107755,0.7723791066814323,0.12027734152647529,0.20252295832555506,133603.5214344142,97.4286758873825,133700.95011030158,4927,15,1048.2790697674418,40,3,21,33.12690455126314,0.64921875,41.53963414634147,1033.8414634146354,25.846036585365887,0
4985,4,0,0,43,0.0,0.0,1.0,43,1600,1300,300,0.8125,19,13,6,330.1459989780644,0.7715485418973791,0.11940025682388344,0.20614883298151804,133734.88519565092,230.40745422699928,133965.29264987793,4928,16,1049.2790697674418,40,3,15,32.8754421300845,0.6505208333333332,41.41260162601627,1034.3495934959365,25.85873983739841,0
4986,4,0,0,43,0.0,0.0,1.0,43,1000,800,200,0.8,12,8,4,330.3712733593134,0.7711794019933554,0.11608951535733225,0.20702588779187045,133866.31350593254,245.11689057441515,134111.43039650697,4929,17,1050.2790697674418,40,3,16,32.738387508592744,0.6518229166666666,41.28556910569107,1034.8577235772377,25.871443089430944,0
4987,4,0,0,43,0.0,0.0,1.0,43,1050,800,250,0.7619047619047619,13,8,5,330.3712733593134,0.7711794019933554,0.11608951535733225,0.20702588779187045,133866.31350593254,245.11689057441515,134111.43039650697,4930,18,1051.2790697674418,40,3,16,32.738387508592744,0.6518229166666666,41.28556910569107,1034.8577235772377,25.871443089430944,0
4988,4,0,0,43,0.0,0.0,1.0,43,1400,1000,400,0.7142857142857143,18,10,8,329.0136568044443,0.7703488372093023,0.10882689265897727,0.20706115807167944,134024.1126830098,219.15268276161197,134243.2653657714,4931,19,1052.2790697674418,40,3,17,32.61605653155364,0.6533854166666666,41.13313008130083,1035.4674796747993,25.886686991869983,0
4989,4,0,0,43,0.0,0.0,1.0,43,1150,1000,150,0.8695652173913043,13,10,3,327.8240471136195,0.7692414174972314,0.10907921212204141,0.20705318068626047,134155.6830011901,195.8917889484096,134351.57479013852,4932,20,1053.2790697674418,40,3,18,32.51565463344452,0.6546874999999999,41.006097560975626,1035.9756097561,25.899390243902502,0
4990,4,0,0,43,0.0,0.0,1.0,43,850,600,250,0.7058823529411765,11,6,5,328.1977670764046,0.7685954226651901,0.10959154068626997,0.20758712364212312,134208.3292021947,209.37479344308076,134417.70399563777,4933,21,1054.2790697674418,40,3,18,32.45349483457566,0.6552083333333333,40.95528455284554,1036.1788617886198,25.904471544715495,0
4991,4,0,0,43,0.0,0.0,1.0,43,1050,800,250,0.7619047619047619,13,8,5,327.7257195742643,0.7681339977851606,0.10807100127488489,0.20743756440091715,134234.65617563963,198.42985739310018,134433.0860330327,4934,22,1055.2790697674418,40,3,18,32.4394838351149,0.6554687499999999,40.929878048780495,1036.2804878048792,25.90701219512198,0
4992,4,1,0,44,0.022727272727272728,0.0,1.0,44,850,500,350,0.5882352941176471,12,5,7,320.86218109889126,0.7740266032417196,0.10547228211727044,0.2045692052176835,134499.32287729924,-168.85078105314108,134330.4720962461,4935,0,1032.2727272727273,41,3,19,32.353831930629944,0.6565040650406504,40.674603174603185,1037.3015873015888,25.300038714672898,0
4993,4,0,0,44,0.0,0.0,1.0,44,1250,800,450,0.64,17,8,9,321.7190261762476,0.77184637068358,0.10782422852376983,0.2062786697247707,134705.21541950124,-132.5538548752721,134572.66156462597,4936,1,1033.2727272727273,41,3,20,32.12681574923546,0.6585365853658536,40.47619047619048,1038.095238095239,25.31939605110339,0
4994,4,0,0,44,0.0,0.0,1.0,44,1650,1400,250,0.8484848484848485,19,14,5,323.8897254642459,0.7717142353770261,0.10261576406016615,0.20826029767565873,134808.2207420005,-67.40047871000363,134740.8202632905,4937,2,1034.2727272727273,41,3,15,31.96806139345307,0.6595528455284553,40.37698412698413,1038.4920634920634,25.32907471931862,0
4995,4,0,1,43,0.0,0.022727272727272728,0.9772727272727273,44,1000,700,300,0.7,13,7,6,323.34161554255553,0.7713398520084567,0.10135569234509156,0.20835138808283682,134885.50056886184,-77.18086655958257,134808.31970230225,4938,3,1035.2727272727273,41,3,15,31.905481011046376,0.6603150406504066,40.30257936507937,1038.7896825396829,25.33633372048007,0
4996,4,0,0,43,0.0,0.0,1.0,43,800,200,600,0.25,14,2,12,325.28855497519396,0.7685492801771872,0.08046178609091448,0.21020343080599346,134988.57478465914,182.04768597252996,135170.62247063167,4939,4,1013.3255813953489,41,2,15,31.752486077963407,0.6613313008130082,40.20337301587301,1039.1865079365073,25.3460123886953,0
4997,4,0,0,43,0.0,0.0,1.0,43,1150,900,250,0.782608695652174,14,9,5,316.59382170771465,0.7682262827611664,0.019277198717663202,0.1978661575443246,133768.39328342033,-117.36776054459165,133651.02552287575,4940,5,1014.3255813953489,39,4,15,33.19246551203302,0.6525106837606838,41.38020833333334,1034.4791666666683,26.52510683760688,8
4998,4,1,0,44,0.022727272727272728,0.0,1.0,44,900,600,300,0.6666666666666666,12,6,6,313.3558925992592,0.7785192036645525,0.02253136672732481,0.19768875375401004,134113.69879259582,-394.93644101158145,133718.76235158424,4941,0,992.25,41,3,17,32.932170449829194,0.6526930894308942,41.04662698412699,1035.8134920634927,25.263743708865675,0
4999,4,0,0,44,0.0,0.0,1.0,44,1300,800,500,0.6153846153846154,18,8,10,315.39075246713503,0.7777484143763214,0.016877894223738865,0.19939110283091752,134190.7793209876,-335.49382716049473,133855.2854938271,4942,1,993.25,41,3,17,32.80272564789991,0.6534552845528455,40.97222222222222,1036.1111111111109,25.271002710027094,0
5000,4,0,0,44,0.0,0.0,1.0,44,1000,700,300,0.7,13,7,6,314.2278282896431,0.7766032417195208,0.02029920108610539,0.19893478147355237,134242.17864229032,-363.47434807255377,133878.70429421778,4943,2,994.25,41,3,17,32.78168677005553,0.6539634146341463,40.92261904761905,1036.3095238095243,25.275842044134738,0
